

/*	1:名称	*/	上承式43.0M梁_低鱼腹式
/*	1:类型	*/	上承式梁\低鱼腹式\上承式43.0M梁_低鱼腹式.SLDASM
/*	1:位置	*/	1    0    0    0    0    1    0    0    0    0    1    0    0    0    0    1    
/*	1:子节点数	*/	3

        /*	2:名称	*/	42M~43M低鱼腹式(右端)-1
        /*	2:类型	*/	上承式梁\公共组件\梁端\低鱼腹式梁端\42M~43M低鱼腹式(右端).SLDASM
        /*	2:位置	*/	-1    1.33227e-015    6.34503e-016    0    1.22125e-015    1    1.02706e-013    0    -7.3545e-016    1.02807e-013    -1    0    3.25405    2.32357    18.698    1    
        /*	2:子节点数	*/	2

                /*	3:名称	*/	42M~43M低鱼腹式(右端)-1/42M~44M低鱼腹式(无畸零节间)(右端)-1
                /*	3:类型	*/	上承式梁\公共组件\梁端\低鱼腹式梁端\低鱼腹式部件\42M~44M低鱼腹式(无畸零节间)(右端).SLDASM
                /*	3:位置	*/	1    -4.71984e-032    0    0    1.33059e-033    1    0    0    0    0    1    0    3.28705    0.0412453    -1.53697    1    
                /*	3:子节点数	*/	7

                        /*	4:名称	*/	42M~43M低鱼腹式(右端)-1/42M~44M低鱼腹式(无畸零节间)(右端)-1/L2(配1c)-1
                        /*	4:类型	*/	上承式梁\公共组件\梁端\低鱼腹式梁端\带螺栓零件\L2(配1c).SLDASM
                        /*	4:位置	*/	1.28503e-016    -9.1871e-014    -1    0    1.2184e-015    -1    9.19265e-014    0    -1    -1.17986e-015    -2.10299e-016    0    -1.293    0.955597    -1.07887    1    
                        /*	4:子节点数	*/	5

                                /*	5:名称	*/	42M~43M低鱼腹式(右端)-1/42M~44M低鱼腹式(无畸零节间)(右端)-1/L2(配1c)-1/LS2_2号螺栓-3
                                /*	5:类型	*/	零件\LS2_2号螺栓.SLDPRT
                                /*	5:位置	*/	0.997812    -0.066117    0    0    0.066117    0.997812    3.45127e-031    0    0    1.47016e-031    1    0    0.0561605    -0.0146235    1.209    1    
                                /*	5:子节点数	*/	0

                                /*	5:名称	*/	42M~43M低鱼腹式(右端)-1/42M~44M低鱼腹式(无畸零节间)(右端)-1/L2(配1c)-1/LS2_2号螺栓-4
                                /*	5:类型	*/	零件\LS2_2号螺栓.SLDPRT
                                /*	5:位置	*/	0.997812    0.066117    0    0    0.066117    -0.997812    -2.58845e-031    0    1.82743e-016    7.24913e-017    -1    0    0.0561605    -0.0146235    -1.209    1    
                                /*	5:子节点数	*/	0

                                /*	5:名称	*/	42M~43M低鱼腹式(右端)-1/42M~44M低鱼腹式(无畸零节间)(右端)-1/L2(配1c)-1/LS2_2号螺栓-5
                                /*	5:类型	*/	零件\LS2_2号螺栓.SLDPRT
                                /*	5:位置	*/	0.997812    0.066117    0    0    0.066117    -0.997812    -2.58845e-031    0    1.82743e-016    7.24913e-017    -1    0    -0.0638395    -0.0146235    -1.209    1    
                                /*	5:子节点数	*/	0

                                /*	5:名称	*/	42M~43M低鱼腹式(右端)-1/42M~44M低鱼腹式(无畸零节间)(右端)-1/L2(配1c)-1/LS2_2号螺栓-6
                                /*	5:类型	*/	零件\LS2_2号螺栓.SLDPRT
                                /*	5:位置	*/	0.997812    -0.066117    0    0    0.066117    0.997812    3.45127e-031    0    0    1.47016e-031    1    0    -0.0638395    -0.0146235    1.209    1    
                                /*	5:子节点数	*/	0

                                /*	5:名称	*/	42M~43M低鱼腹式(右端)-1/42M~44M低鱼腹式(无畸零节间)(右端)-1/L2(配1c)-1/l2_直撑-1
                                /*	5:类型	*/	零件\l2_直撑.SLDPRT
                                /*	5:位置	*/	1    0    0    0    0    1    1.96515e-031    0    0    1.47016e-031    1    0    -0.00383951    -0.109623    -2.22045e-016    1    
                                /*	5:子节点数	*/	0

                        /*	4:名称	*/	42M~43M低鱼腹式(右端)-1/42M~44M低鱼腹式(无畸零节间)(右端)-1/Q2(低鱼腹式)-1
                        /*	4:类型	*/	上承式梁\公共组件\梁端\低鱼腹式梁端\带螺栓零件\Q2(低鱼腹式).sldasm
                        /*	4:位置	*/	1    9.52172e-016    -3.31323e-016    0    1.0504e-015    -1    6.27276e-015    0    -3.13434e-016    -6.32827e-015    -1    0    -1.02168    0.678385    -3.87755    1    
                        /*	4:子节点数	*/	17

                                /*	5:名称	*/	42M~43M低鱼腹式(右端)-1/42M~44M低鱼腹式(无畸零节间)(右端)-1/Q2(低鱼腹式)-1/LS1_1号螺栓-36
                                /*	5:类型	*/	零件\LS1_1号螺栓.SLDPRT
                                /*	5:位置	*/	9.86076e-032    0.831072    0.556165    0    0    0.556165    -0.831072    0    -1    -1.2795e-017    -8.30573e-017    0    -1.48032    -0.481805    -2.06255    1    
                                /*	5:子节点数	*/	0

                                /*	5:名称	*/	42M~43M低鱼腹式(右端)-1/42M~44M低鱼腹式(无畸零节间)(右端)-1/Q2(低鱼腹式)-1/LS1_1号螺栓-37
                                /*	5:类型	*/	零件\LS1_1号螺栓.SLDPRT
                                /*	5:位置	*/	9.86076e-032    0.831072    0.556165    0    0    0.556165    -0.831072    0    -1    -1.2795e-017    -8.30573e-017    0    -1.48032    -0.481805    -2.18255    1    
                                /*	5:子节点数	*/	0

                                /*	5:名称	*/	42M~43M低鱼腹式(右端)-1/42M~44M低鱼腹式(无畸零节间)(右端)-1/Q2(低鱼腹式)-1/LS1_1号螺栓-38
                                /*	5:类型	*/	零件\LS1_1号螺栓.SLDPRT
                                /*	5:位置	*/	2.95823e-031    -0.897189    -0.441647    0    0    0.441647    -0.897189    0    1    -9.233e-032    0    0    0.937679    -0.481805    -2.06255    1    
                                /*	5:子节点数	*/	0

                                /*	5:名称	*/	42M~43M低鱼腹式(右端)-1/42M~44M低鱼腹式(无畸零节间)(右端)-1/Q2(低鱼腹式)-1/LS1_1号螺栓-39
                                /*	5:类型	*/	零件\LS1_1号螺栓.SLDPRT
                                /*	5:位置	*/	2.95823e-031    -0.897189    -0.441647    0    0    0.441647    -0.897189    0    1    -9.233e-032    0    0    0.937679    -0.481805    -2.18255    1    
                                /*	5:子节点数	*/	0

                                /*	5:名称	*/	42M~43M低鱼腹式(右端)-1/42M~44M低鱼腹式(无畸零节间)(右端)-1/Q2(低鱼腹式)-1/LS2_2号螺栓-17
                                /*	5:类型	*/	零件\LS2_2号螺栓.SLDPRT
                                /*	5:位置	*/	-9.86076e-032    -0.556165    -0.831072    0    -2.95823e-031    0.831072    -0.556165    0    1    -9.233e-032    0    0    0.937679    -0.616805    -2.21755    1    
                                /*	5:子节点数	*/	0

                                /*	5:名称	*/	42M~43M低鱼腹式(右端)-1/42M~44M低鱼腹式(无畸零节间)(右端)-1/Q2(低鱼腹式)-1/LS2_2号螺栓-18
                                /*	5:类型	*/	零件\LS2_2号螺栓.SLDPRT
                                /*	5:位置	*/	-9.86076e-032    -0.556165    -0.831072    0    -2.95823e-031    0.831072    -0.556165    0    1    -9.233e-032    0    0    0.937679    -0.716805    -2.21755    1    
                                /*	5:子节点数	*/	0

                                /*	5:名称	*/	42M~43M低鱼腹式(右端)-1/42M~44M低鱼腹式(无畸零节间)(右端)-1/Q2(低鱼腹式)-1/LS2_2号螺栓-19
                                /*	5:类型	*/	零件\LS2_2号螺栓.SLDPRT
                                /*	5:位置	*/	-9.86076e-032    -0.556165    -0.831072    0    -2.95823e-031    0.831072    -0.556165    0    1    -9.233e-032    0    0    0.937679    -0.816805    -2.21755    1    
                                /*	5:子节点数	*/	0

                                /*	5:名称	*/	42M~43M低鱼腹式(右端)-1/42M~44M低鱼腹式(无畸零节间)(右端)-1/Q2(低鱼腹式)-1/LS2_2号螺栓-20
                                /*	5:类型	*/	零件\LS2_2号螺栓.SLDPRT
                                /*	5:位置	*/	-9.86076e-032    -0.556165    -0.831072    0    -2.95823e-031    0.831072    -0.556165    0    1    -9.233e-032    0    0    0.937679    -0.616805    -2.02755    1    
                                /*	5:子节点数	*/	0

                                /*	5:名称	*/	42M~43M低鱼腹式(右端)-1/42M~44M低鱼腹式(无畸零节间)(右端)-1/Q2(低鱼腹式)-1/LS2_2号螺栓-21
                                /*	5:类型	*/	零件\LS2_2号螺栓.SLDPRT
                                /*	5:位置	*/	-9.86076e-032    -0.556165    -0.831072    0    -2.95823e-031    0.831072    -0.556165    0    1    -9.233e-032    0    0    0.937679    -0.716805    -2.02755    1    
                                /*	5:子节点数	*/	0

                                /*	5:名称	*/	42M~43M低鱼腹式(右端)-1/42M~44M低鱼腹式(无畸零节间)(右端)-1/Q2(低鱼腹式)-1/LS2_2号螺栓-22
                                /*	5:类型	*/	零件\LS2_2号螺栓.SLDPRT
                                /*	5:位置	*/	-9.86076e-032    -0.556165    -0.831072    0    -2.95823e-031    0.831072    -0.556165    0    1    -9.233e-032    0    0    0.937679    -0.816805    -2.02755    1    
                                /*	5:子节点数	*/	0

                                /*	5:名称	*/	42M~43M低鱼腹式(右端)-1/42M~44M低鱼腹式(无畸零节间)(右端)-1/Q2(低鱼腹式)-1/LS2_2号螺栓-23
                                /*	5:类型	*/	零件\LS2_2号螺栓.SLDPRT
                                /*	5:位置	*/	-1.97215e-031    0.441647    0.897189    0    0    0.897189    -0.441647    0    -1    9.233e-032    0    0    -1.48032    -0.616805    -2.21755    1    
                                /*	5:子节点数	*/	0

                                /*	5:名称	*/	42M~43M低鱼腹式(右端)-1/42M~44M低鱼腹式(无畸零节间)(右端)-1/Q2(低鱼腹式)-1/LS2_2号螺栓-24
                                /*	5:类型	*/	零件\LS2_2号螺栓.SLDPRT
                                /*	5:位置	*/	-1.97215e-031    0.441647    0.897189    0    0    0.897189    -0.441647    0    -1    9.233e-032    0    0    -1.48032    -0.716805    -2.21755    1    
                                /*	5:子节点数	*/	0

                                /*	5:名称	*/	42M~43M低鱼腹式(右端)-1/42M~44M低鱼腹式(无畸零节间)(右端)-1/Q2(低鱼腹式)-1/LS2_2号螺栓-25
                                /*	5:类型	*/	零件\LS2_2号螺栓.SLDPRT
                                /*	5:位置	*/	-1.97215e-031    0.441647    0.897189    0    0    0.897189    -0.441647    0    -1    9.233e-032    0    0    -1.48032    -0.816805    -2.21755    1    
                                /*	5:子节点数	*/	0

                                /*	5:名称	*/	42M~43M低鱼腹式(右端)-1/42M~44M低鱼腹式(无畸零节间)(右端)-1/Q2(低鱼腹式)-1/LS2_2号螺栓-26
                                /*	5:类型	*/	零件\LS2_2号螺栓.SLDPRT
                                /*	5:位置	*/	-1.97215e-031    0.441647    0.897189    0    0    0.897189    -0.441647    0    -1    9.233e-032    0    0    -1.48032    -0.616805    -2.02755    1    
                                /*	5:子节点数	*/	0

                                /*	5:名称	*/	42M~43M低鱼腹式(右端)-1/42M~44M低鱼腹式(无畸零节间)(右端)-1/Q2(低鱼腹式)-1/LS2_2号螺栓-27
                                /*	5:类型	*/	零件\LS2_2号螺栓.SLDPRT
                                /*	5:位置	*/	-1.97215e-031    0.441647    0.897189    0    0    0.897189    -0.441647    0    -1    9.233e-032    0    0    -1.48032    -0.716805    -2.02755    1    
                                /*	5:子节点数	*/	0

                                /*	5:名称	*/	42M~43M低鱼腹式(右端)-1/42M~44M低鱼腹式(无畸零节间)(右端)-1/Q2(低鱼腹式)-1/LS2_2号螺栓-28
                                /*	5:类型	*/	零件\LS2_2号螺栓.SLDPRT
                                /*	5:位置	*/	-1.97215e-031    0.441647    0.897189    0    0    0.897189    -0.441647    0    -1    9.233e-032    0    0    -1.48032    -0.816805    -2.02755    1    
                                /*	5:子节点数	*/	0

                                /*	5:名称	*/	42M~43M低鱼腹式(右端)-1/42M~44M低鱼腹式(无畸零节间)(右端)-1/Q2(低鱼腹式)-1/Q2_短横梁-1
                                /*	5:类型	*/	零件\Q2_短横梁.SLDPRT
                                /*	5:位置	*/	1    -9.233e-032    0    0    7.93088e-032    1    0    0    0    1.26218e-029    1    0    -0.271321    -0.548805    -2.12255    1    
                                /*	5:子节点数	*/	0

                        /*	4:名称	*/	42M~43M低鱼腹式(右端)-1/42M~44M低鱼腹式(无畸零节间)(右端)-1/Q6+2J1(右端)-1
                        /*	4:类型	*/	上承式梁\公共组件\纵梁\Q6+2J1(右端).SLDASM
                        /*	4:位置	*/	-1    1.33227e-015    -6.34503e-016    0    1.22125e-015    1    1.02706e-013    0    7.3545e-016    1.02807e-013    -1    0    -0.496339    2.28422    -1.879    1    
                        /*	4:子节点数	*/	19

                                /*	5:名称	*/	42M~43M低鱼腹式(右端)-1/42M~44M低鱼腹式(无畸零节间)(右端)-1/Q6+2J1(右端)-1/J1_1号联结角钢-1
                                /*	5:类型	*/	零件\J1_1号联结角钢.SLDPRT
                                /*	5:位置	*/	1    0    0    0    0    1    0    0    0    0    1    0    -0.234341    -0.15403    -0.118    1    
                                /*	5:子节点数	*/	0

                                /*	5:名称	*/	42M~43M低鱼腹式(右端)-1/42M~44M低鱼腹式(无畸零节间)(右端)-1/Q6+2J1(右端)-1/J1_1号联结角钢-2
                                /*	5:类型	*/	零件\J1_1号联结角钢.SLDPRT
                                /*	5:位置	*/	-1    -1.11022e-016    2.77556e-017    0    1.11022e-016    -1    -7.23033e-015    0    2.77556e-017    -7.23033e-015    1    0    0.0276591    0.13597    -0.118    1    
                                /*	5:子节点数	*/	0

                                /*	5:名称	*/	42M~43M低鱼腹式(右端)-1/42M~44M低鱼腹式(无畸零节间)(右端)-1/Q6+2J1(右端)-1/LS3_3号螺栓-1
                                /*	5:类型	*/	零件\LS3_3号螺栓.SLDPRT
                                /*	5:位置	*/	4.45273e-017    -0.066117    0.997812    0    -2.52193e-016    0.997812    0.066117    0    -1    -2.54586e-016    2.77556e-017    0    -0.0663409    -0.0590298    -0.039    1    
                                /*	5:子节点数	*/	0

                                /*	5:名称	*/	42M~43M低鱼腹式(右端)-1/42M~44M低鱼腹式(无畸零节间)(右端)-1/Q6+2J1(右端)-1/LS3_3号螺栓-3
                                /*	5:类型	*/	零件\LS3_3号螺栓.SLDPRT
                                /*	5:位置	*/	2.4067e-016    -0.897189    0.441647    0    -8.7535e-017    0.441647    0.897189    0    -1    -2.54586e-016    2.77556e-017    0    -0.0663409    -0.10903    0.041    1    
                                /*	5:子节点数	*/	0

                                /*	5:名称	*/	42M~43M低鱼腹式(右端)-1/42M~44M低鱼腹式(无畸零节间)(右端)-1/Q6+2J1(右端)-1/LS3_3号螺栓-4
                                /*	5:类型	*/	零件\LS3_3号螺栓.SLDPRT
                                /*	5:位置	*/	2.4067e-016    -0.897189    0.441647    0    -8.7535e-017    0.441647    0.897189    0    -1    -2.54586e-016    2.77556e-017    0    -0.0663409    -0.00902979    0.041    1    
                                /*	5:子节点数	*/	0

                                /*	5:名称	*/	42M~43M低鱼腹式(右端)-1/42M~44M低鱼腹式(无畸零节间)(右端)-1/Q6+2J1(右端)-1/LS3_3号螺栓-5
                                /*	5:类型	*/	零件\LS3_3号螺栓.SLDPRT
                                /*	5:位置	*/	2.4067e-016    -0.897189    0.441647    0    -8.7535e-017    0.441647    0.897189    0    -1    -2.54586e-016    2.77556e-017    0    -0.0663409    0.0909702    0.041    1    
                                /*	5:子节点数	*/	0

                                /*	5:名称	*/	42M~43M低鱼腹式(右端)-1/42M~44M低鱼腹式(无畸零节间)(右端)-1/Q6+2J1(右端)-1/LS3_3号螺栓-6
                                /*	5:类型	*/	零件\LS3_3号螺栓.SLDPRT
                                /*	5:位置	*/	4.45273e-017    -0.066117    0.997812    0    -2.52193e-016    0.997812    0.066117    0    -1    -2.54586e-016    2.77556e-017    0    -0.0663409    0.0409702    -0.039    1    
                                /*	5:子节点数	*/	0

                                /*	5:名称	*/	42M~43M低鱼腹式(右端)-1/42M~44M低鱼腹式(无畸零节间)(右端)-1/Q6+2J1(右端)-1/Q6_纵梁端头-1
                                /*	5:类型	*/	零件\Q6_纵梁端头.SLDPRT
                                /*	5:位置	*/	1    0    0    0    0    1    0    0    0    0    1    0    -0.103341    -0.00902979    0.0305    1    
                                /*	5:子节点数	*/	0

                                /*	5:名称	*/	42M~43M低鱼腹式(右端)-1/42M~44M低鱼腹式(无畸零节间)(右端)-1/Q6+2J1(右端)-1/螺母3-1
                                /*	5:类型	*/	零件\螺母3.SLDPRT
                                /*	5:位置	*/	2.77556e-017    2.10804e-014    1    0    -2.54586e-016    1    -2.12191e-014    0    -1    -2.54586e-016    2.77556e-017    0    -0.121341    -0.0590298    -0.039    1    
                                /*	5:子节点数	*/	0

                                /*	5:名称	*/	42M~43M低鱼腹式(右端)-1/42M~44M低鱼腹式(无畸零节间)(右端)-1/Q6+2J1(右端)-1/螺母3-10
                                /*	5:类型	*/	零件\螺母3.SLDPRT
                                /*	5:位置	*/	0.866025    -0.5    1.05471e-014    0    0.5    0.866025    -1.82681e-014    0    0    2.10942e-014    1    0    -0.193341    -0.10903    -0.106    1    
                                /*	5:子节点数	*/	0

                                /*	5:名称	*/	42M~43M低鱼腹式(右端)-1/42M~44M低鱼腹式(无畸零节间)(右端)-1/Q6+2J1(右端)-1/螺母3-11
                                /*	5:类型	*/	零件\螺母3.SLDPRT
                                /*	5:位置	*/	0.866025    -0.5    1.05471e-014    0    0.5    0.866025    -1.82681e-014    0    0    2.10942e-014    1    0    -0.0133409    -0.10903    -0.106    1    
                                /*	5:子节点数	*/	0

                                /*	5:名称	*/	42M~43M低鱼腹式(右端)-1/42M~44M低鱼腹式(无畸零节间)(右端)-1/Q6+2J1(右端)-1/螺母3-2
                                /*	5:类型	*/	零件\螺母3.SLDPRT
                                /*	5:位置	*/	2.34355e-016    -0.866025    0.5    0    -1.03256e-016    0.5    0.866025    0    -1    -2.54586e-016    2.77556e-017    0    -0.121341    -0.10903    0.041    1    
                                /*	5:子节点数	*/	0

                                /*	5:名称	*/	42M~43M低鱼腹式(右端)-1/42M~44M低鱼腹式(无畸零节间)(右端)-1/Q6+2J1(右端)-1/螺母3-3
                                /*	5:类型	*/	零件\螺母3.SLDPRT
                                /*	5:位置	*/	2.34355e-016    -0.866025    0.5    0    -1.03256e-016    0.5    0.866025    0    -1    -2.54586e-016    2.77556e-017    0    -0.121341    -0.00902979    0.041    1    
                                /*	5:子节点数	*/	0

                                /*	5:名称	*/	42M~43M低鱼腹式(右端)-1/42M~44M低鱼腹式(无畸零节间)(右端)-1/Q6+2J1(右端)-1/螺母3-4
                                /*	5:类型	*/	零件\螺母3.SLDPRT
                                /*	5:位置	*/	2.34355e-016    -0.866025    0.5    0    -1.03256e-016    0.5    0.866025    0    -1    -2.54586e-016    2.77556e-017    0    -0.121341    0.0909702    0.041    1    
                                /*	5:子节点数	*/	0

                                /*	5:名称	*/	42M~43M低鱼腹式(右端)-1/42M~44M低鱼腹式(无畸零节间)(右端)-1/Q6+2J1(右端)-1/螺母3-5
                                /*	5:类型	*/	零件\螺母3.SLDPRT
                                /*	5:位置	*/	2.77556e-017    2.10804e-014    1    0    -2.54586e-016    1    -2.12191e-014    0    -1    -2.54586e-016    2.77556e-017    0    -0.121341    0.0409702    -0.039    1    
                                /*	5:子节点数	*/	0

                                /*	5:名称	*/	42M~43M低鱼腹式(右端)-1/42M~44M低鱼腹式(无畸零节间)(右端)-1/Q6+2J1(右端)-1/螺母3-6
                                /*	5:类型	*/	零件\螺母3.SLDPRT
                                /*	5:位置	*/	0.866025    -0.5    1.05471e-014    0    0.5    0.866025    -1.82681e-014    0    0    2.10942e-014    1    0    -0.193341    0.0909702    -0.106    1    
                                /*	5:子节点数	*/	0

                                /*	5:名称	*/	42M~43M低鱼腹式(右端)-1/42M~44M低鱼腹式(无畸零节间)(右端)-1/Q6+2J1(右端)-1/螺母3-7
                                /*	5:类型	*/	零件\螺母3.SLDPRT
                                /*	5:位置	*/	0.866025    -0.5    1.05471e-014    0    0.5    0.866025    -1.82681e-014    0    0    2.10942e-014    1    0    -0.0133409    0.0909702    -0.106    1    
                                /*	5:子节点数	*/	0

                                /*	5:名称	*/	42M~43M低鱼腹式(右端)-1/42M~44M低鱼腹式(无畸零节间)(右端)-1/Q6+2J1(右端)-1/螺母3-8
                                /*	5:类型	*/	零件\螺母3.SLDPRT
                                /*	5:位置	*/	0.866025    -0.5    1.05471e-014    0    0.5    0.866025    -1.82681e-014    0    0    2.10942e-014    1    0    -0.193341    -0.00902979    -0.106    1    
                                /*	5:子节点数	*/	0

                                /*	5:名称	*/	42M~43M低鱼腹式(右端)-1/42M~44M低鱼腹式(无畸零节间)(右端)-1/Q6+2J1(右端)-1/螺母3-9
                                /*	5:类型	*/	零件\螺母3.SLDPRT
                                /*	5:位置	*/	0.866025    -0.5    1.05471e-014    0    0.5    0.866025    -1.82681e-014    0    0    2.10942e-014    1    0    -0.0133409    -0.00902979    -0.106    1    
                                /*	5:子节点数	*/	0

                        /*	4:名称	*/	42M~43M低鱼腹式(右端)-1/42M~44M低鱼腹式(无畸零节间)(右端)-1/Q6+2J1(右端)-2
                        /*	4:类型	*/	上承式梁\公共组件\纵梁\Q6+2J1(右端).SLDASM
                        /*	4:位置	*/	-1    1.33227e-015    -6.34503e-016    0    1.22125e-015    1    1.02706e-013    0    7.3545e-016    1.02807e-013    -1    0    -2.29634    2.28422    -1.879    1    
                        /*	4:子节点数	*/	19

                                /*	5:名称	*/	42M~43M低鱼腹式(右端)-1/42M~44M低鱼腹式(无畸零节间)(右端)-1/Q6+2J1(右端)-2/J1_1号联结角钢-1
                                /*	5:类型	*/	零件\J1_1号联结角钢.SLDPRT
                                /*	5:位置	*/	1    0    0    0    0    1    0    0    0    0    1    0    -0.234341    -0.15403    -0.118    1    
                                /*	5:子节点数	*/	0

                                /*	5:名称	*/	42M~43M低鱼腹式(右端)-1/42M~44M低鱼腹式(无畸零节间)(右端)-1/Q6+2J1(右端)-2/J1_1号联结角钢-2
                                /*	5:类型	*/	零件\J1_1号联结角钢.SLDPRT
                                /*	5:位置	*/	-1    -1.11022e-016    2.77556e-017    0    1.11022e-016    -1    -7.23033e-015    0    2.77556e-017    -7.23033e-015    1    0    0.0276591    0.13597    -0.118    1    
                                /*	5:子节点数	*/	0

                                /*	5:名称	*/	42M~43M低鱼腹式(右端)-1/42M~44M低鱼腹式(无畸零节间)(右端)-1/Q6+2J1(右端)-2/LS3_3号螺栓-1
                                /*	5:类型	*/	零件\LS3_3号螺栓.SLDPRT
                                /*	5:位置	*/	4.45273e-017    -0.066117    0.997812    0    -2.52193e-016    0.997812    0.066117    0    -1    -2.54586e-016    2.77556e-017    0    -0.0663409    -0.0590298    -0.039    1    
                                /*	5:子节点数	*/	0

                                /*	5:名称	*/	42M~43M低鱼腹式(右端)-1/42M~44M低鱼腹式(无畸零节间)(右端)-1/Q6+2J1(右端)-2/LS3_3号螺栓-3
                                /*	5:类型	*/	零件\LS3_3号螺栓.SLDPRT
                                /*	5:位置	*/	2.4067e-016    -0.897189    0.441647    0    -8.7535e-017    0.441647    0.897189    0    -1    -2.54586e-016    2.77556e-017    0    -0.0663409    -0.10903    0.041    1    
                                /*	5:子节点数	*/	0

                                /*	5:名称	*/	42M~43M低鱼腹式(右端)-1/42M~44M低鱼腹式(无畸零节间)(右端)-1/Q6+2J1(右端)-2/LS3_3号螺栓-4
                                /*	5:类型	*/	零件\LS3_3号螺栓.SLDPRT
                                /*	5:位置	*/	2.4067e-016    -0.897189    0.441647    0    -8.7535e-017    0.441647    0.897189    0    -1    -2.54586e-016    2.77556e-017    0    -0.0663409    -0.00902979    0.041    1    
                                /*	5:子节点数	*/	0

                                /*	5:名称	*/	42M~43M低鱼腹式(右端)-1/42M~44M低鱼腹式(无畸零节间)(右端)-1/Q6+2J1(右端)-2/LS3_3号螺栓-5
                                /*	5:类型	*/	零件\LS3_3号螺栓.SLDPRT
                                /*	5:位置	*/	2.4067e-016    -0.897189    0.441647    0    -8.7535e-017    0.441647    0.897189    0    -1    -2.54586e-016    2.77556e-017    0    -0.0663409    0.0909702    0.041    1    
                                /*	5:子节点数	*/	0

                                /*	5:名称	*/	42M~43M低鱼腹式(右端)-1/42M~44M低鱼腹式(无畸零节间)(右端)-1/Q6+2J1(右端)-2/LS3_3号螺栓-6
                                /*	5:类型	*/	零件\LS3_3号螺栓.SLDPRT
                                /*	5:位置	*/	4.45273e-017    -0.066117    0.997812    0    -2.52193e-016    0.997812    0.066117    0    -1    -2.54586e-016    2.77556e-017    0    -0.0663409    0.0409702    -0.039    1    
                                /*	5:子节点数	*/	0

                                /*	5:名称	*/	42M~43M低鱼腹式(右端)-1/42M~44M低鱼腹式(无畸零节间)(右端)-1/Q6+2J1(右端)-2/Q6_纵梁端头-1
                                /*	5:类型	*/	零件\Q6_纵梁端头.SLDPRT
                                /*	5:位置	*/	1    0    0    0    0    1    0    0    0    0    1    0    -0.103341    -0.00902979    0.0305    1    
                                /*	5:子节点数	*/	0

                                /*	5:名称	*/	42M~43M低鱼腹式(右端)-1/42M~44M低鱼腹式(无畸零节间)(右端)-1/Q6+2J1(右端)-2/螺母3-1
                                /*	5:类型	*/	零件\螺母3.SLDPRT
                                /*	5:位置	*/	2.77556e-017    2.10804e-014    1    0    -2.54586e-016    1    -2.12191e-014    0    -1    -2.54586e-016    2.77556e-017    0    -0.121341    -0.0590298    -0.039    1    
                                /*	5:子节点数	*/	0

                                /*	5:名称	*/	42M~43M低鱼腹式(右端)-1/42M~44M低鱼腹式(无畸零节间)(右端)-1/Q6+2J1(右端)-2/螺母3-10
                                /*	5:类型	*/	零件\螺母3.SLDPRT
                                /*	5:位置	*/	0.866025    -0.5    1.05471e-014    0    0.5    0.866025    -1.82681e-014    0    0    2.10942e-014    1    0    -0.193341    -0.10903    -0.106    1    
                                /*	5:子节点数	*/	0

                                /*	5:名称	*/	42M~43M低鱼腹式(右端)-1/42M~44M低鱼腹式(无畸零节间)(右端)-1/Q6+2J1(右端)-2/螺母3-11
                                /*	5:类型	*/	零件\螺母3.SLDPRT
                                /*	5:位置	*/	0.866025    -0.5    1.05471e-014    0    0.5    0.866025    -1.82681e-014    0    0    2.10942e-014    1    0    -0.0133409    -0.10903    -0.106    1    
                                /*	5:子节点数	*/	0

                                /*	5:名称	*/	42M~43M低鱼腹式(右端)-1/42M~44M低鱼腹式(无畸零节间)(右端)-1/Q6+2J1(右端)-2/螺母3-2
                                /*	5:类型	*/	零件\螺母3.SLDPRT
                                /*	5:位置	*/	2.34355e-016    -0.866025    0.5    0    -1.03256e-016    0.5    0.866025    0    -1    -2.54586e-016    2.77556e-017    0    -0.121341    -0.10903    0.041    1    
                                /*	5:子节点数	*/	0

                                /*	5:名称	*/	42M~43M低鱼腹式(右端)-1/42M~44M低鱼腹式(无畸零节间)(右端)-1/Q6+2J1(右端)-2/螺母3-3
                                /*	5:类型	*/	零件\螺母3.SLDPRT
                                /*	5:位置	*/	2.34355e-016    -0.866025    0.5    0    -1.03256e-016    0.5    0.866025    0    -1    -2.54586e-016    2.77556e-017    0    -0.121341    -0.00902979    0.041    1    
                                /*	5:子节点数	*/	0

                                /*	5:名称	*/	42M~43M低鱼腹式(右端)-1/42M~44M低鱼腹式(无畸零节间)(右端)-1/Q6+2J1(右端)-2/螺母3-4
                                /*	5:类型	*/	零件\螺母3.SLDPRT
                                /*	5:位置	*/	2.34355e-016    -0.866025    0.5    0    -1.03256e-016    0.5    0.866025    0    -1    -2.54586e-016    2.77556e-017    0    -0.121341    0.0909702    0.041    1    
                                /*	5:子节点数	*/	0

                                /*	5:名称	*/	42M~43M低鱼腹式(右端)-1/42M~44M低鱼腹式(无畸零节间)(右端)-1/Q6+2J1(右端)-2/螺母3-5
                                /*	5:类型	*/	零件\螺母3.SLDPRT
                                /*	5:位置	*/	2.77556e-017    2.10804e-014    1    0    -2.54586e-016    1    -2.12191e-014    0    -1    -2.54586e-016    2.77556e-017    0    -0.121341    0.0409702    -0.039    1    
                                /*	5:子节点数	*/	0

                                /*	5:名称	*/	42M~43M低鱼腹式(右端)-1/42M~44M低鱼腹式(无畸零节间)(右端)-1/Q6+2J1(右端)-2/螺母3-6
                                /*	5:类型	*/	零件\螺母3.SLDPRT
                                /*	5:位置	*/	0.866025    -0.5    1.05471e-014    0    0.5    0.866025    -1.82681e-014    0    0    2.10942e-014    1    0    -0.193341    0.0909702    -0.106    1    
                                /*	5:子节点数	*/	0

                                /*	5:名称	*/	42M~43M低鱼腹式(右端)-1/42M~44M低鱼腹式(无畸零节间)(右端)-1/Q6+2J1(右端)-2/螺母3-7
                                /*	5:类型	*/	零件\螺母3.SLDPRT
                                /*	5:位置	*/	0.866025    -0.5    1.05471e-014    0    0.5    0.866025    -1.82681e-014    0    0    2.10942e-014    1    0    -0.0133409    0.0909702    -0.106    1    
                                /*	5:子节点数	*/	0

                                /*	5:名称	*/	42M~43M低鱼腹式(右端)-1/42M~44M低鱼腹式(无畸零节间)(右端)-1/Q6+2J1(右端)-2/螺母3-8
                                /*	5:类型	*/	零件\螺母3.SLDPRT
                                /*	5:位置	*/	0.866025    -0.5    1.05471e-014    0    0.5    0.866025    -1.82681e-014    0    0    2.10942e-014    1    0    -0.193341    -0.00902979    -0.106    1    
                                /*	5:子节点数	*/	0

                                /*	5:名称	*/	42M~43M低鱼腹式(右端)-1/42M~44M低鱼腹式(无畸零节间)(右端)-1/Q6+2J1(右端)-2/螺母3-9
                                /*	5:类型	*/	零件\螺母3.SLDPRT
                                /*	5:位置	*/	0.866025    -0.5    1.05471e-014    0    0.5    0.866025    -1.82681e-014    0    0    2.10942e-014    1    0    -0.0133409    -0.00902979    -0.106    1    
                                /*	5:子节点数	*/	0

                        /*	4:名称	*/	42M~43M低鱼腹式(右端)-1/42M~44M低鱼腹式(无畸零节间)(右端)-1/低鱼腹式上平联（反1a型,配J4）-1
                        /*	4:类型	*/	上承式梁\公共组件\上平联\低鱼腹式上平联（反1a型,配J4）.SLDASM
                        /*	4:位置	*/	1    -4.71984e-032    0    0    1.33059e-033    1    0    0    0    0    1    0    -1.65678    2.05585    -1.755    1    
                        /*	4:子节点数	*/	48

                                /*	5:名称	*/	42M~43M低鱼腹式(右端)-1/42M~44M低鱼腹式(无畸零节间)(右端)-1/低鱼腹式上平联（反1a型,配J4）-1/LS1_1号螺栓-3
                                /*	5:类型	*/	零件\LS1_1号螺栓.SLDPRT
                                /*	5:位置	*/	9.86076e-032    -0.066117    0.997812    0    1.84889e-032    0.997812    0.066117    0    -1    4.71984e-032    0    0    -0.845215    0.18934    0.06    1    
                                /*	5:子节点数	*/	0

                                /*	5:名称	*/	42M~43M低鱼腹式(右端)-1/42M~44M低鱼腹式(无畸零节间)(右端)-1/低鱼腹式上平联（反1a型,配J4）-1/LS1_1号螺栓-4
                                /*	5:类型	*/	零件\LS1_1号螺栓.SLDPRT
                                /*	5:位置	*/	0    -0.066117    -0.997812    0    8.62817e-032    0.997812    -0.066117    0    1    -4.71984e-032    0    0    1.57279    0.18934    0.06    1    
                                /*	5:子节点数	*/	0

                                /*	5:名称	*/	42M~43M低鱼腹式(右端)-1/42M~44M低鱼腹式(无畸零节间)(右端)-1/低鱼腹式上平联（反1a型,配J4）-1/LS1_1号螺栓-6
                                /*	5:类型	*/	零件\LS1_1号螺栓.SLDPRT
                                /*	5:位置	*/	9.86076e-032    -0.066117    0.997812    0    1.84889e-032    0.997812    0.066117    0    -1    4.71984e-032    0    0    -0.845215    -0.000660128    0.06    1    
                                /*	5:子节点数	*/	0

                                /*	5:名称	*/	42M~43M低鱼腹式(右端)-1/42M~44M低鱼腹式(无畸零节间)(右端)-1/低鱼腹式上平联（反1a型,配J4）-1/LS1_1号螺栓-8
                                /*	5:类型	*/	零件\LS1_1号螺栓.SLDPRT
                                /*	5:位置	*/	0    -0.066117    -0.997812    0    8.62817e-032    0.997812    -0.066117    0    1    -4.71984e-032    0    0    1.57279    -0.000660128    0.06    1    
                                /*	5:子节点数	*/	0

                                /*	5:名称	*/	42M~43M低鱼腹式(右端)-1/42M~44M低鱼腹式(无畸零节间)(右端)-1/低鱼腹式上平联（反1a型,配J4）-1/LS2_2号螺栓-1
                                /*	5:类型	*/	零件\LS2_2号螺栓.SLDPRT
                                /*	5:位置	*/	-1.97215e-031    -0.556165    -0.831072    0    -1.47911e-031    0.831072    -0.556165    0    1    -4.71984e-032    0    0    1.57279    -0.13566    -0.095    1    
                                /*	5:子节点数	*/	0

                                /*	5:名称	*/	42M~43M低鱼腹式(右端)-1/42M~44M低鱼腹式(无畸零节间)(右端)-1/低鱼腹式上平联（反1a型,配J4）-1/LS2_2号螺栓-10
                                /*	5:类型	*/	零件\LS2_2号螺栓.SLDPRT
                                /*	5:位置	*/	0    0.441647    0.897189    0    4.93038e-032    0.897189    -0.441647    0    -1    4.71984e-032    0    0    -0.845215    -0.13566    0.095    1    
                                /*	5:子节点数	*/	0

                                /*	5:名称	*/	42M~43M低鱼腹式(右端)-1/42M~44M低鱼腹式(无畸零节间)(右端)-1/低鱼腹式上平联（反1a型,配J4）-1/LS2_2号螺栓-11
                                /*	5:类型	*/	零件\LS2_2号螺栓.SLDPRT
                                /*	5:位置	*/	0    0.441647    0.897189    0    4.93038e-032    0.897189    -0.441647    0    -1    4.71984e-032    0    0    -0.845215    -0.23566    0.095    1    
                                /*	5:子节点数	*/	0

                                /*	5:名称	*/	42M~43M低鱼腹式(右端)-1/42M~44M低鱼腹式(无畸零节间)(右端)-1/低鱼腹式上平联（反1a型,配J4）-1/LS2_2号螺栓-12
                                /*	5:类型	*/	零件\LS2_2号螺栓.SLDPRT
                                /*	5:位置	*/	0    0.441647    0.897189    0    4.93038e-032    0.897189    -0.441647    0    -1    4.71984e-032    0    0    -0.845215    -0.33566    0.095    1    
                                /*	5:子节点数	*/	0

                                /*	5:名称	*/	42M~43M低鱼腹式(右端)-1/42M~44M低鱼腹式(无畸零节间)(右端)-1/低鱼腹式上平联（反1a型,配J4）-1/LS2_2号螺栓-2
                                /*	5:类型	*/	零件\LS2_2号螺栓.SLDPRT
                                /*	5:位置	*/	0    0.441647    0.897189    0    4.93038e-032    0.897189    -0.441647    0    -1    4.71984e-032    0    0    -0.845215    -0.13566    -0.095    1    
                                /*	5:子节点数	*/	0

                                /*	5:名称	*/	42M~43M低鱼腹式(右端)-1/42M~44M低鱼腹式(无畸零节间)(右端)-1/低鱼腹式上平联（反1a型,配J4）-1/LS2_2号螺栓-28
                                /*	5:类型	*/	零件\LS2_2号螺栓.SLDPRT
                                /*	5:位置	*/	0    0.441647    0.897189    0    1.97215e-031    0.897189    -0.441647    0    -1    4.71984e-032    0    0    -0.845215    0.18934    -0.06    1    
                                /*	5:子节点数	*/	0

                                /*	5:名称	*/	42M~43M低鱼腹式(右端)-1/42M~44M低鱼腹式(无畸零节间)(右端)-1/低鱼腹式上平联（反1a型,配J4）-1/LS2_2号螺栓-29
                                /*	5:类型	*/	零件\LS2_2号螺栓.SLDPRT
                                /*	5:位置	*/	0    0.441647    0.897189    0    1.97215e-031    0.897189    -0.441647    0    -1    4.71984e-032    0    0    -0.845215    -0.000660128    -0.06    1    
                                /*	5:子节点数	*/	0

                                /*	5:名称	*/	42M~43M低鱼腹式(右端)-1/42M~44M低鱼腹式(无畸零节间)(右端)-1/低鱼腹式上平联（反1a型,配J4）-1/LS2_2号螺栓-3
                                /*	5:类型	*/	零件\LS2_2号螺栓.SLDPRT
                                /*	5:位置	*/	-1.97215e-031    -0.556165    -0.831072    0    -1.47911e-031    0.831072    -0.556165    0    1    -4.71984e-032    0    0    1.57279    -0.23566    -0.095    1    
                                /*	5:子节点数	*/	0

                                /*	5:名称	*/	42M~43M低鱼腹式(右端)-1/42M~44M低鱼腹式(无畸零节间)(右端)-1/低鱼腹式上平联（反1a型,配J4）-1/LS2_2号螺栓-30
                                /*	5:类型	*/	零件\LS2_2号螺栓.SLDPRT
                                /*	5:位置	*/	9.86076e-032    0.441647    -0.897189    0    9.86076e-032    0.897189    0.441647    0    1    -4.71984e-032    0    0    1.57279    0.18934    -0.06    1    
                                /*	5:子节点数	*/	0

                                /*	5:名称	*/	42M~43M低鱼腹式(右端)-1/42M~44M低鱼腹式(无畸零节间)(右端)-1/低鱼腹式上平联（反1a型,配J4）-1/LS2_2号螺栓-31
                                /*	5:类型	*/	零件\LS2_2号螺栓.SLDPRT
                                /*	5:位置	*/	9.86076e-032    0.441647    -0.897189    0    9.86076e-032    0.897189    0.441647    0    1    -4.71984e-032    0    0    1.57279    -0.000660128    -0.06    1    
                                /*	5:子节点数	*/	0

                                /*	5:名称	*/	42M~43M低鱼腹式(右端)-1/42M~44M低鱼腹式(无畸零节间)(右端)-1/低鱼腹式上平联（反1a型,配J4）-1/LS2_2号螺栓-4
                                /*	5:类型	*/	零件\LS2_2号螺栓.SLDPRT
                                /*	5:位置	*/	-1.97215e-031    -0.556165    -0.831072    0    -1.47911e-031    0.831072    -0.556165    0    1    -4.71984e-032    0    0    1.57279    -0.33566    -0.095    1    
                                /*	5:子节点数	*/	0

                                /*	5:名称	*/	42M~43M低鱼腹式(右端)-1/42M~44M低鱼腹式(无畸零节间)(右端)-1/低鱼腹式上平联（反1a型,配J4）-1/LS2_2号螺栓-5
                                /*	5:类型	*/	零件\LS2_2号螺栓.SLDPRT
                                /*	5:位置	*/	-1.97215e-031    -0.556165    -0.831072    0    -1.47911e-031    0.831072    -0.556165    0    1    -4.71984e-032    0    0    1.57279    -0.13566    0.095    1    
                                /*	5:子节点数	*/	0

                                /*	5:名称	*/	42M~43M低鱼腹式(右端)-1/42M~44M低鱼腹式(无畸零节间)(右端)-1/低鱼腹式上平联（反1a型,配J4）-1/LS2_2号螺栓-6
                                /*	5:类型	*/	零件\LS2_2号螺栓.SLDPRT
                                /*	5:位置	*/	-1.97215e-031    -0.556165    -0.831072    0    -1.47911e-031    0.831072    -0.556165    0    1    -4.71984e-032    0    0    1.57279    -0.23566    0.095    1    
                                /*	5:子节点数	*/	0

                                /*	5:名称	*/	42M~43M低鱼腹式(右端)-1/42M~44M低鱼腹式(无畸零节间)(右端)-1/低鱼腹式上平联（反1a型,配J4）-1/LS2_2号螺栓-7
                                /*	5:类型	*/	零件\LS2_2号螺栓.SLDPRT
                                /*	5:位置	*/	-1.97215e-031    -0.556165    -0.831072    0    -1.47911e-031    0.831072    -0.556165    0    1    -4.71984e-032    0    0    1.57279    -0.33566    0.095    1    
                                /*	5:子节点数	*/	0

                                /*	5:名称	*/	42M~43M低鱼腹式(右端)-1/42M~44M低鱼腹式(无畸零节间)(右端)-1/低鱼腹式上平联（反1a型,配J4）-1/LS2_2号螺栓-8
                                /*	5:类型	*/	零件\LS2_2号螺栓.SLDPRT
                                /*	5:位置	*/	0    0.441647    0.897189    0    4.93038e-032    0.897189    -0.441647    0    -1    4.71984e-032    0    0    -0.845215    -0.23566    -0.095    1    
                                /*	5:子节点数	*/	0

                                /*	5:名称	*/	42M~43M低鱼腹式(右端)-1/42M~44M低鱼腹式(无畸零节间)(右端)-1/低鱼腹式上平联（反1a型,配J4）-1/LS2_2号螺栓-9
                                /*	5:类型	*/	零件\LS2_2号螺栓.SLDPRT
                                /*	5:位置	*/	0    0.441647    0.897189    0    4.93038e-032    0.897189    -0.441647    0    -1    4.71984e-032    0    0    -0.845215    -0.33566    -0.095    1    
                                /*	5:子节点数	*/	0

                                /*	5:名称	*/	42M~43M低鱼腹式(右端)-1/42M~44M低鱼腹式(无畸零节间)(右端)-1/低鱼腹式上平联（反1a型,配J4）-1/LS3_3号螺栓-20
                                /*	5:类型	*/	零件\LS3_3号螺栓.SLDPRT
                                /*	5:位置	*/	-0.997812    -0.066117    -9.35909e-016    0    -0.066117    0.997812    1.41244e-014    0    5.52203e-029    1.41553e-014    -1    0    1.17379    0.21934    0.037    1    
                                /*	5:子节点数	*/	0

                                /*	5:名称	*/	42M~43M低鱼腹式(右端)-1/42M~44M低鱼腹式(无畸零节间)(右端)-1/低鱼腹式上平联（反1a型,配J4）-1/LS3_3号螺栓-21
                                /*	5:类型	*/	零件\LS3_3号螺栓.SLDPRT
                                /*	5:位置	*/	-0.997812    -0.066117    -9.35909e-016    0    -0.066117    0.997812    1.41244e-014    0    5.52203e-029    1.41553e-014    -1    0    1.17379    0.31934    0.037    1    
                                /*	5:子节点数	*/	0

                                /*	5:名称	*/	42M~43M低鱼腹式(右端)-1/42M~44M低鱼腹式(无畸零节间)(右端)-1/低鱼腹式上平联（反1a型,配J4）-1/LS3_3号螺栓-22
                                /*	5:类型	*/	零件\LS3_3号螺栓.SLDPRT
                                /*	5:位置	*/	-0.997812    -0.066117    -9.35909e-016    0    -0.066117    0.997812    1.41244e-014    0    5.52203e-029    1.41553e-014    -1    0    1.35379    0.11934    0.037    1    
                                /*	5:子节点数	*/	0

                                /*	5:名称	*/	42M~43M低鱼腹式(右端)-1/42M~44M低鱼腹式(无畸零节间)(右端)-1/低鱼腹式上平联（反1a型,配J4）-1/LS3_3号螺栓-23
                                /*	5:类型	*/	零件\LS3_3号螺栓.SLDPRT
                                /*	5:位置	*/	-0.997812    -0.066117    -9.35909e-016    0    -0.066117    0.997812    1.41244e-014    0    5.52203e-029    1.41553e-014    -1    0    1.35379    0.21934    0.037    1    
                                /*	5:子节点数	*/	0

                                /*	5:名称	*/	42M~43M低鱼腹式(右端)-1/42M~44M低鱼腹式(无畸零节间)(右端)-1/低鱼腹式上平联（反1a型,配J4）-1/LS3_3号螺栓-24
                                /*	5:类型	*/	零件\LS3_3号螺栓.SLDPRT
                                /*	5:位置	*/	-0.997812    -0.066117    -9.35909e-016    0    -0.066117    0.997812    1.41244e-014    0    5.52203e-029    1.41553e-014    -1    0    1.35379    0.31934    0.037    1    
                                /*	5:子节点数	*/	0

                                /*	5:名称	*/	42M~43M低鱼腹式(右端)-1/42M~44M低鱼腹式(无畸零节间)(右端)-1/低鱼腹式上平联（反1a型,配J4）-1/LS3_3号螺栓-25
                                /*	5:类型	*/	零件\LS3_3号螺栓.SLDPRT
                                /*	5:位置	*/	-0.997812    -0.066117    -9.35909e-016    0    -0.066117    0.997812    1.41244e-014    0    5.52203e-029    1.41553e-014    -1    0    -0.626215    0.11934    0.037    1    
                                /*	5:子节点数	*/	0

                                /*	5:名称	*/	42M~43M低鱼腹式(右端)-1/42M~44M低鱼腹式(无畸零节间)(右端)-1/低鱼腹式上平联（反1a型,配J4）-1/LS3_3号螺栓-26
                                /*	5:类型	*/	零件\LS3_3号螺栓.SLDPRT
                                /*	5:位置	*/	-0.997812    -0.066117    -9.35909e-016    0    -0.066117    0.997812    1.41244e-014    0    5.52203e-029    1.41553e-014    -1    0    -0.626215    0.21934    0.037    1    
                                /*	5:子节点数	*/	0

                                /*	5:名称	*/	42M~43M低鱼腹式(右端)-1/42M~44M低鱼腹式(无畸零节间)(右端)-1/低鱼腹式上平联（反1a型,配J4）-1/LS3_3号螺栓-27
                                /*	5:类型	*/	零件\LS3_3号螺栓.SLDPRT
