/*	1:name	*/	上垫粱3_3_3层垫梁_拆装式粱_40m-64m_四片梁端
/*	1:type	*/	上垫粱\上垫粱3_3_3层垫梁_拆装式粱_40m-64m_四片梁端.SLDASM
/*	1:location	*/	1.0	0.0	0.0	0.0	0.0	1.0	0.0	0.0	0.0	0.0	1.0	0.0	0.0	0.0	0.0	1.0
/*	1:child_number	*/	117
	/*	2:name	*/	三个垫梁C11-1
	/*	2:type	*/	基本组合\三个垫梁C11.SLDASM
	/*	2:location	*/	1.0	-7.27196E-15	-1.85621E-16	0.0	-7.27196E-15	-1.0	-5.4742E-17	0.0	-1.85621E-16	5.4742E-17	-1.0	0.0	0.170949	1.06001	1.85	1.0
	/*	2:child_number	*/	13
		/*	3:name	*/	三个垫梁C11-1/C11_垫梁-1
		/*	3:type	*/	基本器材\C11_垫梁.SLDPRT
		/*	3:location	*/	1.0	1.01613E-32	0.0	0.0	1.01613E-32	1.0	0.0	0.0	0.0	0.0	1.0	0.0	-2.42095	-0.439985	-0.085	1.0
		/*	3:child_number	*/	0
		/*	3:name	*/	三个垫梁C11-1/C11_垫梁-2
		/*	3:type	*/	基本器材\C11_垫梁.SLDPRT
		/*	3:location	*/	1.0	1.01613E-32	0.0	0.0	1.01613E-32	1.0	0.0	0.0	0.0	0.0	1.0	0.0	-2.42095	-0.439985	-0.385	1.0
		/*	3:child_number	*/	0
		/*	3:name	*/	三个垫梁C11-1/C11_垫梁-3
		/*	3:type	*/	基本器材\C11_垫梁.SLDPRT
		/*	3:location	*/	1.0	1.01613E-32	0.0	0.0	1.01613E-32	1.0	0.0	0.0	0.0	0.0	1.0	0.0	-2.42095	-0.439985	-0.685	1.0
		/*	3:child_number	*/	0
		/*	3:name	*/	三个垫梁C11-1/间隔撑及螺栓-1
		/*	3:type	*/	基本组合\间隔撑及螺栓.SLDASM
		/*	3:location	*/	7.21645E-15	1.0	5.55112E-17	0.0	1.0	-7.21645E-15	1.38778E-17	0.0	1.38778E-17	5.55112E-17	-1.0	0.0	1.83487	-0.15447	-0.15	1.0
		/*	3:child_number	*/	2
			/*	4:name	*/	三个垫梁C11-1/间隔撑及螺栓-1/C18_间隔撑-1
			/*	4:type	*/	基本器材\C18_间隔撑.SLDPRT
			/*	4:location	*/	1.0	-8.81953E-33	-1.2326E-32	0.0	-2.65655E-33	1.0	-2.46519E-32	0.0	0.0	2.46519E-32	1.0	0.0	-0.170516	-0.105817	-0.1435	1.0
			/*	4:child_number	*/	0
			/*	4:name	*/	三个垫梁C11-1/间隔撑及螺栓-1/间隔撑上的螺栓-1
			/*	4:type	*/	基本组合\间隔撑上的螺栓.SLDASM
			/*	4:location	*/	-0.999098	0.0424734	1.2326E-32	0.0	0.0424734	0.999098	-2.46519E-32	0.0	0.0	-2.46519E-32	-1.0	0.0	-0.14487	0.0487065	-0.153	1.0
			/*	4:child_number	*/	16
				/*	5:name	*/	三个垫梁C11-1/间隔撑及螺栓-1/间隔撑上的螺栓-1/M80螺栓-1
				/*	5:type	*/	基本器材\M80螺栓.SLDPRT
				/*	5:location	*/	1.0	-2.07429E-32	-1.2326E-32	0.0	-6.93889E-18	1.0	4.93038E-32	0.0	-1.2326E-32	0.0	1.0	0.0	-0.0143216	0.0010856	-0.0375	1.0
				/*	5:child_number	*/	0
				/*	5:name	*/	三个垫梁C11-1/间隔撑及螺栓-1/间隔撑上的螺栓-1/M80螺栓-10
				/*	5:type	*/	基本器材\M80螺栓.SLDPRT
				/*	5:location	*/	1.0	-2.07429E-32	-1.2326E-32	0.0	-6.93889E-18	1.0	4.93038E-32	0.0	-1.2326E-32	0.0	1.0	0.0	-0.254105	0.0112792	-0.0375	1.0
				/*	5:child_number	*/	0
				/*	5:name	*/	三个垫梁C11-1/间隔撑及螺栓-1/间隔撑上的螺栓-1/M80螺栓-11
				/*	5:type	*/	基本器材\M80螺栓.SLDPRT
				/*	5:location	*/	1.0	-2.07429E-32	-1.2326E-32	0.0	-6.93889E-18	1.0	4.93038E-32	0.0	-1.2326E-32	0.0	1.0	0.0	-0.258777	-0.0986215	-0.0375	1.0
				/*	5:child_number	*/	0
				/*	5:name	*/	三个垫梁C11-1/间隔撑及螺栓-1/间隔撑上的螺栓-1/M80螺栓-5
				/*	5:type	*/	基本器材\M80螺栓.SLDPRT
				/*	5:location	*/	1.0	-2.07429E-32	-1.2326E-32	0.0	-6.93889E-18	1.0	4.93038E-32	0.0	-1.2326E-32	0.0	1.0	0.0	-0.0189936	-0.108815	-0.0375	1.0
				/*	5:child_number	*/	0
				/*	5:name	*/	三个垫梁C11-1/间隔撑及螺栓-1/间隔撑上的螺栓-1/M80螺栓-6
				/*	5:type	*/	基本器材\M80螺栓.SLDPRT
				/*	5:location	*/	1.0	-2.07429E-32	-1.2326E-32	0.0	-6.93889E-18	1.0	4.93038E-32	0.0	-1.2326E-32	0.0	1.0	0.0	-0.0942494	0.00448347	-0.0375	1.0
				/*	5:child_number	*/	0
				/*	5:name	*/	三个垫梁C11-1/间隔撑及螺栓-1/间隔撑上的螺栓-1/M80螺栓-7
				/*	5:type	*/	基本器材\M80螺栓.SLDPRT
				/*	5:location	*/	1.0	-2.07429E-32	-1.2326E-32	0.0	-6.93889E-18	1.0	4.93038E-32	0.0	-1.2326E-32	0.0	1.0	0.0	-0.0989214	-0.105417	-0.0375	1.0
				/*	5:child_number	*/	0
				/*	5:name	*/	三个垫梁C11-1/间隔撑及螺栓-1/间隔撑上的螺栓-1/M80螺栓-8
				/*	5:type	*/	基本器材\M80螺栓.SLDPRT
				/*	5:location	*/	1.0	-2.07429E-32	-1.2326E-32	0.0	-6.93889E-18	1.0	4.93038E-32	0.0	-1.2326E-32	0.0	1.0	0.0	-0.174177	0.00788134	-0.0375	1.0
				/*	5:child_number	*/	0
				/*	5:name	*/	三个垫梁C11-1/间隔撑及螺栓-1/间隔撑上的螺栓-1/M80螺栓-9
				/*	5:type	*/	基本器材\M80螺栓.SLDPRT
				/*	5:location	*/	1.0	-2.07429E-32	-1.2326E-32	0.0	-6.93889E-18	1.0	4.93038E-32	0.0	-1.2326E-32	0.0	1.0	0.0	-0.178849	-0.102019	-0.0375	1.0
				/*	5:child_number	*/	0
				/*	5:name	*/	三个垫梁C11-1/间隔撑及螺栓-1/间隔撑上的螺栓-1/六五墩螺母-1
				/*	5:type	*/	基本器材\六五墩螺母.SLDPRT
				/*	5:location	*/	0.844007	-0.536332	-1.38778E-17	0.0	2.69168E-17	1.64827E-17	1.0	0.0	-0.536332	-0.844007	2.83478E-17	0.0	-0.0143216	0.0010856	0.0035	1.0
				/*	5:child_number	*/	0
				/*	5:name	*/	三个垫梁C11-1/间隔撑及螺栓-1/间隔撑上的螺栓-1/六五墩螺母-15
				/*	5:type	*/	基本器材\六五墩螺母.SLDPRT
				/*	5:location	*/	0.844007	-0.536332	-1.38778E-17	0.0	2.69168E-17	1.64827E-17	1.0	0.0	-0.536332	-0.844007	2.83478E-17	0.0	-0.0189936	-0.108815	0.0035	1.0
				/*	5:child_number	*/	0
				/*	5:name	*/	三个垫梁C11-1/间隔撑及螺栓-1/间隔撑上的螺栓-1/六五墩螺母-16
				/*	5:type	*/	基本器材\六五墩螺母.SLDPRT
				/*	5:location	*/	0.844007	-0.536332	-1.38778E-17	0.0	2.69168E-17	1.64827E-17	1.0	0.0	-0.536332	-0.844007	2.83478E-17	0.0	-0.0942494	0.00448347	0.0035	1.0
				/*	5:child_number	*/	0
				/*	5:name	*/	三个垫梁C11-1/间隔撑及螺栓-1/间隔撑上的螺栓-1/六五墩螺母-17
				/*	5:type	*/	基本器材\六五墩螺母.SLDPRT
				/*	5:location	*/	0.844007	-0.536332	-1.38778E-17	0.0	2.69168E-17	1.64827E-17	1.0	0.0	-0.536332	-0.844007	2.83478E-17	0.0	-0.0989214	-0.105417	0.0035	1.0
				/*	5:child_number	*/	0
				/*	5:name	*/	三个垫梁C11-1/间隔撑及螺栓-1/间隔撑上的螺栓-1/六五墩螺母-18
				/*	5:type	*/	基本器材\六五墩螺母.SLDPRT
				/*	5:location	*/	0.844007	-0.536332	-1.38778E-17	0.0	2.69168E-17	1.64827E-17	1.0	0.0	-0.536332	-0.844007	2.83478E-17	0.0	-0.174177	0.00788134	0.0035	1.0
				/*	5:child_number	*/	0
				/*	5:name	*/	三个垫梁C11-1/间隔撑及螺栓-1/间隔撑上的螺栓-1/六五墩螺母-19
				/*	5:type	*/	基本器材\六五墩螺母.SLDPRT
				/*	5:location	*/	0.844007	-0.536332	-1.38778E-17	0.0	2.69168E-17	1.64827E-17	1.0	0.0	-0.536332	-0.844007	2.83478E-17	0.0	-0.178849	-0.102019	0.0035	1.0
				/*	5:child_number	*/	0
				/*	5:name	*/	三个垫梁C11-1/间隔撑及螺栓-1/间隔撑上的螺栓-1/六五墩螺母-20
				/*	5:type	*/	基本器材\六五墩螺母.SLDPRT
				/*	5:location	*/	0.844007	-0.536332	-1.38778E-17	0.0	2.69168E-17	1.64827E-17	1.0	0.0	-0.536332	-0.844007	2.83478E-17	0.0	-0.254105	0.0112792	0.0035	1.0
				/*	5:child_number	*/	0
				/*	5:name	*/	三个垫梁C11-1/间隔撑及螺栓-1/间隔撑上的螺栓-1/六五墩螺母-21
				/*	5:type	*/	基本器材\六五墩螺母.SLDPRT
				/*	5:location	*/	0.844007	-0.536332	-1.38778E-17	0.0	2.69168E-17	1.64827E-17	1.0	0.0	-0.536332	-0.844007	2.83478E-17	0.0	-0.258777	-0.0986215	0.0035	1.0
				/*	5:child_number	*/	0
		/*	3:name	*/	三个垫梁C11-1/间隔撑及螺栓-2
		/*	3:type	*/	基本组合\间隔撑及螺栓.SLDASM
		/*	3:location	*/	7.21645E-15	1.0	5.55112E-17	0.0	1.0	-7.21645E-15	1.38778E-17	0.0	1.38778E-17	5.55112E-17	-1.0	0.0	0.834869	-0.15447	-0.15	1.0
		/*	3:child_number	*/	2
			/*	4:name	*/	三个垫梁C11-1/间隔撑及螺栓-2/C18_间隔撑-1
			/*	4:type	*/	基本器材\C18_间隔撑.SLDPRT
			/*	4:location	*/	1.0	-8.81953E-33	-1.2326E-32	0.0	-2.65655E-33	1.0	-2.46519E-32	0.0	0.0	2.46519E-32	1.0	0.0	-0.170516	-0.105817	-0.1435	1.0
			/*	4:child_number	*/	0
			/*	4:name	*/	三个垫梁C11-1/间隔撑及螺栓-2/间隔撑上的螺栓-1
			/*	4:type	*/	基本组合\间隔撑上的螺栓.SLDASM
			/*	4:location	*/	-0.999098	0.0424734	1.2326E-32	0.0	0.0424734	0.999098	-2.46519E-32	0.0	0.0	-2.46519E-32	-1.0	0.0	-0.14487	0.0487065	-0.153	1.0
			/*	4:child_number	*/	16
				/*	5:name	*/	三个垫梁C11-1/间隔撑及螺栓-2/间隔撑上的螺栓-1/M80螺栓-1
				/*	5:type	*/	基本器材\M80螺栓.SLDPRT
				/*	5:location	*/	1.0	-2.07429E-32	-1.2326E-32	0.0	-6.93889E-18	1.0	4.93038E-32	0.0	-1.2326E-32	0.0	1.0	0.0	-0.0143216	0.0010856	-0.0375	1.0
				/*	5:child_number	*/	0
				/*	5:name	*/	三个垫梁C11-1/间隔撑及螺栓-2/间隔撑上的螺栓-1/M80螺栓-10
				/*	5:type	*/	基本器材\M80螺栓.SLDPRT
				/*	5:location	*/	1.0	-2.07429E-32	-1.2326E-32	0.0	-6.93889E-18	1.0	4.93038E-32	0.0	-1.2326E-32	0.0	1.0	0.0	-0.254105	0.0112792	-0.0375	1.0
				/*	5:child_number	*/	0
				/*	5:name	*/	三个垫梁C11-1/间隔撑及螺栓-2/间隔撑上的螺栓-1/M80螺栓-11
				/*	5:type	*/	基本器材\M80螺栓.SLDPRT
				/*	5:location	*/	1.0	-2.07429E-32	-1.2326E-32	0.0	-6.93889E-18	1.0	4.93038E-32	0.0	-1.2326E-32	0.0	1.0	0.0	-0.258777	-0.0986215	-0.0375	1.0
				/*	5:child_number	*/	0
				/*	5:name	*/	三个垫梁C11-1/间隔撑及螺栓-2/间隔撑上的螺栓-1/M80螺栓-5
				/*	5:type	*/	基本器材\M80螺栓.SLDPRT
				/*	5:location	*/	1.0	-2.07429E-32	-1.2326E-32	0.0	-6.93889E-18	1.0	4.93038E-32	0.0	-1.2326E-32	0.0	1.0	0.0	-0.0189936	-0.108815	-0.0375	1.0
				/*	5:child_number	*/	0
				/*	5:name	*/	三个垫梁C11-1/间隔撑及螺栓-2/间隔撑上的螺栓-1/M80螺栓-6
				/*	5:type	*/	基本器材\M80螺栓.SLDPRT
				/*	5:location	*/	1.0	-2.07429E-32	-1.2326E-32	0.0	-6.93889E-18	1.0	4.93038E-32	0.0	-1.2326E-32	0.0	1.0	0.0	-0.0942494	0.00448347	-0.0375	1.0
				/*	5:child_number	*/	0
				/*	5:name	*/	三个垫梁C11-1/间隔撑及螺栓-2/间隔撑上的螺栓-1/M80螺栓-7
				/*	5:type	*/	基本器材\M80螺栓.SLDPRT
				/*	5:location	*/	1.0	-2.07429E-32	-1.2326E-32	0.0	-6.93889E-18	1.0	4.93038E-32	0.0	-1.2326E-32	0.0	1.0	0.0	-0.0989214	-0.105417	-0.0375	1.0
				/*	5:child_number	*/	0
				/*	5:name	*/	三个垫梁C11-1/间隔撑及螺栓-2/间隔撑上的螺栓-1/M80螺栓-8
				/*	5:type	*/	基本器材\M80螺栓.SLDPRT
				/*	5:location	*/	1.0	-2.07429E-32	-1.2326E-32	0.0	-6.93889E-18	1.0	4.93038E-32	0.0	-1.2326E-32	0.0	1.0	0.0	-0.174177	0.00788134	-0.0375	1.0
				/*	5:child_number	*/	0
				/*	5:name	*/	三个垫梁C11-1/间隔撑及螺栓-2/间隔撑上的螺栓-1/M80螺栓-9
				/*	5:type	*/	基本器材\M80螺栓.SLDPRT
				/*	5:location	*/	1.0	-2.07429E-32	-1.2326E-32	0.0	-6.93889E-18	1.0	4.93038E-32	0.0	-1.2326E-32	0.0	1.0	0.0	-0.178849	-0.102019	-0.0375	1.0
				/*	5:child_number	*/	0
				/*	5:name	*/	三个垫梁C11-1/间隔撑及螺栓-2/间隔撑上的螺栓-1/六五墩螺母-1
				/*	5:type	*/	基本器材\六五墩螺母.SLDPRT
				/*	5:location	*/	0.844007	-0.536332	-1.38778E-17	0.0	2.69168E-17	1.64827E-17	1.0	0.0	-0.536332	-0.844007	2.83478E-17	0.0	-0.0143216	0.0010856	0.0035	1.0
				/*	5:child_number	*/	0
				/*	5:name	*/	三个垫梁C11-1/间隔撑及螺栓-2/间隔撑上的螺栓-1/六五墩螺母-15
				/*	5:type	*/	基本器材\六五墩螺母.SLDPRT
				/*	5:location	*/	0.844007	-0.536332	-1.38778E-17	0.0	2.69168E-17	1.64827E-17	1.0	0.0	-0.536332	-0.844007	2.83478E-17	0.0	-0.0189936	-0.108815	0.0035	1.0
				/*	5:child_number	*/	0
				/*	5:name	*/	三个垫梁C11-1/间隔撑及螺栓-2/间隔撑上的螺栓-1/六五墩螺母-16
				/*	5:type	*/	基本器材\六五墩螺母.SLDPRT
				/*	5:location	*/	0.844007	-0.536332	-1.38778E-17	0.0	2.69168E-17	1.64827E-17	1.0	0.0	-0.536332	-0.844007	2.83478E-17	0.0	-0.0942494	0.00448347	0.0035	1.0
				/*	5:child_number	*/	0
				/*	5:name	*/	三个垫梁C11-1/间隔撑及螺栓-2/间隔撑上的螺栓-1/六五墩螺母-17
				/*	5:type	*/	基本器材\六五墩螺母.SLDPRT
				/*	5:location	*/	0.844007	-0.536332	-1.38778E-17	0.0	2.69168E-17	1.64827E-17	1.0	0.0	-0.536332	-0.844007	2.83478E-17	0.0	-0.0989214	-0.105417	0.0035	1.0
				/*	5:child_number	*/	0
				/*	5:name	*/	三个垫梁C11-1/间隔撑及螺栓-2/间隔撑上的螺栓-1/六五墩螺母-18
				/*	5:type	*/	基本器材\六五墩螺母.SLDPRT
				/*	5:location	*/	0.844007	-0.536332	-1.38778E-17	0.0	2.69168E-17	1.64827E-17	1.0	0.0	-0.536332	-0.844007	2.83478E-17	0.0	-0.174177	0.00788134	0.0035	1.0
				/*	5:child_number	*/	0
				/*	5:name	*/	三个垫梁C11-1/间隔撑及螺栓-2/间隔撑上的螺栓-1/六五墩螺母-19
				/*	5:type	*/	基本器材\六五墩螺母.SLDPRT
				/*	5:location	*/	0.844007	-0.536332	-1.38778E-17	0.0	2.69168E-17	1.64827E-17	1.0	0.0	-0.536332	-0.844007	2.83478E-17	0.0	-0.178849	-0.102019	0.0035	1.0
				/*	5:child_number	*/	0
				/*	5:name	*/	三个垫梁C11-1/间隔撑及螺栓-2/间隔撑上的螺栓-1/六五墩螺母-20
				/*	5:type	*/	基本器材\六五墩螺母.SLDPRT
				/*	5:location	*/	0.844007	-0.536332	-1.38778E-17	0.0	2.69168E-17	1.64827E-17	1.0	0.0	-0.536332	-0.844007	2.83478E-17	0.0	-0.254105	0.0112792	0.0035	1.0
				/*	5:child_number	*/	0
				/*	5:name	*/	三个垫梁C11-1/间隔撑及螺栓-2/间隔撑上的螺栓-1/六五墩螺母-21
				/*	5:type	*/	基本器材\六五墩螺母.SLDPRT
				/*	5:location	*/	0.844007	-0.536332	-1.38778E-17	0.0	2.69168E-17	1.64827E-17	1.0	0.0	-0.536332	-0.844007	2.83478E-17	0.0	-0.258777	-0.0986215	0.0035	1.0
				/*	5:child_number	*/	0
		/*	3:name	*/	三个垫梁C11-1/间隔撑及螺栓-3
		/*	3:type	*/	基本组合\间隔撑及螺栓.SLDASM
		/*	3:location	*/	7.21645E-15	1.0	5.55112E-17	0.0	1.0	-7.21645E-15	1.38778E-17	0.0	1.38778E-17	5.55112E-17	-1.0	0.0	-0.165131	-0.15447	-0.15	1.0
		/*	3:child_number	*/	2
			/*	4:name	*/	三个垫梁C11-1/间隔撑及螺栓-3/C18_间隔撑-1
			/*	4:type	*/	基本器材\C18_间隔撑.SLDPRT
			/*	4:location	*/	1.0	-8.81953E-33	-1.2326E-32	0.0	-2.65655E-33	1.0	-2.46519E-32	0.0	0.0	2.46519E-32	1.0	0.0	-0.170516	-0.105817	-0.1435	1.0
			/*	4:child_number	*/	0
			/*	4:name	*/	三个垫梁C11-1/间隔撑及螺栓-3/间隔撑上的螺栓-1
			/*	4:type	*/	基本组合\间隔撑上的螺栓.SLDASM
			/*	4:location	*/	-0.999098	0.0424734	1.2326E-32	0.0	0.0424734	0.999098	-2.46519E-32	0.0	0.0	-2.46519E-32	-1.0	0.0	-0.14487	0.0487065	-0.153	1.0
			/*	4:child_number	*/	16
				/*	5:name	*/	三个垫梁C11-1/间隔撑及螺栓-3/间隔撑上的螺栓-1/M80螺栓-1
				/*	5:type	*/	基本器材\M80螺栓.SLDPRT
				/*	5:location	*/	1.0	-2.07429E-32	-1.2326E-32	0.0	-6.93889E-18	1.0	4.93038E-32	0.0	-1.2326E-32	0.0	1.0	0.0	-0.0143216	0.0010856	-0.0375	1.0
				/*	5:child_number	*/	0
				/*	5:name	*/	三个垫梁C11-1/间隔撑及螺栓-3/间隔撑上的螺栓-1/M80螺栓-10
				/*	5:type	*/	基本器材\M80螺栓.SLDPRT
				/*	5:location	*/	1.0	-2.07429E-32	-1.2326E-32	0.0	-6.93889E-18	1.0	4.93038E-32	0.0	-1.2326E-32	0.0	1.0	0.0	-0.254105	0.0112792	-0.0375	1.0
				/*	5:child_number	*/	0
				/*	5:name	*/	三个垫梁C11-1/间隔撑及螺栓-3/间隔撑上的螺栓-1/M80螺栓-11
				/*	5:type	*/	基本器材\M80螺栓.SLDPRT
				/*	5:location	*/	1.0	-2.07429E-32	-1.2326E-32	0.0	-6.93889E-18	1.0	4.93038E-32	0.0	-1.2326E-32	0.0	1.0	0.0	-0.258777	-0.0986215	-0.0375	1.0
				/*	5:child_number	*/	0
				/*	5:name	*/	三个垫梁C11-1/间隔撑及螺栓-3/间隔撑上的螺栓-1/M80螺栓-5
				/*	5:type	*/	基本器材\M80螺栓.SLDPRT
				/*	5:location	*/	1.0	-2.07429E-32	-1.2326E-32	0.0	-6.93889E-18	1.0	4.93038E-32	0.0	-1.2326E-32	0.0	1.0	0.0	-0.0189936	-0.108815	-0.0375	1.0
				/*	5:child_number	*/	0
				/*	5:name	*/	三个垫梁C11-1/间隔撑及螺栓-3/间隔撑上的螺栓-1/M80螺栓-6
				/*	5:type	*/	基本器材\M80螺栓.SLDPRT
				/*	5:location	*/	1.0	-2.07429E-32	-1.2326E-32	0.0	-6.93889E-18	1.0	4.93038E-32	0.0	-1.2326E-32	0.0	1.0	0.0	-0.0942494	0.00448347	-0.0375	1.0
				/*	5:child_number	*/	0
				/*	5:name	*/	三个垫梁C11-1/间隔撑及螺栓-3/间隔撑上的螺栓-1/M80螺栓-7
				/*	5:type	*/	基本器材\M80螺栓.SLDPRT
				/*	5:location	*/	1.0	-2.07429E-32	-1.2326E-32	0.0	-6.93889E-18	1.0	4.93038E-32	0.0	-1.2326E-32	0.0	1.0	0.0	-0.0989214	-0.105417	-0.0375	1.0
				/*	5:child_number	*/	0
				/*	5:name	*/	三个垫梁C11-1/间隔撑及螺栓-3/间隔撑上的螺栓-1/M80螺栓-8
				/*	5:type	*/	基本器材\M80螺栓.SLDPRT
				/*	5:location	*/	1.0	-2.07429E-32	-1.2326E-32	0.0	-6.93889E-18	1.0	4.93038E-32	0.0	-1.2326E-32	0.0	1.0	0.0	-0.174177	0.00788134	-0.0375	1.0
				/*	5:child_number	*/	0
				/*	5:name	*/	三个垫梁C11-1/间隔撑及螺栓-3/间隔撑上的螺栓-1/M80螺栓-9
				/*	5:type	*/	基本器材\M80螺栓.SLDPRT
				/*	5:location	*/	1.0	-2.07429E-32	-1.2326E-32	0.0	-6.93889E-18	1.0	4.93038E-32	0.0	-1.2326E-32	0.0	1.0	0.0	-0.178849	-0.102019	-0.0375	1.0
				/*	5:child_number	*/	0
				/*	5:name	*/	三个垫梁C11-1/间隔撑及螺栓-3/间隔撑上的螺栓-1/六五墩螺母-1
				/*	5:type	*/	基本器材\六五墩螺母.SLDPRT
				/*	5:location	*/	0.844007	-0.536332	-1.38778E-17	0.0	2.69168E-17	1.64827E-17	1.0	0.0	-0.536332	-0.844007	2.83478E-17	0.0	-0.0143216	0.0010856	0.0035	1.0
				/*	5:child_number	*/	0
				/*	5:name	*/	三个垫梁C11-1/间隔撑及螺栓-3/间隔撑上的螺栓-1/六五墩螺母-15
				/*	5:type	*/	基本器材\六五墩螺母.SLDPRT
				/*	5:location	*/	0.844007	-0.536332	-1.38778E-17	0.0	2.69168E-17	1.64827E-17	1.0	0.0	-0.536332	-0.844007	2.83478E-17	0.0	-0.0189936	-0.108815	0.0035	1.0
				/*	5:child_number	*/	0
				/*	5:name	*/	三个垫梁C11-1/间隔撑及螺栓-3/间隔撑上的螺栓-1/六五墩螺母-16
				/*	5:type	*/	基本器材\六五墩螺母.SLDPRT
				/*	5:location	*/	0.844007	-0.536332	-1.38778E-17	0.0	2.69168E-17	1.64827E-17	1.0	0.0	-0.536332	-0.844007	2.83478E-17	0.0	-0.0942494	0.00448347	0.0035	1.0
				/*	5:child_number	*/	0
				/*	5:name	*/	三个垫梁C11-1/间隔撑及螺栓-3/间隔撑上的螺栓-1/六五墩螺母-17
				/*	5:type	*/	基本器材\六五墩螺母.SLDPRT
				/*	5:location	*/	0.844007	-0.536332	-1.38778E-17	0.0	2.69168E-17	1.64827E-17	1.0	0.0	-0.536332	-0.844007	2.83478E-17	0.0	-0.0989214	-0.105417	0.0035	1.0
				/*	5:child_number	*/	0
				/*	5:name	*/	三个垫梁C11-1/间隔撑及螺栓-3/间隔撑上的螺栓-1/六五墩螺母-18
				/*	5:type	*/	基本器材\六五墩螺母.SLDPRT
				/*	5:location	*/	0.844007	-0.536332	-1.38778E-17	0.0	2.69168E-17	1.64827E-17	1.0	0.0	-0.536332	-0.844007	2.83478E-17	0.0	-0.174177	0.00788134	0.0035	1.0
				/*	5:child_number	*/	0
				/*	5:name	*/	三个垫梁C11-1/间隔撑及螺栓-3/间隔撑上的螺栓-1/六五墩螺母-19
				/*	5:type	*/	基本器材\六五墩螺母.SLDPRT
				/*	5:location	*/	0.844007	-0.536332	-1.38778E-17	0.0	2.69168E-17	1.64827E-17	1.0	0.0	-0.536332	-0.844007	2.83478E-17	0.0	-0.178849	-0.102019	0.0035	1.0
				/*	5:child_number	*/	0
				/*	5:name	*/	三个垫梁C11-1/间隔撑及螺栓-3/间隔撑上的螺栓-1/六五墩螺母-20
				/*	5:type	*/	基本器材\六五墩螺母.SLDPRT
				/*	5:location	*/	0.844007	-0.536332	-1.38778E-17	0.0	2.69168E-17	1.64827E-17	1.0	0.0	-0.536332	-0.844007	2.83478E-17	0.0	-0.254105	0.0112792	0.0035	1.0
				/*	5:child_number	*/	0
				/*	5:name	*/	三个垫梁C11-1/间隔撑及螺栓-3/间隔撑上的螺栓-1/六五墩螺母-21
				/*	5:type	*/	基本器材\六五墩螺母.SLDPRT
				/*	5:location	*/	0.844007	-0.536332	-1.38778E-17	0.0	2.69168E-17	1.64827E-17	1.0	0.0	-0.536332	-0.844007	2.83478E-17	0.0	-0.258777	-0.0986215	0.0035	1.0
				/*	5:child_number	*/	0
		/*	3:name	*/	三个垫梁C11-1/间隔撑及螺栓-4
		/*	3:type	*/	基本组合\间隔撑及螺栓.SLDASM
		/*	3:location	*/	7.21645E-15	1.0	5.55112E-17	0.0	1.0	-7.21645E-15	1.38778E-17	0.0	1.38778E-17	5.55112E-17	-1.0	0.0	-1.16513	-0.15447	-0.15	1.0
		/*	3:child_number	*/	2
			/*	4:name	*/	三个垫梁C11-1/间隔撑及螺栓-4/C18_间隔撑-1
			/*	4:type	*/	基本器材\C18_间隔撑.SLDPRT
			/*	4:location	*/	1.0	-8.81953E-33	-1.2326E-32	0.0	-2.65655E-33	1.0	-2.46519E-32	0.0	0.0	2.46519E-32	1.0	0.0	-0.170516	-0.105817	-0.1435	1.0
			/*	4:child_number	*/	0
			/*	4:name	*/	三个垫梁C11-1/间隔撑及螺栓-4/间隔撑上的螺栓-1
			/*	4:type	*/	基本组合\间隔撑上的螺栓.SLDASM
			/*	4:location	*/	-0.999098	0.0424734	1.2326E-32	0.0	0.0424734	0.999098	-2.46519E-32	0.0	0.0	-2.46519E-32	-1.0	0.0	-0.14487	0.0487065	-0.153	1.0
			/*	4:child_number	*/	16
				/*	5:name	*/	三个垫梁C11-1/间隔撑及螺栓-4/间隔撑上的螺栓-1/M80螺栓-1
				/*	5:type	*/	基本器材\M80螺栓.SLDPRT
				/*	5:location	*/	1.0	-2.07429E-32	-1.2326E-32	0.0	-6.93889E-18	1.0	4.93038E-32	0.0	-1.2326E-32	0.0	1.0	0.0	-0.0143216	0.0010856	-0.0375	1.0
				/*	5:child_number	*/	0
				/*	5:name	*/	三个垫梁C11-1/间隔撑及螺栓-4/间隔撑上的螺栓-1/M80螺栓-10
				/*	5:type	*/	基本器材\M80螺栓.SLDPRT
				/*	5:location	*/	1.0	-2.07429E-32	-1.2326E-32	0.0	-6.93889E-18	1.0	4.93038E-32	0.0	-1.2326E-32	0.0	1.0	0.0	-0.254105	0.0112792	-0.0375	1.0
				/*	5:child_number	*/	0
				/*	5:name	*/	三个垫梁C11-1/间隔撑及螺栓-4/间隔撑上的螺栓-1/M80螺栓-11
				/*	5:type	*/	基本器材\M80螺栓.SLDPRT
				/*	5:location	*/	1.0	-2.07429E-32	-1.2326E-32	0.0	-6.93889E-18	1.0	4.93038E-32	0.0	-1.2326E-32	0.0	1.0	0.0	-0.258777	-0.0986215	-0.0375	1.0
				/*	5:child_number	*/	0
				/*	5:name	*/	三个垫梁C11-1/间隔撑及螺栓-4/间隔撑上的螺栓-1/M80螺栓-5
				/*	5:type	*/	基本器材\M80螺栓.SLDPRT
				/*	5:location	*/	1.0	-2.07429E-32	-1.2326E-32	0.0	-6.93889E-18	1.0	4.93038E-32	0.0	-1.2326E-32	0.0	1.0	0.0	-0.0189936	-0.108815	-0.0375	1.0
				/*	5:child_number	*/	0
				/*	5:name	*/	三个垫梁C11-1/间隔撑及螺栓-4/间隔撑上的螺栓-1/M80螺栓-6
				/*	5:type	*/	基本器材\M80螺栓.SLDPRT
				/*	5:location	*/	1.0	-2.07429E-32	-1.2326E-32	0.0	-6.93889E-18	1.0	4.93038E-32	0.0	-1.2326E-32	0.0	1.0	0.0	-0.0942494	0.00448347	-0.0375	1.0
				/*	5:child_number	*/	0
				/*	5:name	*/	三个垫梁C11-1/间隔撑及螺栓-4/间隔撑上的螺栓-1/M80螺栓-7
				/*	5:type	*/	基本器材\M80螺栓.SLDPRT
				/*	5:location	*/	1.0	-2.07429E-32	-1.2326E-32	0.0	-6.93889E-18	1.0	4.93038E-32	0.0	-1.2326E-32	0.0	1.0	0.0	-0.0989214	-0.105417	-0.0375	1.0
				/*	5:child_number	*/	0
				/*	5:name	*/	三个垫梁C11-1/间隔撑及螺栓-4/间隔撑上的螺栓-1/M80螺栓-8
				/*	5:type	*/	基本器材\M80螺栓.SLDPRT
				/*	5:location	*/	1.0	-2.07429E-32	-1.2326E-32	0.0	-6.93889E-18	1.0	4.93038E-32	0.0	-1.2326E-32	0.0	1.0	0.0	-0.174177	0.00788134	-0.0375	1.0
				/*	5:child_number	*/	0
				/*	5:name	*/	三个垫梁C11-1/间隔撑及螺栓-4/间隔撑上的螺栓-1/M80螺栓-9
				/*	5:type	*/	基本器材\M80螺栓.SLDPRT
				/*	5:location	*/	1.0	-2.07429E-32	-1.2326E-32	0.0	-6.93889E-18	1.0	4.93038E-32	0.0	-1.2326E-32	0.0	1.0	0.0	-0.178849	-0.102019	-0.0375	1.0
				/*	5:child_number	*/	0
				/*	5:name	*/	三个垫梁C11-1/间隔撑及螺栓-4/间隔撑上的螺栓-1/六五墩螺母-1
				/*	5:type	*/	基本器材\六五墩螺母.SLDPRT
				/*	5:location	*/	0.844007	-0.536332	-1.38778E-17	0.0	2.69168E-17	1.64827E-17	1.0	0.0	-0.536332	-0.844007	2.83478E-17	0.0	-0.0143216	0.0010856	0.0035	1.0
				/*	5:child_number	*/	0
				/*	5:name	*/	三个垫梁C11-1/间隔撑及螺栓-4/间隔撑上的螺栓-1/六五墩螺母-15
				/*	5:type	*/	基本器材\六五墩螺母.SLDPRT
				/*	5:location	*/	0.844007	-0.536332	-1.38778E-17	0.0	2.69168E-17	1.64827E-17	1.0	0.0	-0.536332	-0.844007	2.83478E-17	0.0	-0.0189936	-0.108815	0.0035	1.0
				/*	5:child_number	*/	0
				/*	5:name	*/	三个垫梁C11-1/间隔撑及螺栓-4/间隔撑上的螺栓-1/六五墩螺母-16
				/*	5:type	*/	基本器材\六五墩螺母.SLDPRT
				/*	5:location	*/	0.844007	-0.536332	-1.38778E-17	0.0	2.69168E-17	1.64827E-17	1.0	0.0	-0.536332	-0.844007	2.83478E-17	0.0	-0.0942494	0.00448347	0.0035	1.0
				/*	5:child_number	*/	0
				/*	5:name	*/	三个垫梁C11-1/间隔撑及螺栓-4/间隔撑上的螺栓-1/六五墩螺母-17
				/*	5:type	*/	基本器材\六五墩螺母.SLDPRT
				/*	5:location	*/	0.844007	-0.536332	-1.38778E-17	0.0	2.69168E-17	1.64827E-17	1.0	0.0	-0.536332	-0.844007	2.83478E-17	0.0	-0.0989214	-0.105417	0.0035	1.0
				/*	5:child_number	*/	0
				/*	5:name	*/	三个垫梁C11-1/间隔撑及螺栓-4/间隔撑上的螺栓-1/六五墩螺母-18
				/*	5:type	*/	基本器材\六五墩螺母.SLDPRT
				/*	5:location	*/	0.844007	-0.536332	-1.38778E-17	0.0	2.69168E-17	1.64827E-17	1.0	0.0	-0.536332	-0.844007	2.83478E-17	0.0	-0.174177	0.00788134	0.0035	1.0
				/*	5:child_number	*/	0
				/*	5:name	*/	三个垫梁C11-1/间隔撑及螺栓-4/间隔撑上的螺栓-1/六五墩螺母-19
				/*	5:type	*/	基本器材\六五墩螺母.SLDPRT
				/*	5:location	*/	0.844007	-0.536332	-1.38778E-17	0.0	2.69168E-17	1.64827E-17	1.0	0.0	-0.536332	-0.844007	2.83478E-17	0.0	-0.178849	-0.102019	0.0035	1.0
				/*	5:child_number	*/	0
				/*	5:name	*/	三个垫梁C11-1/间隔撑及螺栓-4/间隔撑上的螺栓-1/六五墩螺母-20
				/*	5:type	*/	基本器材\六五墩螺母.SLDPRT
				/*	5:location	*/	0.844007	-0.536332	-1.38778E-17	0.0	2.69168E-17	1.64827E-17	1.0	0.0	-0.536332	-0.844007	2.83478E-17	0.0	-0.254105	0.0112792	0.0035	1.0
				/*	5:child_number	*/	0
				/*	5:name	*/	三个垫梁C11-1/间隔撑及螺栓-4/间隔撑上的螺栓-1/六五墩螺母-21
				/*	5:type	*/	基本器材\六五墩螺母.SLDPRT
				/*	5:location	*/	0.844007	-0.536332	-1.38778E-17	0.0	2.69168E-17	1.64827E-17	1.0	0.0	-0.536332	-0.844007	2.83478E-17	0.0	-0.258777	-0.0986215	0.0035	1.0
				/*	5:child_number	*/	0
		/*	3:name	*/	三个垫梁C11-1/间隔撑及螺栓-5
		/*	3:type	*/	基本组合\间隔撑及螺栓.SLDASM
		/*	3:location	*/	7.21645E-15	1.0	5.55112E-17	0.0	1.0	-7.21645E-15	1.38778E-17	0.0	1.38778E-17	5.55112E-17	-1.0	0.0	-2.16513	-0.15447	-0.15	1.0
		/*	3:child_number	*/	2
			/*	4:name	*/	三个垫梁C11-1/间隔撑及螺栓-5/C18_间隔撑-1
			/*	4:type	*/	基本器材\C18_间隔撑.SLDPRT
			/*	4:location	*/	1.0	-8.81953E-33	-1.2326E-32	0.0	-2.65655E-33	1.0	-2.46519E-32	0.0	0.0	2.46519E-32	1.0	0.0	-0.170516	-0.105817	-0.1435	1.0
			/*	4:child_number	*/	0
			/*	4:name	*/	三个垫梁C11-1/间隔撑及螺栓-5/间隔撑上的螺栓-1
			/*	4:type	*/	基本组合\间隔撑上的螺栓.SLDASM
			/*	4:location	*/	-0.999098	0.0424734	1.2326E-32	0.0	0.0424734	0.999098	-2.46519E-32	0.0	0.0	-2.46519E-32	-1.0	0.0	-0.14487	0.0487065	-0.153	1.0
			/*	4:child_number	*/	16
				/*	5:name	*/	三个垫梁C11-1/间隔撑及螺栓-5/间隔撑上的螺栓-1/M80螺栓-1
				/*	5:type	*/	基本器材\M80螺栓.SLDPRT
				/*	5:location	*/	1.0	-2.07429E-32	-1.2326E-32	0.0	-6.93889E-18	1.0	4.93038E-32	0.0	-1.2326E-32	0.0	1.0	0.0	-0.0143216	0.0010856	-0.0375	1.0
				/*	5:child_number	*/	0
				/*	5:name	*/	三个垫梁C11-1/间隔撑及螺栓-5/间隔撑上的螺栓-1/M80螺栓-10
				/*	5:type	*/	基本器材\M80螺栓.SLDPRT
				/*	5:location	*/	1.0	-2.07429E-32	-1.2326E-32	0.0	-6.93889E-18	1.0	4.93038E-32	0.0	-1.2326E-32	0.0	1.0	0.0	-0.254105	0.0112792	-0.0375	1.0
				/*	5:child_number	*/	0
				/*	5:name	*/	三个垫梁C11-1/间隔撑及螺栓-5/间隔撑上的螺栓-1/M80螺栓-11
				/*	5:type	*/	基本器材\M80螺栓.SLDPRT
				/*	5:location	*/	1.0	-2.07429E-32	-1.2326E-32	0.0	-6.93889E-18	1.0	4.93038E-32	0.0	-1.2326E-32	0.0	1.0	0.0	-0.258777	-0.0986215	-0.0375	1.0
				/*	5:child_number	*/	0
				/*	5:name	*/	三个垫梁C11-1/间隔撑及螺栓-5/间隔撑上的螺栓-1/M80螺栓-5
				/*	5:type	*/	基本器材\M80螺栓.SLDPRT
				/*	5:location	*/	1.0	-2.07429E-32	-1.2326E-32	0.0	-6.93889E-18	1.0	4.93038E-32	0.0	-1.2326E-32	0.0	1.0	0.0	-0.0189936	-0.108815	-0.0375	1.0
				/*	5:child_number	*/	0
				/*	5:name	*/	三个垫梁C11-1/间隔撑及螺栓-5/间隔撑上的螺栓-1/M80螺栓-6
				/*	5:type	*/	基本器材\M80螺栓.SLDPRT
				/*	5:location	*/	1.0	-2.07429E-32	-1.2326E-32	0.0	-6.93889E-18	1.0	4.93038E-32	0.0	-1.2326E-32	0.0	1.0	0.0	-0.0942494	0.00448347	-0.0375	1.0
				/*	5:child_number	*/	0
				/*	5:name	*/	三个垫梁C11-1/间隔撑及螺栓-5/间隔撑上的螺栓-1/M80螺栓-7
				/*	5:type	*/	基本器材\M80螺栓.SLDPRT
				/*	5:location	*/	1.0	-2.07429E-32	-1.2326E-32	0.0	-6.93889E-18	1.0	4.93038E-32	0.0	-1.2326E-32	0.0	1.0	0.0	-0.0989214	-0.105417	-0.0375	1.0
				/*	5:child_number	*/	0
				/*	5:name	*/	三个垫梁C11-1/间隔撑及螺栓-5/间隔撑上的螺栓-1/M80螺栓-8
				/*	5:type	*/	基本器材\M80螺栓.SLDPRT
				/*	5:location	*/	1.0	-2.07429E-32	-1.2326E-32	0.0	-6.93889E-18	1.0	4.93038E-32	0.0	-1.2326E-32	0.0	1.0	0.0	-0.174177	0.00788134	-0.0375	1.0
				/*	5:child_number	*/	0
				/*	5:name	*/	三个垫梁C11-1/间隔撑及螺栓-5/间隔撑上的螺栓-1/M80螺栓-9
				/*	5:type	*/	基本器材\M80螺栓.SLDPRT
				/*	5:location	*/	1.0	-2.07429E-32	-1.2326E-32	0.0	-6.93889E-18	1.0	4.93038E-32	0.0	-1.2326E-32	0.0	1.0	0.0	-0.178849	-0.102019	-0.0375	1.0
				/*	5:child_number	*/	0
				/*	5:name	*/	三个垫梁C11-1/间隔撑及螺栓-5/间隔撑上的螺栓-1/六五墩螺母-1
				/*	5:type	*/	基本器材\六五墩螺母.SLDPRT
				/*	5:location	*/	0.844007	-0.536332	-1.38778E-17	0.0	2.69168E-17	1.64827E-17	1.0	0.0	-0.536332	-0.844007	2.83478E-17	0.0	-0.0143216	0.0010856	0.0035	1.0
				/*	5:child_number	*/	0
				/*	5:name	*/	三个垫梁C11-1/间隔撑及螺栓-5/间隔撑上的螺栓-1/六五墩螺母-15
				/*	5:type	*/	基本器材\六五墩螺母.SLDPRT
				/*	5:location	*/	0.844007	-0.536332	-1.38778E-17	0.0	2.69168E-17	1.64827E-17	1.0	0.0	-0.536332	-0.844007	2.83478E-17	0.0	-0.0189936	-0.108815	0.0035	1.0
				/*	5:child_number	*/	0
				/*	5:name	*/	三个垫梁C11-1/间隔撑及螺栓-5/间隔撑上的螺栓-1/六五墩螺母-16
				/*	5:type	*/	基本器材\六五墩螺母.SLDPRT
				/*	5:location	*/	0.844007	-0.536332	-1.38778E-17	0.0	2.69168E-17	1.64827E-17	1.0	0.0	-0.536332	-0.844007	2.83478E-17	0.0	-0.0942494	0.00448347	0.0035	1.0
				/*	5:child_number	*/	0
				/*	5:name	*/	三个垫梁C11-1/间隔撑及螺栓-5/间隔撑上的螺栓-1/六五墩螺母-17
				/*	5:type	*/	基本器材\六五墩螺母.SLDPRT
				/*	5:location	*/	0.844007	-0.536332	-1.38778E-17	0.0	2.69168E-17	1.64827E-17	1.0	0.0	-0.536332	-0.844007	2.83478E-17	0.0	-0.0989214	-0.105417	0.0035	1.0
				/*	5:child_number	*/	0
				/*	5:name	*/	三个垫梁C11-1/间隔撑及螺栓-5/间隔撑上的螺栓-1/六五墩螺母-18
				/*	5:type	*/	基本器材\六五墩螺母.SLDPRT
				/*	5:location	*/	0.844007	-0.536332	-1.38778E-17	0.0	2.69168E-17	1.64827E-17	1.0	0.0	-0.536332	-0.844007	2.83478E-17	0.0	-0.174177	0.00788134	0.0035	1.0
				/*	5:child_number	*/	0
				/*	5:name	*/	三个垫梁C11-1/间隔撑及螺栓-5/间隔撑上的螺栓-1/六五墩螺母-19
				/*	5:type	*/	基本器材\六五墩螺母.SLDPRT
				/*	5:location	*/	0.844007	-0.536332	-1.38778E-17	0.0	2.69168E-17	1.64827E-17	1.0	0.0	-0.536332	-0.844007	2.83478E-17	0.0	-0.178849	-0.102019	0.0035	1.0
				/*	5:child_number	*/	0
				/*	5:name	*/	三个垫梁C11-1/间隔撑及螺栓-5/间隔撑上的螺栓-1/六五墩螺母-20
				/*	5:type	*/	基本器材\六五墩螺母.SLDPRT
				/*	5:location	*/	0.844007	-0.536332	-1.38778E-17	0.0	2.69168E-17	1.64827E-17	1.0	0.0	-0.536332	-0.844007	2.83478E-17	0.0	-0.254105	0.0112792	0.0035	1.0
				/*	5:child_number	*/	0
				/*	5:name	*/	三个垫梁C11-1/间隔撑及螺栓-5/间隔撑上的螺栓-1/六五墩螺母-21
				/*	5:type	*/	基本器材\六五墩螺母.SLDPRT
				/*	5:location	*/	0.844007	-0.536332	-1.38778E-17	0.0	2.69168E-17	1.64827E-17	1.0	0.0	-0.536332	-0.844007	2.83478E-17	0.0	-0.258777	-0.0986215	0.0035	1.0
				/*	5:child_number	*/	0
		/*	3:name	*/	三个垫梁C11-1/间隔撑连接3根垫粱-1
		/*	3:type	*/	基本组合\间隔撑连接3根垫粱.SLDASM
		/*	3:location	*/	2.41474E-15	-1.0	2.77556E-17	0.0	1.0	2.30371E-15	-6.93889E-18	0.0	3.7244E-18	2.04808E-17	1.0	0.0	1.81788	-0.178272	-0.45	1.0
		/*	3:child_number	*/	3
			/*	4:name	*/	三个垫梁C11-1/间隔撑连接3根垫粱-1/C18_间隔撑-1
			/*	4:type	*/	基本器材\C18_间隔撑.SLDPRT
			/*	4:location	*/	1.0	-4.90874E-33	0.0	0.0	-6.12186E-33	1.0	0.0	0.0	0.0	0.0	1.0	0.0	-0.173287	-0.0888331	-0.1435	1.0
			/*	4:child_number	*/	0
			/*	4:name	*/	三个垫梁C11-1/间隔撑连接3根垫粱-1/间隔撑上的螺栓-1
			/*	4:type	*/	基本组合\间隔撑上的螺栓.SLDASM
			/*	4:location	*/	0.999098	0.0424734	0.0	0.0	-0.0424734	0.999098	-2.46519E-32	0.0	0.0	0.0	1.0	0.0	0.121068	0.0656905	-0.134	1.0
			/*	4:child_number	*/	16
				/*	5:name	*/	三个垫梁C11-1/间隔撑连接3根垫粱-1/间隔撑上的螺栓-1/M80螺栓-1
				/*	5:type	*/	基本器材\M80螺栓.SLDPRT
				/*	5:location	*/	1.0	-3.54887E-33	3.08149E-33	0.0	-4.76199E-33	1.0	0.0	0.0	3.08149E-33	2.46519E-32	1.0	0.0	-0.0143216	0.0010856	-0.0375	1.0
				/*	5:child_number	*/	0
				/*	5:name	*/	三个垫梁C11-1/间隔撑连接3根垫粱-1/间隔撑上的螺栓-1/M80螺栓-10
				/*	5:type	*/	基本器材\M80螺栓.SLDPRT
				/*	5:location	*/	1.0	-3.54887E-33	3.08149E-33	0.0	-4.76199E-33	1.0	0.0	0.0	3.08149E-33	2.46519E-32	1.0	0.0	-0.254105	0.0112792	-0.0375	1.0
				/*	5:child_number	*/	0
				/*	5:name	*/	三个垫梁C11-1/间隔撑连接3根垫粱-1/间隔撑上的螺栓-1/M80螺栓-11
				/*	5:type	*/	基本器材\M80螺栓.SLDPRT
				/*	5:location	*/	1.0	-3.54887E-33	3.08149E-33	0.0	-4.76199E-33	1.0	0.0	0.0	3.08149E-33	2.46519E-32	1.0	0.0	-0.258777	-0.0986215	-0.0375	1.0
				/*	5:child_number	*/	0
				/*	5:name	*/	三个垫梁C11-1/间隔撑连接3根垫粱-1/间隔撑上的螺栓-1/M80螺栓-5
				/*	5:type	*/	基本器材\M80螺栓.SLDPRT
				/*	5:location	*/	1.0	-3.54887E-33	3.08149E-33	0.0	-4.76199E-33	1.0	0.0	0.0	3.08149E-33	2.46519E-32	1.0	0.0	-0.0189936	-0.108815	-0.0375	1.0
				/*	5:child_number	*/	0
				/*	5:name	*/	三个垫梁C11-1/间隔撑连接3根垫粱-1/间隔撑上的螺栓-1/M80螺栓-6
				/*	5:type	*/	基本器材\M80螺栓.SLDPRT
				/*	5:location	*/	1.0	-3.54887E-33	3.08149E-33	0.0	-4.76199E-33	1.0	0.0	0.0	3.08149E-33	2.46519E-32	1.0	0.0	-0.0942494	0.00448347	-0.0375	1.0
				/*	5:child_number	*/	0
				/*	5:name	*/	三个垫梁C11-1/间隔撑连接3根垫粱-1/间隔撑上的螺栓-1/M80螺栓-7
				/*	5:type	*/	基本器材\M80螺栓.SLDPRT
				/*	5:location	*/	1.0	-3.54887E-33	3.08149E-33	0.0	-4.76199E-33	1.0	0.0	0.0	3.08149E-33	2.46519E-32	1.0	0.0	-0.0989214	-0.105417	-0.0375	1.0
				/*	5:child_number	*/	0
				/*	5:name	*/	三个垫梁C11-1/间隔撑连接3根垫粱-1/间隔撑上的螺栓-1/M80螺栓-8
				/*	5:type	*/	基本器材\M80螺栓.SLDPRT
				/*	5:location	*/	1.0	-3.54887E-33	3.08149E-33	0.0	-4.76199E-33	1.0	0.0	0.0	3.08149E-33	2.46519E-32	1.0	0.0	-0.174177	0.00788134	-0.0375	1.0
				/*	5:child_number	*/	0
				/*	5:name	*/	三个垫梁C11-1/间隔撑连接3根垫粱-1/间隔撑上的螺栓-1/M80螺栓-9
				/*	5:type	*/	基本器材\M80螺栓.SLDPRT
				/*	5:location	*/	1.0	-3.54887E-33	3.08149E-33	0.0	-4.76199E-33	1.0	0.0	0.0	3.08149E-33	2.46519E-32	1.0	0.0	-0.178849	-0.102019	-0.0375	1.0
				/*	5:child_number	*/	0
				/*	5:name	*/	三个垫梁C11-1/间隔撑连接3根垫粱-1/间隔撑上的螺栓-1/六五墩螺母-1
				/*	5:type	*/	基本器材\六五墩螺母.SLDPRT
				/*	5:location	*/	0.844007	-0.536332	-1.38778E-17	0.0	2.69168E-17	1.64827E-17	1.0	0.0	-0.536332	-0.844007	2.83478E-17	0.0	-0.0143216	0.0010856	0.0035	1.0
				/*	5:child_number	*/	0
				/*	5:name	*/	三个垫梁C11-1/间隔撑连接3根垫粱-1/间隔撑上的螺栓-1/六五墩螺母-15
				/*	5:type	*/	基本器材\六五墩螺母.SLDPRT
				/*	5:location	*/	0.844007	-0.536332	-1.38778E-17	0.0	2.69168E-17	1.64827E-17	1.0	0.0	-0.536332	-0.844007	2.83478E-17	0.0	-0.0189936	-0.108815	0.0035	1.0
				/*	5:child_number	*/	0
				/*	5:name	*/	三个垫梁C11-1/间隔撑连接3根垫粱-1/间隔撑上的螺栓-1/六五墩螺母-16
				/*	5:type	*/	基本器材\六五墩螺母.SLDPRT
				/*	5:location	*/	0.844007	-0.536332	-1.38778E-17	0.0	2.69168E-17	1.64827E-17	1.0	0.0	-0.536332	-0.844007	2.83478E-17	0.0	-0.0942494	0.00448347	0.0035	1.0
				/*	5:child_number	*/	0
				/*	5:name	*/	三个垫梁C11-1/间隔撑连接3根垫粱-1/间隔撑上的螺栓-1/六五墩螺母-17
				/*	5:type	*/	基本器材\六五墩螺母.SLDPRT
				/*	5:location	*/	0.844007	-0.536332	-1.38778E-17	0.0	2.69168E-17	1.64827E-17	1.0	0.0	-0.536332	-0.844007	2.83478E-17	0.0	-0.0989214	-0.105417	0.0035	1.0
				/*	5:child_number	*/	0
				/*	5:name	*/	三个垫梁C11-1/间隔撑连接3根垫粱-1/间隔撑上的螺栓-1/六五墩螺母-18
				/*	5:type	*/	基本器材\六五墩螺母.SLDPRT
				/*	5:location	*/	0.844007	-0.536332	-1.38778E-17	0.0	2.69168E-17	1.64827E-17	1.0	0.0	-0.536332	-0.844007	2.83478E-17	0.0	-0.174177	0.00788134	0.0035	1.0
				/*	5:child_number	*/	0
				/*	5:name	*/	三个垫梁C11-1/间隔撑连接3根垫粱-1/间隔撑上的螺栓-1/六五墩螺母-19
				/*	5:type	*/	基本器材\六五墩螺母.SLDPRT
				/*	5:location	*/	0.844007	-0.536332	-1.38778E-17	0.0	2.69168E-17	1.64827E-17	1.0	0.0	-0.536332	-0.844007	2.83478E-17	0.0	-0.178849	-0.102019	0.0035	1.0
				/*	5:child_number	*/	0
				/*	5:name	*/	三个垫梁C11-1/间隔撑连接3根垫粱-1/间隔撑上的螺栓-1/六五墩螺母-20
				/*	5:type	*/	基本器材\六五墩螺母.SLDPRT
				/*	5:location	*/	0.844007	-0.536332	-1.38778E-17	0.0	2.69168E-17	1.64827E-17	1.0	0.0	-0.536332	-0.844007	2.83478E-17	0.0	-0.254105	0.0112792	0.0035	1.0
				/*	5:child_number	*/	0
				/*	5:name	*/	三个垫梁C11-1/间隔撑连接3根垫粱-1/间隔撑上的螺栓-1/六五墩螺母-21
				/*	5:type	*/	基本器材\六五墩螺母.SLDPRT
				/*	5:location	*/	0.844007	-0.536332	-1.38778E-17	0.0	2.69168E-17	1.64827E-17	1.0	0.0	-0.536332	-0.844007	2.83478E-17	0.0	-0.258777	-0.0986215	0.0035	1.0
				/*	5:child_number	*/	0
			/*	4:name	*/	三个垫梁C11-1/间隔撑连接3根垫粱-1/间隔撑上的螺栓2-2
			/*	4:type	*/	基本组合\间隔撑上的螺栓2.SLDASM
			/*	4:location	*/	0.999098	0.0424734	0.0	0.0	-0.0424734	0.999098	-2.46519E-32	0.0	0.0	0.0	1.0	0.0	0.121068	0.0656905	0.153	1.0
			/*	4:child_number	*/	16
				/*	5:name	*/	三个垫梁C11-1/间隔撑连接3根垫粱-1/间隔撑上的螺栓2-2/M80螺栓-1
				/*	5:type	*/	基本器材\M80螺栓.SLDPRT
				/*	5:location	*/	1.0	-3.54887E-33	3.08149E-33	0.0	-4.76199E-33	1.0	0.0	0.0	3.08149E-33	2.46519E-32	1.0	0.0	-0.0143216	0.0010856	-0.0375	1.0
				/*	5:child_number	*/	0
				/*	5:name	*/	三个垫梁C11-1/间隔撑连接3根垫粱-1/间隔撑上的螺栓2-2/M80螺栓-10
				/*	5:type	*/	基本器材\M80螺栓.SLDPRT
				/*	5:location	*/	1.0	-3.54887E-33	3.08149E-33	0.0	-4.76199E-33	1.0	0.0	0.0	3.08149E-33	2.46519E-32	1.0	0.0	-0.254105	0.0112792	-0.0375	1.0
				/*	5:child_number	*/	0
				/*	5:name	*/	三个垫梁C11-1/间隔撑连接3根垫粱-1/间隔撑上的螺栓2-2/M80螺栓-11
				/*	5:type	*/	基本器材\M80螺栓.SLDPRT
				/*	5:location	*/	1.0	-3.54887E-33	3.08149E-33	0.0	-4.76199E-33	1.0	0.0	0.0	3.08149E-33	2.46519E-32	1.0	0.0	-0.258777	-0.0986215	-0.0375	1.0
				/*	5:child_number	*/	0
				/*	5:name	*/	三个垫梁C11-1/间隔撑连接3根垫粱-1/间隔撑上的螺栓2-2/M80螺栓-5
				/*	5:type	*/	基本器材\M80螺栓.SLDPRT
				/*	5:location	*/	1.0	-3.54887E-33	3.08149E-33	0.0	-4.76199E-33	1.0	0.0	0.0	3.08149E-33	2.46519E-32	1.0	0.0	-0.0189936	-0.108815	-0.0375	1.0
				/*	5:child_number	*/	0
				/*	5:name	*/	三个垫梁C11-1/间隔撑连接3根垫粱-1/间隔撑上的螺栓2-2/M80螺栓-6
				/*	5:type	*/	基本器材\M80螺栓.SLDPRT
				/*	5:location	*/	1.0	-3.54887E-33	3.08149E-33	0.0	-4.76199E-33	1.0	0.0	0.0	3.08149E-33	2.46519E-32	1.0	0.0	-0.0942494	0.00448347	-0.0375	1.0
				/*	5:child_number	*/	0
				/*	5:name	*/	三个垫梁C11-1/间隔撑连接3根垫粱-1/间隔撑上的螺栓2-2/M80螺栓-7
				/*	5:type	*/	基本器材\M80螺栓.SLDPRT
				/*	5:location	*/	1.0	-3.54887E-33	3.08149E-33	0.0	-4.76199E-33	1.0	0.0	0.0	3.08149E-33	2.46519E-32	1.0	0.0	-0.0989214	-0.105417	-0.0375	1.0
				/*	5:child_number	*/	0
				/*	5:name	*/	三个垫梁C11-1/间隔撑连接3根垫粱-1/间隔撑上的螺栓2-2/M80螺栓-8
				/*	5:type	*/	基本器材\M80螺栓.SLDPRT
				/*	5:location	*/	1.0	-3.54887E-33	3.08149E-33	0.0	-4.76199E-33	1.0	0.0	0.0	3.08149E-33	2.46519E-32	1.0	0.0	-0.174177	0.00788134	-0.0375	1.0
				/*	5:child_number	*/	0
				/*	5:name	*/	三个垫梁C11-1/间隔撑连接3根垫粱-1/间隔撑上的螺栓2-2/M80螺栓-9
				/*	5:type	*/	基本器材\M80螺栓.SLDPRT
				/*	5:location	*/	1.0	-3.54887E-33	3.08149E-33	0.0	-4.76199E-33	1.0	0.0	0.0	3.08149E-33	2.46519E-32	1.0	0.0	-0.178849	-0.102019	-0.0375	1.0
				/*	5:child_number	*/	0
				/*	5:name	*/	三个垫梁C11-1/间隔撑连接3根垫粱-1/间隔撑上的螺栓2-2/六五墩螺母-1
				/*	5:type	*/	基本器材\六五墩螺母.SLDPRT
				/*	5:location	*/	0.844007	-0.536332	-1.38778E-17	0.0	2.02429E-17	2.07237E-17	1.0	0.0	-0.536332	-0.844007	2.92014E-17	0.0	-0.0143216	0.0010856	0.0165	1.0
				/*	5:child_number	*/	0
				/*	5:name	*/	三个垫梁C11-1/间隔撑连接3根垫粱-1/间隔撑上的螺栓2-2/六五墩螺母-15
				/*	5:type	*/	基本器材\六五墩螺母.SLDPRT
				/*	5:location	*/	0.844007	-0.536332	-1.38778E-17	0.0	2.02429E-17	2.07237E-17	1.0	0.0	-0.536332	-0.844007	2.92014E-17	0.0	-0.0189936	-0.108815	0.0165	1.0
				/*	5:child_number	*/	0
				/*	5:name	*/	三个垫梁C11-1/间隔撑连接3根垫粱-1/间隔撑上的螺栓2-2/六五墩螺母-16
				/*	5:type	*/	基本器材\六五墩螺母.SLDPRT
				/*	5:location	*/	0.844007	-0.536332	-1.38778E-17	0.0	2.02429E-17	2.07237E-17	1.0	0.0	-0.536332	-0.844007	2.92014E-17	0.0	-0.0942494	0.00448347	0.0165	1.0
				/*	5:child_number	*/	0
				/*	5:name	*/	三个垫梁C11-1/间隔撑连接3根垫粱-1/间隔撑上的螺栓2-2/六五墩螺母-17
				/*	5:type	*/	基本器材\六五墩螺母.SLDPRT
				/*	5:location	*/	0.844007	-0.536332	-1.38778E-17	0.0	2.02429E-17	2.07237E-17	1.0	0.0	-0.536332	-0.844007	2.92014E-17	0.0	-0.0989214	-0.105417	0.0165	1.0
				/*	5:child_number	*/	0
				/*	5:name	*/	三个垫梁C11-1/间隔撑连接3根垫粱-1/间隔撑上的螺栓2-2/六五墩螺母-18
				/*	5:type	*/	基本器材\六五墩螺母.SLDPRT
				/*	5:location	*/	0.844007	-0.536332	-1.38778E-17	0.0	2.02429E-17	2.07237E-17	1.0	0.0	-0.536332	-0.844007	2.92014E-17	0.0	-0.174177	0.00788134	0.0165	1.0
				/*	5:child_number	*/	0
				/*	5:name	*/	三个垫梁C11-1/间隔撑连接3根垫粱-1/间隔撑上的螺栓2-2/六五墩螺母-19
				/*	5:type	*/	基本器材\六五墩螺母.SLDPRT
				/*	5:location	*/	0.844007	-0.536332	-1.38778E-17	0.0	2.02429E-17	2.07237E-17	1.0	0.0	-0.536332	-0.844007	2.92014E-17	0.0	-0.178849	-0.102019	0.0165	1.0
				/*	5:child_number	*/	0
				/*	5:name	*/	三个垫梁C11-1/间隔撑连接3根垫粱-1/间隔撑上的螺栓2-2/六五墩螺母-20
				/*	5:type	*/	基本器材\六五墩螺母.SLDPRT
				/*	5:location	*/	0.844007	-0.536332	-1.38778E-17	0.0	2.02429E-17	2.07237E-17	1.0	0.0	-0.536332	-0.844007	2.92014E-17	0.0	-0.254105	0.0112792	0.0165	1.0
				/*	5:child_number	*/	0
				/*	5:name	*/	三个垫梁C11-1/间隔撑连接3根垫粱-1/间隔撑上的螺栓2-2/六五墩螺母-21
				/*	5:type	*/	基本器材\六五墩螺母.SLDPRT
				/*	5:location	*/	0.844007	-0.536332	-1.38778E-17	0.0	2.02429E-17	2.07237E-17	1.0	0.0	-0.536332	-0.844007	2.92014E-17	0.0	-0.258777	-0.0986215	0.0165	1.0
				/*	5:child_number	*/	0
		/*	3:name	*/	三个垫梁C11-1/间隔撑连接3根垫粱-2
		/*	3:type	*/	基本组合\间隔撑连接3根垫粱.SLDASM
		/*	3:location	*/	2.41474E-15	-1.0	2.77556E-17	0.0	1.0	2.30371E-15	-6.93889E-18	0.0	3.7244E-18	2.04808E-17	1.0	0.0	0.817885	-0.178272	-0.45	1.0
		/*	3:child_number	*/	3
			/*	4:name	*/	三个垫梁C11-1/间隔撑连接3根垫粱-2/C18_间隔撑-1
			/*	4:type	*/	基本器材\C18_间隔撑.SLDPRT
			/*	4:location	*/	1.0	-4.90874E-33	0.0	0.0	-6.12186E-33	1.0	0.0	0.0	0.0	0.0	1.0	0.0	-0.173287	-0.0888331	-0.1435	1.0
			/*	4:child_number	*/	0
			/*	4:name	*/	三个垫梁C11-1/间隔撑连接3根垫粱-2/间隔撑上的螺栓-1
			/*	4:type	*/	基本组合\间隔撑上的螺栓.SLDASM
			/*	4:location	*/	0.999098	0.0424734	0.0	0.0	-0.0424734	0.999098	-2.46519E-32	0.0	0.0	0.0	1.0	0.0	0.121068	0.0656905	-0.134	1.0
			/*	4:child_number	*/	16
				/*	5:name	*/	三个垫梁C11-1/间隔撑连接3根垫粱-2/间隔撑上的螺栓-1/M80螺栓-1
				/*	5:type	*/	基本器材\M80螺栓.SLDPRT
				/*	5:location	*/	1.0	-3.54887E-33	3.08149E-33	0.0	-4.76199E-33	1.0	0.0	0.0	3.08149E-33	2.46519E-32	1.0	0.0	-0.0143216	0.0010856	-0.0375	1.0
				/*	5:child_number	*/	0
				/*	5:name	*/	三个垫梁C11-1/间隔撑连接3根垫粱-2/间隔撑上的螺栓-1/M80螺栓-10
				/*	5:type	*/	基本器材\M80螺栓.SLDPRT
				/*	5:location	*/	1.0	-3.54887E-33	3.08149E-33	0.0	-4.76199E-33	1.0	0.0	0.0	3.08149E-33	2.46519E-32	1.0	0.0	-0.254105	0.0112792	-0.0375	1.0
				/*	5:child_number	*/	0
				/*	5:name	*/	三个垫梁C11-1/间隔撑连接3根垫粱-2/间隔撑上的螺栓-1/M80螺栓-11
				/*	5:type	*/	基本器材\M80螺栓.SLDPRT
				/*	5:location	*/	1.0	-3.54887E-33	3.08149E-33	0.0	-4.76199E-33	1.0	0.0	0.0	3.08149E-33	2.46519E-32	1.0	0.0	-0.258777	-0.0986215	-0.0375	1.0
				/*	5:child_number	*/	0
				/*	5:name	*/	三个垫梁C11-1/间隔撑连接3根垫粱-2/间隔撑上的螺栓-1/M80螺栓-5
				/*	5:type	*/	基本器材\M80螺栓.SLDPRT
				/*	5:location	*/	1.0	-3.54887E-33	3.08149E-33	0.0	-4.76199E-33	1.0	0.0	0.0	3.08149E-33	2.46519E-32	1.0	0.0	-0.0189936	-0.108815	-0.0375	1.0
				/*	5:child_number	*/	0
				/*	5:name	*/	三个垫梁C11-1/间隔撑连接3根垫粱-2/间隔撑上的螺栓-1/M80螺栓-6
				/*	5:type	*/	基本器材\M80螺栓.SLDPRT
				/*	5:location	*/	1.0	-3.54887E-33	3.08149E-33	0.0	-4.76199E-33	1.0	0.0	0.0	3.08149E-33	2.46519E-32	1.0	0.0	-0.0942494	0.00448347	-0.0375	1.0
				/*	5:child_number	*/	0
				/*	5:name	*/	三个垫梁C11-1/间隔撑连接3根垫粱-2/间隔撑上的螺栓-1/M80螺栓-7
				/*	5:type	*/	基本器材\M80螺栓.SLDPRT
				/*	5:location	*/	1.0	-3.54887E-33	3.08149E-33	0.0	-4.76199E-33	1.0	0.0	0.0	3.08149E-33	2.46519E-32	1.0	0.0	-0.0989214	-0.105417	-0.0375	1.0
				/*	5:child_number	*/	0
				/*	5:name	*/	三个垫梁C11-1/间隔撑连接3根垫粱-2/间隔撑上的螺栓-1/M80螺栓-8
				/*	5:type	*/	基本器材\M80螺栓.SLDPRT
				/*	5:location	*/	1.0	-3.54887E-33	3.08149E-33	0.0	-4.76199E-33	1.0	0.0	0.0	3.08149E-33	2.46519E-32	1.0	0.0	-0.174177	0.00788134	-0.0375	1.0
				/*	5:child_number	*/	0
				/*	5:name	*/	三个垫梁C11-1/间隔撑连接3根垫粱-2/间隔撑上的螺栓-1/M80螺栓-9
				/*	5:type	*/	基本器材\M80螺栓.SLDPRT
				/*	5:location	*/	1.0	-3.54887E-33	3.08149E-33	0.0	-4.76199E-33	1.0	0.0	0.0	3.08149E-33	2.46519E-32	1.0	0.0	-0.178849	-0.102019	-0.0375	1.0
				/*	5:child_number	*/	0
				/*	5:name	*/	三个垫梁C11-1/间隔撑连接3根垫粱-2/间隔撑上的螺栓-1/六五墩螺母-1
				/*	5:type	*/	基本器材\六五墩螺母.SLDPRT
				/*	5:location	*/	0.844007	-0.536332	-1.38778E-17	0.0	2.69168E-17	1.64827E-17	1.0	0.0	-0.536332	-0.844007	2.83478E-17	0.0	-0.0143216	0.0010856	0.0035	1.0
				/*	5:child_number	*/	0
				/*	5:name	*/	三个垫梁C11-1/间隔撑连接3根垫粱-2/间隔撑上的螺栓-1/六五墩螺母-15
				/*	5:type	*/	基本器材\六五墩螺母.SLDPRT
				/*	5:location	*/	0.844007	-0.536332	-1.38778E-17	0.0	2.69168E-17	1.64827E-17	1.0	0.0	-0.536332	-0.844007	2.83478E-17	0.0	-0.0189936	-0.108815	0.0035	1.0
				/*	5:child_number	*/	0
				/*	5:name	*/	三个垫梁C11-1/间隔撑连接3根垫粱-2/间隔撑上的螺栓-1/六五墩螺母-16
				/*	5:type	*/	基本器材\六五墩螺母.SLDPRT
				/*	5:location	*/	0.844007	-0.536332	-1.38778E-17	0.0	2.69168E-17	1.64827E-17	1.0	0.0	-0.536332	-0.844007	2.83478E-17	0.0	-0.0942494	0.00448347	0.0035	1.0
				/*	5:child_number	*/	0
				/*	5:name	*/	三个垫梁C11-1/间隔撑连接3根垫粱-2/间隔撑上的螺栓-1/六五墩螺母-17
				/*	5:type	*/	基本器材\六五墩螺母.SLDPRT
				/*	5:location	*/	0.844007	-0.536332	-1.38778E-17	0.0	2.69168E-17	1.64827E-17	1.0	0.0	-0.536332	-0.844007	2.83478E-17	0.0	-0.0989214	-0.105417	0.0035	1.0
				/*	5:child_number	*/	0
				/*	5:name	*/	三个垫梁C11-1/间隔撑连接3根垫粱-2/间隔撑上的螺栓-1/六五墩螺母-18
				/*	5:type	*/	基本器材\六五墩螺母.SLDPRT
				/*	5:location	*/	0.844007	-0.536332	-1.38778E-17	0.0	2.69168E-17	1.64827E-17	1.0	0.0	-0.536332	-0.844007	2.83478E-17	0.0	-0.174177	0.00788134	0.0035	1.0
				/*	5:child_number	*/	0
				/*	5:name	*/	三个垫梁C11-1/间隔撑连接3根垫粱-2/间隔撑上的螺栓-1/六五墩螺母-19
