/*	1:name	*/	ÉÏµæÁ»4_3_4²ãµæÁº_²ð×°Ê½Á»_64m_ËÄÆ¬Áº¶Ë
/*	1:type	*/	ÉÏµæÁ»\ÉÏµæÁ»4_3_4²ãµæÁº_²ð×°Ê½Á»_64m_ËÄÆ¬Áº¶Ë.SLDASM
/*	1:location	*/	1.0	0.0	0.0	0.0	0.0	1.0	0.0	0.0	0.0	0.0	1.0	0.0	0.0	0.0	0.0	1.0
/*	1:child_number	*/	551
	/*	2:name	*/	M80ÂÝË¨-1
	/*	2:type	*/	»ù±¾Æ÷²Ä\M80ÂÝË¨.SLDPRT
	/*	2:location	*/	0.462766	2.13845E-16	0.886481	0.0	-0.886481	-1.75108E-16	0.462766	0.0	2.79014E-16	-1.0	1.14167E-16	0.0	1.465	0.828	2.92	1.0
	/*	2:child_number	*/	0
	/*	2:name	*/	M80ÂÝË¨-10
	/*	2:type	*/	»ù±¾Æ÷²Ä\M80ÂÝË¨.SLDPRT
	/*	2:location	*/	0.462766	2.13845E-16	0.886481	0.0	-0.886481	-1.75108E-16	0.462766	0.0	2.79014E-16	-1.0	1.14167E-16	0.0	1.385	0.828	2.92	1.0
	/*	2:child_number	*/	0
	/*	2:name	*/	M80ÂÝË¨-100
	/*	2:type	*/	»ù±¾Æ÷²Ä\M80ÂÝË¨.SLDPRT
	/*	2:location	*/	0.462766	2.13845E-16	0.886481	0.0	-0.886481	-1.75108E-16	0.462766	0.0	2.79014E-16	-1.0	1.14167E-16	0.0	1.165	0.828	-2.84	1.0
	/*	2:child_number	*/	0
	/*	2:name	*/	M80ÂÝË¨-101
	/*	2:type	*/	»ù±¾Æ÷²Ä\M80ÂÝË¨.SLDPRT
	/*	2:location	*/	0.462766	2.13845E-16	0.886481	0.0	-0.886481	-1.75108E-16	0.462766	0.0	2.79014E-16	-1.0	1.14167E-16	0.0	0.865	0.828	-2.84	1.0
	/*	2:child_number	*/	0
	/*	2:name	*/	M80ÂÝË¨-102
	/*	2:type	*/	»ù±¾Æ÷²Ä\M80ÂÝË¨.SLDPRT
	/*	2:location	*/	0.462766	2.13845E-16	0.886481	0.0	-0.886481	-1.75108E-16	0.462766	0.0	2.79014E-16	-1.0	1.14167E-16	0.0	1.085	0.828	-2.84	1.0
	/*	2:child_number	*/	0
	/*	2:name	*/	M80ÂÝË¨-103
	/*	2:type	*/	»ù±¾Æ÷²Ä\M80ÂÝË¨.SLDPRT
	/*	2:location	*/	0.462766	2.13845E-16	0.886481	0.0	-0.886481	-1.75108E-16	0.462766	0.0	2.79014E-16	-1.0	1.14167E-16	0.0	0.785	0.828	-2.84	1.0
	/*	2:child_number	*/	0
	/*	2:name	*/	M80ÂÝË¨-104
	/*	2:type	*/	»ù±¾Æ÷²Ä\M80ÂÝË¨.SLDPRT
	/*	2:location	*/	0.462766	2.13845E-16	0.886481	0.0	-0.886481	-1.75108E-16	0.462766	0.0	2.79014E-16	-1.0	1.14167E-16	0.0	1.085	0.828	2.92	1.0
	/*	2:child_number	*/	0
	/*	2:name	*/	M80ÂÝË¨-105
	/*	2:type	*/	»ù±¾Æ÷²Ä\M80ÂÝË¨.SLDPRT
	/*	2:location	*/	0.462766	2.13845E-16	0.886481	0.0	-0.886481	-1.75108E-16	0.462766	0.0	2.79014E-16	-1.0	1.14167E-16	0.0	0.785	0.828	2.92	1.0
	/*	2:child_number	*/	0
	/*	2:name	*/	M80ÂÝË¨-106
	/*	2:type	*/	»ù±¾Æ÷²Ä\M80ÂÝË¨.SLDPRT
	/*	2:location	*/	0.462766	2.13845E-16	0.886481	0.0	-0.886481	-1.75108E-16	0.462766	0.0	2.79014E-16	-1.0	1.14167E-16	0.0	1.165	0.828	-2.76	1.0
	/*	2:child_number	*/	0
	/*	2:name	*/	M80ÂÝË¨-107
	/*	2:type	*/	»ù±¾Æ÷²Ä\M80ÂÝË¨.SLDPRT
	/*	2:location	*/	0.462766	2.13845E-16	0.886481	0.0	-0.886481	-1.75108E-16	0.462766	0.0	2.79014E-16	-1.0	1.14167E-16	0.0	0.865	0.828	-2.76	1.0
	/*	2:child_number	*/	0
	/*	2:name	*/	M80ÂÝË¨-108
	/*	2:type	*/	»ù±¾Æ÷²Ä\M80ÂÝË¨.SLDPRT
	/*	2:location	*/	0.462766	2.13845E-16	0.886481	0.0	-0.886481	-1.75108E-16	0.462766	0.0	2.79014E-16	-1.0	1.14167E-16	0.0	1.085	0.828	-2.76	1.0
	/*	2:child_number	*/	0
	/*	2:name	*/	M80ÂÝË¨-109
	/*	2:type	*/	»ù±¾Æ÷²Ä\M80ÂÝË¨.SLDPRT
	/*	2:location	*/	0.462766	2.13845E-16	0.886481	0.0	-0.886481	-1.75108E-16	0.462766	0.0	2.79014E-16	-1.0	1.14167E-16	0.0	0.785	0.828	-2.76	1.0
	/*	2:child_number	*/	0
	/*	2:name	*/	M80ÂÝË¨-11
	/*	2:type	*/	»ù±¾Æ÷²Ä\M80ÂÝË¨.SLDPRT
	/*	2:location	*/	0.462766	2.13845E-16	0.886481	0.0	-0.886481	-1.75108E-16	0.462766	0.0	2.79014E-16	-1.0	1.14167E-16	0.0	1.465	0.828	-2.76	1.0
	/*	2:child_number	*/	0
	/*	2:name	*/	M80ÂÝË¨-110
	/*	2:type	*/	»ù±¾Æ÷²Ä\M80ÂÝË¨.SLDPRT
	/*	2:location	*/	0.462766	2.18263E-16	0.886481	0.0	-0.886481	-1.72093E-16	0.462766	0.0	2.53561E-16	-1.0	1.13847E-16	0.0	-0.785	0.828	2.54	1.0
	/*	2:child_number	*/	0
	/*	2:name	*/	M80ÂÝË¨-111
	/*	2:type	*/	»ù±¾Æ÷²Ä\M80ÂÝË¨.SLDPRT
	/*	2:location	*/	0.462766	2.18263E-16	0.886481	0.0	-0.886481	-1.72093E-16	0.462766	0.0	2.53561E-16	-1.0	1.13847E-16	0.0	-0.865	0.828	2.54	1.0
	/*	2:child_number	*/	0
	/*	2:name	*/	M80ÂÝË¨-112
	/*	2:type	*/	»ù±¾Æ÷²Ä\M80ÂÝË¨.SLDPRT
	/*	2:location	*/	0.462766	2.18263E-16	0.886481	0.0	-0.886481	-1.72093E-16	0.462766	0.0	2.53561E-16	-1.0	1.13847E-16	0.0	-0.785	0.828	2.46	1.0
	/*	2:child_number	*/	0
	/*	2:name	*/	M80ÂÝË¨-113
	/*	2:type	*/	»ù±¾Æ÷²Ä\M80ÂÝË¨.SLDPRT
	/*	2:location	*/	0.462766	2.18263E-16	0.886481	0.0	-0.886481	-1.72093E-16	0.462766	0.0	2.53561E-16	-1.0	1.13847E-16	0.0	-0.865	0.828	2.46	1.0
	/*	2:child_number	*/	0
	/*	2:name	*/	M80ÂÝË¨-114
	/*	2:type	*/	»ù±¾Æ÷²Ä\M80ÂÝË¨.SLDPRT
	/*	2:location	*/	0.462766	2.18263E-16	0.886481	0.0	-0.886481	-1.72093E-16	0.462766	0.0	2.53561E-16	-1.0	1.13847E-16	0.0	-0.785	0.828	1.54	1.0
	/*	2:child_number	*/	0
	/*	2:name	*/	M80ÂÝË¨-115
	/*	2:type	*/	»ù±¾Æ÷²Ä\M80ÂÝË¨.SLDPRT
	/*	2:location	*/	0.462766	2.18263E-16	0.886481	0.0	-0.886481	-1.72093E-16	0.462766	0.0	2.53561E-16	-1.0	1.13847E-16	0.0	-0.785	0.828	0.54	1.0
	/*	2:child_number	*/	0
	/*	2:name	*/	M80ÂÝË¨-116
	/*	2:type	*/	»ù±¾Æ÷²Ä\M80ÂÝË¨.SLDPRT
	/*	2:location	*/	0.462766	2.18263E-16	0.886481	0.0	-0.886481	-1.72093E-16	0.462766	0.0	2.53561E-16	-1.0	1.13847E-16	0.0	-0.785	0.828	-0.46	1.0
	/*	2:child_number	*/	0
	/*	2:name	*/	M80ÂÝË¨-117
	/*	2:type	*/	»ù±¾Æ÷²Ä\M80ÂÝË¨.SLDPRT
	/*	2:location	*/	0.462766	2.18263E-16	0.886481	0.0	-0.886481	-1.72093E-16	0.462766	0.0	2.53561E-16	-1.0	1.13847E-16	0.0	-0.785	0.828	-1.46	1.0
	/*	2:child_number	*/	0
	/*	2:name	*/	M80ÂÝË¨-118
	/*	2:type	*/	»ù±¾Æ÷²Ä\M80ÂÝË¨.SLDPRT
	/*	2:location	*/	0.462766	2.18263E-16	0.886481	0.0	-0.886481	-1.72093E-16	0.462766	0.0	2.53561E-16	-1.0	1.13847E-16	0.0	-0.785	0.828	-2.46	1.0
	/*	2:child_number	*/	0
	/*	2:name	*/	M80ÂÝË¨-119
	/*	2:type	*/	»ù±¾Æ÷²Ä\M80ÂÝË¨.SLDPRT
	/*	2:location	*/	0.462766	2.18263E-16	0.886481	0.0	-0.886481	-1.72093E-16	0.462766	0.0	2.53561E-16	-1.0	1.13847E-16	0.0	-0.865	0.828	1.54	1.0
	/*	2:child_number	*/	0
	/*	2:name	*/	M80ÂÝË¨-12
	/*	2:type	*/	»ù±¾Æ÷²Ä\M80ÂÝË¨.SLDPRT
	/*	2:location	*/	0.462766	2.13845E-16	0.886481	0.0	-0.886481	-1.75108E-16	0.462766	0.0	2.79014E-16	-1.0	1.14167E-16	0.0	1.385	0.828	-2.76	1.0
	/*	2:child_number	*/	0
	/*	2:name	*/	M80ÂÝË¨-120
	/*	2:type	*/	»ù±¾Æ÷²Ä\M80ÂÝË¨.SLDPRT
	/*	2:location	*/	0.462766	2.18263E-16	0.886481	0.0	-0.886481	-1.72093E-16	0.462766	0.0	2.53561E-16	-1.0	1.13847E-16	0.0	-0.865	0.828	0.54	1.0
	/*	2:child_number	*/	0
	/*	2:name	*/	M80ÂÝË¨-121
	/*	2:type	*/	»ù±¾Æ÷²Ä\M80ÂÝË¨.SLDPRT
	/*	2:location	*/	0.462766	2.18263E-16	0.886481	0.0	-0.886481	-1.72093E-16	0.462766	0.0	2.53561E-16	-1.0	1.13847E-16	0.0	-0.865	0.828	-0.46	1.0
	/*	2:child_number	*/	0
	/*	2:name	*/	M80ÂÝË¨-122
	/*	2:type	*/	»ù±¾Æ÷²Ä\M80ÂÝË¨.SLDPRT
	/*	2:location	*/	0.462766	2.18263E-16	0.886481	0.0	-0.886481	-1.72093E-16	0.462766	0.0	2.53561E-16	-1.0	1.13847E-16	0.0	-0.865	0.828	-1.46	1.0
	/*	2:child_number	*/	0
	/*	2:name	*/	M80ÂÝË¨-123
	/*	2:type	*/	»ù±¾Æ÷²Ä\M80ÂÝË¨.SLDPRT
	/*	2:location	*/	0.462766	2.18263E-16	0.886481	0.0	-0.886481	-1.72093E-16	0.462766	0.0	2.53561E-16	-1.0	1.13847E-16	0.0	-0.865	0.828	-2.46	1.0
	/*	2:child_number	*/	0
	/*	2:name	*/	M80ÂÝË¨-124
	/*	2:type	*/	»ù±¾Æ÷²Ä\M80ÂÝË¨.SLDPRT
	/*	2:location	*/	0.462766	2.18263E-16	0.886481	0.0	-0.886481	-1.72093E-16	0.462766	0.0	2.53561E-16	-1.0	1.13847E-16	0.0	-0.785	0.828	1.46	1.0
	/*	2:child_number	*/	0
	/*	2:name	*/	M80ÂÝË¨-125
	/*	2:type	*/	»ù±¾Æ÷²Ä\M80ÂÝË¨.SLDPRT
	/*	2:location	*/	0.462766	2.18263E-16	0.886481	0.0	-0.886481	-1.72093E-16	0.462766	0.0	2.53561E-16	-1.0	1.13847E-16	0.0	-0.785	0.828	0.46	1.0
	/*	2:child_number	*/	0
	/*	2:name	*/	M80ÂÝË¨-126
	/*	2:type	*/	»ù±¾Æ÷²Ä\M80ÂÝË¨.SLDPRT
	/*	2:location	*/	0.462766	2.18263E-16	0.886481	0.0	-0.886481	-1.72093E-16	0.462766	0.0	2.53561E-16	-1.0	1.13847E-16	0.0	-0.785	0.828	-0.54	1.0
	/*	2:child_number	*/	0
	/*	2:name	*/	M80ÂÝË¨-127
	/*	2:type	*/	»ù±¾Æ÷²Ä\M80ÂÝË¨.SLDPRT
	/*	2:location	*/	0.462766	2.18263E-16	0.886481	0.0	-0.886481	-1.72093E-16	0.462766	0.0	2.53561E-16	-1.0	1.13847E-16	0.0	-0.785	0.828	-1.54	1.0
	/*	2:child_number	*/	0
	/*	2:name	*/	M80ÂÝË¨-128
	/*	2:type	*/	»ù±¾Æ÷²Ä\M80ÂÝË¨.SLDPRT
	/*	2:location	*/	0.462766	2.18263E-16	0.886481	0.0	-0.886481	-1.72093E-16	0.462766	0.0	2.53561E-16	-1.0	1.13847E-16	0.0	-0.785	0.828	-2.54	1.0
	/*	2:child_number	*/	0
	/*	2:name	*/	M80ÂÝË¨-129
	/*	2:type	*/	»ù±¾Æ÷²Ä\M80ÂÝË¨.SLDPRT
	/*	2:location	*/	0.462766	2.18263E-16	0.886481	0.0	-0.886481	-1.72093E-16	0.462766	0.0	2.53561E-16	-1.0	1.13847E-16	0.0	-0.865	0.828	1.46	1.0
	/*	2:child_number	*/	0
	/*	2:name	*/	M80ÂÝË¨-130
	/*	2:type	*/	»ù±¾Æ÷²Ä\M80ÂÝË¨.SLDPRT
	/*	2:location	*/	0.462766	2.18263E-16	0.886481	0.0	-0.886481	-1.72093E-16	0.462766	0.0	2.53561E-16	-1.0	1.13847E-16	0.0	-0.865	0.828	0.46	1.0
	/*	2:child_number	*/	0
	/*	2:name	*/	M80ÂÝË¨-131
	/*	2:type	*/	»ù±¾Æ÷²Ä\M80ÂÝË¨.SLDPRT
	/*	2:location	*/	0.462766	2.18263E-16	0.886481	0.0	-0.886481	-1.72093E-16	0.462766	0.0	2.53561E-16	-1.0	1.13847E-16	0.0	-0.865	0.828	-0.54	1.0
	/*	2:child_number	*/	0
	/*	2:name	*/	M80ÂÝË¨-132
	/*	2:type	*/	»ù±¾Æ÷²Ä\M80ÂÝË¨.SLDPRT
	/*	2:location	*/	0.462766	2.18263E-16	0.886481	0.0	-0.886481	-1.72093E-16	0.462766	0.0	2.53561E-16	-1.0	1.13847E-16	0.0	-0.865	0.828	-1.54	1.0
	/*	2:child_number	*/	0
	/*	2:name	*/	M80ÂÝË¨-133
	/*	2:type	*/	»ù±¾Æ÷²Ä\M80ÂÝË¨.SLDPRT
	/*	2:location	*/	0.462766	2.18263E-16	0.886481	0.0	-0.886481	-1.72093E-16	0.462766	0.0	2.53561E-16	-1.0	1.13847E-16	0.0	-0.865	0.828	-2.54	1.0
	/*	2:child_number	*/	0
	/*	2:name	*/	M80ÂÝË¨-134
	/*	2:type	*/	»ù±¾Æ÷²Ä\M80ÂÝË¨.SLDPRT
	/*	2:location	*/	0.462766	2.13845E-16	0.886481	0.0	-0.886481	-1.75108E-16	0.462766	0.0	2.79014E-16	-1.0	1.14167E-16	0.0	-0.785	0.828	2.76	1.0
	/*	2:child_number	*/	0
	/*	2:name	*/	M80ÂÝË¨-135
	/*	2:type	*/	»ù±¾Æ÷²Ä\M80ÂÝË¨.SLDPRT
	/*	2:location	*/	0.462766	2.13845E-16	0.886481	0.0	-0.886481	-1.75108E-16	0.462766	0.0	2.79014E-16	-1.0	1.14167E-16	0.0	-0.785	0.828	2.84	1.0
	/*	2:child_number	*/	0
	/*	2:name	*/	M80ÂÝË¨-136
	/*	2:type	*/	»ù±¾Æ÷²Ä\M80ÂÝË¨.SLDPRT
	/*	2:location	*/	0.462766	2.13845E-16	0.886481	0.0	-0.886481	-1.75108E-16	0.462766	0.0	2.79014E-16	-1.0	1.14167E-16	0.0	-0.785	0.828	2.92	1.0
	/*	2:child_number	*/	0
	/*	2:name	*/	M80ÂÝË¨-137
	/*	2:type	*/	»ù±¾Æ÷²Ä\M80ÂÝË¨.SLDPRT
	/*	2:location	*/	0.462766	2.13845E-16	0.886481	0.0	-0.886481	-1.75108E-16	0.462766	0.0	2.79014E-16	-1.0	1.14167E-16	0.0	-0.865	0.828	2.76	1.0
	/*	2:child_number	*/	0
	/*	2:name	*/	M80ÂÝË¨-138
	/*	2:type	*/	»ù±¾Æ÷²Ä\M80ÂÝË¨.SLDPRT
	/*	2:location	*/	0.462766	2.13845E-16	0.886481	0.0	-0.886481	-1.75108E-16	0.462766	0.0	2.79014E-16	-1.0	1.14167E-16	0.0	-0.785	0.828	-2.92	1.0
	/*	2:child_number	*/	0
	/*	2:name	*/	M80ÂÝË¨-139
	/*	2:type	*/	»ù±¾Æ÷²Ä\M80ÂÝË¨.SLDPRT
	/*	2:location	*/	0.462766	2.13845E-16	0.886481	0.0	-0.886481	-1.75108E-16	0.462766	0.0	2.79014E-16	-1.0	1.14167E-16	0.0	-0.865	0.828	-2.92	1.0
	/*	2:child_number	*/	0
	/*	2:name	*/	M80ÂÝË¨-14
	/*	2:type	*/	»ù±¾Æ÷²Ä\M80ÂÝË¨.SLDPRT
	/*	2:location	*/	0.462766	2.18263E-16	0.886481	0.0	-0.886481	-1.72093E-16	0.462766	0.0	2.53561E-16	-1.0	1.13847E-16	0.0	1.465	0.828	2.54	1.0
	/*	2:child_number	*/	0
	/*	2:name	*/	M80ÂÝË¨-140
	/*	2:type	*/	»ù±¾Æ÷²Ä\M80ÂÝË¨.SLDPRT
	/*	2:location	*/	0.462766	2.13845E-16	0.886481	0.0	-0.886481	-1.75108E-16	0.462766	0.0	2.79014E-16	-1.0	1.14167E-16	0.0	-0.865	0.828	2.84	1.0
	/*	2:child_number	*/	0
	/*	2:name	*/	M80ÂÝË¨-141
	/*	2:type	*/	»ù±¾Æ÷²Ä\M80ÂÝË¨.SLDPRT
	/*	2:location	*/	0.462766	2.13845E-16	0.886481	0.0	-0.886481	-1.75108E-16	0.462766	0.0	2.79014E-16	-1.0	1.14167E-16	0.0	-0.785	0.828	-2.84	1.0
	/*	2:child_number	*/	0
	/*	2:name	*/	M80ÂÝË¨-142
	/*	2:type	*/	»ù±¾Æ÷²Ä\M80ÂÝË¨.SLDPRT
	/*	2:location	*/	0.462766	2.13845E-16	0.886481	0.0	-0.886481	-1.75108E-16	0.462766	0.0	2.79014E-16	-1.0	1.14167E-16	0.0	-0.865	0.828	-2.84	1.0
	/*	2:child_number	*/	0
	/*	2:name	*/	M80ÂÝË¨-143
	/*	2:type	*/	»ù±¾Æ÷²Ä\M80ÂÝË¨.SLDPRT
	/*	2:location	*/	0.462766	2.13845E-16	0.886481	0.0	-0.886481	-1.75108E-16	0.462766	0.0	2.79014E-16	-1.0	1.14167E-16	0.0	-0.865	0.828	2.92	1.0
	/*	2:child_number	*/	0
	/*	2:name	*/	M80ÂÝË¨-144
	/*	2:type	*/	»ù±¾Æ÷²Ä\M80ÂÝË¨.SLDPRT
	/*	2:location	*/	0.462766	2.13845E-16	0.886481	0.0	-0.886481	-1.75108E-16	0.462766	0.0	2.79014E-16	-1.0	1.14167E-16	0.0	-0.785	0.828	-2.76	1.0
	/*	2:child_number	*/	0
	/*	2:name	*/	M80ÂÝË¨-145
	/*	2:type	*/	»ù±¾Æ÷²Ä\M80ÂÝË¨.SLDPRT
	/*	2:location	*/	0.462766	2.13845E-16	0.886481	0.0	-0.886481	-1.75108E-16	0.462766	0.0	2.79014E-16	-1.0	1.14167E-16	0.0	-0.865	0.828	-2.76	1.0
	/*	2:child_number	*/	0
	/*	2:name	*/	M80ÂÝË¨-146
	/*	2:type	*/	»ù±¾Æ÷²Ä\M80ÂÝË¨.SLDPRT
	/*	2:location	*/	0.462766	2.18263E-16	0.886481	0.0	-0.886481	-1.72093E-16	0.462766	0.0	2.53561E-16	-1.0	1.13847E-16	0.0	-1.085	0.828	2.54	1.0
	/*	2:child_number	*/	0
	/*	2:name	*/	M80ÂÝË¨-147
	/*	2:type	*/	»ù±¾Æ÷²Ä\M80ÂÝË¨.SLDPRT
	/*	2:location	*/	0.462766	2.18263E-16	0.886481	0.0	-0.886481	-1.72093E-16	0.462766	0.0	2.53561E-16	-1.0	1.13847E-16	0.0	-1.385	0.828	2.54	1.0
	/*	2:child_number	*/	0
	/*	2:name	*/	M80ÂÝË¨-148
	/*	2:type	*/	»ù±¾Æ÷²Ä\M80ÂÝË¨.SLDPRT
	/*	2:location	*/	0.462766	2.18263E-16	0.886481	0.0	-0.886481	-1.72093E-16	0.462766	0.0	2.53561E-16	-1.0	1.13847E-16	0.0	-1.165	0.828	2.54	1.0
	/*	2:child_number	*/	0
	/*	2:name	*/	M80ÂÝË¨-149
	/*	2:type	*/	»ù±¾Æ÷²Ä\M80ÂÝË¨.SLDPRT
	/*	2:location	*/	0.462766	2.18263E-16	0.886481	0.0	-0.886481	-1.72093E-16	0.462766	0.0	2.53561E-16	-1.0	1.13847E-16	0.0	-1.465	0.828	2.54	1.0
	/*	2:child_number	*/	0
	/*	2:name	*/	M80ÂÝË¨-15
	/*	2:type	*/	»ù±¾Æ÷²Ä\M80ÂÝË¨.SLDPRT
	/*	2:location	*/	0.462766	2.18263E-16	0.886481	0.0	-0.886481	-1.72093E-16	0.462766	0.0	2.53561E-16	-1.0	1.13847E-16	0.0	1.385	0.828	2.54	1.0
	/*	2:child_number	*/	0
	/*	2:name	*/	M80ÂÝË¨-150
	/*	2:type	*/	»ù±¾Æ÷²Ä\M80ÂÝË¨.SLDPRT
	/*	2:location	*/	0.462766	2.18263E-16	0.886481	0.0	-0.886481	-1.72093E-16	0.462766	0.0	2.53561E-16	-1.0	1.13847E-16	0.0	-1.085	0.828	2.46	1.0
	/*	2:child_number	*/	0
	/*	2:name	*/	M80ÂÝË¨-151
	/*	2:type	*/	»ù±¾Æ÷²Ä\M80ÂÝË¨.SLDPRT
	/*	2:location	*/	0.462766	2.18263E-16	0.886481	0.0	-0.886481	-1.72093E-16	0.462766	0.0	2.53561E-16	-1.0	1.13847E-16	0.0	-1.385	0.828	2.46	1.0
	/*	2:child_number	*/	0
	/*	2:name	*/	M80ÂÝË¨-152
	/*	2:type	*/	»ù±¾Æ÷²Ä\M80ÂÝË¨.SLDPRT
	/*	2:location	*/	0.462766	2.18263E-16	0.886481	0.0	-0.886481	-1.72093E-16	0.462766	0.0	2.53561E-16	-1.0	1.13847E-16	0.0	-1.165	0.828	2.46	1.0
	/*	2:child_number	*/	0
	/*	2:name	*/	M80ÂÝË¨-153
	/*	2:type	*/	»ù±¾Æ÷²Ä\M80ÂÝË¨.SLDPRT
	/*	2:location	*/	0.462766	2.18263E-16	0.886481	0.0	-0.886481	-1.72093E-16	0.462766	0.0	2.53561E-16	-1.0	1.13847E-16	0.0	-1.465	0.828	2.46	1.0
	/*	2:child_number	*/	0
	/*	2:name	*/	M80ÂÝË¨-154
	/*	2:type	*/	»ù±¾Æ÷²Ä\M80ÂÝË¨.SLDPRT
	/*	2:location	*/	0.462766	2.18263E-16	0.886481	0.0	-0.886481	-1.72093E-16	0.462766	0.0	2.53561E-16	-1.0	1.13847E-16	0.0	-1.085	0.828	1.54	1.0
	/*	2:child_number	*/	0
	/*	2:name	*/	M80ÂÝË¨-155
	/*	2:type	*/	»ù±¾Æ÷²Ä\M80ÂÝË¨.SLDPRT
	/*	2:location	*/	0.462766	2.18263E-16	0.886481	0.0	-0.886481	-1.72093E-16	0.462766	0.0	2.53561E-16	-1.0	1.13847E-16	0.0	-1.385	0.828	1.54	1.0
	/*	2:child_number	*/	0
	/*	2:name	*/	M80ÂÝË¨-156
	/*	2:type	*/	»ù±¾Æ÷²Ä\M80ÂÝË¨.SLDPRT
	/*	2:location	*/	0.462766	2.18263E-16	0.886481	0.0	-0.886481	-1.72093E-16	0.462766	0.0	2.53561E-16	-1.0	1.13847E-16	0.0	-1.085	0.828	0.54	1.0
	/*	2:child_number	*/	0
	/*	2:name	*/	M80ÂÝË¨-157
	/*	2:type	*/	»ù±¾Æ÷²Ä\M80ÂÝË¨.SLDPRT
	/*	2:location	*/	0.462766	2.18263E-16	0.886481	0.0	-0.886481	-1.72093E-16	0.462766	0.0	2.53561E-16	-1.0	1.13847E-16	0.0	-1.385	0.828	0.54	1.0
	/*	2:child_number	*/	0
	/*	2:name	*/	M80ÂÝË¨-158
	/*	2:type	*/	»ù±¾Æ÷²Ä\M80ÂÝË¨.SLDPRT
	/*	2:location	*/	0.462766	2.18263E-16	0.886481	0.0	-0.886481	-1.72093E-16	0.462766	0.0	2.53561E-16	-1.0	1.13847E-16	0.0	-1.085	0.828	-0.46	1.0
	/*	2:child_number	*/	0
	/*	2:name	*/	M80ÂÝË¨-159
	/*	2:type	*/	»ù±¾Æ÷²Ä\M80ÂÝË¨.SLDPRT
	/*	2:location	*/	0.462766	2.18263E-16	0.886481	0.0	-0.886481	-1.72093E-16	0.462766	0.0	2.53561E-16	-1.0	1.13847E-16	0.0	-1.385	0.828	-0.46	1.0
	/*	2:child_number	*/	0
	/*	2:name	*/	M80ÂÝË¨-16
	/*	2:type	*/	»ù±¾Æ÷²Ä\M80ÂÝË¨.SLDPRT
	/*	2:location	*/	0.462766	2.18263E-16	0.886481	0.0	-0.886481	-1.72093E-16	0.462766	0.0	2.53561E-16	-1.0	1.13847E-16	0.0	1.465	0.828	2.46	1.0
	/*	2:child_number	*/	0
	/*	2:name	*/	M80ÂÝË¨-160
	/*	2:type	*/	»ù±¾Æ÷²Ä\M80ÂÝË¨.SLDPRT
	/*	2:location	*/	0.462766	2.18263E-16	0.886481	0.0	-0.886481	-1.72093E-16	0.462766	0.0	2.53561E-16	-1.0	1.13847E-16	0.0	-1.085	0.828	-1.46	1.0
	/*	2:child_number	*/	0
	/*	2:name	*/	M80ÂÝË¨-161
	/*	2:type	*/	»ù±¾Æ÷²Ä\M80ÂÝË¨.SLDPRT
	/*	2:location	*/	0.462766	2.18263E-16	0.886481	0.0	-0.886481	-1.72093E-16	0.462766	0.0	2.53561E-16	-1.0	1.13847E-16	0.0	-1.385	0.828	-1.46	1.0
	/*	2:child_number	*/	0
	/*	2:name	*/	M80ÂÝË¨-162
	/*	2:type	*/	»ù±¾Æ÷²Ä\M80ÂÝË¨.SLDPRT
	/*	2:location	*/	0.462766	2.18263E-16	0.886481	0.0	-0.886481	-1.72093E-16	0.462766	0.0	2.53561E-16	-1.0	1.13847E-16	0.0	-1.085	0.828	-2.46	1.0
	/*	2:child_number	*/	0
	/*	2:name	*/	M80ÂÝË¨-163
	/*	2:type	*/	»ù±¾Æ÷²Ä\M80ÂÝË¨.SLDPRT
	/*	2:location	*/	0.462766	2.18263E-16	0.886481	0.0	-0.886481	-1.72093E-16	0.462766	0.0	2.53561E-16	-1.0	1.13847E-16	0.0	-1.385	0.828	-2.46	1.0
	/*	2:child_number	*/	0
	/*	2:name	*/	M80ÂÝË¨-164
	/*	2:type	*/	»ù±¾Æ÷²Ä\M80ÂÝË¨.SLDPRT
	/*	2:location	*/	0.462766	2.18263E-16	0.886481	0.0	-0.886481	-1.72093E-16	0.462766	0.0	2.53561E-16	-1.0	1.13847E-16	0.0	-1.165	0.828	1.54	1.0
	/*	2:child_number	*/	0
	/*	2:name	*/	M80ÂÝË¨-165
	/*	2:type	*/	»ù±¾Æ÷²Ä\M80ÂÝË¨.SLDPRT
	/*	2:location	*/	0.462766	2.18263E-16	0.886481	0.0	-0.886481	-1.72093E-16	0.462766	0.0	2.53561E-16	-1.0	1.13847E-16	0.0	-1.465	0.828	1.54	1.0
	/*	2:child_number	*/	0
	/*	2:name	*/	M80ÂÝË¨-166
	/*	2:type	*/	»ù±¾Æ÷²Ä\M80ÂÝË¨.SLDPRT
	/*	2:location	*/	0.462766	2.18263E-16	0.886481	0.0	-0.886481	-1.72093E-16	0.462766	0.0	2.53561E-16	-1.0	1.13847E-16	0.0	-1.165	0.828	0.54	1.0
	/*	2:child_number	*/	0
	/*	2:name	*/	M80ÂÝË¨-167
	/*	2:type	*/	»ù±¾Æ÷²Ä\M80ÂÝË¨.SLDPRT
	/*	2:location	*/	0.462766	2.18263E-16	0.886481	0.0	-0.886481	-1.72093E-16	0.462766	0.0	2.53561E-16	-1.0	1.13847E-16	0.0	-1.465	0.828	0.54	1.0
	/*	2:child_number	*/	0
	/*	2:name	*/	M80ÂÝË¨-168
	/*	2:type	*/	»ù±¾Æ÷²Ä\M80ÂÝË¨.SLDPRT
	/*	2:location	*/	0.462766	2.18263E-16	0.886481	0.0	-0.886481	-1.72093E-16	0.462766	0.0	2.53561E-16	-1.0	1.13847E-16	0.0	-1.165	0.828	-0.46	1.0
	/*	2:child_number	*/	0
	/*	2:name	*/	M80ÂÝË¨-169
	/*	2:type	*/	»ù±¾Æ÷²Ä\M80ÂÝË¨.SLDPRT
	/*	2:location	*/	0.462766	2.18263E-16	0.886481	0.0	-0.886481	-1.72093E-16	0.462766	0.0	2.53561E-16	-1.0	1.13847E-16	0.0	-1.465	0.828	-0.46	1.0
	/*	2:child_number	*/	0
	/*	2:name	*/	M80ÂÝË¨-17
	/*	2:type	*/	»ù±¾Æ÷²Ä\M80ÂÝË¨.SLDPRT
	/*	2:location	*/	0.462766	2.18263E-16	0.886481	0.0	-0.886481	-1.72093E-16	0.462766	0.0	2.53561E-16	-1.0	1.13847E-16	0.0	1.385	0.828	2.46	1.0
	/*	2:child_number	*/	0
	/*	2:name	*/	M80ÂÝË¨-170
	/*	2:type	*/	»ù±¾Æ÷²Ä\M80ÂÝË¨.SLDPRT
	/*	2:location	*/	0.462766	2.18263E-16	0.886481	0.0	-0.886481	-1.72093E-16	0.462766	0.0	2.53561E-16	-1.0	1.13847E-16	0.0	-1.165	0.828	-1.46	1.0
	/*	2:child_number	*/	0
	/*	2:name	*/	M80ÂÝË¨-171
	/*	2:type	*/	»ù±¾Æ÷²Ä\M80ÂÝË¨.SLDPRT
	/*	2:location	*/	0.462766	2.18263E-16	0.886481	0.0	-0.886481	-1.72093E-16	0.462766	0.0	2.53561E-16	-1.0	1.13847E-16	0.0	-1.465	0.828	-1.46	1.0
	/*	2:child_number	*/	0
	/*	2:name	*/	M80ÂÝË¨-172
	/*	2:type	*/	»ù±¾Æ÷²Ä\M80ÂÝË¨.SLDPRT
	/*	2:location	*/	0.462766	2.18263E-16	0.886481	0.0	-0.886481	-1.72093E-16	0.462766	0.0	2.53561E-16	-1.0	1.13847E-16	0.0	-1.165	0.828	-2.46	1.0
	/*	2:child_number	*/	0
	/*	2:name	*/	M80ÂÝË¨-173
	/*	2:type	*/	»ù±¾Æ÷²Ä\M80ÂÝË¨.SLDPRT
	/*	2:location	*/	0.462766	2.18263E-16	0.886481	0.0	-0.886481	-1.72093E-16	0.462766	0.0	2.53561E-16	-1.0	1.13847E-16	0.0	-1.465	0.828	-2.46	1.0
	/*	2:child_number	*/	0
	/*	2:name	*/	M80ÂÝË¨-174
	/*	2:type	*/	»ù±¾Æ÷²Ä\M80ÂÝË¨.SLDPRT
	/*	2:location	*/	0.462766	2.18263E-16	0.886481	0.0	-0.886481	-1.72093E-16	0.462766	0.0	2.53561E-16	-1.0	1.13847E-16	0.0	-1.085	0.828	1.46	1.0
	/*	2:child_number	*/	0
	/*	2:name	*/	M80ÂÝË¨-175
	/*	2:type	*/	»ù±¾Æ÷²Ä\M80ÂÝË¨.SLDPRT
	/*	2:location	*/	0.462766	2.18263E-16	0.886481	0.0	-0.886481	-1.72093E-16	0.462766	0.0	2.53561E-16	-1.0	1.13847E-16	0.0	-1.385	0.828	1.46	1.0
	/*	2:child_number	*/	0
	/*	2:name	*/	M80ÂÝË¨-176
	/*	2:type	*/	»ù±¾Æ÷²Ä\M80ÂÝË¨.SLDPRT
	/*	2:location	*/	0.462766	2.18263E-16	0.886481	0.0	-0.886481	-1.72093E-16	0.462766	0.0	2.53561E-16	-1.0	1.13847E-16	0.0	-1.085	0.828	0.46	1.0
	/*	2:child_number	*/	0
	/*	2:name	*/	M80ÂÝË¨-177
	/*	2:type	*/	»ù±¾Æ÷²Ä\M80ÂÝË¨.SLDPRT
	/*	2:location	*/	0.462766	2.18263E-16	0.886481	0.0	-0.886481	-1.72093E-16	0.462766	0.0	2.53561E-16	-1.0	1.13847E-16	0.0	-1.385	0.828	0.46	1.0
	/*	2:child_number	*/	0
	/*	2:name	*/	M80ÂÝË¨-178
	/*	2:type	*/	»ù±¾Æ÷²Ä\M80ÂÝË¨.SLDPRT
	/*	2:location	*/	0.462766	2.18263E-16	0.886481	0.0	-0.886481	-1.72093E-16	0.462766	0.0	2.53561E-16	-1.0	1.13847E-16	0.0	-1.085	0.828	-0.54	1.0
	/*	2:child_number	*/	0
	/*	2:name	*/	M80ÂÝË¨-179
	/*	2:type	*/	»ù±¾Æ÷²Ä\M80ÂÝË¨.SLDPRT
	/*	2:location	*/	0.462766	2.18263E-16	0.886481	0.0	-0.886481	-1.72093E-16	0.462766	0.0	2.53561E-16	-1.0	1.13847E-16	0.0	-1.385	0.828	-0.54	1.0
	/*	2:child_number	*/	0
	/*	2:name	*/	M80ÂÝË¨-18
	/*	2:type	*/	»ù±¾Æ÷²Ä\M80ÂÝË¨.SLDPRT
	/*	2:location	*/	0.462766	2.18263E-16	0.886481	0.0	-0.886481	-1.72093E-16	0.462766	0.0	2.53561E-16	-1.0	1.13847E-16	0.0	1.465	0.828	1.54	1.0
	/*	2:child_number	*/	0
	/*	2:name	*/	M80ÂÝË¨-180
	/*	2:type	*/	»ù±¾Æ÷²Ä\M80ÂÝË¨.SLDPRT
	/*	2:location	*/	0.462766	2.18263E-16	0.886481	0.0	-0.886481	-1.72093E-16	0.462766	0.0	2.53561E-16	-1.0	1.13847E-16	0.0	-1.085	0.828	-1.54	1.0
	/*	2:child_number	*/	0
	/*	2:name	*/	M80ÂÝË¨-181
	/*	2:type	*/	»ù±¾Æ÷²Ä\M80ÂÝË¨.SLDPRT
	/*	2:location	*/	0.462766	2.18263E-16	0.886481	0.0	-0.886481	-1.72093E-16	0.462766	0.0	2.53561E-16	-1.0	1.13847E-16	0.0	-1.385	0.828	-1.54	1.0
	/*	2:child_number	*/	0
	/*	2:name	*/	M80ÂÝË¨-182
	/*	2:type	*/	»ù±¾Æ÷²Ä\M80ÂÝË¨.SLDPRT
	/*	2:location	*/	0.462766	2.18263E-16	0.886481	0.0	-0.886481	-1.72093E-16	0.462766	0.0	2.53561E-16	-1.0	1.13847E-16	0.0	-1.085	0.828	-2.54	1.0
	/*	2:child_number	*/	0
	/*	2:name	*/	M80ÂÝË¨-183
	/*	2:type	*/	»ù±¾Æ÷²Ä\M80ÂÝË¨.SLDPRT
	/*	2:location	*/	0.462766	2.18263E-16	0.886481	0.0	-0.886481	-1.72093E-16	0.462766	0.0	2.53561E-16	-1.0	1.13847E-16	0.0	-1.385	0.828	-2.54	1.0
	/*	2:child_number	*/	0
	/*	2:name	*/	M80ÂÝË¨-184
	/*	2:type	*/	»ù±¾Æ÷²Ä\M80ÂÝË¨.SLDPRT
	/*	2:location	*/	0.462766	2.18263E-16	0.886481	0.0	-0.886481	-1.72093E-16	0.462766	0.0	2.53561E-16	-1.0	1.13847E-16	0.0	-1.165	0.828	1.46	1.0
	/*	2:child_number	*/	0
	/*	2:name	*/	M80ÂÝË¨-185
	/*	2:type	*/	»ù±¾Æ÷²Ä\M80ÂÝË¨.SLDPRT
	/*	2:location	*/	0.462766	2.18263E-16	0.886481	0.0	-0.886481	-1.72093E-16	0.462766	0.0	2.53561E-16	-1.0	1.13847E-16	0.0	-1.465	0.828	1.46	1.0
	/*	2:child_number	*/	0
	/*	2:name	*/	M80ÂÝË¨-186
	/*	2:type	*/	»ù±¾Æ÷²Ä\M80ÂÝË¨.SLDPRT
	/*	2:location	*/	0.462766	2.18263E-16	0.886481	0.0	-0.886481	-1.72093E-16	0.462766	0.0	2.53561E-16	-1.0	1.13847E-16	0.0	-1.165	0.828	0.46	1.0
	/*	2:child_number	*/	0
	/*	2:name	*/	M80ÂÝË¨-187
	/*	2:type	*/	»ù±¾Æ÷²Ä\M80ÂÝË¨.SLDPRT
	/*	2:location	*/	0.462766	2.18263E-16	0.886481	0.0	-0.886481	-1.72093E-16	0.462766	0.0	2.53561E-16	-1.0	1.13847E-16	0.0	-1.465	0.828	0.46	1.0
	/*	2:child_number	*/	0
	/*	2:name	*/	M80ÂÝË¨-188
	/*	2:type	*/	»ù±¾Æ÷²Ä\M80ÂÝË¨.SLDPRT
	/*	2:location	*/	0.462766	2.18263E-16	0.886481	0.0	-0.886481	-1.72093E-16	0.462766	0.0	2.53561E-16	-1.0	1.13847E-16	0.0	-1.165	0.828	-0.54	1.0
	/*	2:child_number	*/	0
	/*	2:name	*/	M80ÂÝË¨-189
	/*	2:type	*/	»ù±¾Æ÷²Ä\M80ÂÝË¨.SLDPRT
	/*	2:location	*/	0.462766	2.18263E-16	0.886481	0.0	-0.886481	-1.72093E-16	0.462766	0.0	2.53561E-16	-1.0	1.13847E-16	0.0	-1.465	0.828	-0.54	1.0
	/*	2:child_number	*/	0
	/*	2:name	*/	M80ÂÝË¨-19
	/*	2:type	*/	»ù±¾Æ÷²Ä\M80ÂÝË¨.SLDPRT
	/*	2:location	*/	0.462766	2.18263E-16	0.886481	0.0	-0.886481	-1.72093E-16	0.462766	0.0	2.53561E-16	-1.0	1.13847E-16	0.0	1.465	0.828	0.54	1.0
	/*	2:child_number	*/	0
	/*	2:name	*/	M80ÂÝË¨-190
	/*	2:type	*/	»ù±¾Æ÷²Ä\M80ÂÝË¨.SLDPRT
	/*	2:location	*/	0.462766	2.18263E-16	0.886481	0.0	-0.886481	-1.72093E-16	0.462766	0.0	2.53561E-16	-1.0	1.13847E-16	0.0	-1.165	0.828	-1.54	1.0
	/*	2:child_number	*/	0
	/*	2:name	*/	M80ÂÝË¨-191
	/*	2:type	*/	»ù±¾Æ÷²Ä\M80ÂÝË¨.SLDPRT
	/*	2:location	*/	0.462766	2.18263E-16	0.886481	0.0	-0.886481	-1.72093E-16	0.462766	0.0	2.53561E-16	-1.0	1.13847E-16	0.0	-1.465	0.828	-1.54	1.0
	/*	2:child_number	*/	0
	/*	2:name	*/	M80ÂÝË¨-192
	/*	2:type	*/	»ù±¾Æ÷²Ä\M80ÂÝË¨.SLDPRT
	/*	2:location	*/	0.462766	2.18263E-16	0.886481	0.0	-0.886481	-1.72093E-16	0.462766	0.0	2.53561E-16	-1.0	1.13847E-16	0.0	-1.165	0.828	-2.54	1.0
	/*	2:child_number	*/	0
	/*	2:name	*/	M80ÂÝË¨-193
	/*	2:type	*/	»ù±¾Æ÷²Ä\M80ÂÝË¨.SLDPRT
	/*	2:location	*/	0.462766	2.18263E-16	0.886481	0.0	-0.886481	-1.72093E-16	0.462766	0.0	2.53561E-16	-1.0	1.13847E-16	0.0	-1.465	0.828	-2.54	1.0
	/*	2:child_number	*/	0
	/*	2:name	*/	M80ÂÝË¨-194
	/*	2:type	*/	»ù±¾Æ÷²Ä\M80ÂÝË¨.SLDPRT
	/*	2:location	*/	0.462766	2.13845E-16	0.886481	0.0	-0.886481	-1.75108E-16	0.462766	0.0	2.79014E-16	-1.0	1.14167E-16	0.0	-1.085	0.828	2.76	1.0
	/*	2:child_number	*/	0
	/*	2:name	*/	M80ÂÝË¨-195
	/*	2:type	*/	»ù±¾Æ÷²Ä\M80ÂÝË¨.SLDPRT
	/*	2:location	*/	0.462766	2.13845E-16	0.886481	0.0	-0.886481	-1.75108E-16	0.462766	0.0	2.79014E-16	-1.0	1.14167E-16	0.0	-1.385	0.828	2.76	1.0
	/*	2:child_number	*/	0
	/*	2:name	*/	M80ÂÝË¨-196
	/*	2:type	*/	»ù±¾Æ÷²Ä\M80ÂÝË¨.SLDPRT
	/*	2:location	*/	0.462766	2.13845E-16	0.886481	0.0	-0.886481	-1.75108E-16	0.462766	0.0	2.79014E-16	-1.0	1.14167E-16	0.0	-1.085	0.828	2.84	1.0
	/*	2:child_number	*/	0
	/*	2:name	*/	M80ÂÝË¨-197
	/*	2:type	*/	»ù±¾Æ÷²Ä\M80ÂÝË¨.SLDPRT
	/*	2:location	*/	0.462766	2.13845E-16	0.886481	0.0	-0.886481	-1.75108E-16	0.462766	0.0	2.79014E-16	-1.0	1.14167E-16	0.0	-1.385	0.828	2.84	1.0
	/*	2:child_number	*/	0
	/*	2:name	*/	M80ÂÝË¨-198
	/*	2:type	*/	»ù±¾Æ÷²Ä\M80ÂÝË¨.SLDPRT
	/*	2:location	*/	0.462766	2.13845E-16	0.886481	0.0	-0.886481	-1.75108E-16	0.462766	0.0	2.79014E-16	-1.0	1.14167E-16	0.0	-1.085	0.828	2.92	1.0
	/*	2:child_number	*/	0
	/*	2:name	*/	M80ÂÝË¨-199
	/*	2:type	*/	»ù±¾Æ÷²Ä\M80ÂÝË¨.SLDPRT
	/*	2:location	*/	0.462766	2.13845E-16	0.886481	0.0	-0.886481	-1.75108E-16	0.462766	0.0	2.79014E-16	-1.0	1.14167E-16	0.0	-1.385	0.828	2.92	1.0
	/*	2:child_number	*/	0
	/*	2:name	*/	M80ÂÝË¨-2
	/*	2:type	*/	»ù±¾Æ÷²Ä\M80ÂÝË¨.SLDPRT
	/*	2:location	*/	0.462766	2.13845E-16	0.886481	0.0	-0.886481	-1.75108E-16	0.462766	0.0	2.79014E-16	-1.0	1.14167E-16	0.0	1.465	0.828	2.84	1.0
	/*	2:child_number	*/	0
	/*	2:name	*/	M80ÂÝË¨-20
	/*	2:type	*/	»ù±¾Æ÷²Ä\M80ÂÝË¨.SLDPRT
	/*	2:location	*/	0.462766	2.18263E-16	0.886481	0.0	-0.886481	-1.72093E-16	0.462766	0.0	2.53561E-16	-1.0	1.13847E-16	0.0	1.465	0.828	-0.46	1.0
	/*	2:child_number	*/	0
	/*	2:name	*/	M80ÂÝË¨-200
	/*	2:type	*/	»ù±¾Æ÷²Ä\M80ÂÝË¨.SLDPRT
	/*	2:location	*/	0.462766	2.13845E-16	0.886481	0.0	-0.886481	-1.75108E-16	0.462766	0.0	2.79014E-16	-1.0	1.14167E-16	0.0	-1.165	0.828	2.76	1.0
	/*	2:child_number	*/	0
	/*	2:name	*/	M80ÂÝË¨-201
	/*	2:type	*/	»ù±¾Æ÷²Ä\M80ÂÝË¨.SLDPRT
	/*	2:location	*/	0.462766	2.13845E-16	0.886481	0.0	-0.886481	-1.75108E-16	0.462766	0.0	2.79014E-16	-1.0	1.14167E-16	0.0	-1.465	0.828	2.76	1.0
	/*	2:child_number	*/	0
	/*	2:name	*/	M80ÂÝË¨-202
	/*	2:type	*/	»ù±¾Æ÷²Ä\M80ÂÝË¨.SLDPRT
	/*	2:location	*/	0.462766	2.13845E-16	0.886481	0.0	-0.886481	-1.75108E-16	0.462766	0.0	2.79014E-16	-1.0	1.14167E-16	0.0	-1.085	0.828	-2.92	1.0
	/*	2:child_number	*/	0
	/*	2:name	*/	M80ÂÝË¨-203
	/*	2:type	*/	»ù±¾Æ÷²Ä\M80ÂÝË¨.SLDPRT
	/*	2:location	*/	0.462766	2.13845E-16	0.886481	0.0	-0.886481	-1.75108E-16	0.462766	0.0	2.79014E-16	-1.0	1.14167E-16	0.0	-1.385	0.828	-2.92	1.0
	/*	2:child_number	*/	0
	/*	2:name	*/	M80ÂÝË¨-204
	/*	2:type	*/	»ù±¾Æ÷²Ä\M80ÂÝË¨.SLDPRT
	/*	2:location	*/	0.462766	2.13845E-16	0.886481	0.0	-0.886481	-1.75108E-16	0.462766	0.0	2.79014E-16	-1.0	1.14167E-16	0.0	-1.165	0.828	-2.92	1.0
	/*	2:child_number	*/	0
	/*	2:name	*/	M80ÂÝË¨-205
	/*	2:type	*/	»ù±¾Æ÷²Ä\M80ÂÝË¨.SLDPRT
	/*	2:location	*/	0.462766	2.13845E-16	0.886481	0.0	-0.886481	-1.75108E-16	0.462766	0.0	2.79014E-16	-1.0	1.14167E-16	0.0	-1.465	0.828	-2.92	1.0
	/*	2:child_number	*/	0
	/*	2:name	*/	M80ÂÝË¨-206
	/*	2:type	*/	»ù±¾Æ÷²Ä\M80ÂÝË¨.SLDPRT
	/*	2:location	*/	0.462766	2.13845E-16	0.886481	0.0	-0.886481	-1.75108E-16	0.462766	0.0	2.79014E-16	-1.0	1.14167E-16	0.0	-1.165	0.828	2.84	1.0
	/*	2:child_number	*/	0
	/*	2:name	*/	M80ÂÝË¨-207
	/*	2:type	*/	»ù±¾Æ÷²Ä\M80ÂÝË¨.SLDPRT
	/*	2:location	*/	0.462766	2.13845E-16	0.886481	0.0	-0.886481	-1.75108E-16	0.462766	0.0	2.79014E-16	-1.0	1.14167E-16	0.0	-1.465	0.828	2.84	1.0
	/*	2:child_number	*/	0
	/*	2:name	*/	M80ÂÝË¨-208
	/*	2:type	*/	»ù±¾Æ÷²Ä\M80ÂÝË¨.SLDPRT
	/*	2:location	*/	0.462766	2.13845E-16	0.886481	0.0	-0.886481	-1.75108E-16	0.462766	0.0	2.79014E-16	-1.0	1.14167E-16	0.0	-1.085	0.828	-2.84	1.0
	/*	2:child_number	*/	0
	/*	2:name	*/	M80ÂÝË¨-209
	/*	2:type	*/	»ù±¾Æ÷²Ä\M80ÂÝË¨.SLDPRT
	/*	2:location	*/	0.462766	2.13845E-16	0.886481	0.0	-0.886481	-1.75108E-16	0.462766	0.0	2.79014E-16	-1.0	1.14167E-16	0.0	-1.385	0.828	-2.84	1.0
	/*	2:child_number	*/	0
	/*	2:name	*/	M80ÂÝË¨-21
	/*	2:type	*/	»ù±¾Æ÷²Ä\M80ÂÝË¨.SLDPRT
	/*	2:location	*/	0.462766	2.18263E-16	0.886481	0.0	-0.886481	-1.72093E-16	0.462766	0.0	2.53561E-16	-1.0	1.13847E-16	0.0	1.465	0.828	-1.46	1.0
	/*	2:child_number	*/	0
	/*	2:name	*/	M80ÂÝË¨-210
	/*	2:type	*/	»ù±¾Æ÷²Ä\M80ÂÝË¨.SLDPRT
	/*	2:location	*/	0.462766	2.13845E-16	0.886481	0.0	-0.886481	-1.75108E-16	0.462766	0.0	2.79014E-16	-1.0	1.14167E-16	0.0	-1.165	0.828	-2.84	1.0
	/*	2:child_number	*/	0
	/*	2:name	*/	M80ÂÝË¨-211
	/*	2:type	*/	»ù±¾Æ÷²Ä\M80ÂÝË¨.SLDPRT
	/*	2:location	*/	0.462766	2.13845E-16	0.886481	0.0	-0.886481	-1.75108E-16	0.462766	0.0	2.79014E-16	-1.0	1.14167E-16	0.0	-1.465	0.828	-2.84	1.0
	/*	2:child_number	*/	0
	/*	2:name	*/	M80ÂÝË¨-212
	/*	2:type	*/	»ù±¾Æ÷²Ä\M80ÂÝË¨.SLDPRT
	/*	2:location	*/	0.462766	2.13845E-16	0.886481	0.0	-0.886481	-1.75108E-16	0.462766	0.0	2.79014E-16	-1.0	1.14167E-16	0.0	-1.165	0.828	2.92	1.0
	/*	2:child_number	*/	0
	/*	2:name	*/	M80ÂÝË¨-213
	/*	2:type	*/	»ù±¾Æ÷²Ä\M80ÂÝË¨.SLDPRT
	/*	2:location	*/	0.462766	2.13845E-16	0.886481	0.0	-0.886481	-1.75108E-16	0.462766	0.0	2.79014E-16	-1.0	1.14167E-16	0.0	-1.465	0.828	2.92	1.0
	/*	2:child_number	*/	0
	/*	2:name	*/	M80ÂÝË¨-214
	/*	2:type	*/	»ù±¾Æ÷²Ä\M80ÂÝË¨.SLDPRT
	/*	2:location	*/	0.462766	2.13845E-16	0.886481	0.0	-0.886481	-1.75108E-16	0.462766	0.0	2.79014E-16	-1.0	1.14167E-16	0.0	-1.085	0.828	-2.76	1.0
	/*	2:child_number	*/	0
	/*	2:name	*/	M80ÂÝË¨-215
	/*	2:type	*/	»ù±¾Æ÷²Ä\M80ÂÝË¨.SLDPRT
	/*	2:location	*/	0.462766	2.13845E-16	0.886481	0.0	-0.886481	-1.75108E-16	0.462766	0.0	2.79014E-16	-1.0	1.14167E-16	0.0	-1.385	0.828	-2.76	1.0
	/*	2:child_number	*/	0
	/*	2:name	*/	M80ÂÝË¨-216
	/*	2:type	*/	»ù±¾Æ÷²Ä\M80ÂÝË¨.SLDPRT
	/*	2:location	*/	0.462766	2.13845E-16	0.886481	0.0	-0.886481	-1.75108E-16	0.462766	0.0	2.79014E-16	-1.0	1.14167E-16	0.0	-1.165	0.828	-2.76	1.0
	/*	2:child_number	*/	0
	/*	2:name	*/	M80ÂÝË¨-217
	/*	2:type	*/	»ù±¾Æ÷²Ä\M80ÂÝË¨.SLDPRT
	/*	2:location	*/	0.462766	2.13845E-16	0.886481	0.0	-0.886481	-1.75108E-16	0.462766	0.0	2.79014E-16	-1.0	1.14167E-16	0.0	-1.465	0.828	-2.76	1.0
	/*	2:child_number	*/	0
	/*	2:name	*/	M80ÂÝË¨-22
	/*	2:type	*/	»ù±¾Æ÷²Ä\M80ÂÝË¨.SLDPRT
	/*	2:location	*/	0.462766	2.18263E-16	0.886481	0.0	-0.886481	-1.72093E-16	0.462766	0.0	2.53561E-16	-1.0	1.13847E-16	0.0	1.465	0.828	-2.46	1.0
	/*	2:child_number	*/	0
	/*	2:name	*/	M80ÂÝË¨-23
	/*	2:type	*/	»ù±¾Æ÷²Ä\M80ÂÝË¨.SLDPRT
	/*	2:location	*/	0.462766	2.18263E-16	0.886481	0.0	-0.886481	-1.72093E-16	0.462766	0.0	2.53561E-16	-1.0	1.13847E-16	0.0	1.385	0.828	1.54	1.0
	/*	2:child_number	*/	0
	/*	2:name	*/	M80ÂÝË¨-24
	/*	2:type	*/	»ù±¾Æ÷²Ä\M80ÂÝË¨.SLDPRT
	/*	2:location	*/	0.462766	2.18263E-16	0.886481	0.0	-0.886481	-1.72093E-16	0.462766	0.0	2.53561E-16	-1.0	1.13847E-16	0.0	1.385	0.828	0.54	1.0
	/*	2:child_number	*/	0
	/*	2:name	*/	M80ÂÝË¨-25
	/*	2:type	*/	»ù±¾Æ÷²Ä\M80ÂÝË¨.SLDPRT
	/*	2:location	*/	0.462766	2.18263E-16	0.886481	0.0	-0.886481	-1.72093E-16	0.462766	0.0	2.53561E-16	-1.0	1.13847E-16	0.0	1.385	0.828	-0.46	1.0
	/*	2:child_number	*/	0
	/*	2:name	*/	M80ÂÝË¨-26
	/*	2:type	*/	»ù±¾Æ÷²Ä\M80ÂÝË¨.SLDPRT
	/*	2:location	*/	0.462766	2.18263E-16	0.886481	0.0	-0.886481	-1.72093E-16	0.462766	0.0	2.53561E-16	-1.0	1.13847E-16	0.0	1.385	0.828	-1.46	1.0
	/*	2:child_number	*/	0
	/*	2:name	*/	M80ÂÝË¨-27
	/*	2:type	*/	»ù±¾Æ÷²Ä\M80ÂÝË¨.SLDPRT
	/*	2:location	*/	0.462766	2.18263E-16	0.886481	0.0	-0.886481	-1.72093E-16	0.462766	0.0	2.53561E-16	-1.0	1.13847E-16	0.0	1.385	0.828	-2.46	1.0
	/*	2:child_number	*/	0
	/*	2:name	*/	M80ÂÝË¨-28
	/*	2:type	*/	»ù±¾Æ÷²Ä\M80ÂÝË¨.SLDPRT
	/*	2:location	*/	0.462766	2.18263E-16	0.886481	0.0	-0.886481	-1.72093E-16	0.462766	0.0	2.53561E-16	-1.0	1.13847E-16	0.0	1.465	0.828	1.46	1.0
	/*	2:child_number	*/	0
	/*	2:name	*/	M80ÂÝË¨-29
	/*	2:type	*/	»ù±¾Æ÷²Ä\M80ÂÝË¨.SLDPRT
	/*	2:location	*/	0.462766	2.18263E-16	0.886481	0.0	-0.886481	-1.72093E-16	0.462766	0.0	2.53561E-16	-1.0	1.13847E-16	0.0	1.465	0.828	0.46	1.0
	/*	2:child_number	*/	0
	/*	2:name	*/	M80ÂÝË¨-3
	/*	2:type	*/	»ù±¾Æ÷²Ä\M80ÂÝË¨.SLDPRT
	/*	2:location	*/	0.462766	2.13845E-16	0.886481	0.0	-0.886481	-1.75108E-16	0.462766	0.0	2.79014E-16	-1.0	1.14167E-16	0.0	1.465	0.828	2.76	1.0
	/*	2:child_number	*/	0
	/*	2:name	*/	M80ÂÝË¨-30
	/*	2:type	*/	»ù±¾Æ÷²Ä\M80ÂÝË¨.SLDPRT
	/*	2:location	*/	0.462766	2.18263E-16	0.886481	0.0	-0.886481	-1.72093E-16	0.462766	0.0	2.53561E-16	-1.0	1.13847E-16	0.0	1.465	0.828	-0.54	1.0
	/*	2:child_number	*/	0
	/*	2:name	*/	M80ÂÝË¨-31
	/*	2:type	*/	»ù±¾Æ÷²Ä\M80ÂÝË¨.SLDPRT
	/*	2:location	*/	0.462766	2.18263E-16	0.886481	0.0	-0.886481	-1.72093E-16	0.462766	0.0	2.53561E-16	-1.0	1.13847E-16	0.0	1.465	0.828	-1.54	1.0
	/*	2:child_number	*/	0
	/*	2:name	*/	M80ÂÝË¨-32
	/*	2:type	*/	»ù±¾Æ÷²Ä\M80ÂÝË¨.SLDPRT
	/*	2:location	*/	0.462766	2.18263E-16	0.886481	0.0	-0.886481	-1.72093E-16	0.462766	0.0	2.53561E-16	-1.0	1.13847E-16	0.0	1.465	0.828	-2.54	1.0
	/*	2:child_number	*/	0
	/*	2:name	*/	M80ÂÝË¨-33
	/*	2:type	*/	»ù±¾Æ÷²Ä\M80ÂÝË¨.SLDPRT
	/*	2:location	*/	0.462766	2.18263E-16	0.886481	0.0	-0.886481	-1.72093E-16	0.462766	0.0	2.53561E-16	-1.0	1.13847E-16	0.0	1.385	0.828	1.46	1.0
	/*	2:child_number	*/	0
	/*	2:name	*/	M80ÂÝË¨-34
	/*	2:type	*/	»ù±¾Æ÷²Ä\M80ÂÝË¨.SLDPRT
	/*	2:location	*/	0.462766	2.18263E-16	0.886481	0.0	-0.886481	-1.72093E-16	0.462766	0.0	2.53561E-16	-1.0	1.13847E-16	0.0	1.385	0.828	0.46	1.0
	/*	2:child_number	*/	0
	/*	2:name	*/	M80ÂÝË¨-35
	/*	2:type	*/	»ù±¾Æ÷²Ä\M80ÂÝË¨.SLDPRT
	/*	2:location	*/	0.462766	2.18263E-16	0.886481	0.0	-0.886481	-1.72093E-16	0.462766	0.0	2.53561E-16	-1.0	1.13847E-16	0.0	1.385	0.828	-0.54	1.0
	/*	2:child_number	*/	0
	/*	2:name	*/	M80ÂÝË¨-36
	/*	2:type	*/	»ù±¾Æ÷²Ä\M80ÂÝË¨.SLDPRT
	/*	2:location	*/	0.462766	2.18263E-16	0.886481	0.0	-0.886481	-1.72093E-16	0.462766	0.0	2.53561E-16	-1.0	1.13847E-16	0.0	1.385	0.828	-1.54	1.0
	/*	2:child_number	*/	0
	/*	2:name	*/	M80ÂÝË¨-37
	/*	2:type	*/	»ù±¾Æ÷²Ä\M80ÂÝË¨.SLDPRT
	/*	2:location	*/	0.462766	2.18263E-16	0.886481	0.0	-0.886481	-1.72093E-16	0.462766	0.0	2.53561E-16	-1.0	1.13847E-16	0.0	1.385	0.828	-2.54	1.0
	/*	2:child_number	*/	0
	/*	2:name	*/	M80ÂÝË¨-38
	/*	2:type	*/	»ù±¾Æ÷²Ä\M80ÂÝË¨.SLDPRT
	/*	2:location	*/	0.462766	2.18263E-16	0.886481	0.0	-0.886481	-1.72093E-16	0.462766	0.0	2.53561E-16	-1.0	1.13847E-16	0.0	1.165	0.828	2.54	1.0
	/*	2:child_number	*/	0
	/*	2:name	*/	M80ÂÝË¨-39
	/*	2:type	*/	»ù±¾Æ÷²Ä\M80ÂÝË¨.SLDPRT
	/*	2:location	*/	0.462766	2.18263E-16	0.886481	0.0	-0.886481	-1.72093E-16	0.462766	0.0	2.53561E-16	-1.0	1.13847E-16	0.0	0.865	0.828	2.54	1.0
	/*	2:child_number	*/	0
	/*	2:name	*/	M80ÂÝË¨-4
	/*	2:type	*/	»ù±¾Æ÷²Ä\M80ÂÝË¨.SLDPRT
	/*	2:location	*/	0.462766	2.13845E-16	0.886481	0.0	-0.886481	-1.75108E-16	0.462766	0.0	2.79014E-16	-1.0	1.14167E-16	0.0	1.385	0.828	2.76	1.0
	/*	2:child_number	*/	0
	/*	2:name	*/	M80ÂÝË¨-40
	/*	2:type	*/	»ù±¾Æ÷²Ä\M80ÂÝË¨.SLDPRT
	/*	2:location	*/	0.462766	2.18263E-16	0.886481	0.0	-0.886481	-1.72093E-16	0.462766	0.0	2.53561E-16	-1.0	1.13847E-16	0.0	1.085	0.828	2.54	1.0
	/*	2:child_number	*/	0
	/*	2:name	*/	M80ÂÝË¨-41
	/*	2:type	*/	»ù±¾Æ÷²Ä\M80ÂÝË¨.SLDPRT
	/*	2:location	*/	0.462766	2.18263E-16	0.886481	0.0	-0.886481	-1.72093E-16	0.462766	0.0	2.53561E-16	-1.0	1.13847E-16	0.0	0.785	0.828	2.54	1.0
	/*	2:child_number	*/	0
	/*	2:name	*/	M80ÂÝË¨-42
	/*	2:type	*/	»ù±¾Æ÷²Ä\M80ÂÝË¨.SLDPRT
	/*	2:location	*/	0.462766	2.18263E-16	0.886481	0.0	-0.886481	-1.72093E-16	0.462766	0.0	2.53561E-16	-1.0	1.13847E-16	0.0	1.165	0.828	2.46	1.0
	/*	2:child_number	*/	0
	/*	2:name	*/	M80ÂÝË¨-43
	/*	2:type	*/	»ù±¾Æ÷²Ä\M80ÂÝË¨.SLDPRT
	/*	2:location	*/	0.462766	2.18263E-16	0.886481	0.0	-0.886481	-1.72093E-16	0.462766	0.0	2.53561E-16	-1.0	1.13847E-16	0.0	0.865	0.828	2.46	1.0
	/*	2:child_number	*/	0
	/*	2:name	*/	M80ÂÝË¨-44
	/*	2:type	*/	»ù±¾Æ÷²Ä\M80ÂÝË¨.SLDPRT
	/*	2:location	*/	0.462766	2.18263E-16	0.886481	0.0	-0.886481	-1.72093E-16	0.462766	0.0	2.53561E-16	-1.0	1.13847E-16	0.0	1.085	0.828	2.46	1.0
	/*	2:child_number	*/	0
	/*	2:name	*/	M80ÂÝË¨-45
	/*	2:type	*/	»ù±¾Æ÷²Ä\M80ÂÝË¨.SLDPRT
	/*	2:location	*/	0.462766	2.18263E-16	0.886481	0.0	-0.886481	-1.72093E-16	0.462766	0.0	2.53561E-16	-1.0	1.13847E-16	0.0	0.785	0.828	2.46	1.0
	/*	2:child_number	*/	0
	/*	2:name	*/	M80ÂÝË¨-46
	/*	2:type	*/	»ù±¾Æ÷²Ä\M80ÂÝË¨.SLDPRT
	/*	2:location	*/	0.462766	2.18263E-16	0.886481	0.0	-0.886481	-1.72093E-16	0.462766	0.0	2.53561E-16	-1.0	1.13847E-16	0.0	1.165	0.828	1.54	1.0
	/*	2:child_number	*/	0
	/*	2:name	*/	M80ÂÝË¨-47
	/*	2:type	*/	»ù±¾Æ÷²Ä\M80ÂÝË¨.SLDPRT
	/*	2:location	*/	0.462766	2.18263E-16	0.886481	0.0	-0.886481	-1.72093E-16	0.462766	0.0	2.53561E-16	-1.0	1.13847E-16	0.0	0.865	0.828	1.54	1.0
	/*	2:child_number	*/	0
	/*	2:name	*/	M80ÂÝË¨-48
	/*	2:type	*/	»ù±¾Æ÷²Ä\M80ÂÝË¨.SLDPRT
	/*	2:location	*/	0.462766	2.18263E-16	0.886481	0.0	-0.886481	-1.72093E-16	0.462766	0.0	2.53561E-16	-1.0	1.13847E-16	0.0	1.165	0.828	0.54	1.0
	/*	2:child_number	*/	0
	/*	2:name	*/	M80ÂÝË¨-49
	/*	2:type	*/	»ù±¾Æ÷²Ä\M80ÂÝË¨.SLDPRT
	/*	2:location	*/	0.462766	2.18263E-16	0.886481	0.0	-0.886481	-1.72093E-16	0.462766	0.0	2.53561E-16	-1.0	1.13847E-16	0.0	0.865	0.828	0.54	1.0
	/*	2:child_number	*/	0
	/*	2:name	*/	M80ÂÝË¨-5
	/*	2:type	*/	»ù±¾Æ÷²Ä\M80ÂÝË¨.SLDPRT
	/*	2:location	*/	0.462766	2.13845E-16	0.886481	0.0	-0.886481	-1.75108E-16	0.462766	0.0	2.79014E-16	-1.0	1.14167E-16	0.0	1.465	0.828	-2.92	1.0
	/*	2:child_number	*/	0
	/*	2:name	*/	M80ÂÝË¨-50
	/*	2:type	*/	»ù±¾Æ÷²Ä\M80ÂÝË¨.SLDPRT
	/*	2:location	*/	0.462766	2.18263E-16	0.886481	0.0	-0.886481	-1.72093E-16	0.462766	0.0	2.53561E-16	-1.0	1.13847E-16	0.0	1.165	0.828	-0.46	1.0
	/*	2:child_number	*/	0
	/*	2:name	*/	M80ÂÝË¨-51
	/*	2:type	*/	»ù±¾Æ÷²Ä\M80ÂÝË¨.SLDPRT
	/*	2:location	*/	0.462766	2.18263E-16	0.886481	0.0	-0.886481	-1.72093E-16	0.462766	0.0	2.53561E-16	-1.0	1.13847E-16	0.0	0.865	0.828	-0.46	1.0
	/*	2:child_number	*/	0
	/*	2:name	*/	M80ÂÝË¨-52
	/*	2:type	*/	»ù±¾Æ÷²Ä\M80ÂÝË¨.SLDPRT
	/*	2:location	*/	0.462766	2.18263E-16	0.886481	0.0	-0.886481	-1.72093E-16	0.462766	0.0	2.53561E-16	-1.0	1.13847E-16	0.0	1.165	0.828	-1.46	1.0
	/*	2:child_number	*/	0
	/*	2:name	*/	M80ÂÝË¨-53
	/*	2:type	*/	»ù±¾Æ÷²Ä\M80ÂÝË¨.SLDPRT
	/*	2:location	*/	0.462766	2.18263E-16	0.886481	0.0	-0.886481	-1.72093E-16	0.462766	0.0	2.53561E-16	-1.0	1.13847E-16	0.0	0.865	0.828	-1.46	1.0
	/*	2:child_number	*/	0
	/*	2:name	*/	M80ÂÝË¨-54
	/*	2:type	*/	»ù±¾Æ÷²Ä\M80ÂÝË¨.SLDPRT
	/*	2:location	*/	0.462766	2.18263E-16	0.886481	0.0	-0.886481	-1.72093E-16	0.462766	0.0	2.53561E-16	-1.0	1.13847E-16	0.0	1.165	0.828	-2.46	1.0
	/*	2:child_number	*/	0
	/*	2:name	*/	M80ÂÝË¨-55
	/*	2:type	*/	»ù±¾Æ÷²Ä\M80ÂÝË¨.SLDPRT
	/*	2:location	*/	0.462766	2.18263E-16	0.886481	0.0	-0.886481	-1.72093E-16	0.462766	0.0	2.53561E-16	-1.0	1.13847E-16	0.0	0.865	0.828	-2.46	1.0
	/*	2:child_number	*/	0
	/*	2:name	*/	M80ÂÝË¨-56
	/*	2:type	*/	»ù±¾Æ÷²Ä\M80ÂÝË¨.SLDPRT
	/*	2:location	*/	0.462766	2.18263E-16	0.886481	0.0	-0.886481	-1.72093E-16	0.462766	0.0	2.53561E-16	-1.0	1.13847E-16	0.0	1.085	0.828	1.54	1.0
	/*	2:child_number	*/	0
	/*	2:name	*/	M80ÂÝË¨-57
	/*	2:type	*/	»ù±¾Æ÷²Ä\M80ÂÝË¨.SLDPRT
	/*	2:location	*/	0.462766	2.18263E-16	0.886481	0.0	-0.886481	-1.72093E-16	0.462766	0.0	2.53561E-16	-1.0	1.13847E-16	0.0	0.785	0.828	1.54	1.0
	/*	2:child_number	*/	0
	/*	2:name	*/	M80ÂÝË¨-58
	/*	2:type	*/	»ù±¾Æ÷²Ä\M80ÂÝË¨.SLDPRT
	/*	2:location	*/	0.462766	2.18263E-16	0.886481	0.0	-0.886481	-1.72093E-16	0.462766	0.0	2.53561E-16	-1.0	1.13847E-16	0.0	1.085	0.828	0.54	1.0
	/*	2:child_number	*/	0
	/*	2:name	*/	M80ÂÝË¨-59
	/*	2:type	*/	»ù±¾Æ÷²Ä\M80ÂÝË¨.SLDPRT
	/*	2:location	*/	0.462766	2.18263E-16	0.886481	0.0	-0.886481	-1.72093E-16	0.462766	0.0	2.53561E-16	-1.0	1.13847E-16	0.0	0.785	0.828	0.54	1.0
	/*	2:child_number	*/	0
	/*	2:name	*/	M80ÂÝË¨-6
	/*	2:type	*/	»ù±¾Æ÷²Ä\M80ÂÝË¨.SLDPRT
