/*	1:name	*/	上垫粱3_4_4层垫梁_六四粱_0m-32m
/*	1:type	*/	上垫粱\上垫粱3_4_4层垫梁_六四粱_0m-32m.SLDASM
/*	1:location	*/	1.0	0.0	0.0	0.0	0.0	1.0	0.0	0.0	0.0	0.0	1.0	0.0	0.0	0.0	0.0	1.0
/*	1:child_number	*/	129
	/*	2:name	*/	三个垫梁C10-1
	/*	2:type	*/	基本组合\三个垫梁C10.SLDASM
	/*	2:location	*/	1.0	9.03621E-17	8.32667E-17	0.0	7.53048E-17	-1.0	2.63412E-15	0.0	-2.77556E-17	-2.63678E-15	-1.0	0.0	-0.183779	1.0907	1.1	1.0
	/*	2:child_number	*/	9
		/*	3:name	*/	三个垫梁C10-1/C10_垫梁-1
		/*	3:type	*/	基本器材\C10_垫梁.SLDPRT
		/*	3:location	*/	1.0	-2.31112E-33	1.2326E-32	0.0	8.44159E-34	1.0	0.0	0.0	0.0	0.0	1.0	0.0	-1.41622	-0.4093	-0.085	1.0
		/*	3:child_number	*/	0
		/*	3:name	*/	三个垫梁C10-1/C10_垫梁-2
		/*	3:type	*/	基本器材\C10_垫梁.SLDPRT
		/*	3:location	*/	1.0	-2.31112E-33	1.2326E-32	0.0	8.44159E-34	1.0	0.0	0.0	0.0	0.0	1.0	0.0	-1.41622	-0.4093	-0.385	1.0
		/*	3:child_number	*/	0
		/*	3:name	*/	三个垫梁C10-1/C10_垫梁-3
		/*	3:type	*/	基本器材\C10_垫梁.SLDPRT
		/*	3:location	*/	1.0	-2.31112E-33	1.2326E-32	0.0	8.44159E-34	1.0	0.0	0.0	0.0	0.0	1.0	0.0	-1.41622	-0.4093	-0.685	1.0
		/*	3:child_number	*/	0
		/*	3:name	*/	三个垫梁C10-1/间隔撑及螺栓-1
		/*	3:type	*/	基本组合\间隔撑及螺栓.SLDASM
		/*	3:location	*/	-1.48492E-15	-1.0	3.46945E-18	0.0	-1.0	1.46987E-15	-1.2326E-32	0.0	-1.11022E-16	-8.10976E-19	-1.0	0.0	1.37796	-0.144816	-0.15	1.0
		/*	3:child_number	*/	2
			/*	4:name	*/	三个垫梁C10-1/间隔撑及螺栓-1/C18_间隔撑-1
			/*	4:type	*/	基本器材\C18_间隔撑.SLDPRT
			/*	4:location	*/	1.0	2.24083E-32	0.0	0.0	2.24083E-32	1.0	0.0	0.0	0.0	0.0	1.0	0.0	-0.170516	-0.105817	-0.1435	1.0
			/*	4:child_number	*/	0
			/*	4:name	*/	三个垫梁C10-1/间隔撑及螺栓-1/间隔撑上的螺栓-1
			/*	4:type	*/	基本组合\间隔撑上的螺栓.SLDASM
			/*	4:location	*/	-0.999098	0.0424734	-3.9443E-31	0.0	0.0424734	0.999098	0.0	0.0	0.0	0.0	-1.0	0.0	-0.14487	0.0487065	-0.153	1.0
			/*	4:child_number	*/	16
				/*	5:name	*/	三个垫梁C10-1/间隔撑及螺栓-1/间隔撑上的螺栓-1/M80螺栓-1
				/*	5:type	*/	基本器材\M80螺栓.SLDPRT
				/*	5:location	*/	1.0	-5.13752E-31	-3.9443E-31	0.0	-5.13752E-31	1.0	2.46519E-32	0.0	-3.9443E-31	-2.46519E-32	1.0	0.0	-0.0143216	0.0010856	-0.0375	1.0
				/*	5:child_number	*/	0
				/*	5:name	*/	三个垫梁C10-1/间隔撑及螺栓-1/间隔撑上的螺栓-1/M80螺栓-10
				/*	5:type	*/	基本器材\M80螺栓.SLDPRT
				/*	5:location	*/	1.0	-5.13752E-31	-3.9443E-31	0.0	-5.13752E-31	1.0	2.46519E-32	0.0	-3.9443E-31	-2.46519E-32	1.0	0.0	-0.254105	0.0112792	-0.0375	1.0
				/*	5:child_number	*/	0
				/*	5:name	*/	三个垫梁C10-1/间隔撑及螺栓-1/间隔撑上的螺栓-1/M80螺栓-11
				/*	5:type	*/	基本器材\M80螺栓.SLDPRT
				/*	5:location	*/	1.0	-5.13752E-31	-3.9443E-31	0.0	-5.13752E-31	1.0	2.46519E-32	0.0	-3.9443E-31	-2.46519E-32	1.0	0.0	-0.258777	-0.0986215	-0.0375	1.0
				/*	5:child_number	*/	0
				/*	5:name	*/	三个垫梁C10-1/间隔撑及螺栓-1/间隔撑上的螺栓-1/M80螺栓-5
				/*	5:type	*/	基本器材\M80螺栓.SLDPRT
				/*	5:location	*/	1.0	-5.13752E-31	-3.9443E-31	0.0	-5.13752E-31	1.0	2.46519E-32	0.0	-3.9443E-31	-2.46519E-32	1.0	0.0	-0.0189936	-0.108815	-0.0375	1.0
				/*	5:child_number	*/	0
				/*	5:name	*/	三个垫梁C10-1/间隔撑及螺栓-1/间隔撑上的螺栓-1/M80螺栓-6
				/*	5:type	*/	基本器材\M80螺栓.SLDPRT
				/*	5:location	*/	1.0	-5.13752E-31	-3.9443E-31	0.0	-5.13752E-31	1.0	2.46519E-32	0.0	-3.9443E-31	-2.46519E-32	1.0	0.0	-0.0942494	0.00448347	-0.0375	1.0
				/*	5:child_number	*/	0
				/*	5:name	*/	三个垫梁C10-1/间隔撑及螺栓-1/间隔撑上的螺栓-1/M80螺栓-7
				/*	5:type	*/	基本器材\M80螺栓.SLDPRT
				/*	5:location	*/	1.0	-5.13752E-31	-3.9443E-31	0.0	-5.13752E-31	1.0	2.46519E-32	0.0	-3.9443E-31	-2.46519E-32	1.0	0.0	-0.0989214	-0.105417	-0.0375	1.0
				/*	5:child_number	*/	0
				/*	5:name	*/	三个垫梁C10-1/间隔撑及螺栓-1/间隔撑上的螺栓-1/M80螺栓-8
				/*	5:type	*/	基本器材\M80螺栓.SLDPRT
				/*	5:location	*/	1.0	-5.13752E-31	-3.9443E-31	0.0	-5.13752E-31	1.0	2.46519E-32	0.0	-3.9443E-31	-2.46519E-32	1.0	0.0	-0.174177	0.00788134	-0.0375	1.0
				/*	5:child_number	*/	0
				/*	5:name	*/	三个垫梁C10-1/间隔撑及螺栓-1/间隔撑上的螺栓-1/M80螺栓-9
				/*	5:type	*/	基本器材\M80螺栓.SLDPRT
				/*	5:location	*/	1.0	-5.13752E-31	-3.9443E-31	0.0	-5.13752E-31	1.0	2.46519E-32	0.0	-3.9443E-31	-2.46519E-32	1.0	0.0	-0.178849	-0.102019	-0.0375	1.0
				/*	5:child_number	*/	0
				/*	5:name	*/	三个垫梁C10-1/间隔撑及螺栓-1/间隔撑上的螺栓-1/六五墩螺母-1
				/*	5:type	*/	基本器材\六五墩螺母.SLDPRT
				/*	5:location	*/	0.844007	-0.536332	-1.38778E-17	0.0	2.69168E-17	1.64827E-17	1.0	0.0	-0.536332	-0.844007	2.83478E-17	0.0	-0.0143216	0.0010856	0.0035	1.0
				/*	5:child_number	*/	0
				/*	5:name	*/	三个垫梁C10-1/间隔撑及螺栓-1/间隔撑上的螺栓-1/六五墩螺母-15
				/*	5:type	*/	基本器材\六五墩螺母.SLDPRT
				/*	5:location	*/	0.844007	-0.536332	-1.38778E-17	0.0	2.69168E-17	1.64827E-17	1.0	0.0	-0.536332	-0.844007	2.83478E-17	0.0	-0.0189936	-0.108815	0.0035	1.0
				/*	5:child_number	*/	0
				/*	5:name	*/	三个垫梁C10-1/间隔撑及螺栓-1/间隔撑上的螺栓-1/六五墩螺母-16
				/*	5:type	*/	基本器材\六五墩螺母.SLDPRT
				/*	5:location	*/	0.844007	-0.536332	-1.38778E-17	0.0	2.69168E-17	1.64827E-17	1.0	0.0	-0.536332	-0.844007	2.83478E-17	0.0	-0.0942494	0.00448347	0.0035	1.0
				/*	5:child_number	*/	0
				/*	5:name	*/	三个垫梁C10-1/间隔撑及螺栓-1/间隔撑上的螺栓-1/六五墩螺母-17
				/*	5:type	*/	基本器材\六五墩螺母.SLDPRT
				/*	5:location	*/	0.844007	-0.536332	-1.38778E-17	0.0	2.69168E-17	1.64827E-17	1.0	0.0	-0.536332	-0.844007	2.83478E-17	0.0	-0.0989214	-0.105417	0.0035	1.0
				/*	5:child_number	*/	0
				/*	5:name	*/	三个垫梁C10-1/间隔撑及螺栓-1/间隔撑上的螺栓-1/六五墩螺母-18
				/*	5:type	*/	基本器材\六五墩螺母.SLDPRT
				/*	5:location	*/	0.844007	-0.536332	-1.38778E-17	0.0	2.69168E-17	1.64827E-17	1.0	0.0	-0.536332	-0.844007	2.83478E-17	0.0	-0.174177	0.00788134	0.0035	1.0
				/*	5:child_number	*/	0
				/*	5:name	*/	三个垫梁C10-1/间隔撑及螺栓-1/间隔撑上的螺栓-1/六五墩螺母-19
				/*	5:type	*/	基本器材\六五墩螺母.SLDPRT
				/*	5:location	*/	0.844007	-0.536332	-1.38778E-17	0.0	2.69168E-17	1.64827E-17	1.0	0.0	-0.536332	-0.844007	2.83478E-17	0.0	-0.178849	-0.102019	0.0035	1.0
				/*	5:child_number	*/	0
				/*	5:name	*/	三个垫梁C10-1/间隔撑及螺栓-1/间隔撑上的螺栓-1/六五墩螺母-20
				/*	5:type	*/	基本器材\六五墩螺母.SLDPRT
				/*	5:location	*/	0.844007	-0.536332	-1.38778E-17	0.0	2.69168E-17	1.64827E-17	1.0	0.0	-0.536332	-0.844007	2.83478E-17	0.0	-0.254105	0.0112792	0.0035	1.0
				/*	5:child_number	*/	0
				/*	5:name	*/	三个垫梁C10-1/间隔撑及螺栓-1/间隔撑上的螺栓-1/六五墩螺母-21
				/*	5:type	*/	基本器材\六五墩螺母.SLDPRT
				/*	5:location	*/	0.844007	-0.536332	-1.38778E-17	0.0	2.69168E-17	1.64827E-17	1.0	0.0	-0.536332	-0.844007	2.83478E-17	0.0	-0.258777	-0.0986215	0.0035	1.0
				/*	5:child_number	*/	0
		/*	3:name	*/	三个垫梁C10-1/间隔撑及螺栓-2
		/*	3:type	*/	基本组合\间隔撑及螺栓.SLDASM
		/*	3:location	*/	-1.48492E-15	-1.0	3.46945E-18	0.0	-1.0	1.46987E-15	-1.2326E-32	0.0	-1.11022E-16	-8.10976E-19	-1.0	0.0	0.177962	-0.144816	-0.15	1.0
		/*	3:child_number	*/	2
			/*	4:name	*/	三个垫梁C10-1/间隔撑及螺栓-2/C18_间隔撑-1
			/*	4:type	*/	基本器材\C18_间隔撑.SLDPRT
			/*	4:location	*/	1.0	2.24083E-32	0.0	0.0	2.24083E-32	1.0	0.0	0.0	0.0	0.0	1.0	0.0	-0.170516	-0.105817	-0.1435	1.0
			/*	4:child_number	*/	0
			/*	4:name	*/	三个垫梁C10-1/间隔撑及螺栓-2/间隔撑上的螺栓-1
			/*	4:type	*/	基本组合\间隔撑上的螺栓.SLDASM
			/*	4:location	*/	-0.999098	0.0424734	-3.9443E-31	0.0	0.0424734	0.999098	0.0	0.0	0.0	0.0	-1.0	0.0	-0.14487	0.0487065	-0.153	1.0
			/*	4:child_number	*/	16
				/*	5:name	*/	三个垫梁C10-1/间隔撑及螺栓-2/间隔撑上的螺栓-1/M80螺栓-1
				/*	5:type	*/	基本器材\M80螺栓.SLDPRT
				/*	5:location	*/	1.0	-5.13752E-31	-3.9443E-31	0.0	-5.13752E-31	1.0	2.46519E-32	0.0	-3.9443E-31	-2.46519E-32	1.0	0.0	-0.0143216	0.0010856	-0.0375	1.0
				/*	5:child_number	*/	0
				/*	5:name	*/	三个垫梁C10-1/间隔撑及螺栓-2/间隔撑上的螺栓-1/M80螺栓-10
				/*	5:type	*/	基本器材\M80螺栓.SLDPRT
				/*	5:location	*/	1.0	-5.13752E-31	-3.9443E-31	0.0	-5.13752E-31	1.0	2.46519E-32	0.0	-3.9443E-31	-2.46519E-32	1.0	0.0	-0.254105	0.0112792	-0.0375	1.0
				/*	5:child_number	*/	0
				/*	5:name	*/	三个垫梁C10-1/间隔撑及螺栓-2/间隔撑上的螺栓-1/M80螺栓-11
				/*	5:type	*/	基本器材\M80螺栓.SLDPRT
				/*	5:location	*/	1.0	-5.13752E-31	-3.9443E-31	0.0	-5.13752E-31	1.0	2.46519E-32	0.0	-3.9443E-31	-2.46519E-32	1.0	0.0	-0.258777	-0.0986215	-0.0375	1.0
				/*	5:child_number	*/	0
				/*	5:name	*/	三个垫梁C10-1/间隔撑及螺栓-2/间隔撑上的螺栓-1/M80螺栓-5
				/*	5:type	*/	基本器材\M80螺栓.SLDPRT
				/*	5:location	*/	1.0	-5.13752E-31	-3.9443E-31	0.0	-5.13752E-31	1.0	2.46519E-32	0.0	-3.9443E-31	-2.46519E-32	1.0	0.0	-0.0189936	-0.108815	-0.0375	1.0
				/*	5:child_number	*/	0
				/*	5:name	*/	三个垫梁C10-1/间隔撑及螺栓-2/间隔撑上的螺栓-1/M80螺栓-6
				/*	5:type	*/	基本器材\M80螺栓.SLDPRT
				/*	5:location	*/	1.0	-5.13752E-31	-3.9443E-31	0.0	-5.13752E-31	1.0	2.46519E-32	0.0	-3.9443E-31	-2.46519E-32	1.0	0.0	-0.0942494	0.00448347	-0.0375	1.0
				/*	5:child_number	*/	0
				/*	5:name	*/	三个垫梁C10-1/间隔撑及螺栓-2/间隔撑上的螺栓-1/M80螺栓-7
				/*	5:type	*/	基本器材\M80螺栓.SLDPRT
				/*	5:location	*/	1.0	-5.13752E-31	-3.9443E-31	0.0	-5.13752E-31	1.0	2.46519E-32	0.0	-3.9443E-31	-2.46519E-32	1.0	0.0	-0.0989214	-0.105417	-0.0375	1.0
				/*	5:child_number	*/	0
				/*	5:name	*/	三个垫梁C10-1/间隔撑及螺栓-2/间隔撑上的螺栓-1/M80螺栓-8
				/*	5:type	*/	基本器材\M80螺栓.SLDPRT
				/*	5:location	*/	1.0	-5.13752E-31	-3.9443E-31	0.0	-5.13752E-31	1.0	2.46519E-32	0.0	-3.9443E-31	-2.46519E-32	1.0	0.0	-0.174177	0.00788134	-0.0375	1.0
				/*	5:child_number	*/	0
				/*	5:name	*/	三个垫梁C10-1/间隔撑及螺栓-2/间隔撑上的螺栓-1/M80螺栓-9
				/*	5:type	*/	基本器材\M80螺栓.SLDPRT
				/*	5:location	*/	1.0	-5.13752E-31	-3.9443E-31	0.0	-5.13752E-31	1.0	2.46519E-32	0.0	-3.9443E-31	-2.46519E-32	1.0	0.0	-0.178849	-0.102019	-0.0375	1.0
				/*	5:child_number	*/	0
				/*	5:name	*/	三个垫梁C10-1/间隔撑及螺栓-2/间隔撑上的螺栓-1/六五墩螺母-1
				/*	5:type	*/	基本器材\六五墩螺母.SLDPRT
				/*	5:location	*/	0.844007	-0.536332	-1.38778E-17	0.0	2.69168E-17	1.64827E-17	1.0	0.0	-0.536332	-0.844007	2.83478E-17	0.0	-0.0143216	0.0010856	0.0035	1.0
				/*	5:child_number	*/	0
				/*	5:name	*/	三个垫梁C10-1/间隔撑及螺栓-2/间隔撑上的螺栓-1/六五墩螺母-15
				/*	5:type	*/	基本器材\六五墩螺母.SLDPRT
				/*	5:location	*/	0.844007	-0.536332	-1.38778E-17	0.0	2.69168E-17	1.64827E-17	1.0	0.0	-0.536332	-0.844007	2.83478E-17	0.0	-0.0189936	-0.108815	0.0035	1.0
				/*	5:child_number	*/	0
				/*	5:name	*/	三个垫梁C10-1/间隔撑及螺栓-2/间隔撑上的螺栓-1/六五墩螺母-16
				/*	5:type	*/	基本器材\六五墩螺母.SLDPRT
				/*	5:location	*/	0.844007	-0.536332	-1.38778E-17	0.0	2.69168E-17	1.64827E-17	1.0	0.0	-0.536332	-0.844007	2.83478E-17	0.0	-0.0942494	0.00448347	0.0035	1.0
				/*	5:child_number	*/	0
				/*	5:name	*/	三个垫梁C10-1/间隔撑及螺栓-2/间隔撑上的螺栓-1/六五墩螺母-17
				/*	5:type	*/	基本器材\六五墩螺母.SLDPRT
				/*	5:location	*/	0.844007	-0.536332	-1.38778E-17	0.0	2.69168E-17	1.64827E-17	1.0	0.0	-0.536332	-0.844007	2.83478E-17	0.0	-0.0989214	-0.105417	0.0035	1.0
				/*	5:child_number	*/	0
				/*	5:name	*/	三个垫梁C10-1/间隔撑及螺栓-2/间隔撑上的螺栓-1/六五墩螺母-18
				/*	5:type	*/	基本器材\六五墩螺母.SLDPRT
				/*	5:location	*/	0.844007	-0.536332	-1.38778E-17	0.0	2.69168E-17	1.64827E-17	1.0	0.0	-0.536332	-0.844007	2.83478E-17	0.0	-0.174177	0.00788134	0.0035	1.0
				/*	5:child_number	*/	0
				/*	5:name	*/	三个垫梁C10-1/间隔撑及螺栓-2/间隔撑上的螺栓-1/六五墩螺母-19
				/*	5:type	*/	基本器材\六五墩螺母.SLDPRT
				/*	5:location	*/	0.844007	-0.536332	-1.38778E-17	0.0	2.69168E-17	1.64827E-17	1.0	0.0	-0.536332	-0.844007	2.83478E-17	0.0	-0.178849	-0.102019	0.0035	1.0
				/*	5:child_number	*/	0
				/*	5:name	*/	三个垫梁C10-1/间隔撑及螺栓-2/间隔撑上的螺栓-1/六五墩螺母-20
				/*	5:type	*/	基本器材\六五墩螺母.SLDPRT
				/*	5:location	*/	0.844007	-0.536332	-1.38778E-17	0.0	2.69168E-17	1.64827E-17	1.0	0.0	-0.536332	-0.844007	2.83478E-17	0.0	-0.254105	0.0112792	0.0035	1.0
				/*	5:child_number	*/	0
				/*	5:name	*/	三个垫梁C10-1/间隔撑及螺栓-2/间隔撑上的螺栓-1/六五墩螺母-21
				/*	5:type	*/	基本器材\六五墩螺母.SLDPRT
				/*	5:location	*/	0.844007	-0.536332	-1.38778E-17	0.0	2.69168E-17	1.64827E-17	1.0	0.0	-0.536332	-0.844007	2.83478E-17	0.0	-0.258777	-0.0986215	0.0035	1.0
				/*	5:child_number	*/	0
		/*	3:name	*/	三个垫梁C10-1/间隔撑及螺栓-3
		/*	3:type	*/	基本组合\间隔撑及螺栓.SLDASM
		/*	3:location	*/	-1.48492E-15	-1.0	3.46945E-18	0.0	-1.0	1.46987E-15	-1.2326E-32	0.0	-1.11022E-16	-8.10976E-19	-1.0	0.0	-1.02204	-0.144816	-0.15	1.0
		/*	3:child_number	*/	2
			/*	4:name	*/	三个垫梁C10-1/间隔撑及螺栓-3/C18_间隔撑-1
			/*	4:type	*/	基本器材\C18_间隔撑.SLDPRT
			/*	4:location	*/	1.0	2.24083E-32	0.0	0.0	2.24083E-32	1.0	0.0	0.0	0.0	0.0	1.0	0.0	-0.170516	-0.105817	-0.1435	1.0
			/*	4:child_number	*/	0
			/*	4:name	*/	三个垫梁C10-1/间隔撑及螺栓-3/间隔撑上的螺栓-1
			/*	4:type	*/	基本组合\间隔撑上的螺栓.SLDASM
			/*	4:location	*/	-0.999098	0.0424734	-3.9443E-31	0.0	0.0424734	0.999098	0.0	0.0	0.0	0.0	-1.0	0.0	-0.14487	0.0487065	-0.153	1.0
			/*	4:child_number	*/	16
				/*	5:name	*/	三个垫梁C10-1/间隔撑及螺栓-3/间隔撑上的螺栓-1/M80螺栓-1
				/*	5:type	*/	基本器材\M80螺栓.SLDPRT
				/*	5:location	*/	1.0	-5.13752E-31	-3.9443E-31	0.0	-5.13752E-31	1.0	2.46519E-32	0.0	-3.9443E-31	-2.46519E-32	1.0	0.0	-0.0143216	0.0010856	-0.0375	1.0
				/*	5:child_number	*/	0
				/*	5:name	*/	三个垫梁C10-1/间隔撑及螺栓-3/间隔撑上的螺栓-1/M80螺栓-10
				/*	5:type	*/	基本器材\M80螺栓.SLDPRT
				/*	5:location	*/	1.0	-5.13752E-31	-3.9443E-31	0.0	-5.13752E-31	1.0	2.46519E-32	0.0	-3.9443E-31	-2.46519E-32	1.0	0.0	-0.254105	0.0112792	-0.0375	1.0
				/*	5:child_number	*/	0
				/*	5:name	*/	三个垫梁C10-1/间隔撑及螺栓-3/间隔撑上的螺栓-1/M80螺栓-11
				/*	5:type	*/	基本器材\M80螺栓.SLDPRT
				/*	5:location	*/	1.0	-5.13752E-31	-3.9443E-31	0.0	-5.13752E-31	1.0	2.46519E-32	0.0	-3.9443E-31	-2.46519E-32	1.0	0.0	-0.258777	-0.0986215	-0.0375	1.0
				/*	5:child_number	*/	0
				/*	5:name	*/	三个垫梁C10-1/间隔撑及螺栓-3/间隔撑上的螺栓-1/M80螺栓-5
				/*	5:type	*/	基本器材\M80螺栓.SLDPRT
				/*	5:location	*/	1.0	-5.13752E-31	-3.9443E-31	0.0	-5.13752E-31	1.0	2.46519E-32	0.0	-3.9443E-31	-2.46519E-32	1.0	0.0	-0.0189936	-0.108815	-0.0375	1.0
				/*	5:child_number	*/	0
				/*	5:name	*/	三个垫梁C10-1/间隔撑及螺栓-3/间隔撑上的螺栓-1/M80螺栓-6
				/*	5:type	*/	基本器材\M80螺栓.SLDPRT
				/*	5:location	*/	1.0	-5.13752E-31	-3.9443E-31	0.0	-5.13752E-31	1.0	2.46519E-32	0.0	-3.9443E-31	-2.46519E-32	1.0	0.0	-0.0942494	0.00448347	-0.0375	1.0
				/*	5:child_number	*/	0
				/*	5:name	*/	三个垫梁C10-1/间隔撑及螺栓-3/间隔撑上的螺栓-1/M80螺栓-7
				/*	5:type	*/	基本器材\M80螺栓.SLDPRT
				/*	5:location	*/	1.0	-5.13752E-31	-3.9443E-31	0.0	-5.13752E-31	1.0	2.46519E-32	0.0	-3.9443E-31	-2.46519E-32	1.0	0.0	-0.0989214	-0.105417	-0.0375	1.0
				/*	5:child_number	*/	0
				/*	5:name	*/	三个垫梁C10-1/间隔撑及螺栓-3/间隔撑上的螺栓-1/M80螺栓-8
				/*	5:type	*/	基本器材\M80螺栓.SLDPRT
				/*	5:location	*/	1.0	-5.13752E-31	-3.9443E-31	0.0	-5.13752E-31	1.0	2.46519E-32	0.0	-3.9443E-31	-2.46519E-32	1.0	0.0	-0.174177	0.00788134	-0.0375	1.0
				/*	5:child_number	*/	0
				/*	5:name	*/	三个垫梁C10-1/间隔撑及螺栓-3/间隔撑上的螺栓-1/M80螺栓-9
				/*	5:type	*/	基本器材\M80螺栓.SLDPRT
				/*	5:location	*/	1.0	-5.13752E-31	-3.9443E-31	0.0	-5.13752E-31	1.0	2.46519E-32	0.0	-3.9443E-31	-2.46519E-32	1.0	0.0	-0.178849	-0.102019	-0.0375	1.0
				/*	5:child_number	*/	0
				/*	5:name	*/	三个垫梁C10-1/间隔撑及螺栓-3/间隔撑上的螺栓-1/六五墩螺母-1
				/*	5:type	*/	基本器材\六五墩螺母.SLDPRT
				/*	5:location	*/	0.844007	-0.536332	-1.38778E-17	0.0	2.69168E-17	1.64827E-17	1.0	0.0	-0.536332	-0.844007	2.83478E-17	0.0	-0.0143216	0.0010856	0.0035	1.0
				/*	5:child_number	*/	0
				/*	5:name	*/	三个垫梁C10-1/间隔撑及螺栓-3/间隔撑上的螺栓-1/六五墩螺母-15
				/*	5:type	*/	基本器材\六五墩螺母.SLDPRT
				/*	5:location	*/	0.844007	-0.536332	-1.38778E-17	0.0	2.69168E-17	1.64827E-17	1.0	0.0	-0.536332	-0.844007	2.83478E-17	0.0	-0.0189936	-0.108815	0.0035	1.0
				/*	5:child_number	*/	0
				/*	5:name	*/	三个垫梁C10-1/间隔撑及螺栓-3/间隔撑上的螺栓-1/六五墩螺母-16
				/*	5:type	*/	基本器材\六五墩螺母.SLDPRT
				/*	5:location	*/	0.844007	-0.536332	-1.38778E-17	0.0	2.69168E-17	1.64827E-17	1.0	0.0	-0.536332	-0.844007	2.83478E-17	0.0	-0.0942494	0.00448347	0.0035	1.0
				/*	5:child_number	*/	0
				/*	5:name	*/	三个垫梁C10-1/间隔撑及螺栓-3/间隔撑上的螺栓-1/六五墩螺母-17
				/*	5:type	*/	基本器材\六五墩螺母.SLDPRT
				/*	5:location	*/	0.844007	-0.536332	-1.38778E-17	0.0	2.69168E-17	1.64827E-17	1.0	0.0	-0.536332	-0.844007	2.83478E-17	0.0	-0.0989214	-0.105417	0.0035	1.0
				/*	5:child_number	*/	0
				/*	5:name	*/	三个垫梁C10-1/间隔撑及螺栓-3/间隔撑上的螺栓-1/六五墩螺母-18
				/*	5:type	*/	基本器材\六五墩螺母.SLDPRT
				/*	5:location	*/	0.844007	-0.536332	-1.38778E-17	0.0	2.69168E-17	1.64827E-17	1.0	0.0	-0.536332	-0.844007	2.83478E-17	0.0	-0.174177	0.00788134	0.0035	1.0
				/*	5:child_number	*/	0
				/*	5:name	*/	三个垫梁C10-1/间隔撑及螺栓-3/间隔撑上的螺栓-1/六五墩螺母-19
				/*	5:type	*/	基本器材\六五墩螺母.SLDPRT
				/*	5:location	*/	0.844007	-0.536332	-1.38778E-17	0.0	2.69168E-17	1.64827E-17	1.0	0.0	-0.536332	-0.844007	2.83478E-17	0.0	-0.178849	-0.102019	0.0035	1.0
				/*	5:child_number	*/	0
				/*	5:name	*/	三个垫梁C10-1/间隔撑及螺栓-3/间隔撑上的螺栓-1/六五墩螺母-20
				/*	5:type	*/	基本器材\六五墩螺母.SLDPRT
				/*	5:location	*/	0.844007	-0.536332	-1.38778E-17	0.0	2.69168E-17	1.64827E-17	1.0	0.0	-0.536332	-0.844007	2.83478E-17	0.0	-0.254105	0.0112792	0.0035	1.0
				/*	5:child_number	*/	0
				/*	5:name	*/	三个垫梁C10-1/间隔撑及螺栓-3/间隔撑上的螺栓-1/六五墩螺母-21
				/*	5:type	*/	基本器材\六五墩螺母.SLDPRT
				/*	5:location	*/	0.844007	-0.536332	-1.38778E-17	0.0	2.69168E-17	1.64827E-17	1.0	0.0	-0.536332	-0.844007	2.83478E-17	0.0	-0.258777	-0.0986215	0.0035	1.0
				/*	5:child_number	*/	0
		/*	3:name	*/	三个垫梁C10-1/间隔撑连接3根垫粱-1
		/*	3:type	*/	基本组合\间隔撑连接3根垫粱.SLDASM
		/*	3:location	*/	8.32667E-16	-1.0	0.0	0.0	1.0	8.47725E-16	0.0	0.0	1.11022E-16	-2.65847E-18	1.0	0.0	1.37261	-0.147587	-0.45	1.0
		/*	3:child_number	*/	3
			/*	4:name	*/	三个垫梁C10-1/间隔撑连接3根垫粱-1/C18_间隔撑-1
			/*	4:type	*/	基本器材\C18_间隔撑.SLDPRT
			/*	4:location	*/	1.0	-2.21194E-32	0.0	0.0	-2.21194E-32	1.0	0.0	0.0	0.0	0.0	1.0	0.0	-0.173287	-0.0888331	-0.1435	1.0
			/*	4:child_number	*/	0
			/*	4:name	*/	三个垫梁C10-1/间隔撑连接3根垫粱-1/间隔撑上的螺栓-1
			/*	4:type	*/	基本组合\间隔撑上的螺栓.SLDASM
			/*	4:location	*/	0.999098	0.0424734	0.0	0.0	-0.0424734	0.999098	0.0	0.0	0.0	0.0	1.0	0.0	0.121068	0.0656905	-0.134	1.0
			/*	4:child_number	*/	16
				/*	5:name	*/	三个垫梁C10-1/间隔撑连接3根垫粱-1/间隔撑上的螺栓-1/M80螺栓-1
				/*	5:type	*/	基本器材\M80螺栓.SLDPRT
				/*	5:location	*/	1.0	-5.12689E-31	-3.9443E-31	0.0	-5.12689E-31	1.0	0.0	0.0	3.9443E-31	-2.46519E-32	1.0	0.0	-0.0143216	0.0010856	-0.0375	1.0
				/*	5:child_number	*/	0
				/*	5:name	*/	三个垫梁C10-1/间隔撑连接3根垫粱-1/间隔撑上的螺栓-1/M80螺栓-10
				/*	5:type	*/	基本器材\M80螺栓.SLDPRT
				/*	5:location	*/	1.0	-5.12689E-31	-3.9443E-31	0.0	-5.12689E-31	1.0	0.0	0.0	3.9443E-31	-2.46519E-32	1.0	0.0	-0.254105	0.0112792	-0.0375	1.0
				/*	5:child_number	*/	0
				/*	5:name	*/	三个垫梁C10-1/间隔撑连接3根垫粱-1/间隔撑上的螺栓-1/M80螺栓-11
				/*	5:type	*/	基本器材\M80螺栓.SLDPRT
				/*	5:location	*/	1.0	-5.12689E-31	-3.9443E-31	0.0	-5.12689E-31	1.0	0.0	0.0	3.9443E-31	-2.46519E-32	1.0	0.0	-0.258777	-0.0986215	-0.0375	1.0
				/*	5:child_number	*/	0
				/*	5:name	*/	三个垫梁C10-1/间隔撑连接3根垫粱-1/间隔撑上的螺栓-1/M80螺栓-5
				/*	5:type	*/	基本器材\M80螺栓.SLDPRT
				/*	5:location	*/	1.0	-5.12689E-31	-3.9443E-31	0.0	-5.12689E-31	1.0	0.0	0.0	3.9443E-31	-2.46519E-32	1.0	0.0	-0.0189936	-0.108815	-0.0375	1.0
				/*	5:child_number	*/	0
				/*	5:name	*/	三个垫梁C10-1/间隔撑连接3根垫粱-1/间隔撑上的螺栓-1/M80螺栓-6
				/*	5:type	*/	基本器材\M80螺栓.SLDPRT
				/*	5:location	*/	1.0	-5.12689E-31	-3.9443E-31	0.0	-5.12689E-31	1.0	0.0	0.0	3.9443E-31	-2.46519E-32	1.0	0.0	-0.0942494	0.00448347	-0.0375	1.0
				/*	5:child_number	*/	0
				/*	5:name	*/	三个垫梁C10-1/间隔撑连接3根垫粱-1/间隔撑上的螺栓-1/M80螺栓-7
				/*	5:type	*/	基本器材\M80螺栓.SLDPRT
				/*	5:location	*/	1.0	-5.12689E-31	-3.9443E-31	0.0	-5.12689E-31	1.0	0.0	0.0	3.9443E-31	-2.46519E-32	1.0	0.0	-0.0989214	-0.105417	-0.0375	1.0
				/*	5:child_number	*/	0
				/*	5:name	*/	三个垫梁C10-1/间隔撑连接3根垫粱-1/间隔撑上的螺栓-1/M80螺栓-8
				/*	5:type	*/	基本器材\M80螺栓.SLDPRT
				/*	5:location	*/	1.0	-5.12689E-31	-3.9443E-31	0.0	-5.12689E-31	1.0	0.0	0.0	3.9443E-31	-2.46519E-32	1.0	0.0	-0.174177	0.00788134	-0.0375	1.0
				/*	5:child_number	*/	0
				/*	5:name	*/	三个垫梁C10-1/间隔撑连接3根垫粱-1/间隔撑上的螺栓-1/M80螺栓-9
				/*	5:type	*/	基本器材\M80螺栓.SLDPRT
				/*	5:location	*/	1.0	-5.12689E-31	-3.9443E-31	0.0	-5.12689E-31	1.0	0.0	0.0	3.9443E-31	-2.46519E-32	1.0	0.0	-0.178849	-0.102019	-0.0375	1.0
				/*	5:child_number	*/	0
				/*	5:name	*/	三个垫梁C10-1/间隔撑连接3根垫粱-1/间隔撑上的螺栓-1/六五墩螺母-1
				/*	5:type	*/	基本器材\六五墩螺母.SLDPRT
				/*	5:location	*/	0.844007	-0.536332	-1.38778E-17	0.0	2.69168E-17	1.64827E-17	1.0	0.0	-0.536332	-0.844007	2.83478E-17	0.0	-0.0143216	0.0010856	0.0035	1.0
				/*	5:child_number	*/	0
				/*	5:name	*/	三个垫梁C10-1/间隔撑连接3根垫粱-1/间隔撑上的螺栓-1/六五墩螺母-15
				/*	5:type	*/	基本器材\六五墩螺母.SLDPRT
				/*	5:location	*/	0.844007	-0.536332	-1.38778E-17	0.0	2.69168E-17	1.64827E-17	1.0	0.0	-0.536332	-0.844007	2.83478E-17	0.0	-0.0189936	-0.108815	0.0035	1.0
				/*	5:child_number	*/	0
				/*	5:name	*/	三个垫梁C10-1/间隔撑连接3根垫粱-1/间隔撑上的螺栓-1/六五墩螺母-16
				/*	5:type	*/	基本器材\六五墩螺母.SLDPRT
				/*	5:location	*/	0.844007	-0.536332	-1.38778E-17	0.0	2.69168E-17	1.64827E-17	1.0	0.0	-0.536332	-0.844007	2.83478E-17	0.0	-0.0942494	0.00448347	0.0035	1.0
				/*	5:child_number	*/	0
				/*	5:name	*/	三个垫梁C10-1/间隔撑连接3根垫粱-1/间隔撑上的螺栓-1/六五墩螺母-17
				/*	5:type	*/	基本器材\六五墩螺母.SLDPRT
				/*	5:location	*/	0.844007	-0.536332	-1.38778E-17	0.0	2.69168E-17	1.64827E-17	1.0	0.0	-0.536332	-0.844007	2.83478E-17	0.0	-0.0989214	-0.105417	0.0035	1.0
				/*	5:child_number	*/	0
				/*	5:name	*/	三个垫梁C10-1/间隔撑连接3根垫粱-1/间隔撑上的螺栓-1/六五墩螺母-18
				/*	5:type	*/	基本器材\六五墩螺母.SLDPRT
				/*	5:location	*/	0.844007	-0.536332	-1.38778E-17	0.0	2.69168E-17	1.64827E-17	1.0	0.0	-0.536332	-0.844007	2.83478E-17	0.0	-0.174177	0.00788134	0.0035	1.0
				/*	5:child_number	*/	0
				/*	5:name	*/	三个垫梁C10-1/间隔撑连接3根垫粱-1/间隔撑上的螺栓-1/六五墩螺母-19
				/*	5:type	*/	基本器材\六五墩螺母.SLDPRT
				/*	5:location	*/	0.844007	-0.536332	-1.38778E-17	0.0	2.69168E-17	1.64827E-17	1.0	0.0	-0.536332	-0.844007	2.83478E-17	0.0	-0.178849	-0.102019	0.0035	1.0
				/*	5:child_number	*/	0
				/*	5:name	*/	三个垫梁C10-1/间隔撑连接3根垫粱-1/间隔撑上的螺栓-1/六五墩螺母-20
				/*	5:type	*/	基本器材\六五墩螺母.SLDPRT
				/*	5:location	*/	0.844007	-0.536332	-1.38778E-17	0.0	2.69168E-17	1.64827E-17	1.0	0.0	-0.536332	-0.844007	2.83478E-17	0.0	-0.254105	0.0112792	0.0035	1.0
				/*	5:child_number	*/	0
				/*	5:name	*/	三个垫梁C10-1/间隔撑连接3根垫粱-1/间隔撑上的螺栓-1/六五墩螺母-21
				/*	5:type	*/	基本器材\六五墩螺母.SLDPRT
				/*	5:location	*/	0.844007	-0.536332	-1.38778E-17	0.0	2.69168E-17	1.64827E-17	1.0	0.0	-0.536332	-0.844007	2.83478E-17	0.0	-0.258777	-0.0986215	0.0035	1.0
				/*	5:child_number	*/	0
			/*	4:name	*/	三个垫梁C10-1/间隔撑连接3根垫粱-1/间隔撑上的螺栓2-2
			/*	4:type	*/	基本组合\间隔撑上的螺栓2.SLDASM
			/*	4:location	*/	0.999098	0.0424734	0.0	0.0	-0.0424734	0.999098	0.0	0.0	0.0	0.0	1.0	0.0	0.121068	0.0656905	0.153	1.0
			/*	4:child_number	*/	16
				/*	5:name	*/	三个垫梁C10-1/间隔撑连接3根垫粱-1/间隔撑上的螺栓2-2/M80螺栓-1
				/*	5:type	*/	基本器材\M80螺栓.SLDPRT
				/*	5:location	*/	1.0	-5.12689E-31	-3.9443E-31	0.0	-5.12689E-31	1.0	0.0	0.0	3.9443E-31	-2.46519E-32	1.0	0.0	-0.0143216	0.0010856	-0.0375	1.0
				/*	5:child_number	*/	0
				/*	5:name	*/	三个垫梁C10-1/间隔撑连接3根垫粱-1/间隔撑上的螺栓2-2/M80螺栓-10
				/*	5:type	*/	基本器材\M80螺栓.SLDPRT
				/*	5:location	*/	1.0	-5.12689E-31	-3.9443E-31	0.0	-5.12689E-31	1.0	0.0	0.0	3.9443E-31	-2.46519E-32	1.0	0.0	-0.254105	0.0112792	-0.0375	1.0
				/*	5:child_number	*/	0
				/*	5:name	*/	三个垫梁C10-1/间隔撑连接3根垫粱-1/间隔撑上的螺栓2-2/M80螺栓-11
				/*	5:type	*/	基本器材\M80螺栓.SLDPRT
				/*	5:location	*/	1.0	-5.12689E-31	-3.9443E-31	0.0	-5.12689E-31	1.0	0.0	0.0	3.9443E-31	-2.46519E-32	1.0	0.0	-0.258777	-0.0986215	-0.0375	1.0
				/*	5:child_number	*/	0
				/*	5:name	*/	三个垫梁C10-1/间隔撑连接3根垫粱-1/间隔撑上的螺栓2-2/M80螺栓-5
				/*	5:type	*/	基本器材\M80螺栓.SLDPRT
				/*	5:location	*/	1.0	-5.12689E-31	-3.9443E-31	0.0	-5.12689E-31	1.0	0.0	0.0	3.9443E-31	-2.46519E-32	1.0	0.0	-0.0189936	-0.108815	-0.0375	1.0
				/*	5:child_number	*/	0
				/*	5:name	*/	三个垫梁C10-1/间隔撑连接3根垫粱-1/间隔撑上的螺栓2-2/M80螺栓-6
				/*	5:type	*/	基本器材\M80螺栓.SLDPRT
				/*	5:location	*/	1.0	-5.12689E-31	-3.9443E-31	0.0	-5.12689E-31	1.0	0.0	0.0	3.9443E-31	-2.46519E-32	1.0	0.0	-0.0942494	0.00448347	-0.0375	1.0
				/*	5:child_number	*/	0
				/*	5:name	*/	三个垫梁C10-1/间隔撑连接3根垫粱-1/间隔撑上的螺栓2-2/M80螺栓-7
				/*	5:type	*/	基本器材\M80螺栓.SLDPRT
				/*	5:location	*/	1.0	-5.12689E-31	-3.9443E-31	0.0	-5.12689E-31	1.0	0.0	0.0	3.9443E-31	-2.46519E-32	1.0	0.0	-0.0989214	-0.105417	-0.0375	1.0
				/*	5:child_number	*/	0
				/*	5:name	*/	三个垫梁C10-1/间隔撑连接3根垫粱-1/间隔撑上的螺栓2-2/M80螺栓-8
				/*	5:type	*/	基本器材\M80螺栓.SLDPRT
				/*	5:location	*/	1.0	-5.12689E-31	-3.9443E-31	0.0	-5.12689E-31	1.0	0.0	0.0	3.9443E-31	-2.46519E-32	1.0	0.0	-0.174177	0.00788134	-0.0375	1.0
				/*	5:child_number	*/	0
				/*	5:name	*/	三个垫梁C10-1/间隔撑连接3根垫粱-1/间隔撑上的螺栓2-2/M80螺栓-9
				/*	5:type	*/	基本器材\M80螺栓.SLDPRT
				/*	5:location	*/	1.0	-5.12689E-31	-3.9443E-31	0.0	-5.12689E-31	1.0	0.0	0.0	3.9443E-31	-2.46519E-32	1.0	0.0	-0.178849	-0.102019	-0.0375	1.0
				/*	5:child_number	*/	0
				/*	5:name	*/	三个垫梁C10-1/间隔撑连接3根垫粱-1/间隔撑上的螺栓2-2/六五墩螺母-1
				/*	5:type	*/	基本器材\六五墩螺母.SLDPRT
				/*	5:location	*/	0.844007	-0.536332	-1.38778E-17	0.0	2.69168E-17	1.64827E-17	1.0	0.0	-0.536332	-0.844007	2.83478E-17	0.0	-0.0143216	0.0010856	0.0165	1.0
				/*	5:child_number	*/	0
				/*	5:name	*/	三个垫梁C10-1/间隔撑连接3根垫粱-1/间隔撑上的螺栓2-2/六五墩螺母-15
				/*	5:type	*/	基本器材\六五墩螺母.SLDPRT
				/*	5:location	*/	0.844007	-0.536332	-1.38778E-17	0.0	2.69168E-17	1.64827E-17	1.0	0.0	-0.536332	-0.844007	2.83478E-17	0.0	-0.0189936	-0.108815	0.0165	1.0
				/*	5:child_number	*/	0
				/*	5:name	*/	三个垫梁C10-1/间隔撑连接3根垫粱-1/间隔撑上的螺栓2-2/六五墩螺母-16
				/*	5:type	*/	基本器材\六五墩螺母.SLDPRT
				/*	5:location	*/	0.844007	-0.536332	-1.38778E-17	0.0	2.69168E-17	1.64827E-17	1.0	0.0	-0.536332	-0.844007	2.83478E-17	0.0	-0.0942494	0.00448347	0.0165	1.0
				/*	5:child_number	*/	0
				/*	5:name	*/	三个垫梁C10-1/间隔撑连接3根垫粱-1/间隔撑上的螺栓2-2/六五墩螺母-17
				/*	5:type	*/	基本器材\六五墩螺母.SLDPRT
				/*	5:location	*/	0.844007	-0.536332	-1.38778E-17	0.0	2.69168E-17	1.64827E-17	1.0	0.0	-0.536332	-0.844007	2.83478E-17	0.0	-0.0989214	-0.105417	0.0165	1.0
				/*	5:child_number	*/	0
				/*	5:name	*/	三个垫梁C10-1/间隔撑连接3根垫粱-1/间隔撑上的螺栓2-2/六五墩螺母-18
				/*	5:type	*/	基本器材\六五墩螺母.SLDPRT
				/*	5:location	*/	0.844007	-0.536332	-1.38778E-17	0.0	2.69168E-17	1.64827E-17	1.0	0.0	-0.536332	-0.844007	2.83478E-17	0.0	-0.174177	0.00788134	0.0165	1.0
				/*	5:child_number	*/	0
				/*	5:name	*/	三个垫梁C10-1/间隔撑连接3根垫粱-1/间隔撑上的螺栓2-2/六五墩螺母-19
				/*	5:type	*/	基本器材\六五墩螺母.SLDPRT
				/*	5:location	*/	0.844007	-0.536332	-1.38778E-17	0.0	2.69168E-17	1.64827E-17	1.0	0.0	-0.536332	-0.844007	2.83478E-17	0.0	-0.178849	-0.102019	0.0165	1.0
				/*	5:child_number	*/	0
				/*	5:name	*/	三个垫梁C10-1/间隔撑连接3根垫粱-1/间隔撑上的螺栓2-2/六五墩螺母-20
				/*	5:type	*/	基本器材\六五墩螺母.SLDPRT
				/*	5:location	*/	0.844007	-0.536332	-1.38778E-17	0.0	2.69168E-17	1.64827E-17	1.0	0.0	-0.536332	-0.844007	2.83478E-17	0.0	-0.254105	0.0112792	0.0165	1.0
				/*	5:child_number	*/	0
				/*	5:name	*/	三个垫梁C10-1/间隔撑连接3根垫粱-1/间隔撑上的螺栓2-2/六五墩螺母-21
				/*	5:type	*/	基本器材\六五墩螺母.SLDPRT
				/*	5:location	*/	0.844007	-0.536332	-1.38778E-17	0.0	2.69168E-17	1.64827E-17	1.0	0.0	-0.536332	-0.844007	2.83478E-17	0.0	-0.258777	-0.0986215	0.0165	1.0
				/*	5:child_number	*/	0
		/*	3:name	*/	三个垫梁C10-1/间隔撑连接3根垫粱-2
		/*	3:type	*/	基本组合\间隔撑连接3根垫粱.SLDASM
		/*	3:location	*/	8.32667E-16	-1.0	0.0	0.0	1.0	8.47725E-16	0.0	0.0	1.11022E-16	-2.65847E-18	1.0	0.0	0.172612	-0.147587	-0.45	1.0
		/*	3:child_number	*/	3
			/*	4:name	*/	三个垫梁C10-1/间隔撑连接3根垫粱-2/C18_间隔撑-1
			/*	4:type	*/	基本器材\C18_间隔撑.SLDPRT
			/*	4:location	*/	1.0	-2.21194E-32	0.0	0.0	-2.21194E-32	1.0	0.0	0.0	0.0	0.0	1.0	0.0	-0.173287	-0.0888331	-0.1435	1.0
			/*	4:child_number	*/	0
			/*	4:name	*/	三个垫梁C10-1/间隔撑连接3根垫粱-2/间隔撑上的螺栓-1
			/*	4:type	*/	基本组合\间隔撑上的螺栓.SLDASM
			/*	4:location	*/	0.999098	0.0424734	0.0	0.0	-0.0424734	0.999098	0.0	0.0	0.0	0.0	1.0	0.0	0.121068	0.0656905	-0.134	1.0
			/*	4:child_number	*/	16
				/*	5:name	*/	三个垫梁C10-1/间隔撑连接3根垫粱-2/间隔撑上的螺栓-1/M80螺栓-1
				/*	5:type	*/	基本器材\M80螺栓.SLDPRT
				/*	5:location	*/	1.0	-5.12689E-31	-3.9443E-31	0.0	-5.12689E-31	1.0	0.0	0.0	3.9443E-31	-2.46519E-32	1.0	0.0	-0.0143216	0.0010856	-0.0375	1.0
				/*	5:child_number	*/	0
				/*	5:name	*/	三个垫梁C10-1/间隔撑连接3根垫粱-2/间隔撑上的螺栓-1/M80螺栓-10
				/*	5:type	*/	基本器材\M80螺栓.SLDPRT
				/*	5:location	*/	1.0	-5.12689E-31	-3.9443E-31	0.0	-5.12689E-31	1.0	0.0	0.0	3.9443E-31	-2.46519E-32	1.0	0.0	-0.254105	0.0112792	-0.0375	1.0
				/*	5:child_number	*/	0
				/*	5:name	*/	三个垫梁C10-1/间隔撑连接3根垫粱-2/间隔撑上的螺栓-1/M80螺栓-11
				/*	5:type	*/	基本器材\M80螺栓.SLDPRT
				/*	5:location	*/	1.0	-5.12689E-31	-3.9443E-31	0.0	-5.12689E-31	1.0	0.0	0.0	3.9443E-31	-2.46519E-32	1.0	0.0	-0.258777	-0.0986215	-0.0375	1.0
				/*	5:child_number	*/	0
				/*	5:name	*/	三个垫梁C10-1/间隔撑连接3根垫粱-2/间隔撑上的螺栓-1/M80螺栓-5
				/*	5:type	*/	基本器材\M80螺栓.SLDPRT
				/*	5:location	*/	1.0	-5.12689E-31	-3.9443E-31	0.0	-5.12689E-31	1.0	0.0	0.0	3.9443E-31	-2.46519E-32	1.0	0.0	-0.0189936	-0.108815	-0.0375	1.0
				/*	5:child_number	*/	0
				/*	5:name	*/	三个垫梁C10-1/间隔撑连接3根垫粱-2/间隔撑上的螺栓-1/M80螺栓-6
				/*	5:type	*/	基本器材\M80螺栓.SLDPRT
				/*	5:location	*/	1.0	-5.12689E-31	-3.9443E-31	0.0	-5.12689E-31	1.0	0.0	0.0	3.9443E-31	-2.46519E-32	1.0	0.0	-0.0942494	0.00448347	-0.0375	1.0
				/*	5:child_number	*/	0
				/*	5:name	*/	三个垫梁C10-1/间隔撑连接3根垫粱-2/间隔撑上的螺栓-1/M80螺栓-7
				/*	5:type	*/	基本器材\M80螺栓.SLDPRT
				/*	5:location	*/	1.0	-5.12689E-31	-3.9443E-31	0.0	-5.12689E-31	1.0	0.0	0.0	3.9443E-31	-2.46519E-32	1.0	0.0	-0.0989214	-0.105417	-0.0375	1.0
				/*	5:child_number	*/	0
				/*	5:name	*/	三个垫梁C10-1/间隔撑连接3根垫粱-2/间隔撑上的螺栓-1/M80螺栓-8
				/*	5:type	*/	基本器材\M80螺栓.SLDPRT
				/*	5:location	*/	1.0	-5.12689E-31	-3.9443E-31	0.0	-5.12689E-31	1.0	0.0	0.0	3.9443E-31	-2.46519E-32	1.0	0.0	-0.174177	0.00788134	-0.0375	1.0
				/*	5:child_number	*/	0
				/*	5:name	*/	三个垫梁C10-1/间隔撑连接3根垫粱-2/间隔撑上的螺栓-1/M80螺栓-9
				/*	5:type	*/	基本器材\M80螺栓.SLDPRT
				/*	5:location	*/	1.0	-5.12689E-31	-3.9443E-31	0.0	-5.12689E-31	1.0	0.0	0.0	3.9443E-31	-2.46519E-32	1.0	0.0	-0.178849	-0.102019	-0.0375	1.0
				/*	5:child_number	*/	0
				/*	5:name	*/	三个垫梁C10-1/间隔撑连接3根垫粱-2/间隔撑上的螺栓-1/六五墩螺母-1
				/*	5:type	*/	基本器材\六五墩螺母.SLDPRT
				/*	5:location	*/	0.844007	-0.536332	-1.38778E-17	0.0	2.69168E-17	1.64827E-17	1.0	0.0	-0.536332	-0.844007	2.83478E-17	0.0	-0.0143216	0.0010856	0.0035	1.0
				/*	5:child_number	*/	0
				/*	5:name	*/	三个垫梁C10-1/间隔撑连接3根垫粱-2/间隔撑上的螺栓-1/六五墩螺母-15
				/*	5:type	*/	基本器材\六五墩螺母.SLDPRT
				/*	5:location	*/	0.844007	-0.536332	-1.38778E-17	0.0	2.69168E-17	1.64827E-17	1.0	0.0	-0.536332	-0.844007	2.83478E-17	0.0	-0.0189936	-0.108815	0.0035	1.0
				/*	5:child_number	*/	0
				/*	5:name	*/	三个垫梁C10-1/间隔撑连接3根垫粱-2/间隔撑上的螺栓-1/六五墩螺母-16
				/*	5:type	*/	基本器材\六五墩螺母.SLDPRT
				/*	5:location	*/	0.844007	-0.536332	-1.38778E-17	0.0	2.69168E-17	1.64827E-17	1.0	0.0	-0.536332	-0.844007	2.83478E-17	0.0	-0.0942494	0.00448347	0.0035	1.0
				/*	5:child_number	*/	0
				/*	5:name	*/	三个垫梁C10-1/间隔撑连接3根垫粱-2/间隔撑上的螺栓-1/六五墩螺母-17
				/*	5:type	*/	基本器材\六五墩螺母.SLDPRT
				/*	5:location	*/	0.844007	-0.536332	-1.38778E-17	0.0	2.69168E-17	1.64827E-17	1.0	0.0	-0.536332	-0.844007	2.83478E-17	0.0	-0.0989214	-0.105417	0.0035	1.0
				/*	5:child_number	*/	0
				/*	5:name	*/	三个垫梁C10-1/间隔撑连接3根垫粱-2/间隔撑上的螺栓-1/六五墩螺母-18
				/*	5:type	*/	基本器材\六五墩螺母.SLDPRT
				/*	5:location	*/	0.844007	-0.536332	-1.38778E-17	0.0	2.69168E-17	1.64827E-17	1.0	0.0	-0.536332	-0.844007	2.83478E-17	0.0	-0.174177	0.00788134	0.0035	1.0
				/*	5:child_number	*/	0
				/*	5:name	*/	三个垫梁C10-1/间隔撑连接3根垫粱-2/间隔撑上的螺栓-1/六五墩螺母-19
				/*	5:type	*/	基本器材\六五墩螺母.SLDPRT
				/*	5:location	*/	0.844007	-0.536332	-1.38778E-17	0.0	2.69168E-17	1.64827E-17	1.0	0.0	-0.536332	-0.844007	2.83478E-17	0.0	-0.178849	-0.102019	0.0035	1.0
				/*	5:child_number	*/	0
				/*	5:name	*/	三个垫梁C10-1/间隔撑连接3根垫粱-2/间隔撑上的螺栓-1/六五墩螺母-20
				/*	5:type	*/	基本器材\六五墩螺母.SLDPRT
				/*	5:location	*/	0.844007	-0.536332	-1.38778E-17	0.0	2.69168E-17	1.64827E-17	1.0	0.0	-0.536332	-0.844007	2.83478E-17	0.0	-0.254105	0.0112792	0.0035	1.0
				/*	5:child_number	*/	0
				/*	5:name	*/	三个垫梁C10-1/间隔撑连接3根垫粱-2/间隔撑上的螺栓-1/六五墩螺母-21
				/*	5:type	*/	基本器材\六五墩螺母.SLDPRT
				/*	5:location	*/	0.844007	-0.536332	-1.38778E-17	0.0	2.69168E-17	1.64827E-17	1.0	0.0	-0.536332	-0.844007	2.83478E-17	0.0	-0.258777	-0.0986215	0.0035	1.0
				/*	5:child_number	*/	0
			/*	4:name	*/	三个垫梁C10-1/间隔撑连接3根垫粱-2/间隔撑上的螺栓2-2
			/*	4:type	*/	基本组合\间隔撑上的螺栓2.SLDASM
			/*	4:location	*/	0.999098	0.0424734	0.0	0.0	-0.0424734	0.999098	0.0	0.0	0.0	0.0	1.0	0.0	0.121068	0.0656905	0.153	1.0
			/*	4:child_number	*/	16
				/*	5:name	*/	三个垫梁C10-1/间隔撑连接3根垫粱-2/间隔撑上的螺栓2-2/M80螺栓-1
				/*	5:type	*/	基本器材\M80螺栓.SLDPRT
				/*	5:location	*/	1.0	-5.12689E-31	-3.9443E-31	0.0	-5.12689E-31	1.0	0.0	0.0	3.9443E-31	-2.46519E-32	1.0	0.0	-0.0143216	0.0010856	-0.0375	1.0
				/*	5:child_number	*/	0
				/*	5:name	*/	三个垫梁C10-1/间隔撑连接3根垫粱-2/间隔撑上的螺栓2-2/M80螺栓-10
				/*	5:type	*/	基本器材\M80螺栓.SLDPRT
				/*	5:location	*/	1.0	-5.12689E-31	-3.9443E-31	0.0	-5.12689E-31	1.0	0.0	0.0	3.9443E-31	-2.46519E-32	1.0	0.0	-0.254105	0.0112792	-0.0375	1.0
				/*	5:child_number	*/	0
				/*	5:name	*/	三个垫梁C10-1/间隔撑连接3根垫粱-2/间隔撑上的螺栓2-2/M80螺栓-11
				/*	5:type	*/	基本器材\M80螺栓.SLDPRT
				/*	5:location	*/	1.0	-5.12689E-31	-3.9443E-31	0.0	-5.12689E-31	1.0	0.0	0.0	3.9443E-31	-2.46519E-32	1.0	0.0	-0.258777	-0.0986215	-0.0375	1.0
				/*	5:child_number	*/	0
				/*	5:name	*/	三个垫梁C10-1/间隔撑连接3根垫粱-2/间隔撑上的螺栓2-2/M80螺栓-5
				/*	5:type	*/	基本器材\M80螺栓.SLDPRT
				/*	5:location	*/	1.0	-5.12689E-31	-3.9443E-31	0.0	-5.12689E-31	1.0	0.0	0.0	3.9443E-31	-2.46519E-32	1.0	0.0	-0.0189936	-0.108815	-0.0375	1.0
				/*	5:child_number	*/	0
				/*	5:name	*/	三个垫梁C10-1/间隔撑连接3根垫粱-2/间隔撑上的螺栓2-2/M80螺栓-6
				/*	5:type	*/	基本器材\M80螺栓.SLDPRT
				/*	5:location	*/	1.0	-5.12689E-31	-3.9443E-31	0.0	-5.12689E-31	1.0	0.0	0.0	3.9443E-31	-2.46519E-32	1.0	0.0	-0.0942494	0.00448347	-0.0375	1.0
				/*	5:child_number	*/	0
				/*	5:name	*/	三个垫梁C10-1/间隔撑连接3根垫粱-2/间隔撑上的螺栓2-2/M80螺栓-7
				/*	5:type	*/	基本器材\M80螺栓.SLDPRT
				/*	5:location	*/	1.0	-5.12689E-31	-3.9443E-31	0.0	-5.12689E-31	1.0	0.0	0.0	3.9443E-31	-2.46519E-32	1.0	0.0	-0.0989214	-0.105417	-0.0375	1.0
				/*	5:child_number	*/	0
				/*	5:name	*/	三个垫梁C10-1/间隔撑连接3根垫粱-2/间隔撑上的螺栓2-2/M80螺栓-8
				/*	5:type	*/	基本器材\M80螺栓.SLDPRT
				/*	5:location	*/	1.0	-5.12689E-31	-3.9443E-31	0.0	-5.12689E-31	1.0	0.0	0.0	3.9443E-31	-2.46519E-32	1.0	0.0	-0.174177	0.00788134	-0.0375	1.0
				/*	5:child_number	*/	0
				/*	5:name	*/	三个垫梁C10-1/间隔撑连接3根垫粱-2/间隔撑上的螺栓2-2/M80螺栓-9
				/*	5:type	*/	基本器材\M80螺栓.SLDPRT
				/*	5:location	*/	1.0	-5.12689E-31	-3.9443E-31	0.0	-5.12689E-31	1.0	0.0	0.0	3.9443E-31	-2.46519E-32	1.0	0.0	-0.178849	-0.102019	-0.0375	1.0
				/*	5:child_number	*/	0
				/*	5:name	*/	三个垫梁C10-1/间隔撑连接3根垫粱-2/间隔撑上的螺栓2-2/六五墩螺母-1
				/*	5:type	*/	基本器材\六五墩螺母.SLDPRT
				/*	5:location	*/	0.844007	-0.536332	-1.38778E-17	0.0	2.69168E-17	1.64827E-17	1.0	0.0	-0.536332	-0.844007	2.83478E-17	0.0	-0.0143216	0.0010856	0.0165	1.0
				/*	5:child_number	*/	0
				/*	5:name	*/	三个垫梁C10-1/间隔撑连接3根垫粱-2/间隔撑上的螺栓2-2/六五墩螺母-15
				/*	5:type	*/	基本器材\六五墩螺母.SLDPRT
				/*	5:location	*/	0.844007	-0.536332	-1.38778E-17	0.0	2.69168E-17	1.64827E-17	1.0	0.0	-0.536332	-0.844007	2.83478E-17	0.0	-0.0189936	-0.108815	0.0165	1.0
				/*	5:child_number	*/	0
				/*	5:name	*/	三个垫梁C10-1/间隔撑连接3根垫粱-2/间隔撑上的螺栓2-2/六五墩螺母-16
				/*	5:type	*/	基本器材\六五墩螺母.SLDPRT
				/*	5:location	*/	0.844007	-0.536332	-1.38778E-17	0.0	2.69168E-17	1.64827E-17	1.0	0.0	-0.536332	-0.844007	2.83478E-17	0.0	-0.0942494	0.00448347	0.0165	1.0
				/*	5:child_number	*/	0
				/*	5:name	*/	三个垫梁C10-1/间隔撑连接3根垫粱-2/间隔撑上的螺栓2-2/六五墩螺母-17
				/*	5:type	*/	基本器材\六五墩螺母.SLDPRT
				/*	5:location	*/	0.844007	-0.536332	-1.38778E-17	0.0	2.69168E-17	1.64827E-17	1.0	0.0	-0.536332	-0.844007	2.83478E-17	0.0	-0.0989214	-0.105417	0.0165	1.0
				/*	5:child_number	*/	0
				/*	5:name	*/	三个垫梁C10-1/间隔撑连接3根垫粱-2/间隔撑上的螺栓2-2/六五墩螺母-18
				/*	5:type	*/	基本器材\六五墩螺母.SLDPRT
				/*	5:location	*/	0.844007	-0.536332	-1.38778E-17	0.0	2.69168E-17	1.64827E-17	1.0	0.0	-0.536332	-0.844007	2.83478E-17	0.0	-0.174177	0.00788134	0.0165	1.0
				/*	5:child_number	*/	0
				/*	5:name	*/	三个垫梁C10-1/间隔撑连接3根垫粱-2/间隔撑上的螺栓2-2/六五墩螺母-19
				/*	5:type	*/	基本器材\六五墩螺母.SLDPRT
				/*	5:location	*/	0.844007	-0.536332	-1.38778E-17	0.0	2.69168E-17	1.64827E-17	1.0	0.0	-0.536332	-0.844007	2.83478E-17	0.0	-0.178849	-0.102019	0.0165	1.0
				/*	5:child_number	*/	0
				/*	5:name	*/	三个垫梁C10-1/间隔撑连接3根垫粱-2/间隔撑上的螺栓2-2/六五墩螺母-20
				/*	5:type	*/	基本器材\六五墩螺母.SLDPRT
				/*	5:location	*/	0.844007	-0.536332	-1.38778E-17	0.0	2.69168E-17	1.64827E-17	1.0	0.0	-0.536332	-0.844007	2.83478E-17	0.0	-0.254105	0.0112792	0.0165	1.0
				/*	5:child_number	*/	0
				/*	5:name	*/	三个垫梁C10-1/间隔撑连接3根垫粱-2/间隔撑上的螺栓2-2/六五墩螺母-21
				/*	5:type	*/	基本器材\六五墩螺母.SLDPRT
				/*	5:location	*/	0.844007	-0.536332	-1.38778E-17	0.0	2.69168E-17	1.64827E-17	1.0	0.0	-0.536332	-0.844007	2.83478E-17	0.0	-0.258777	-0.0986215	0.0165	1.0
				/*	5:child_number	*/	0
		/*	3:name	*/	三个垫梁C10-1/间隔撑连接3根垫粱-3
		/*	3:type	*/	基本组合\间隔撑连接3根垫粱.SLDASM
		/*	3:location	*/	8.32667E-16	-1.0	0.0	0.0	1.0	8.47725E-16	0.0	0.0	1.11022E-16	-2.65847E-18	1.0	0.0	-1.02739	-0.147587	-0.45	1.0
		/*	3:child_number	*/	3
			/*	4:name	*/	三个垫梁C10-1/间隔撑连接3根垫粱-3/C18_间隔撑-1
			/*	4:type	*/	基本器材\C18_间隔撑.SLDPRT
			/*	4:location	*/	1.0	-2.21194E-32	0.0	0.0	-2.21194E-32	1.0	0.0	0.0	0.0	0.0	1.0	0.0	-0.173287	-0.0888331	-0.1435	1.0
			/*	4:child_number	*/	0
			/*	4:name	*/	三个垫梁C10-1/间隔撑连接3根垫粱-3/间隔撑上的螺栓-1
			/*	4:type	*/	基本组合\间隔撑上的螺栓.SLDASM
			/*	4:location	*/	0.999098	0.0424734	0.0	0.0	-0.0424734	0.999098	0.0	0.0	0.0	0.0	1.0	0.0	0.121068	0.0656905	-0.134	1.0
			/*	4:child_number	*/	16
				/*	5:name	*/	三个垫梁C10-1/间隔撑连接3根垫粱-3/间隔撑上的螺栓-1/M80螺栓-1
				/*	5:type	*/	基本器材\M80螺栓.SLDPRT
				/*	5:location	*/	1.0	-5.12689E-31	-3.9443E-31	0.0	-5.12689E-31	1.0	0.0	0.0	3.9443E-31	-2.46519E-32	1.0	0.0	-0.0143216	0.0010856	-0.0375	1.0
				/*	5:child_number	*/	0
				/*	5:name	*/	三个垫梁C10-1/间隔撑连接3根垫粱-3/间隔撑上的螺栓-1/M80螺栓-10
				/*	5:type	*/	基本器材\M80螺栓.SLDPRT
				/*	5:location	*/	1.0	-5.12689E-31	-3.9443E-31	0.0	-5.12689E-31	1.0	0.0	0.0	3.9443E-31	-2.46519E-32	1.0	0.0	-0.254105	0.0112792	-0.0375	1.0
				/*	5:child_number	*/	0
				/*	5:name	*/	三个垫梁C10-1/间隔撑连接3根垫粱-3/间隔撑上的螺栓-1/M80螺栓-11
				/*	5:type	*/	基本器材\M80螺栓.SLDPRT
				/*	5:location	*/	1.0	-5.12689E-31	-3.9443E-31	0.0	-5.12689E-31	1.0	0.0	0.0	3.9443E-31	-2.46519E-32	1.0	0.0	-0.258777	-0.0986215	-0.0375	1.0
				/*	5:child_number	*/	0
				/*	5:name	*/	三个垫梁C10-1/间隔撑连接3根垫粱-3/间隔撑上的螺栓-1/M80螺栓-5
				/*	5:type	*/	基本器材\M80螺栓.SLDPRT
				/*	5:location	*/	1.0	-5.12689E-31	-3.9443E-31	0.0	-5.12689E-31	1.0	0.0	0.0	3.9443E-31	-2.46519E-32	1.0	0.0	-0.0189936	-0.108815	-0.0375	1.0
				/*	5:child_number	*/	0
				/*	5:name	*/	三个垫梁C10-1/间隔撑连接3根垫粱-3/间隔撑上的螺栓-1/M80螺栓-6
				/*	5:type	*/	基本器材\M80螺栓.SLDPRT
				/*	5:location	*/	1.0	-5.12689E-31	-3.9443E-31	0.0	-5.12689E-31	1.0	0.0	0.0	3.9443E-31	-2.46519E-32	1.0	0.0	-0.0942494	0.00448347	-0.0375	1.0
				/*	5:child_number	*/	0
				/*	5:name	*/	三个垫梁C10-1/间隔撑连接3根垫粱-3/间隔撑上的螺栓-1/M80螺栓-7
				/*	5:type	*/	基本器材\M80螺栓.SLDPRT
				/*	5:location	*/	1.0	-5.12689E-31	-3.9443E-31	0.0	-5.12689E-31	1.0	0.0	0.0	3.9443E-31	-2.46519E-32	1.0	0.0	-0.0989214	-0.105417	-0.0375	1.0
				/*	5:child_number	*/	0
				/*	5:name	*/	三个垫梁C10-1/间隔撑连接3根垫粱-3/间隔撑上的螺栓-1/M80螺栓-8
				/*	5:type	*/	基本器材\M80螺栓.SLDPRT
				/*	5:location	*/	1.0	-5.12689E-31	-3.9443E-31	0.0	-5.12689E-31	1.0	0.0	0.0	3.9443E-31	-2.46519E-32	1.0	0.0	-0.174177	0.00788134	-0.0375	1.0
				/*	5:child_number	*/	0
				/*	5:name	*/	三个垫梁C10-1/间隔撑连接3根垫粱-3/间隔撑上的螺栓-1/M80螺栓-9
				/*	5:type	*/	基本器材\M80螺栓.SLDPRT
				/*	5:location	*/	1.0	-5.12689E-31	-3.9443E-31	0.0	-5.12689E-31	1.0	0.0	0.0	3.9443E-31	-2.46519E-32	1.0	0.0	-0.178849	-0.102019	-0.0375	1.0
				/*	5:child_number	*/	0
				/*	5:name	*/	三个垫梁C10-1/间隔撑连接3根垫粱-3/间隔撑上的螺栓-1/六五墩螺母-1
				/*	5:type	*/	基本器材\六五墩螺母.SLDPRT
				/*	5:location	*/	0.844007	-0.536332	-1.38778E-17	0.0	2.69168E-17	1.64827E-17	1.0	0.0	-0.536332	-0.844007	2.83478E-17	0.0	-0.0143216	0.0010856	0.0035	1.0
				/*	5:child_number	*/	0
				/*	5:name	*/	三个垫梁C10-1/间隔撑连接3根垫粱-3/间隔撑上的螺栓-1/六五墩螺母-15
				/*	5:type	*/	基本器材\六五墩螺母.SLDPRT
				/*	5:location	*/	0.844007	-0.536332	-1.38778E-17	0.0	2.69168E-17	1.64827E-17	1.0	0.0	-0.536332	-0.844007	2.83478E-17	0.0	-0.0189936	-0.108815	0.0035	1.0
				/*	5:child_number	*/	0
				/*	5:name	*/	三个垫梁C10-1/间隔撑连接3根垫粱-3/间隔撑上的螺栓-1/六五墩螺母-16
				/*	5:type	*/	基本器材\六五墩螺母.SLDPRT
				/*	5:location	*/	0.844007	-0.536332	-1.38778E-17	0.0	2.69168E-17	1.64827E-17	1.0	0.0	-0.536332	-0.844007	2.83478E-17	0.0	-0.0942494	0.00448347	0.0035	1.0
				/*	5:child_number	*/	0
				/*	5:name	*/	三个垫梁C10-1/间隔撑连接3根垫粱-3/间隔撑上的螺栓-1/六五墩螺母-17
				/*	5:type	*/	基本器材\六五墩螺母.SLDPRT
				/*	5:location	*/	0.844007	-0.536332	-1.38778E-17	0.0	2.69168E-17	1.64827E-17	1.0	0.0	-0.536332	-0.844007	2.83478E-17	0.0	-0.0989214	-0.105417	0.0035	1.0
				/*	5:child_number	*/	0
				/*	5:name	*/	三个垫梁C10-1/间隔撑连接3根垫粱-3/间隔撑上的螺栓-1/六五墩螺母-18
				/*	5:type	*/	基本器材\六五墩螺母.SLDPRT
				/*	5:location	*/	0.844007	-0.536332	-1.38778E-17	0.0	2.69168E-17	1.64827E-17	1.0	0.0	-0.536332	-0.844007	2.83478E-17	0.0	-0.174177	0.00788134	0.0035	1.0
				/*	5:child_number	*/	0
				/*	5:name	*/	三个垫梁C10-1/间隔撑连接3根垫粱-3/间隔撑上的螺栓-1/六五墩螺母-19
				/*	5:type	*/	基本器材\六五墩螺母.SLDPRT
				/*	5:location	*/	0.844007	-0.536332	-1.38778E-17	0.0	2.69168E-17	1.64827E-17	1.0	0.0	-0.536332	-0.844007	2.83478E-17	0.0	-0.178849	-0.102019	0.0035	1.0
				/*	5:child_number	*/	0
				/*	5:name	*/	三个垫梁C10-1/间隔撑连接3根垫粱-3/间隔撑上的螺栓-1/六五墩螺母-20
				/*	5:type	*/	基本器材\六五墩螺母.SLDPRT
