/*	1:name	*/	上垫粱4_3_3层垫梁_六四粱_0m-24m
/*	1:type	*/	上垫粱\上垫粱4_3_3层垫梁_六四粱_0m-24m.SLDASM
/*	1:location	*/	1.0	0.0	0.0	0.0	0.0	1.0	0.0	0.0	0.0	0.0	1.0	0.0	0.0	0.0	0.0	1.0
/*	1:child_number	*/	125
	/*	2:name	*/	C13_垫梁-1
	/*	2:type	*/	基本器材\C13_垫梁.SLDPRT
	/*	2:location	*/	-1.0	3.08149E-32	1.22465E-16	0.0	-1.14512E-32	1.0	-3.29597E-17	0.0	-1.22465E-16	-3.29597E-17	-1.0	0.0	3.998	0.4	-1.765	1.0
	/*	2:child_number	*/	0
	/*	2:name	*/	C13_垫梁-2
	/*	2:type	*/	基本器材\C13_垫梁.SLDPRT
	/*	2:location	*/	1.0	0.0	0.0	0.0	0.0	1.0	0.0	0.0	0.0	0.0	1.0	0.0	-3.998	0.4	-1.635	1.0
	/*	2:child_number	*/	0
	/*	2:name	*/	C13_垫梁-3
	/*	2:type	*/	基本器材\C13_垫梁.SLDPRT
	/*	2:location	*/	1.0	0.0	0.0	0.0	0.0	1.0	0.0	0.0	0.0	0.0	1.0	0.0	-3.998	0.4	-1.035	1.0
	/*	2:child_number	*/	0
	/*	2:name	*/	C13_垫梁-4
	/*	2:type	*/	基本器材\C13_垫梁.SLDPRT
	/*	2:location	*/	-1.0	3.08149E-32	1.22465E-16	0.0	-1.14512E-32	1.0	-3.29597E-17	0.0	-1.22465E-16	-3.29597E-17	-1.0	0.0	3.998	0.4	-1.165	1.0
	/*	2:child_number	*/	0
	/*	2:name	*/	C13_垫梁-5
	/*	2:type	*/	基本器材\C13_垫梁.SLDPRT
	/*	2:location	*/	1.0	0.0	0.0	0.0	0.0	1.0	0.0	0.0	0.0	0.0	1.0	0.0	-3.998	0.4	1.165	1.0
	/*	2:child_number	*/	0
	/*	2:name	*/	C13_垫梁-6
	/*	2:type	*/	基本器材\C13_垫梁.SLDPRT
	/*	2:location	*/	-1.0	3.08149E-32	1.22465E-16	0.0	-1.14512E-32	1.0	-3.29597E-17	0.0	-1.22465E-16	-3.29597E-17	-1.0	0.0	3.998	0.4	1.035	1.0
	/*	2:child_number	*/	0
	/*	2:name	*/	C13_垫梁-7
	/*	2:type	*/	基本器材\C13_垫梁.SLDPRT
	/*	2:location	*/	1.0	0.0	0.0	0.0	0.0	1.0	0.0	0.0	0.0	0.0	1.0	0.0	-3.998	0.4	1.765	1.0
	/*	2:child_number	*/	0
	/*	2:name	*/	C13_垫梁-8
	/*	2:type	*/	基本器材\C13_垫梁.SLDPRT
	/*	2:location	*/	-1.0	3.08149E-32	1.22465E-16	0.0	-1.14512E-32	1.0	-3.29597E-17	0.0	-1.22465E-16	-3.29597E-17	-1.0	0.0	3.998	0.4	1.635	1.0
	/*	2:child_number	*/	0
	/*	2:name	*/	C18_间隔撑-1
	/*	2:type	*/	基本器材\C18_间隔撑.SLDPRT
	/*	2:location	*/	3.22659E-16	-1.0	9.08541E-17	0.0	1.0	4.44089E-16	-1.43379E-16	0.0	1.29775E-16	1.04533E-16	1.0	0.0	-1.1	0.76	-1.5435	1.0
	/*	2:child_number	*/	0
	/*	2:name	*/	C18_间隔撑-2
	/*	2:type	*/	基本器材\C18_间隔撑.SLDPRT
	/*	2:location	*/	3.22659E-16	-1.0	9.08541E-17	0.0	1.0	4.44089E-16	-1.43379E-16	0.0	1.29775E-16	1.04533E-16	1.0	0.0	0.9	0.76	-1.5435	1.0
	/*	2:child_number	*/	0
	/*	2:name	*/	C18_间隔撑-3
	/*	2:type	*/	基本器材\C18_间隔撑.SLDPRT
	/*	2:location	*/	3.22659E-16	-1.0	9.08541E-17	0.0	1.0	4.44089E-16	-1.43379E-16	0.0	1.29775E-16	1.04533E-16	1.0	0.0	-1.1	0.76	1.2565	1.0
	/*	2:child_number	*/	0
	/*	2:name	*/	C18_间隔撑-4
	/*	2:type	*/	基本器材\C18_间隔撑.SLDPRT
	/*	2:location	*/	3.22659E-16	-1.0	9.08541E-17	0.0	1.0	4.44089E-16	-1.43379E-16	0.0	1.29775E-16	1.04533E-16	1.0	0.0	0.9	0.76	1.2565	1.0
	/*	2:child_number	*/	0
	/*	2:name	*/	两个垫梁C13_带连接墩身螺栓-1
	/*	2:type	*/	基本组合\两个垫梁C13_带连接墩身螺栓.SLDASM
	/*	2:location	*/	-1.22465E-16	0.0	-1.0	0.0	0.0	-1.0	0.0	0.0	-1.0	0.0	1.22465E-16	0.0	-3.0	-0.401232	-0.254265	1.0
	/*	2:child_number	*/	4
		/*	3:name	*/	两个垫梁C13_带连接墩身螺栓-1/两个垫梁C13-1
		/*	3:type	*/	基本组合\两个垫梁C13.SLDASM
		/*	3:location	*/	1.0	0.0	0.0	0.0	0.0	1.0	0.0	0.0	0.0	0.0	1.0	0.0	0.303304	-1.20492	-0.15	1.0
		/*	3:child_number	*/	8
			/*	4:name	*/	两个垫梁C13_带连接墩身螺栓-1/两个垫梁C13-1/C13_垫梁-1
			/*	4:type	*/	基本器材\C13_垫梁.SLDPRT
			/*	4:location	*/	1.0	0.0	0.0	0.0	0.0	1.0	0.0	0.0	0.0	0.0	1.0	0.0	-3.55557	0.403684	-0.085	1.0
			/*	4:child_number	*/	0
			/*	4:name	*/	两个垫梁C13_带连接墩身螺栓-1/两个垫梁C13-1/C13_垫梁-2
			/*	4:type	*/	基本器材\C13_垫梁.SLDPRT
			/*	4:location	*/	1.0	0.0	0.0	0.0	0.0	1.0	0.0	0.0	0.0	0.0	1.0	0.0	-3.55557	0.403684	0.215	1.0
			/*	4:child_number	*/	0
			/*	4:name	*/	两个垫梁C13_带连接墩身螺栓-1/两个垫梁C13-1/间隔撑上的螺栓-1
			/*	4:type	*/	基本组合\间隔撑上的螺栓.SLDASM
			/*	4:location	*/	-0.0424734	-0.999098	8.5096E-17	0.0	-0.999098	0.0424734	4.43547E-17	0.0	-4.79289E-17	-8.31353E-17	-1.0	0.0	1.38791	0.469329	0.284	1.0
			/*	4:child_number	*/	16
				/*	5:name	*/	两个垫梁C13_带连接墩身螺栓-1/两个垫梁C13-1/间隔撑上的螺栓-1/M80螺栓-1
				/*	5:type	*/	基本器材\M80螺栓.SLDPRT
				/*	5:location	*/	1.0	0.0	-6.16298E-33	0.0	0.0	1.0	-1.2326E-32	0.0	-1.61778E-32	0.0	1.0	0.0	-0.0143216	0.0010856	-0.0375	1.0
				/*	5:child_number	*/	0
				/*	5:name	*/	两个垫梁C13_带连接墩身螺栓-1/两个垫梁C13-1/间隔撑上的螺栓-1/M80螺栓-10
				/*	5:type	*/	基本器材\M80螺栓.SLDPRT
				/*	5:location	*/	1.0	0.0	-6.16298E-33	0.0	0.0	1.0	-1.2326E-32	0.0	-1.61778E-32	0.0	1.0	0.0	-0.254105	0.0112792	-0.0375	1.0
				/*	5:child_number	*/	0
				/*	5:name	*/	两个垫梁C13_带连接墩身螺栓-1/两个垫梁C13-1/间隔撑上的螺栓-1/M80螺栓-11
				/*	5:type	*/	基本器材\M80螺栓.SLDPRT
				/*	5:location	*/	1.0	0.0	-6.16298E-33	0.0	0.0	1.0	-1.2326E-32	0.0	-1.61778E-32	0.0	1.0	0.0	-0.258777	-0.0986215	-0.0375	1.0
				/*	5:child_number	*/	0
				/*	5:name	*/	两个垫梁C13_带连接墩身螺栓-1/两个垫梁C13-1/间隔撑上的螺栓-1/M80螺栓-5
				/*	5:type	*/	基本器材\M80螺栓.SLDPRT
				/*	5:location	*/	1.0	0.0	-6.16298E-33	0.0	0.0	1.0	-1.2326E-32	0.0	-1.61778E-32	0.0	1.0	0.0	-0.0189936	-0.108815	-0.0375	1.0
				/*	5:child_number	*/	0
				/*	5:name	*/	两个垫梁C13_带连接墩身螺栓-1/两个垫梁C13-1/间隔撑上的螺栓-1/M80螺栓-6
				/*	5:type	*/	基本器材\M80螺栓.SLDPRT
				/*	5:location	*/	1.0	0.0	-6.16298E-33	0.0	0.0	1.0	-1.2326E-32	0.0	-1.61778E-32	0.0	1.0	0.0	-0.0942494	0.00448347	-0.0375	1.0
				/*	5:child_number	*/	0
				/*	5:name	*/	两个垫梁C13_带连接墩身螺栓-1/两个垫梁C13-1/间隔撑上的螺栓-1/M80螺栓-7
				/*	5:type	*/	基本器材\M80螺栓.SLDPRT
				/*	5:location	*/	1.0	0.0	-6.16298E-33	0.0	0.0	1.0	-1.2326E-32	0.0	-1.61778E-32	0.0	1.0	0.0	-0.0989214	-0.105417	-0.0375	1.0
				/*	5:child_number	*/	0
				/*	5:name	*/	两个垫梁C13_带连接墩身螺栓-1/两个垫梁C13-1/间隔撑上的螺栓-1/M80螺栓-8
				/*	5:type	*/	基本器材\M80螺栓.SLDPRT
				/*	5:location	*/	1.0	0.0	-6.16298E-33	0.0	0.0	1.0	-1.2326E-32	0.0	-1.61778E-32	0.0	1.0	0.0	-0.174177	0.00788134	-0.0375	1.0
				/*	5:child_number	*/	0
				/*	5:name	*/	两个垫梁C13_带连接墩身螺栓-1/两个垫梁C13-1/间隔撑上的螺栓-1/M80螺栓-9
				/*	5:type	*/	基本器材\M80螺栓.SLDPRT
				/*	5:location	*/	1.0	0.0	-6.16298E-33	0.0	0.0	1.0	-1.2326E-32	0.0	-1.61778E-32	0.0	1.0	0.0	-0.178849	-0.102019	-0.0375	1.0
				/*	5:child_number	*/	0
				/*	5:name	*/	两个垫梁C13_带连接墩身螺栓-1/两个垫梁C13-1/间隔撑上的螺栓-1/六五墩螺母-1
				/*	5:type	*/	基本器材\六五墩螺母.SLDPRT
				/*	5:location	*/	0.844007	-0.536332	-1.38778E-17	0.0	2.69168E-17	1.64827E-17	1.0	0.0	-0.536332	-0.844007	2.83478E-17	0.0	-0.0143216	0.0010856	0.0035	1.0
				/*	5:child_number	*/	0
				/*	5:name	*/	两个垫梁C13_带连接墩身螺栓-1/两个垫梁C13-1/间隔撑上的螺栓-1/六五墩螺母-15
				/*	5:type	*/	基本器材\六五墩螺母.SLDPRT
				/*	5:location	*/	0.844007	-0.536332	-1.38778E-17	0.0	2.69168E-17	1.64827E-17	1.0	0.0	-0.536332	-0.844007	2.83478E-17	0.0	-0.0189936	-0.108815	0.0035	1.0
				/*	5:child_number	*/	0
				/*	5:name	*/	两个垫梁C13_带连接墩身螺栓-1/两个垫梁C13-1/间隔撑上的螺栓-1/六五墩螺母-16
				/*	5:type	*/	基本器材\六五墩螺母.SLDPRT
				/*	5:location	*/	0.844007	-0.536332	-1.38778E-17	0.0	2.69168E-17	1.64827E-17	1.0	0.0	-0.536332	-0.844007	2.83478E-17	0.0	-0.0942494	0.00448347	0.0035	1.0
				/*	5:child_number	*/	0
				/*	5:name	*/	两个垫梁C13_带连接墩身螺栓-1/两个垫梁C13-1/间隔撑上的螺栓-1/六五墩螺母-17
				/*	5:type	*/	基本器材\六五墩螺母.SLDPRT
				/*	5:location	*/	0.844007	-0.536332	-1.38778E-17	0.0	2.69168E-17	1.64827E-17	1.0	0.0	-0.536332	-0.844007	2.83478E-17	0.0	-0.0989214	-0.105417	0.0035	1.0
				/*	5:child_number	*/	0
				/*	5:name	*/	两个垫梁C13_带连接墩身螺栓-1/两个垫梁C13-1/间隔撑上的螺栓-1/六五墩螺母-18
				/*	5:type	*/	基本器材\六五墩螺母.SLDPRT
				/*	5:location	*/	0.844007	-0.536332	-1.38778E-17	0.0	2.69168E-17	1.64827E-17	1.0	0.0	-0.536332	-0.844007	2.83478E-17	0.0	-0.174177	0.00788134	0.0035	1.0
				/*	5:child_number	*/	0
				/*	5:name	*/	两个垫梁C13_带连接墩身螺栓-1/两个垫梁C13-1/间隔撑上的螺栓-1/六五墩螺母-19
				/*	5:type	*/	基本器材\六五墩螺母.SLDPRT
				/*	5:location	*/	0.844007	-0.536332	-1.38778E-17	0.0	2.69168E-17	1.64827E-17	1.0	0.0	-0.536332	-0.844007	2.83478E-17	0.0	-0.178849	-0.102019	0.0035	1.0
				/*	5:child_number	*/	0
				/*	5:name	*/	两个垫梁C13_带连接墩身螺栓-1/两个垫梁C13-1/间隔撑上的螺栓-1/六五墩螺母-20
				/*	5:type	*/	基本器材\六五墩螺母.SLDPRT
				/*	5:location	*/	0.844007	-0.536332	-1.38778E-17	0.0	2.69168E-17	1.64827E-17	1.0	0.0	-0.536332	-0.844007	2.83478E-17	0.0	-0.254105	0.0112792	0.0035	1.0
				/*	5:child_number	*/	0
				/*	5:name	*/	两个垫梁C13_带连接墩身螺栓-1/两个垫梁C13-1/间隔撑上的螺栓-1/六五墩螺母-21
				/*	5:type	*/	基本器材\六五墩螺母.SLDPRT
				/*	5:location	*/	0.844007	-0.536332	-1.38778E-17	0.0	2.69168E-17	1.64827E-17	1.0	0.0	-0.536332	-0.844007	2.83478E-17	0.0	-0.258777	-0.0986215	0.0035	1.0
				/*	5:child_number	*/	0
			/*	4:name	*/	两个垫梁C13_带连接墩身螺栓-1/两个垫梁C13-1/间隔撑上的螺栓-2
			/*	4:type	*/	基本组合\间隔撑上的螺栓.SLDASM
			/*	4:location	*/	-0.0424734	-0.999098	8.5096E-17	0.0	-0.999098	0.0424734	4.43547E-17	0.0	-4.79289E-17	-8.31353E-17	-1.0	0.0	-0.612093	0.469329	0.284	1.0
			/*	4:child_number	*/	16
				/*	5:name	*/	两个垫梁C13_带连接墩身螺栓-1/两个垫梁C13-1/间隔撑上的螺栓-2/M80螺栓-1
				/*	5:type	*/	基本器材\M80螺栓.SLDPRT
				/*	5:location	*/	1.0	0.0	-6.16298E-33	0.0	0.0	1.0	-1.2326E-32	0.0	-1.61778E-32	0.0	1.0	0.0	-0.0143216	0.0010856	-0.0375	1.0
				/*	5:child_number	*/	0
				/*	5:name	*/	两个垫梁C13_带连接墩身螺栓-1/两个垫梁C13-1/间隔撑上的螺栓-2/M80螺栓-10
				/*	5:type	*/	基本器材\M80螺栓.SLDPRT
				/*	5:location	*/	1.0	0.0	-6.16298E-33	0.0	0.0	1.0	-1.2326E-32	0.0	-1.61778E-32	0.0	1.0	0.0	-0.254105	0.0112792	-0.0375	1.0
				/*	5:child_number	*/	0
				/*	5:name	*/	两个垫梁C13_带连接墩身螺栓-1/两个垫梁C13-1/间隔撑上的螺栓-2/M80螺栓-11
				/*	5:type	*/	基本器材\M80螺栓.SLDPRT
				/*	5:location	*/	1.0	0.0	-6.16298E-33	0.0	0.0	1.0	-1.2326E-32	0.0	-1.61778E-32	0.0	1.0	0.0	-0.258777	-0.0986215	-0.0375	1.0
				/*	5:child_number	*/	0
				/*	5:name	*/	两个垫梁C13_带连接墩身螺栓-1/两个垫梁C13-1/间隔撑上的螺栓-2/M80螺栓-5
				/*	5:type	*/	基本器材\M80螺栓.SLDPRT
				/*	5:location	*/	1.0	0.0	-6.16298E-33	0.0	0.0	1.0	-1.2326E-32	0.0	-1.61778E-32	0.0	1.0	0.0	-0.0189936	-0.108815	-0.0375	1.0
				/*	5:child_number	*/	0
				/*	5:name	*/	两个垫梁C13_带连接墩身螺栓-1/两个垫梁C13-1/间隔撑上的螺栓-2/M80螺栓-6
				/*	5:type	*/	基本器材\M80螺栓.SLDPRT
				/*	5:location	*/	1.0	0.0	-6.16298E-33	0.0	0.0	1.0	-1.2326E-32	0.0	-1.61778E-32	0.0	1.0	0.0	-0.0942494	0.00448347	-0.0375	1.0
				/*	5:child_number	*/	0
				/*	5:name	*/	两个垫梁C13_带连接墩身螺栓-1/两个垫梁C13-1/间隔撑上的螺栓-2/M80螺栓-7
				/*	5:type	*/	基本器材\M80螺栓.SLDPRT
				/*	5:location	*/	1.0	0.0	-6.16298E-33	0.0	0.0	1.0	-1.2326E-32	0.0	-1.61778E-32	0.0	1.0	0.0	-0.0989214	-0.105417	-0.0375	1.0
				/*	5:child_number	*/	0
				/*	5:name	*/	两个垫梁C13_带连接墩身螺栓-1/两个垫梁C13-1/间隔撑上的螺栓-2/M80螺栓-8
				/*	5:type	*/	基本器材\M80螺栓.SLDPRT
				/*	5:location	*/	1.0	0.0	-6.16298E-33	0.0	0.0	1.0	-1.2326E-32	0.0	-1.61778E-32	0.0	1.0	0.0	-0.174177	0.00788134	-0.0375	1.0
				/*	5:child_number	*/	0
				/*	5:name	*/	两个垫梁C13_带连接墩身螺栓-1/两个垫梁C13-1/间隔撑上的螺栓-2/M80螺栓-9
				/*	5:type	*/	基本器材\M80螺栓.SLDPRT
				/*	5:location	*/	1.0	0.0	-6.16298E-33	0.0	0.0	1.0	-1.2326E-32	0.0	-1.61778E-32	0.0	1.0	0.0	-0.178849	-0.102019	-0.0375	1.0
				/*	5:child_number	*/	0
				/*	5:name	*/	两个垫梁C13_带连接墩身螺栓-1/两个垫梁C13-1/间隔撑上的螺栓-2/六五墩螺母-1
				/*	5:type	*/	基本器材\六五墩螺母.SLDPRT
				/*	5:location	*/	0.844007	-0.536332	-1.38778E-17	0.0	2.69168E-17	1.64827E-17	1.0	0.0	-0.536332	-0.844007	2.83478E-17	0.0	-0.0143216	0.0010856	0.0035	1.0
				/*	5:child_number	*/	0
				/*	5:name	*/	两个垫梁C13_带连接墩身螺栓-1/两个垫梁C13-1/间隔撑上的螺栓-2/六五墩螺母-15
				/*	5:type	*/	基本器材\六五墩螺母.SLDPRT
				/*	5:location	*/	0.844007	-0.536332	-1.38778E-17	0.0	2.69168E-17	1.64827E-17	1.0	0.0	-0.536332	-0.844007	2.83478E-17	0.0	-0.0189936	-0.108815	0.0035	1.0
				/*	5:child_number	*/	0
				/*	5:name	*/	两个垫梁C13_带连接墩身螺栓-1/两个垫梁C13-1/间隔撑上的螺栓-2/六五墩螺母-16
				/*	5:type	*/	基本器材\六五墩螺母.SLDPRT
				/*	5:location	*/	0.844007	-0.536332	-1.38778E-17	0.0	2.69168E-17	1.64827E-17	1.0	0.0	-0.536332	-0.844007	2.83478E-17	0.0	-0.0942494	0.00448347	0.0035	1.0
				/*	5:child_number	*/	0
				/*	5:name	*/	两个垫梁C13_带连接墩身螺栓-1/两个垫梁C13-1/间隔撑上的螺栓-2/六五墩螺母-17
				/*	5:type	*/	基本器材\六五墩螺母.SLDPRT
				/*	5:location	*/	0.844007	-0.536332	-1.38778E-17	0.0	2.69168E-17	1.64827E-17	1.0	0.0	-0.536332	-0.844007	2.83478E-17	0.0	-0.0989214	-0.105417	0.0035	1.0
				/*	5:child_number	*/	0
				/*	5:name	*/	两个垫梁C13_带连接墩身螺栓-1/两个垫梁C13-1/间隔撑上的螺栓-2/六五墩螺母-18
				/*	5:type	*/	基本器材\六五墩螺母.SLDPRT
				/*	5:location	*/	0.844007	-0.536332	-1.38778E-17	0.0	2.69168E-17	1.64827E-17	1.0	0.0	-0.536332	-0.844007	2.83478E-17	0.0	-0.174177	0.00788134	0.0035	1.0
				/*	5:child_number	*/	0
				/*	5:name	*/	两个垫梁C13_带连接墩身螺栓-1/两个垫梁C13-1/间隔撑上的螺栓-2/六五墩螺母-19
				/*	5:type	*/	基本器材\六五墩螺母.SLDPRT
				/*	5:location	*/	0.844007	-0.536332	-1.38778E-17	0.0	2.69168E-17	1.64827E-17	1.0	0.0	-0.536332	-0.844007	2.83478E-17	0.0	-0.178849	-0.102019	0.0035	1.0
				/*	5:child_number	*/	0
				/*	5:name	*/	两个垫梁C13_带连接墩身螺栓-1/两个垫梁C13-1/间隔撑上的螺栓-2/六五墩螺母-20
				/*	5:type	*/	基本器材\六五墩螺母.SLDPRT
				/*	5:location	*/	0.844007	-0.536332	-1.38778E-17	0.0	2.69168E-17	1.64827E-17	1.0	0.0	-0.536332	-0.844007	2.83478E-17	0.0	-0.254105	0.0112792	0.0035	1.0
				/*	5:child_number	*/	0
				/*	5:name	*/	两个垫梁C13_带连接墩身螺栓-1/两个垫梁C13-1/间隔撑上的螺栓-2/六五墩螺母-21
				/*	5:type	*/	基本器材\六五墩螺母.SLDPRT
				/*	5:location	*/	0.844007	-0.536332	-1.38778E-17	0.0	2.69168E-17	1.64827E-17	1.0	0.0	-0.536332	-0.844007	2.83478E-17	0.0	-0.258777	-0.0986215	0.0035	1.0
				/*	5:child_number	*/	0
			/*	4:name	*/	两个垫梁C13_带连接墩身螺栓-1/两个垫梁C13-1/间隔撑上的螺栓-3
			/*	4:type	*/	基本组合\间隔撑上的螺栓.SLDASM
			/*	4:location	*/	-0.0424734	-0.999098	8.5096E-17	0.0	-0.999098	0.0424734	4.43547E-17	0.0	-4.79289E-17	-8.31353E-17	-1.0	0.0	-2.61209	0.469329	0.284	1.0
			/*	4:child_number	*/	16
				/*	5:name	*/	两个垫梁C13_带连接墩身螺栓-1/两个垫梁C13-1/间隔撑上的螺栓-3/M80螺栓-1
				/*	5:type	*/	基本器材\M80螺栓.SLDPRT
				/*	5:location	*/	1.0	0.0	-6.16298E-33	0.0	0.0	1.0	-1.2326E-32	0.0	-1.61778E-32	0.0	1.0	0.0	-0.0143216	0.0010856	-0.0375	1.0
				/*	5:child_number	*/	0
				/*	5:name	*/	两个垫梁C13_带连接墩身螺栓-1/两个垫梁C13-1/间隔撑上的螺栓-3/M80螺栓-10
				/*	5:type	*/	基本器材\M80螺栓.SLDPRT
				/*	5:location	*/	1.0	0.0	-6.16298E-33	0.0	0.0	1.0	-1.2326E-32	0.0	-1.61778E-32	0.0	1.0	0.0	-0.254105	0.0112792	-0.0375	1.0
				/*	5:child_number	*/	0
				/*	5:name	*/	两个垫梁C13_带连接墩身螺栓-1/两个垫梁C13-1/间隔撑上的螺栓-3/M80螺栓-11
				/*	5:type	*/	基本器材\M80螺栓.SLDPRT
				/*	5:location	*/	1.0	0.0	-6.16298E-33	0.0	0.0	1.0	-1.2326E-32	0.0	-1.61778E-32	0.0	1.0	0.0	-0.258777	-0.0986215	-0.0375	1.0
				/*	5:child_number	*/	0
				/*	5:name	*/	两个垫梁C13_带连接墩身螺栓-1/两个垫梁C13-1/间隔撑上的螺栓-3/M80螺栓-5
				/*	5:type	*/	基本器材\M80螺栓.SLDPRT
				/*	5:location	*/	1.0	0.0	-6.16298E-33	0.0	0.0	1.0	-1.2326E-32	0.0	-1.61778E-32	0.0	1.0	0.0	-0.0189936	-0.108815	-0.0375	1.0
				/*	5:child_number	*/	0
				/*	5:name	*/	两个垫梁C13_带连接墩身螺栓-1/两个垫梁C13-1/间隔撑上的螺栓-3/M80螺栓-6
				/*	5:type	*/	基本器材\M80螺栓.SLDPRT
				/*	5:location	*/	1.0	0.0	-6.16298E-33	0.0	0.0	1.0	-1.2326E-32	0.0	-1.61778E-32	0.0	1.0	0.0	-0.0942494	0.00448347	-0.0375	1.0
				/*	5:child_number	*/	0
				/*	5:name	*/	两个垫梁C13_带连接墩身螺栓-1/两个垫梁C13-1/间隔撑上的螺栓-3/M80螺栓-7
				/*	5:type	*/	基本器材\M80螺栓.SLDPRT
				/*	5:location	*/	1.0	0.0	-6.16298E-33	0.0	0.0	1.0	-1.2326E-32	0.0	-1.61778E-32	0.0	1.0	0.0	-0.0989214	-0.105417	-0.0375	1.0
				/*	5:child_number	*/	0
				/*	5:name	*/	两个垫梁C13_带连接墩身螺栓-1/两个垫梁C13-1/间隔撑上的螺栓-3/M80螺栓-8
				/*	5:type	*/	基本器材\M80螺栓.SLDPRT
				/*	5:location	*/	1.0	0.0	-6.16298E-33	0.0	0.0	1.0	-1.2326E-32	0.0	-1.61778E-32	0.0	1.0	0.0	-0.174177	0.00788134	-0.0375	1.0
				/*	5:child_number	*/	0
				/*	5:name	*/	两个垫梁C13_带连接墩身螺栓-1/两个垫梁C13-1/间隔撑上的螺栓-3/M80螺栓-9
				/*	5:type	*/	基本器材\M80螺栓.SLDPRT
				/*	5:location	*/	1.0	0.0	-6.16298E-33	0.0	0.0	1.0	-1.2326E-32	0.0	-1.61778E-32	0.0	1.0	0.0	-0.178849	-0.102019	-0.0375	1.0
				/*	5:child_number	*/	0
				/*	5:name	*/	两个垫梁C13_带连接墩身螺栓-1/两个垫梁C13-1/间隔撑上的螺栓-3/六五墩螺母-1
				/*	5:type	*/	基本器材\六五墩螺母.SLDPRT
				/*	5:location	*/	0.844007	-0.536332	-1.38778E-17	0.0	2.69168E-17	1.64827E-17	1.0	0.0	-0.536332	-0.844007	2.83478E-17	0.0	-0.0143216	0.0010856	0.0035	1.0
				/*	5:child_number	*/	0
				/*	5:name	*/	两个垫梁C13_带连接墩身螺栓-1/两个垫梁C13-1/间隔撑上的螺栓-3/六五墩螺母-15
				/*	5:type	*/	基本器材\六五墩螺母.SLDPRT
				/*	5:location	*/	0.844007	-0.536332	-1.38778E-17	0.0	2.69168E-17	1.64827E-17	1.0	0.0	-0.536332	-0.844007	2.83478E-17	0.0	-0.0189936	-0.108815	0.0035	1.0
				/*	5:child_number	*/	0
				/*	5:name	*/	两个垫梁C13_带连接墩身螺栓-1/两个垫梁C13-1/间隔撑上的螺栓-3/六五墩螺母-16
				/*	5:type	*/	基本器材\六五墩螺母.SLDPRT
				/*	5:location	*/	0.844007	-0.536332	-1.38778E-17	0.0	2.69168E-17	1.64827E-17	1.0	0.0	-0.536332	-0.844007	2.83478E-17	0.0	-0.0942494	0.00448347	0.0035	1.0
				/*	5:child_number	*/	0
				/*	5:name	*/	两个垫梁C13_带连接墩身螺栓-1/两个垫梁C13-1/间隔撑上的螺栓-3/六五墩螺母-17
				/*	5:type	*/	基本器材\六五墩螺母.SLDPRT
				/*	5:location	*/	0.844007	-0.536332	-1.38778E-17	0.0	2.69168E-17	1.64827E-17	1.0	0.0	-0.536332	-0.844007	2.83478E-17	0.0	-0.0989214	-0.105417	0.0035	1.0
				/*	5:child_number	*/	0
				/*	5:name	*/	两个垫梁C13_带连接墩身螺栓-1/两个垫梁C13-1/间隔撑上的螺栓-3/六五墩螺母-18
				/*	5:type	*/	基本器材\六五墩螺母.SLDPRT
				/*	5:location	*/	0.844007	-0.536332	-1.38778E-17	0.0	2.69168E-17	1.64827E-17	1.0	0.0	-0.536332	-0.844007	2.83478E-17	0.0	-0.174177	0.00788134	0.0035	1.0
				/*	5:child_number	*/	0
				/*	5:name	*/	两个垫梁C13_带连接墩身螺栓-1/两个垫梁C13-1/间隔撑上的螺栓-3/六五墩螺母-19
				/*	5:type	*/	基本器材\六五墩螺母.SLDPRT
				/*	5:location	*/	0.844007	-0.536332	-1.38778E-17	0.0	2.69168E-17	1.64827E-17	1.0	0.0	-0.536332	-0.844007	2.83478E-17	0.0	-0.178849	-0.102019	0.0035	1.0
				/*	5:child_number	*/	0
				/*	5:name	*/	两个垫梁C13_带连接墩身螺栓-1/两个垫梁C13-1/间隔撑上的螺栓-3/六五墩螺母-20
				/*	5:type	*/	基本器材\六五墩螺母.SLDPRT
				/*	5:location	*/	0.844007	-0.536332	-1.38778E-17	0.0	2.69168E-17	1.64827E-17	1.0	0.0	-0.536332	-0.844007	2.83478E-17	0.0	-0.254105	0.0112792	0.0035	1.0
				/*	5:child_number	*/	0
				/*	5:name	*/	两个垫梁C13_带连接墩身螺栓-1/两个垫梁C13-1/间隔撑上的螺栓-3/六五墩螺母-21
				/*	5:type	*/	基本器材\六五墩螺母.SLDPRT
				/*	5:location	*/	0.844007	-0.536332	-1.38778E-17	0.0	2.69168E-17	1.64827E-17	1.0	0.0	-0.536332	-0.844007	2.83478E-17	0.0	-0.258777	-0.0986215	0.0035	1.0
				/*	5:child_number	*/	0
			/*	4:name	*/	两个垫梁C13_带连接墩身螺栓-1/两个垫梁C13-1/间隔撑及螺栓-1
			/*	4:type	*/	基本组合\间隔撑及螺栓.SLDASM
			/*	4:location	*/	2.31296E-16	-1.0	0.0	0.0	1.0	2.31296E-16	0.0	0.0	0.0	0.0	1.0	0.0	-2.55175	0.593168	0.15	1.0
			/*	4:child_number	*/	2
				/*	5:name	*/	两个垫梁C13_带连接墩身螺栓-1/两个垫梁C13-1/间隔撑及螺栓-1/C18_间隔撑-1
				/*	5:type	*/	基本器材\C18_间隔撑.SLDPRT
				/*	5:location	*/	1.0	0.0	0.0	0.0	0.0	1.0	0.0	0.0	0.0	0.0	1.0	0.0	-0.170516	-0.105817	-0.1435	1.0
				/*	5:child_number	*/	0
				/*	5:name	*/	两个垫梁C13_带连接墩身螺栓-1/两个垫梁C13-1/间隔撑及螺栓-1/间隔撑上的螺栓-1
				/*	5:type	*/	基本组合\间隔撑上的螺栓.SLDASM
				/*	5:location	*/	-0.999098	0.0424734	7.70372E-34	0.0	0.0424734	0.999098	0.0	0.0	-1.40061E-33	0.0	-1.0	0.0	-0.14487	0.0487065	-0.153	1.0
				/*	5:child_number	*/	16
					/*	6:name	*/	两个垫梁C13_带连接墩身螺栓-1/两个垫梁C13-1/间隔撑及螺栓-1/间隔撑上的螺栓-1/M80螺栓-1
					/*	6:type	*/	基本器材\M80螺栓.SLDPRT
					/*	6:location	*/	1.0	0.0	0.0	0.0	0.0	1.0	0.0	0.0	7.70372E-34	0.0	1.0	0.0	-0.0143216	0.0010856	-0.0375	1.0
					/*	6:child_number	*/	0
					/*	6:name	*/	两个垫梁C13_带连接墩身螺栓-1/两个垫梁C13-1/间隔撑及螺栓-1/间隔撑上的螺栓-1/M80螺栓-10
					/*	6:type	*/	基本器材\M80螺栓.SLDPRT
					/*	6:location	*/	1.0	0.0	0.0	0.0	0.0	1.0	0.0	0.0	7.70372E-34	0.0	1.0	0.0	-0.254105	0.0112792	-0.0375	1.0
					/*	6:child_number	*/	0
					/*	6:name	*/	两个垫梁C13_带连接墩身螺栓-1/两个垫梁C13-1/间隔撑及螺栓-1/间隔撑上的螺栓-1/M80螺栓-11
					/*	6:type	*/	基本器材\M80螺栓.SLDPRT
					/*	6:location	*/	1.0	0.0	0.0	0.0	0.0	1.0	0.0	0.0	7.70372E-34	0.0	1.0	0.0	-0.258777	-0.0986215	-0.0375	1.0
					/*	6:child_number	*/	0
					/*	6:name	*/	两个垫梁C13_带连接墩身螺栓-1/两个垫梁C13-1/间隔撑及螺栓-1/间隔撑上的螺栓-1/M80螺栓-5
					/*	6:type	*/	基本器材\M80螺栓.SLDPRT
					/*	6:location	*/	1.0	0.0	0.0	0.0	0.0	1.0	0.0	0.0	7.70372E-34	0.0	1.0	0.0	-0.0189936	-0.108815	-0.0375	1.0
					/*	6:child_number	*/	0
					/*	6:name	*/	两个垫梁C13_带连接墩身螺栓-1/两个垫梁C13-1/间隔撑及螺栓-1/间隔撑上的螺栓-1/M80螺栓-6
					/*	6:type	*/	基本器材\M80螺栓.SLDPRT
					/*	6:location	*/	1.0	0.0	0.0	0.0	0.0	1.0	0.0	0.0	7.70372E-34	0.0	1.0	0.0	-0.0942494	0.00448347	-0.0375	1.0
					/*	6:child_number	*/	0
					/*	6:name	*/	两个垫梁C13_带连接墩身螺栓-1/两个垫梁C13-1/间隔撑及螺栓-1/间隔撑上的螺栓-1/M80螺栓-7
					/*	6:type	*/	基本器材\M80螺栓.SLDPRT
					/*	6:location	*/	1.0	0.0	0.0	0.0	0.0	1.0	0.0	0.0	7.70372E-34	0.0	1.0	0.0	-0.0989214	-0.105417	-0.0375	1.0
					/*	6:child_number	*/	0
					/*	6:name	*/	两个垫梁C13_带连接墩身螺栓-1/两个垫梁C13-1/间隔撑及螺栓-1/间隔撑上的螺栓-1/M80螺栓-8
					/*	6:type	*/	基本器材\M80螺栓.SLDPRT
					/*	6:location	*/	1.0	0.0	0.0	0.0	0.0	1.0	0.0	0.0	7.70372E-34	0.0	1.0	0.0	-0.174177	0.00788134	-0.0375	1.0
					/*	6:child_number	*/	0
					/*	6:name	*/	两个垫梁C13_带连接墩身螺栓-1/两个垫梁C13-1/间隔撑及螺栓-1/间隔撑上的螺栓-1/M80螺栓-9
					/*	6:type	*/	基本器材\M80螺栓.SLDPRT
					/*	6:location	*/	1.0	0.0	0.0	0.0	0.0	1.0	0.0	0.0	7.70372E-34	0.0	1.0	0.0	-0.178849	-0.102019	-0.0375	1.0
					/*	6:child_number	*/	0
					/*	6:name	*/	两个垫梁C13_带连接墩身螺栓-1/两个垫梁C13-1/间隔撑及螺栓-1/间隔撑上的螺栓-1/六五墩螺母-1
					/*	6:type	*/	基本器材\六五墩螺母.SLDPRT
					/*	6:location	*/	0.844007	-0.536332	-1.38778E-17	0.0	2.69168E-17	1.64827E-17	1.0	0.0	-0.536332	-0.844007	2.83478E-17	0.0	-0.0143216	0.0010856	0.0035	1.0
					/*	6:child_number	*/	0
					/*	6:name	*/	两个垫梁C13_带连接墩身螺栓-1/两个垫梁C13-1/间隔撑及螺栓-1/间隔撑上的螺栓-1/六五墩螺母-15
					/*	6:type	*/	基本器材\六五墩螺母.SLDPRT
					/*	6:location	*/	0.844007	-0.536332	-1.38778E-17	0.0	2.69168E-17	1.64827E-17	1.0	0.0	-0.536332	-0.844007	2.83478E-17	0.0	-0.0189936	-0.108815	0.0035	1.0
					/*	6:child_number	*/	0
					/*	6:name	*/	两个垫梁C13_带连接墩身螺栓-1/两个垫梁C13-1/间隔撑及螺栓-1/间隔撑上的螺栓-1/六五墩螺母-16
					/*	6:type	*/	基本器材\六五墩螺母.SLDPRT
					/*	6:location	*/	0.844007	-0.536332	-1.38778E-17	0.0	2.69168E-17	1.64827E-17	1.0	0.0	-0.536332	-0.844007	2.83478E-17	0.0	-0.0942494	0.00448347	0.0035	1.0
					/*	6:child_number	*/	0
					/*	6:name	*/	两个垫梁C13_带连接墩身螺栓-1/两个垫梁C13-1/间隔撑及螺栓-1/间隔撑上的螺栓-1/六五墩螺母-17
					/*	6:type	*/	基本器材\六五墩螺母.SLDPRT
					/*	6:location	*/	0.844007	-0.536332	-1.38778E-17	0.0	2.69168E-17	1.64827E-17	1.0	0.0	-0.536332	-0.844007	2.83478E-17	0.0	-0.0989214	-0.105417	0.0035	1.0
					/*	6:child_number	*/	0
					/*	6:name	*/	两个垫梁C13_带连接墩身螺栓-1/两个垫梁C13-1/间隔撑及螺栓-1/间隔撑上的螺栓-1/六五墩螺母-18
					/*	6:type	*/	基本器材\六五墩螺母.SLDPRT
					/*	6:location	*/	0.844007	-0.536332	-1.38778E-17	0.0	2.69168E-17	1.64827E-17	1.0	0.0	-0.536332	-0.844007	2.83478E-17	0.0	-0.174177	0.00788134	0.0035	1.0
					/*	6:child_number	*/	0
					/*	6:name	*/	两个垫梁C13_带连接墩身螺栓-1/两个垫梁C13-1/间隔撑及螺栓-1/间隔撑上的螺栓-1/六五墩螺母-19
					/*	6:type	*/	基本器材\六五墩螺母.SLDPRT
					/*	6:location	*/	0.844007	-0.536332	-1.38778E-17	0.0	2.69168E-17	1.64827E-17	1.0	0.0	-0.536332	-0.844007	2.83478E-17	0.0	-0.178849	-0.102019	0.0035	1.0
					/*	6:child_number	*/	0
					/*	6:name	*/	两个垫梁C13_带连接墩身螺栓-1/两个垫梁C13-1/间隔撑及螺栓-1/间隔撑上的螺栓-1/六五墩螺母-20
					/*	6:type	*/	基本器材\六五墩螺母.SLDPRT
					/*	6:location	*/	0.844007	-0.536332	-1.38778E-17	0.0	2.69168E-17	1.64827E-17	1.0	0.0	-0.536332	-0.844007	2.83478E-17	0.0	-0.254105	0.0112792	0.0035	1.0
					/*	6:child_number	*/	0
					/*	6:name	*/	两个垫梁C13_带连接墩身螺栓-1/两个垫梁C13-1/间隔撑及螺栓-1/间隔撑上的螺栓-1/六五墩螺母-21
					/*	6:type	*/	基本器材\六五墩螺母.SLDPRT
					/*	6:location	*/	0.844007	-0.536332	-1.38778E-17	0.0	2.69168E-17	1.64827E-17	1.0	0.0	-0.536332	-0.844007	2.83478E-17	0.0	-0.258777	-0.0986215	0.0035	1.0
					/*	6:child_number	*/	0
			/*	4:name	*/	两个垫梁C13_带连接墩身螺栓-1/两个垫梁C13-1/间隔撑及螺栓-2
			/*	4:type	*/	基本组合\间隔撑及螺栓.SLDASM
			/*	4:location	*/	2.31296E-16	-1.0	0.0	0.0	1.0	2.31296E-16	0.0	0.0	0.0	0.0	1.0	0.0	-0.551752	0.593168	0.15	1.0
			/*	4:child_number	*/	2
				/*	5:name	*/	两个垫梁C13_带连接墩身螺栓-1/两个垫梁C13-1/间隔撑及螺栓-2/C18_间隔撑-1
				/*	5:type	*/	基本器材\C18_间隔撑.SLDPRT
				/*	5:location	*/	1.0	0.0	0.0	0.0	0.0	1.0	0.0	0.0	0.0	0.0	1.0	0.0	-0.170516	-0.105817	-0.1435	1.0
				/*	5:child_number	*/	0
				/*	5:name	*/	两个垫梁C13_带连接墩身螺栓-1/两个垫梁C13-1/间隔撑及螺栓-2/间隔撑上的螺栓-1
				/*	5:type	*/	基本组合\间隔撑上的螺栓.SLDASM
				/*	5:location	*/	-0.999098	0.0424734	7.70372E-34	0.0	0.0424734	0.999098	0.0	0.0	-1.40061E-33	0.0	-1.0	0.0	-0.14487	0.0487065	-0.153	1.0
				/*	5:child_number	*/	16
					/*	6:name	*/	两个垫梁C13_带连接墩身螺栓-1/两个垫梁C13-1/间隔撑及螺栓-2/间隔撑上的螺栓-1/M80螺栓-1
					/*	6:type	*/	基本器材\M80螺栓.SLDPRT
					/*	6:location	*/	1.0	0.0	0.0	0.0	0.0	1.0	0.0	0.0	7.70372E-34	0.0	1.0	0.0	-0.0143216	0.0010856	-0.0375	1.0
					/*	6:child_number	*/	0
					/*	6:name	*/	两个垫梁C13_带连接墩身螺栓-1/两个垫梁C13-1/间隔撑及螺栓-2/间隔撑上的螺栓-1/M80螺栓-10
					/*	6:type	*/	基本器材\M80螺栓.SLDPRT
					/*	6:location	*/	1.0	0.0	0.0	0.0	0.0	1.0	0.0	0.0	7.70372E-34	0.0	1.0	0.0	-0.254105	0.0112792	-0.0375	1.0
					/*	6:child_number	*/	0
					/*	6:name	*/	两个垫梁C13_带连接墩身螺栓-1/两个垫梁C13-1/间隔撑及螺栓-2/间隔撑上的螺栓-1/M80螺栓-11
					/*	6:type	*/	基本器材\M80螺栓.SLDPRT
					/*	6:location	*/	1.0	0.0	0.0	0.0	0.0	1.0	0.0	0.0	7.70372E-34	0.0	1.0	0.0	-0.258777	-0.0986215	-0.0375	1.0
					/*	6:child_number	*/	0
					/*	6:name	*/	两个垫梁C13_带连接墩身螺栓-1/两个垫梁C13-1/间隔撑及螺栓-2/间隔撑上的螺栓-1/M80螺栓-5
					/*	6:type	*/	基本器材\M80螺栓.SLDPRT
					/*	6:location	*/	1.0	0.0	0.0	0.0	0.0	1.0	0.0	0.0	7.70372E-34	0.0	1.0	0.0	-0.0189936	-0.108815	-0.0375	1.0
					/*	6:child_number	*/	0
					/*	6:name	*/	两个垫梁C13_带连接墩身螺栓-1/两个垫梁C13-1/间隔撑及螺栓-2/间隔撑上的螺栓-1/M80螺栓-6
					/*	6:type	*/	基本器材\M80螺栓.SLDPRT
					/*	6:location	*/	1.0	0.0	0.0	0.0	0.0	1.0	0.0	0.0	7.70372E-34	0.0	1.0	0.0	-0.0942494	0.00448347	-0.0375	1.0
					/*	6:child_number	*/	0
					/*	6:name	*/	两个垫梁C13_带连接墩身螺栓-1/两个垫梁C13-1/间隔撑及螺栓-2/间隔撑上的螺栓-1/M80螺栓-7
					/*	6:type	*/	基本器材\M80螺栓.SLDPRT
					/*	6:location	*/	1.0	0.0	0.0	0.0	0.0	1.0	0.0	0.0	7.70372E-34	0.0	1.0	0.0	-0.0989214	-0.105417	-0.0375	1.0
					/*	6:child_number	*/	0
					/*	6:name	*/	两个垫梁C13_带连接墩身螺栓-1/两个垫梁C13-1/间隔撑及螺栓-2/间隔撑上的螺栓-1/M80螺栓-8
					/*	6:type	*/	基本器材\M80螺栓.SLDPRT
					/*	6:location	*/	1.0	0.0	0.0	0.0	0.0	1.0	0.0	0.0	7.70372E-34	0.0	1.0	0.0	-0.174177	0.00788134	-0.0375	1.0
					/*	6:child_number	*/	0
					/*	6:name	*/	两个垫梁C13_带连接墩身螺栓-1/两个垫梁C13-1/间隔撑及螺栓-2/间隔撑上的螺栓-1/M80螺栓-9
					/*	6:type	*/	基本器材\M80螺栓.SLDPRT
					/*	6:location	*/	1.0	0.0	0.0	0.0	0.0	1.0	0.0	0.0	7.70372E-34	0.0	1.0	0.0	-0.178849	-0.102019	-0.0375	1.0
					/*	6:child_number	*/	0
					/*	6:name	*/	两个垫梁C13_带连接墩身螺栓-1/两个垫梁C13-1/间隔撑及螺栓-2/间隔撑上的螺栓-1/六五墩螺母-1
					/*	6:type	*/	基本器材\六五墩螺母.SLDPRT
					/*	6:location	*/	0.844007	-0.536332	-1.38778E-17	0.0	2.69168E-17	1.64827E-17	1.0	0.0	-0.536332	-0.844007	2.83478E-17	0.0	-0.0143216	0.0010856	0.0035	1.0
					/*	6:child_number	*/	0
					/*	6:name	*/	两个垫梁C13_带连接墩身螺栓-1/两个垫梁C13-1/间隔撑及螺栓-2/间隔撑上的螺栓-1/六五墩螺母-15
					/*	6:type	*/	基本器材\六五墩螺母.SLDPRT
					/*	6:location	*/	0.844007	-0.536332	-1.38778E-17	0.0	2.69168E-17	1.64827E-17	1.0	0.0	-0.536332	-0.844007	2.83478E-17	0.0	-0.0189936	-0.108815	0.0035	1.0
					/*	6:child_number	*/	0
					/*	6:name	*/	两个垫梁C13_带连接墩身螺栓-1/两个垫梁C13-1/间隔撑及螺栓-2/间隔撑上的螺栓-1/六五墩螺母-16
					/*	6:type	*/	基本器材\六五墩螺母.SLDPRT
					/*	6:location	*/	0.844007	-0.536332	-1.38778E-17	0.0	2.69168E-17	1.64827E-17	1.0	0.0	-0.536332	-0.844007	2.83478E-17	0.0	-0.0942494	0.00448347	0.0035	1.0
					/*	6:child_number	*/	0
					/*	6:name	*/	两个垫梁C13_带连接墩身螺栓-1/两个垫梁C13-1/间隔撑及螺栓-2/间隔撑上的螺栓-1/六五墩螺母-17
					/*	6:type	*/	基本器材\六五墩螺母.SLDPRT
					/*	6:location	*/	0.844007	-0.536332	-1.38778E-17	0.0	2.69168E-17	1.64827E-17	1.0	0.0	-0.536332	-0.844007	2.83478E-17	0.0	-0.0989214	-0.105417	0.0035	1.0
					/*	6:child_number	*/	0
					/*	6:name	*/	两个垫梁C13_带连接墩身螺栓-1/两个垫梁C13-1/间隔撑及螺栓-2/间隔撑上的螺栓-1/六五墩螺母-18
					/*	6:type	*/	基本器材\六五墩螺母.SLDPRT
					/*	6:location	*/	0.844007	-0.536332	-1.38778E-17	0.0	2.69168E-17	1.64827E-17	1.0	0.0	-0.536332	-0.844007	2.83478E-17	0.0	-0.174177	0.00788134	0.0035	1.0
					/*	6:child_number	*/	0
					/*	6:name	*/	两个垫梁C13_带连接墩身螺栓-1/两个垫梁C13-1/间隔撑及螺栓-2/间隔撑上的螺栓-1/六五墩螺母-19
					/*	6:type	*/	基本器材\六五墩螺母.SLDPRT
					/*	6:location	*/	0.844007	-0.536332	-1.38778E-17	0.0	2.69168E-17	1.64827E-17	1.0	0.0	-0.536332	-0.844007	2.83478E-17	0.0	-0.178849	-0.102019	0.0035	1.0
					/*	6:child_number	*/	0
					/*	6:name	*/	两个垫梁C13_带连接墩身螺栓-1/两个垫梁C13-1/间隔撑及螺栓-2/间隔撑上的螺栓-1/六五墩螺母-20
					/*	6:type	*/	基本器材\六五墩螺母.SLDPRT
					/*	6:location	*/	0.844007	-0.536332	-1.38778E-17	0.0	2.69168E-17	1.64827E-17	1.0	0.0	-0.536332	-0.844007	2.83478E-17	0.0	-0.254105	0.0112792	0.0035	1.0
					/*	6:child_number	*/	0
					/*	6:name	*/	两个垫梁C13_带连接墩身螺栓-1/两个垫梁C13-1/间隔撑及螺栓-2/间隔撑上的螺栓-1/六五墩螺母-21
					/*	6:type	*/	基本器材\六五墩螺母.SLDPRT
					/*	6:location	*/	0.844007	-0.536332	-1.38778E-17	0.0	2.69168E-17	1.64827E-17	1.0	0.0	-0.536332	-0.844007	2.83478E-17	0.0	-0.258777	-0.0986215	0.0035	1.0
					/*	6:child_number	*/	0
			/*	4:name	*/	两个垫梁C13_带连接墩身螺栓-1/两个垫梁C13-1/间隔撑及螺栓-3
			/*	4:type	*/	基本组合\间隔撑及螺栓.SLDASM
			/*	4:location	*/	2.31296E-16	-1.0	0.0	0.0	1.0	2.31296E-16	0.0	0.0	0.0	0.0	1.0	0.0	1.44825	0.593168	0.15	1.0
			/*	4:child_number	*/	2
				/*	5:name	*/	两个垫梁C13_带连接墩身螺栓-1/两个垫梁C13-1/间隔撑及螺栓-3/C18_间隔撑-1
				/*	5:type	*/	基本器材\C18_间隔撑.SLDPRT
				/*	5:location	*/	1.0	0.0	0.0	0.0	0.0	1.0	0.0	0.0	0.0	0.0	1.0	0.0	-0.170516	-0.105817	-0.1435	1.0
				/*	5:child_number	*/	0
				/*	5:name	*/	两个垫梁C13_带连接墩身螺栓-1/两个垫梁C13-1/间隔撑及螺栓-3/间隔撑上的螺栓-1
				/*	5:type	*/	基本组合\间隔撑上的螺栓.SLDASM
				/*	5:location	*/	-0.999098	0.0424734	7.70372E-34	0.0	0.0424734	0.999098	0.0	0.0	-1.40061E-33	0.0	-1.0	0.0	-0.14487	0.0487065	-0.153	1.0
				/*	5:child_number	*/	16
					/*	6:name	*/	两个垫梁C13_带连接墩身螺栓-1/两个垫梁C13-1/间隔撑及螺栓-3/间隔撑上的螺栓-1/M80螺栓-1
					/*	6:type	*/	基本器材\M80螺栓.SLDPRT
					/*	6:location	*/	1.0	0.0	0.0	0.0	0.0	1.0	0.0	0.0	7.70372E-34	0.0	1.0	0.0	-0.0143216	0.0010856	-0.0375	1.0
					/*	6:child_number	*/	0
					/*	6:name	*/	两个垫梁C13_带连接墩身螺栓-1/两个垫梁C13-1/间隔撑及螺栓-3/间隔撑上的螺栓-1/M80螺栓-10
					/*	6:type	*/	基本器材\M80螺栓.SLDPRT
					/*	6:location	*/	1.0	0.0	0.0	0.0	0.0	1.0	0.0	0.0	7.70372E-34	0.0	1.0	0.0	-0.254105	0.0112792	-0.0375	1.0
					/*	6:child_number	*/	0
					/*	6:name	*/	两个垫梁C13_带连接墩身螺栓-1/两个垫梁C13-1/间隔撑及螺栓-3/间隔撑上的螺栓-1/M80螺栓-11
					/*	6:type	*/	基本器材\M80螺栓.SLDPRT
					/*	6:location	*/	1.0	0.0	0.0	0.0	0.0	1.0	0.0	0.0	7.70372E-34	0.0	1.0	0.0	-0.258777	-0.0986215	-0.0375	1.0
					/*	6:child_number	*/	0
					/*	6:name	*/	两个垫梁C13_带连接墩身螺栓-1/两个垫梁C13-1/间隔撑及螺栓-3/间隔撑上的螺栓-1/M80螺栓-5
					/*	6:type	*/	基本器材\M80螺栓.SLDPRT
					/*	6:location	*/	1.0	0.0	0.0	0.0	0.0	1.0	0.0	0.0	7.70372E-34	0.0	1.0	0.0	-0.0189936	-0.108815	-0.0375	1.0
					/*	6:child_number	*/	0
					/*	6:name	*/	两个垫梁C13_带连接墩身螺栓-1/两个垫梁C13-1/间隔撑及螺栓-3/间隔撑上的螺栓-1/M80螺栓-6
					/*	6:type	*/	基本器材\M80螺栓.SLDPRT
					/*	6:location	*/	1.0	0.0	0.0	0.0	0.0	1.0	0.0	0.0	7.70372E-34	0.0	1.0	0.0	-0.0942494	0.00448347	-0.0375	1.0
					/*	6:child_number	*/	0
					/*	6:name	*/	两个垫梁C13_带连接墩身螺栓-1/两个垫梁C13-1/间隔撑及螺栓-3/间隔撑上的螺栓-1/M80螺栓-7
					/*	6:type	*/	基本器材\M80螺栓.SLDPRT
					/*	6:location	*/	1.0	0.0	0.0	0.0	0.0	1.0	0.0	0.0	7.70372E-34	0.0	1.0	0.0	-0.0989214	-0.105417	-0.0375	1.0
					/*	6:child_number	*/	0
					/*	6:name	*/	两个垫梁C13_带连接墩身螺栓-1/两个垫梁C13-1/间隔撑及螺栓-3/间隔撑上的螺栓-1/M80螺栓-8
					/*	6:type	*/	基本器材\M80螺栓.SLDPRT
					/*	6:location	*/	1.0	0.0	0.0	0.0	0.0	1.0	0.0	0.0	7.70372E-34	0.0	1.0	0.0	-0.174177	0.00788134	-0.0375	1.0
					/*	6:child_number	*/	0
					/*	6:name	*/	两个垫梁C13_带连接墩身螺栓-1/两个垫梁C13-1/间隔撑及螺栓-3/间隔撑上的螺栓-1/M80螺栓-9
					/*	6:type	*/	基本器材\M80螺栓.SLDPRT
					/*	6:location	*/	1.0	0.0	0.0	0.0	0.0	1.0	0.0	0.0	7.70372E-34	0.0	1.0	0.0	-0.178849	-0.102019	-0.0375	1.0
					/*	6:child_number	*/	0
					/*	6:name	*/	两个垫梁C13_带连接墩身螺栓-1/两个垫梁C13-1/间隔撑及螺栓-3/间隔撑上的螺栓-1/六五墩螺母-1
					/*	6:type	*/	基本器材\六五墩螺母.SLDPRT
					/*	6:location	*/	0.844007	-0.536332	-1.38778E-17	0.0	2.69168E-17	1.64827E-17	1.0	0.0	-0.536332	-0.844007	2.83478E-17	0.0	-0.0143216	0.0010856	0.0035	1.0
					/*	6:child_number	*/	0
					/*	6:name	*/	两个垫梁C13_带连接墩身螺栓-1/两个垫梁C13-1/间隔撑及螺栓-3/间隔撑上的螺栓-1/六五墩螺母-15
					/*	6:type	*/	基本器材\六五墩螺母.SLDPRT
					/*	6:location	*/	0.844007	-0.536332	-1.38778E-17	0.0	2.69168E-17	1.64827E-17	1.0	0.0	-0.536332	-0.844007	2.83478E-17	0.0	-0.0189936	-0.108815	0.0035	1.0
					/*	6:child_number	*/	0
					/*	6:name	*/	两个垫梁C13_带连接墩身螺栓-1/两个垫梁C13-1/间隔撑及螺栓-3/间隔撑上的螺栓-1/六五墩螺母-16
					/*	6:type	*/	基本器材\六五墩螺母.SLDPRT
					/*	6:location	*/	0.844007	-0.536332	-1.38778E-17	0.0	2.69168E-17	1.64827E-17	1.0	0.0	-0.536332	-0.844007	2.83478E-17	0.0	-0.0942494	0.00448347	0.0035	1.0
					/*	6:child_number	*/	0
					/*	6:name	*/	两个垫梁C13_带连接墩身螺栓-1/两个垫梁C13-1/间隔撑及螺栓-3/间隔撑上的螺栓-1/六五墩螺母-17
					/*	6:type	*/	基本器材\六五墩螺母.SLDPRT
					/*	6:location	*/	0.844007	-0.536332	-1.38778E-17	0.0	2.69168E-17	1.64827E-17	1.0	0.0	-0.536332	-0.844007	2.83478E-17	0.0	-0.0989214	-0.105417	0.0035	1.0
					/*	6:child_number	*/	0
					/*	6:name	*/	两个垫梁C13_带连接墩身螺栓-1/两个垫梁C13-1/间隔撑及螺栓-3/间隔撑上的螺栓-1/六五墩螺母-18
					/*	6:type	*/	基本器材\六五墩螺母.SLDPRT
					/*	6:location	*/	0.844007	-0.536332	-1.38778E-17	0.0	2.69168E-17	1.64827E-17	1.0	0.0	-0.536332	-0.844007	2.83478E-17	0.0	-0.174177	0.00788134	0.0035	1.0
					/*	6:child_number	*/	0
					/*	6:name	*/	两个垫梁C13_带连接墩身螺栓-1/两个垫梁C13-1/间隔撑及螺栓-3/间隔撑上的螺栓-1/六五墩螺母-19
					/*	6:type	*/	基本器材\六五墩螺母.SLDPRT
					/*	6:location	*/	0.844007	-0.536332	-1.38778E-17	0.0	2.69168E-17	1.64827E-17	1.0	0.0	-0.536332	-0.844007	2.83478E-17	0.0	-0.178849	-0.102019	0.0035	1.0
					/*	6:child_number	*/	0
					/*	6:name	*/	两个垫梁C13_带连接墩身螺栓-1/两个垫梁C13-1/间隔撑及螺栓-3/间隔撑上的螺栓-1/六五墩螺母-20
					/*	6:type	*/	基本器材\六五墩螺母.SLDPRT
					/*	6:location	*/	0.844007	-0.536332	-1.38778E-17	0.0	2.69168E-17	1.64827E-17	1.0	0.0	-0.536332	-0.844007	2.83478E-17	0.0	-0.254105	0.0112792	0.0035	1.0
					/*	6:child_number	*/	0
					/*	6:name	*/	两个垫梁C13_带连接墩身螺栓-1/两个垫梁C13-1/间隔撑及螺栓-3/间隔撑上的螺栓-1/六五墩螺母-21
					/*	6:type	*/	基本器材\六五墩螺母.SLDPRT
					/*	6:location	*/	0.844007	-0.536332	-1.38778E-17	0.0	2.69168E-17	1.64827E-17	1.0	0.0	-0.536332	-0.844007	2.83478E-17	0.0	-0.258777	-0.0986215	0.0035	1.0
					/*	6:child_number	*/	0
		/*	3:name	*/	两个垫梁C13_带连接墩身螺栓-1/立柱与固定立柱的螺栓(1st用)-1
		/*	3:type	*/	基本组合\立柱与固定立柱的螺栓(1st用).SLDASM
		/*	3:location	*/	0.923728	-1.94289E-16	0.383049	0.0	0.383049	4.44089E-16	-0.923728	0.0	9.36229E-18	1.0	4.8464E-16	0.0	1.55762	-0.392926	-0.176035	1.0
		/*	3:child_number	*/	24
			/*	4:name	*/	两个垫梁C13_带连接墩身螺栓-1/立柱与固定立柱的螺栓(1st用)-1/M80螺栓-10
			/*	4:type	*/	基本器材\M80螺栓.SLDPRT
			/*	4:location	*/	0.992391	-0.123124	1.66533E-16	0.0	0.123124	0.992391	-2.77556E-16	0.0	-1.31093E-16	2.95948E-16	1.0	0.0	0.48948	-0.193282	-0.0363057	1.0
			/*	4:child_number	*/	0
			/*	4:name	*/	两个垫梁C13_带连接墩身螺栓-1/立柱与固定立柱的螺栓(1st用)-1/M80螺栓-11
			/*	4:type	*/	基本器材\M80螺栓.SLDPRT
			/*	4:location	*/	0.98584	-0.167691	-1.11022E-16	0.0	0.167691	0.98584	-5.55112E-17	0.0	5.55112E-17	-8.32667E-17	1.0	0.0	0.415582	-0.223926	-0.0363057	1.0
			/*	4:child_number	*/	0
			/*	4:name	*/	两个垫梁C13_带连接墩身螺栓-1/立柱与固定立柱的螺栓(1st用)-1/M80螺栓-13
			/*	4:type	*/	基本器材\M80螺栓.SLDPRT
			/*	4:location	*/	0.990121	0.140217	2.22045E-16	0.0	-0.140217	0.990121	1.11022E-16	0.0	-5.55112E-17	-9.71445E-17	1.0	0.0	0.212361	-0.308197	-0.0363057	1.0
			/*	4:child_number	*/	0
			/*	4:name	*/	两个垫梁C13_带连接墩身螺栓-1/立柱与固定立柱的螺栓(1st用)-1/M80螺栓-14
			/*	4:type	*/	基本器材\M80螺栓.SLDPRT
			/*	4:location	*/	0.998337	-0.0576459	2.22045E-16	0.0	0.0576459	0.998337	-5.55112E-17	0.0	-2.18475E-16	6.82188E-17	1.0	0.0	0.138463	-0.33884	-0.0363057	1.0
			/*	4:child_number	*/	0
			/*	4:name	*/	两个垫梁C13_带连接墩身螺栓-1/立柱与固定立柱的螺栓(1st用)-1/M80螺栓-15
			/*	4:type	*/	基本器材\M80螺栓.SLDPRT
			/*	4:location	*/	0.989305	0.145863	-2.15704E-32	0.0	-0.145863	0.989305	-4.23705E-33	0.0	5.55112E-17	-5.55112E-17	1.0	0.0	0.107819	-0.264942	-0.0363057	1.0
			/*	4:child_number	*/	0
			/*	4:name	*/	两个垫梁C13_带连接墩身螺栓-1/立柱与固定立柱的螺栓(1st用)-1/M80螺栓-2
			/*	4:type	*/	基本器材\M80螺栓.SLDPRT
			/*	4:location	*/	1.0	5.55112E-17	4.62223E-33	0.0	0.0	1.0	2.15704E-32	0.0	4.62223E-33	-2.77334E-32	1.0	0.0	-0.00709538	0.0121762	-0.0363057	1.0
			/*	4:child_number	*/	0
			/*	4:name	*/	两个垫梁C13_带连接墩身螺栓-1/立柱与固定立柱的螺栓(1st用)-1/M80螺栓-3
			/*	4:type	*/	基本器材\M80螺栓.SLDPRT
			/*	4:location	*/	0.98013	-0.198357	2.92741E-32	0.0	0.198357	0.98013	5.55112E-17	0.0	-1.1011E-17	-5.44081E-17	1.0	0.0	0.0235485	-0.061722	-0.0363057	1.0
			/*	4:child_number	*/	0
			/*	4:name	*/	两个垫梁C13_带连接墩身螺栓-1/立柱与固定立柱的螺栓(1st用)-1/M80螺栓-4
			/*	4:type	*/	基本器材\M80螺栓.SLDPRT
			/*	4:location	*/	0.948319	0.317319	-1.66533E-16	0.0	-0.317319	0.948319	-1.11022E-16	0.0	-1.11022E-16	2.01228E-16	1.0	0.0	0.0668029	0.0428201	-0.0363057	1.0
			/*	4:child_number	*/	0
			/*	4:name	*/	两个垫梁C13_带连接墩身螺栓-1/立柱与固定立柱的螺栓(1st用)-1/M80螺栓-6
			/*	4:type	*/	基本器材\M80螺栓.SLDPRT
			/*	4:location	*/	0.984937	-0.172913	-2.22045E-16	0.0	0.172913	0.984937	4.31408E-32	0.0	2.187E-16	-3.83945E-17	1.0	0.0	0.270023	0.127091	-0.0363057	1.0
			/*	4:child_number	*/	0
			/*	4:name	*/	两个垫梁C13_带连接墩身螺栓-1/立柱与固定立柱的螺栓(1st用)-1/M80螺栓-7
			/*	4:type	*/	基本器材\M80螺栓.SLDPRT
			/*	4:location	*/	0.998598	-0.0529428	2.22045E-16	0.0	0.0529428	0.998598	0.0	0.0	-2.21733E-16	1.17557E-17	1.0	0.0	0.343921	0.157735	-0.0363057	1.0
			/*	4:child_number	*/	0
			/*	4:name	*/	两个垫梁C13_带连接墩身螺栓-1/立柱与固定立柱的螺栓(1st用)-1/M80螺栓-8
			/*	4:type	*/	基本器材\M80螺栓.SLDPRT
			/*	4:location	*/	0.868193	-0.496227	2.22045E-16	0.0	0.496227	0.868193	5.55112E-17	0.0	5.55112E-17	-5.55112E-17	1.0	0.0	0.374565	0.0838366	-0.0363057	1.0
			/*	4:child_number	*/	0
			/*	4:name	*/	两个垫梁C13_带连接墩身螺栓-1/立柱与固定立柱的螺栓(1st用)-1/M80螺栓-9
			/*	4:type	*/	基本器材\M80螺栓.SLDPRT
			/*	4:location	*/	0.954553	-0.29804	-9.24446E-33	0.0	0.29804	0.954553	5.55112E-17	0.0	5.55112E-17	-3.38964E-32	1.0	0.0	0.458836	-0.119384	-0.0363057	1.0
			/*	4:child_number	*/	0
			/*	4:name	*/	两个垫梁C13_带连接墩身螺栓-1/立柱与固定立柱的螺栓(1st用)-1/六五墩螺母-1
			/*	4:type	*/	基本器材\六五墩螺母.SLDPRT
			/*	4:location	*/	0.77155	-0.636168	3.14934E-16	0.0	-1.40932E-16	3.10256E-16	1.0	0.0	-0.636168	-0.77155	1.21019E-16	0.0	0.48948	-0.193282	0.0136943	1.0
			/*	4:child_number	*/	0
			/*	4:name	*/	两个垫梁C13_带连接墩身螺栓-1/立柱与固定立柱的螺栓(1st用)-1/六五墩螺母-12
			/*	4:type	*/	基本器材\六五墩螺母.SLDPRT
			/*	4:location	*/	0.77155	-0.636168	3.14934E-16	0.0	-1.40932E-16	3.10256E-16	1.0	0.0	-0.636168	-0.77155	1.21019E-16	0.0	0.415582	-0.223926	0.0136943	1.0
			/*	4:child_number	*/	0
			/*	4:name	*/	两个垫梁C13_带连接墩身螺栓-1/立柱与固定立柱的螺栓(1st用)-1/六五墩螺母-14
			/*	4:type	*/	基本器材\六五墩螺母.SLDPRT
			/*	4:location	*/	0.77155	-0.636168	3.14934E-16	0.0	-1.40932E-16	3.10256E-16	1.0	0.0	-0.636168	-0.77155	1.21019E-16	0.0	0.374565	0.0838366	0.0136943	1.0
			/*	4:child_number	*/	0
			/*	4:name	*/	两个垫梁C13_带连接墩身螺栓-1/立柱与固定立柱的螺栓(1st用)-1/六五墩螺母-16
			/*	4:type	*/	基本器材\六五墩螺母.SLDPRT
			/*	4:location	*/	0.77155	-0.636168	3.14934E-16	0.0	-1.40932E-16	3.10256E-16	1.0	0.0	-0.636168	-0.77155	1.21019E-16	0.0	0.343921	0.157735	0.0136943	1.0
			/*	4:child_number	*/	0
			/*	4:name	*/	两个垫梁C13_带连接墩身螺栓-1/立柱与固定立柱的螺栓(1st用)-1/六五墩螺母-17
			/*	4:type	*/	基本器材\六五墩螺母.SLDPRT
			/*	4:location	*/	0.77155	-0.636168	3.14934E-16	0.0	-1.40932E-16	3.10256E-16	1.0	0.0	-0.636168	-0.77155	1.21019E-16	0.0	0.138463	-0.33884	0.0136943	1.0
			/*	4:child_number	*/	0
			/*	4:name	*/	两个垫梁C13_带连接墩身螺栓-1/立柱与固定立柱的螺栓(1st用)-1/六五墩螺母-19
			/*	4:type	*/	基本器材\六五墩螺母.SLDPRT
			/*	4:location	*/	0.77155	-0.636168	3.14934E-16	0.0	-1.40932E-16	3.10256E-16	1.0	0.0	-0.636168	-0.77155	1.21019E-16	0.0	0.212361	-0.308197	0.0136943	1.0
			/*	4:child_number	*/	0
			/*	4:name	*/	两个垫梁C13_带连接墩身螺栓-1/立柱与固定立柱的螺栓(1st用)-1/六五墩螺母-2
			/*	4:type	*/	基本器材\六五墩螺母.SLDPRT
			/*	4:location	*/	0.77155	-0.636168	3.14934E-16	0.0	-1.40932E-16	3.10256E-16	1.0	0.0	-0.636168	-0.77155	1.21019E-16	0.0	0.458836	-0.119384	0.0136943	1.0
			/*	4:child_number	*/	0
			/*	4:name	*/	两个垫梁C13_带连接墩身螺栓-1/立柱与固定立柱的螺栓(1st用)-1/六五墩螺母-20
			/*	4:type	*/	基本器材\六五墩螺母.SLDPRT
			/*	4:location	*/	0.77155	-0.636168	3.14934E-16	0.0	-1.40932E-16	3.10256E-16	1.0	0.0	-0.636168	-0.77155	1.21019E-16	0.0	0.0668029	0.0428201	0.0136943	1.0
			/*	4:child_number	*/	0
			/*	4:name	*/	两个垫梁C13_带连接墩身螺栓-1/立柱与固定立柱的螺栓(1st用)-1/六五墩螺母-21
			/*	4:type	*/	基本器材\六五墩螺母.SLDPRT
			/*	4:location	*/	0.77155	-0.636168	3.14934E-16	0.0	-1.40932E-16	3.10256E-16	1.0	0.0	-0.636168	-0.77155	1.21019E-16	0.0	-0.00709538	0.0121762	0.0136943	1.0
			/*	4:child_number	*/	0
			/*	4:name	*/	两个垫梁C13_带连接墩身螺栓-1/立柱与固定立柱的螺栓(1st用)-1/六五墩螺母-22
			/*	4:type	*/	基本器材\六五墩螺母.SLDPRT
			/*	4:location	*/	0.77155	-0.636168	3.14934E-16	0.0	-1.40932E-16	3.10256E-16	1.0	0.0	-0.636168	-0.77155	1.21019E-16	0.0	0.270023	0.127091	0.0136943	1.0
			/*	4:child_number	*/	0
			/*	4:name	*/	两个垫梁C13_带连接墩身螺栓-1/立柱与固定立柱的螺栓(1st用)-1/六五墩螺母-23
			/*	4:type	*/	基本器材\六五墩螺母.SLDPRT
			/*	4:location	*/	0.77155	-0.636168	3.14934E-16	0.0	-1.40932E-16	3.10256E-16	1.0	0.0	-0.636168	-0.77155	1.21019E-16	0.0	0.107819	-0.264942	0.0136943	1.0
			/*	4:child_number	*/	0
			/*	4:name	*/	两个垫梁C13_带连接墩身螺栓-1/立柱与固定立柱的螺栓(1st用)-1/六五墩螺母-24
			/*	4:type	*/	基本器材\六五墩螺母.SLDPRT
			/*	4:location	*/	0.77155	-0.636168	3.14934E-16	0.0	-1.40932E-16	3.10256E-16	1.0	0.0	-0.636168	-0.77155	1.21019E-16	0.0	0.0235485	-0.061722	0.0136943	1.0
			/*	4:child_number	*/	0
		/*	3:name	*/	两个垫梁C13_带连接墩身螺栓-1/立柱与固定立柱的螺栓(1st用)-2
		/*	3:type	*/	基本组合\立柱与固定立柱的螺栓(1st用).SLDASM
		/*	3:location	*/	0.923728	-1.94289E-16	0.383049	0.0	0.383049	4.44089E-16	-0.923728	0.0	9.36229E-18	1.0	4.8464E-16	0.0	-0.442375	-0.392926	-0.176035	1.0
		/*	3:child_number	*/	24
			/*	4:name	*/	两个垫梁C13_带连接墩身螺栓-1/立柱与固定立柱的螺栓(1st用)-2/M80螺栓-10
			/*	4:type	*/	基本器材\M80螺栓.SLDPRT
			/*	4:location	*/	0.992391	-0.123124	1.66533E-16	0.0	0.123124	0.992391	-2.77556E-16	0.0	-1.31093E-16	2.95948E-16	1.0	0.0	0.48948	-0.193282	-0.0363057	1.0
			/*	4:child_number	*/	0
			/*	4:name	*/	两个垫梁C13_带连接墩身螺栓-1/立柱与固定立柱的螺栓(1st用)-2/M80螺栓-11
			/*	4:type	*/	基本器材\M80螺栓.SLDPRT
