/*	1:name	*/	上垫粱3_3_4层垫梁_六四粱_0m-32m
/*	1:type	*/	上垫粱\上垫粱3_3_4层垫梁_六四粱_0m-32m.SLDASM
/*	1:location	*/	1.0	0.0	0.0	0.0	0.0	1.0	0.0	0.0	0.0	0.0	1.0	0.0	0.0	0.0	0.0	1.0
/*	1:child_number	*/	161
	/*	2:name	*/	C11_垫梁-10
	/*	2:type	*/	基本器材\C11_垫梁.SLDPRT
	/*	2:location	*/	1.66533E-16	7.75589E-18	1.0	0.0	6.8117E-18	-1.0	7.75589E-18	0.0	1.0	6.8117E-18	-1.66533E-16	0.0	0.065	2.05	-2.25	1.0
	/*	2:child_number	*/	0
	/*	2:name	*/	C11_垫梁-11
	/*	2:type	*/	基本器材\C11_垫梁.SLDPRT
	/*	2:location	*/	1.66533E-16	7.75589E-18	1.0	0.0	6.8117E-18	-1.0	7.75589E-18	0.0	1.0	6.8117E-18	-1.66533E-16	0.0	-0.235	2.05	-2.25	1.0
	/*	2:child_number	*/	0
	/*	2:name	*/	C11_垫梁-12
	/*	2:type	*/	基本器材\C11_垫梁.SLDPRT
	/*	2:location	*/	1.66533E-16	7.75589E-18	1.0	0.0	6.8117E-18	-1.0	7.75589E-18	0.0	1.0	6.8117E-18	-1.66533E-16	0.0	-0.535	2.05	-2.25	1.0
	/*	2:child_number	*/	0
	/*	2:name	*/	C11_垫梁-13
	/*	2:type	*/	基本器材\C11_垫梁.SLDPRT
	/*	2:location	*/	1.66533E-16	7.75589E-18	1.0	0.0	6.8117E-18	-1.0	7.75589E-18	0.0	1.0	6.8117E-18	-1.66533E-16	0.0	-0.835	2.05	-2.25	1.0
	/*	2:child_number	*/	0
	/*	2:name	*/	C11_垫梁-8
	/*	2:type	*/	基本器材\C11_垫梁.SLDPRT
	/*	2:location	*/	1.66533E-16	7.75589E-18	1.0	0.0	6.8117E-18	-1.0	7.75589E-18	0.0	1.0	6.8117E-18	-1.66533E-16	0.0	0.665	2.05	-2.25	1.0
	/*	2:child_number	*/	0
	/*	2:name	*/	C11_垫梁-9
	/*	2:type	*/	基本器材\C11_垫梁.SLDPRT
	/*	2:location	*/	1.66533E-16	7.75589E-18	1.0	0.0	6.8117E-18	-1.0	7.75589E-18	0.0	1.0	6.8117E-18	-1.66533E-16	0.0	0.365	2.05	-2.25	1.0
	/*	2:child_number	*/	0
	/*	2:name	*/	C18_间隔撑-10
	/*	2:type	*/	基本器材\C18_间隔撑.SLDPRT
	/*	2:location	*/	-7.13259E-17	1.0	4.88498E-15	0.0	-3.37752E-16	4.82947E-15	-1.0	0.0	-1.0	2.2083E-18	5.45069E-17	0.0	0.1435	1.615	-0.9	1.0
	/*	2:child_number	*/	0
	/*	2:name	*/	C18_间隔撑-11
	/*	2:type	*/	基本器材\C18_间隔撑.SLDPRT
	/*	2:location	*/	-7.13259E-17	1.0	4.88498E-15	0.0	-3.37752E-16	4.82947E-15	-1.0	0.0	-1.0	2.2083E-18	5.45069E-17	0.0	0.1435	1.615	0.1	1.0
	/*	2:child_number	*/	0
	/*	2:name	*/	C18_间隔撑-12
	/*	2:type	*/	基本器材\C18_间隔撑.SLDPRT
	/*	2:location	*/	-7.13259E-17	1.0	4.88498E-15	0.0	-3.37752E-16	4.82947E-15	-1.0	0.0	-1.0	2.2083E-18	5.45069E-17	0.0	0.1435	1.615	1.1	1.0
	/*	2:child_number	*/	0
	/*	2:name	*/	C18_间隔撑-13
	/*	2:type	*/	基本器材\C18_间隔撑.SLDPRT
	/*	2:location	*/	-7.13259E-17	1.0	4.88498E-15	0.0	-3.37752E-16	4.82947E-15	-1.0	0.0	-1.0	2.2083E-18	5.45069E-17	0.0	0.1435	1.615	2.1	1.0
	/*	2:child_number	*/	0
	/*	2:name	*/	C18_间隔撑-14
	/*	2:type	*/	基本器材\C18_间隔撑.SLDPRT
	/*	2:location	*/	-7.13259E-17	1.0	4.88498E-15	0.0	-3.37752E-16	4.82947E-15	-1.0	0.0	-1.0	2.2083E-18	5.45069E-17	0.0	-0.1565	1.615	-0.9	1.0
	/*	2:child_number	*/	0
	/*	2:name	*/	C18_间隔撑-15
	/*	2:type	*/	基本器材\C18_间隔撑.SLDPRT
	/*	2:location	*/	-7.13259E-17	1.0	4.88498E-15	0.0	-3.37752E-16	4.82947E-15	-1.0	0.0	-1.0	2.2083E-18	5.45069E-17	0.0	-0.1565	1.615	0.1	1.0
	/*	2:child_number	*/	0
	/*	2:name	*/	C18_间隔撑-16
	/*	2:type	*/	基本器材\C18_间隔撑.SLDPRT
	/*	2:location	*/	-7.13259E-17	1.0	4.88498E-15	0.0	-3.37752E-16	4.82947E-15	-1.0	0.0	-1.0	2.2083E-18	5.45069E-17	0.0	-0.1565	1.615	1.1	1.0
	/*	2:child_number	*/	0
	/*	2:name	*/	C18_间隔撑-17
	/*	2:type	*/	基本器材\C18_间隔撑.SLDPRT
	/*	2:location	*/	-7.13259E-17	1.0	4.88498E-15	0.0	-3.37752E-16	4.82947E-15	-1.0	0.0	-1.0	2.2083E-18	5.45069E-17	0.0	-0.1565	1.615	2.1	1.0
	/*	2:child_number	*/	0
	/*	2:name	*/	C18_间隔撑-3
	/*	2:type	*/	基本器材\C18_间隔撑.SLDPRT
	/*	2:location	*/	-7.13259E-17	1.0	4.88498E-15	0.0	-3.37752E-16	4.82947E-15	-1.0	0.0	-1.0	2.2083E-18	5.45069E-17	0.0	0.4435	1.615	-1.9	1.0
	/*	2:child_number	*/	0
	/*	2:name	*/	C18_间隔撑-4
	/*	2:type	*/	基本器材\C18_间隔撑.SLDPRT
	/*	2:location	*/	-7.13259E-17	1.0	4.88498E-15	0.0	-3.37752E-16	4.82947E-15	-1.0	0.0	-1.0	2.2083E-18	5.45069E-17	0.0	0.1435	1.615	-1.9	1.0
	/*	2:child_number	*/	0
	/*	2:name	*/	C18_间隔撑-5
	/*	2:type	*/	基本器材\C18_间隔撑.SLDPRT
	/*	2:location	*/	-7.13259E-17	1.0	4.88498E-15	0.0	-3.37752E-16	4.82947E-15	-1.0	0.0	-1.0	2.2083E-18	5.45069E-17	0.0	-0.1565	1.615	-1.9	1.0
	/*	2:child_number	*/	0
	/*	2:name	*/	C18_间隔撑-6
	/*	2:type	*/	基本器材\C18_间隔撑.SLDPRT
	/*	2:location	*/	-7.13259E-17	1.0	4.88498E-15	0.0	-3.37752E-16	4.82947E-15	-1.0	0.0	-1.0	2.2083E-18	5.45069E-17	0.0	0.4435	1.615	-0.9	1.0
	/*	2:child_number	*/	0
	/*	2:name	*/	C18_间隔撑-7
	/*	2:type	*/	基本器材\C18_间隔撑.SLDPRT
	/*	2:location	*/	-7.13259E-17	1.0	4.88498E-15	0.0	-3.37752E-16	4.82947E-15	-1.0	0.0	-1.0	2.2083E-18	5.45069E-17	0.0	0.4435	1.615	0.1	1.0
	/*	2:child_number	*/	0
	/*	2:name	*/	C18_间隔撑-8
	/*	2:type	*/	基本器材\C18_间隔撑.SLDPRT
	/*	2:location	*/	-7.13259E-17	1.0	4.88498E-15	0.0	-3.37752E-16	4.82947E-15	-1.0	0.0	-1.0	2.2083E-18	5.45069E-17	0.0	0.4435	1.615	1.1	1.0
	/*	2:child_number	*/	0
	/*	2:name	*/	C18_间隔撑-9
	/*	2:type	*/	基本器材\C18_间隔撑.SLDPRT
	/*	2:location	*/	-7.13259E-17	1.0	4.88498E-15	0.0	-3.37752E-16	4.82947E-15	-1.0	0.0	-1.0	2.2083E-18	5.45069E-17	0.0	0.4435	1.615	2.1	1.0
	/*	2:child_number	*/	0
	/*	2:name	*/	三个垫梁C10-3
	/*	2:type	*/	基本组合\三个垫梁C10.SLDASM
	/*	2:location	*/	1.0	-5.9848E-17	-6.93889E-17	0.0	-5.9848E-17	-1.0	-8.24911E-16	0.0	-6.93889E-17	8.24911E-16	-1.0	0.0	-0.183779	1.0907	1.1	1.0
	/*	2:child_number	*/	9
		/*	3:name	*/	三个垫梁C10-3/C10_垫梁-1
		/*	3:type	*/	基本器材\C10_垫梁.SLDPRT
		/*	3:location	*/	1.0	-4.39003E-33	0.0	0.0	-4.39003E-33	1.0	0.0	0.0	0.0	0.0	1.0	0.0	-1.41622	-0.4093	-0.085	1.0
		/*	3:child_number	*/	0
		/*	3:name	*/	三个垫梁C10-3/C10_垫梁-2
		/*	3:type	*/	基本器材\C10_垫梁.SLDPRT
		/*	3:location	*/	1.0	-4.39003E-33	0.0	0.0	-4.39003E-33	1.0	0.0	0.0	0.0	0.0	1.0	0.0	-1.41622	-0.4093	-0.385	1.0
		/*	3:child_number	*/	0
		/*	3:name	*/	三个垫梁C10-3/C10_垫梁-3
		/*	3:type	*/	基本器材\C10_垫梁.SLDPRT
		/*	3:location	*/	1.0	-4.39003E-33	0.0	0.0	-4.39003E-33	1.0	0.0	0.0	0.0	0.0	1.0	0.0	-1.41622	-0.4093	-0.685	1.0
		/*	3:child_number	*/	0
		/*	3:name	*/	三个垫梁C10-3/间隔撑及螺栓-1
		/*	3:type	*/	基本组合\间隔撑及螺栓.SLDASM
		/*	3:location	*/	-1.48492E-15	-1.0	3.46945E-18	0.0	-1.0	1.49533E-15	0.0	0.0	-5.55074E-17	6.49012E-19	-1.0	0.0	1.37796	-0.144816	-0.15	1.0
		/*	3:child_number	*/	2
			/*	4:name	*/	三个垫梁C10-3/间隔撑及螺栓-1/C18_间隔撑-1
			/*	4:type	*/	基本器材\C18_间隔撑.SLDPRT
			/*	4:location	*/	1.0	1.14029E-32	0.0	0.0	5.72848E-32	1.0	0.0	0.0	0.0	0.0	1.0	0.0	-0.170516	-0.105817	-0.1435	1.0
			/*	4:child_number	*/	0
			/*	4:name	*/	三个垫梁C10-3/间隔撑及螺栓-1/间隔撑上的螺栓-1
			/*	4:type	*/	基本组合\间隔撑上的螺栓.SLDASM
			/*	4:location	*/	-0.999098	0.0424734	9.86076E-32	0.0	0.0424734	0.999098	0.0	0.0	0.0	0.0	-1.0	0.0	-0.14487	0.0487065	-0.153	1.0
			/*	4:child_number	*/	16
				/*	5:name	*/	三个垫梁C10-3/间隔撑及螺栓-1/间隔撑上的螺栓-1/M80螺栓-1
				/*	5:type	*/	基本器材\M80螺栓.SLDPRT
				/*	5:location	*/	1.0	-4.00154E-32	0.0	0.0	6.93889E-18	1.0	0.0	0.0	0.0	6.16298E-33	1.0	0.0	-0.0143216	0.0010856	-0.0375	1.0
				/*	5:child_number	*/	0
				/*	5:name	*/	三个垫梁C10-3/间隔撑及螺栓-1/间隔撑上的螺栓-1/M80螺栓-10
				/*	5:type	*/	基本器材\M80螺栓.SLDPRT
				/*	5:location	*/	1.0	-4.00154E-32	0.0	0.0	6.93889E-18	1.0	0.0	0.0	0.0	6.16298E-33	1.0	0.0	-0.254105	0.0112792	-0.0375	1.0
				/*	5:child_number	*/	0
				/*	5:name	*/	三个垫梁C10-3/间隔撑及螺栓-1/间隔撑上的螺栓-1/M80螺栓-11
				/*	5:type	*/	基本器材\M80螺栓.SLDPRT
				/*	5:location	*/	1.0	-4.00154E-32	0.0	0.0	6.93889E-18	1.0	0.0	0.0	0.0	6.16298E-33	1.0	0.0	-0.258777	-0.0986215	-0.0375	1.0
				/*	5:child_number	*/	0
				/*	5:name	*/	三个垫梁C10-3/间隔撑及螺栓-1/间隔撑上的螺栓-1/M80螺栓-5
				/*	5:type	*/	基本器材\M80螺栓.SLDPRT
				/*	5:location	*/	1.0	-4.00154E-32	0.0	0.0	6.93889E-18	1.0	0.0	0.0	0.0	6.16298E-33	1.0	0.0	-0.0189936	-0.108815	-0.0375	1.0
				/*	5:child_number	*/	0
				/*	5:name	*/	三个垫梁C10-3/间隔撑及螺栓-1/间隔撑上的螺栓-1/M80螺栓-6
				/*	5:type	*/	基本器材\M80螺栓.SLDPRT
				/*	5:location	*/	1.0	-4.00154E-32	0.0	0.0	6.93889E-18	1.0	0.0	0.0	0.0	6.16298E-33	1.0	0.0	-0.0942494	0.00448347	-0.0375	1.0
				/*	5:child_number	*/	0
				/*	5:name	*/	三个垫梁C10-3/间隔撑及螺栓-1/间隔撑上的螺栓-1/M80螺栓-7
				/*	5:type	*/	基本器材\M80螺栓.SLDPRT
				/*	5:location	*/	1.0	-4.00154E-32	0.0	0.0	6.93889E-18	1.0	0.0	0.0	0.0	6.16298E-33	1.0	0.0	-0.0989214	-0.105417	-0.0375	1.0
				/*	5:child_number	*/	0
				/*	5:name	*/	三个垫梁C10-3/间隔撑及螺栓-1/间隔撑上的螺栓-1/M80螺栓-8
				/*	5:type	*/	基本器材\M80螺栓.SLDPRT
				/*	5:location	*/	1.0	-4.00154E-32	0.0	0.0	6.93889E-18	1.0	0.0	0.0	0.0	6.16298E-33	1.0	0.0	-0.174177	0.00788134	-0.0375	1.0
				/*	5:child_number	*/	0
				/*	5:name	*/	三个垫梁C10-3/间隔撑及螺栓-1/间隔撑上的螺栓-1/M80螺栓-9
				/*	5:type	*/	基本器材\M80螺栓.SLDPRT
				/*	5:location	*/	1.0	-4.00154E-32	0.0	0.0	6.93889E-18	1.0	0.0	0.0	0.0	6.16298E-33	1.0	0.0	-0.178849	-0.102019	-0.0375	1.0
				/*	5:child_number	*/	0
				/*	5:name	*/	三个垫梁C10-3/间隔撑及螺栓-1/间隔撑上的螺栓-1/六五墩螺母-1
				/*	5:type	*/	基本器材\六五墩螺母.SLDPRT
				/*	5:location	*/	0.844007	-0.536332	-1.38778E-17	0.0	2.69168E-17	1.64827E-17	1.0	0.0	-0.536332	-0.844007	2.83478E-17	0.0	-0.0143216	0.0010856	0.0035	1.0
				/*	5:child_number	*/	0
				/*	5:name	*/	三个垫梁C10-3/间隔撑及螺栓-1/间隔撑上的螺栓-1/六五墩螺母-15
				/*	5:type	*/	基本器材\六五墩螺母.SLDPRT
				/*	5:location	*/	0.844007	-0.536332	-1.38778E-17	0.0	2.69168E-17	1.64827E-17	1.0	0.0	-0.536332	-0.844007	2.83478E-17	0.0	-0.0189936	-0.108815	0.0035	1.0
				/*	5:child_number	*/	0
				/*	5:name	*/	三个垫梁C10-3/间隔撑及螺栓-1/间隔撑上的螺栓-1/六五墩螺母-16
				/*	5:type	*/	基本器材\六五墩螺母.SLDPRT
				/*	5:location	*/	0.844007	-0.536332	-1.38778E-17	0.0	2.69168E-17	1.64827E-17	1.0	0.0	-0.536332	-0.844007	2.83478E-17	0.0	-0.0942494	0.00448347	0.0035	1.0
				/*	5:child_number	*/	0
				/*	5:name	*/	三个垫梁C10-3/间隔撑及螺栓-1/间隔撑上的螺栓-1/六五墩螺母-17
				/*	5:type	*/	基本器材\六五墩螺母.SLDPRT
				/*	5:location	*/	0.844007	-0.536332	-1.38778E-17	0.0	2.69168E-17	1.64827E-17	1.0	0.0	-0.536332	-0.844007	2.83478E-17	0.0	-0.0989214	-0.105417	0.0035	1.0
				/*	5:child_number	*/	0
				/*	5:name	*/	三个垫梁C10-3/间隔撑及螺栓-1/间隔撑上的螺栓-1/六五墩螺母-18
				/*	5:type	*/	基本器材\六五墩螺母.SLDPRT
				/*	5:location	*/	0.844007	-0.536332	-1.38778E-17	0.0	2.69168E-17	1.64827E-17	1.0	0.0	-0.536332	-0.844007	2.83478E-17	0.0	-0.174177	0.00788134	0.0035	1.0
				/*	5:child_number	*/	0
				/*	5:name	*/	三个垫梁C10-3/间隔撑及螺栓-1/间隔撑上的螺栓-1/六五墩螺母-19
				/*	5:type	*/	基本器材\六五墩螺母.SLDPRT
				/*	5:location	*/	0.844007	-0.536332	-1.38778E-17	0.0	2.69168E-17	1.64827E-17	1.0	0.0	-0.536332	-0.844007	2.83478E-17	0.0	-0.178849	-0.102019	0.0035	1.0
				/*	5:child_number	*/	0
				/*	5:name	*/	三个垫梁C10-3/间隔撑及螺栓-1/间隔撑上的螺栓-1/六五墩螺母-20
				/*	5:type	*/	基本器材\六五墩螺母.SLDPRT
				/*	5:location	*/	0.844007	-0.536332	-1.38778E-17	0.0	2.69168E-17	1.64827E-17	1.0	0.0	-0.536332	-0.844007	2.83478E-17	0.0	-0.254105	0.0112792	0.0035	1.0
				/*	5:child_number	*/	0
				/*	5:name	*/	三个垫梁C10-3/间隔撑及螺栓-1/间隔撑上的螺栓-1/六五墩螺母-21
				/*	5:type	*/	基本器材\六五墩螺母.SLDPRT
				/*	5:location	*/	0.844007	-0.536332	-1.38778E-17	0.0	2.69168E-17	1.64827E-17	1.0	0.0	-0.536332	-0.844007	2.83478E-17	0.0	-0.258777	-0.0986215	0.0035	1.0
				/*	5:child_number	*/	0
		/*	3:name	*/	三个垫梁C10-3/间隔撑及螺栓-2
		/*	3:type	*/	基本组合\间隔撑及螺栓.SLDASM
		/*	3:location	*/	-1.48492E-15	-1.0	3.46945E-18	0.0	-1.0	1.49533E-15	0.0	0.0	-5.55074E-17	6.49012E-19	-1.0	0.0	0.177962	-0.144816	-0.15	1.0
		/*	3:child_number	*/	2
			/*	4:name	*/	三个垫梁C10-3/间隔撑及螺栓-2/C18_间隔撑-1
			/*	4:type	*/	基本器材\C18_间隔撑.SLDPRT
			/*	4:location	*/	1.0	1.14029E-32	0.0	0.0	5.72848E-32	1.0	0.0	0.0	0.0	0.0	1.0	0.0	-0.170516	-0.105817	-0.1435	1.0
			/*	4:child_number	*/	0
			/*	4:name	*/	三个垫梁C10-3/间隔撑及螺栓-2/间隔撑上的螺栓-1
			/*	4:type	*/	基本组合\间隔撑上的螺栓.SLDASM
			/*	4:location	*/	-0.999098	0.0424734	9.86076E-32	0.0	0.0424734	0.999098	0.0	0.0	0.0	0.0	-1.0	0.0	-0.14487	0.0487065	-0.153	1.0
			/*	4:child_number	*/	16
				/*	5:name	*/	三个垫梁C10-3/间隔撑及螺栓-2/间隔撑上的螺栓-1/M80螺栓-1
				/*	5:type	*/	基本器材\M80螺栓.SLDPRT
				/*	5:location	*/	1.0	-4.00154E-32	0.0	0.0	6.93889E-18	1.0	0.0	0.0	0.0	6.16298E-33	1.0	0.0	-0.0143216	0.0010856	-0.0375	1.0
				/*	5:child_number	*/	0
				/*	5:name	*/	三个垫梁C10-3/间隔撑及螺栓-2/间隔撑上的螺栓-1/M80螺栓-10
				/*	5:type	*/	基本器材\M80螺栓.SLDPRT
				/*	5:location	*/	1.0	-4.00154E-32	0.0	0.0	6.93889E-18	1.0	0.0	0.0	0.0	6.16298E-33	1.0	0.0	-0.254105	0.0112792	-0.0375	1.0
				/*	5:child_number	*/	0
				/*	5:name	*/	三个垫梁C10-3/间隔撑及螺栓-2/间隔撑上的螺栓-1/M80螺栓-11
				/*	5:type	*/	基本器材\M80螺栓.SLDPRT
				/*	5:location	*/	1.0	-4.00154E-32	0.0	0.0	6.93889E-18	1.0	0.0	0.0	0.0	6.16298E-33	1.0	0.0	-0.258777	-0.0986215	-0.0375	1.0
				/*	5:child_number	*/	0
				/*	5:name	*/	三个垫梁C10-3/间隔撑及螺栓-2/间隔撑上的螺栓-1/M80螺栓-5
				/*	5:type	*/	基本器材\M80螺栓.SLDPRT
				/*	5:location	*/	1.0	-4.00154E-32	0.0	0.0	6.93889E-18	1.0	0.0	0.0	0.0	6.16298E-33	1.0	0.0	-0.0189936	-0.108815	-0.0375	1.0
				/*	5:child_number	*/	0
				/*	5:name	*/	三个垫梁C10-3/间隔撑及螺栓-2/间隔撑上的螺栓-1/M80螺栓-6
				/*	5:type	*/	基本器材\M80螺栓.SLDPRT
				/*	5:location	*/	1.0	-4.00154E-32	0.0	0.0	6.93889E-18	1.0	0.0	0.0	0.0	6.16298E-33	1.0	0.0	-0.0942494	0.00448347	-0.0375	1.0
				/*	5:child_number	*/	0
				/*	5:name	*/	三个垫梁C10-3/间隔撑及螺栓-2/间隔撑上的螺栓-1/M80螺栓-7
				/*	5:type	*/	基本器材\M80螺栓.SLDPRT
				/*	5:location	*/	1.0	-4.00154E-32	0.0	0.0	6.93889E-18	1.0	0.0	0.0	0.0	6.16298E-33	1.0	0.0	-0.0989214	-0.105417	-0.0375	1.0
				/*	5:child_number	*/	0
				/*	5:name	*/	三个垫梁C10-3/间隔撑及螺栓-2/间隔撑上的螺栓-1/M80螺栓-8
				/*	5:type	*/	基本器材\M80螺栓.SLDPRT
				/*	5:location	*/	1.0	-4.00154E-32	0.0	0.0	6.93889E-18	1.0	0.0	0.0	0.0	6.16298E-33	1.0	0.0	-0.174177	0.00788134	-0.0375	1.0
				/*	5:child_number	*/	0
				/*	5:name	*/	三个垫梁C10-3/间隔撑及螺栓-2/间隔撑上的螺栓-1/M80螺栓-9
				/*	5:type	*/	基本器材\M80螺栓.SLDPRT
				/*	5:location	*/	1.0	-4.00154E-32	0.0	0.0	6.93889E-18	1.0	0.0	0.0	0.0	6.16298E-33	1.0	0.0	-0.178849	-0.102019	-0.0375	1.0
				/*	5:child_number	*/	0
				/*	5:name	*/	三个垫梁C10-3/间隔撑及螺栓-2/间隔撑上的螺栓-1/六五墩螺母-1
				/*	5:type	*/	基本器材\六五墩螺母.SLDPRT
				/*	5:location	*/	0.844007	-0.536332	-1.38778E-17	0.0	2.69168E-17	1.64827E-17	1.0	0.0	-0.536332	-0.844007	2.83478E-17	0.0	-0.0143216	0.0010856	0.0035	1.0
				/*	5:child_number	*/	0
				/*	5:name	*/	三个垫梁C10-3/间隔撑及螺栓-2/间隔撑上的螺栓-1/六五墩螺母-15
				/*	5:type	*/	基本器材\六五墩螺母.SLDPRT
				/*	5:location	*/	0.844007	-0.536332	-1.38778E-17	0.0	2.69168E-17	1.64827E-17	1.0	0.0	-0.536332	-0.844007	2.83478E-17	0.0	-0.0189936	-0.108815	0.0035	1.0
				/*	5:child_number	*/	0
				/*	5:name	*/	三个垫梁C10-3/间隔撑及螺栓-2/间隔撑上的螺栓-1/六五墩螺母-16
				/*	5:type	*/	基本器材\六五墩螺母.SLDPRT
				/*	5:location	*/	0.844007	-0.536332	-1.38778E-17	0.0	2.69168E-17	1.64827E-17	1.0	0.0	-0.536332	-0.844007	2.83478E-17	0.0	-0.0942494	0.00448347	0.0035	1.0
				/*	5:child_number	*/	0
				/*	5:name	*/	三个垫梁C10-3/间隔撑及螺栓-2/间隔撑上的螺栓-1/六五墩螺母-17
				/*	5:type	*/	基本器材\六五墩螺母.SLDPRT
				/*	5:location	*/	0.844007	-0.536332	-1.38778E-17	0.0	2.69168E-17	1.64827E-17	1.0	0.0	-0.536332	-0.844007	2.83478E-17	0.0	-0.0989214	-0.105417	0.0035	1.0
				/*	5:child_number	*/	0
				/*	5:name	*/	三个垫梁C10-3/间隔撑及螺栓-2/间隔撑上的螺栓-1/六五墩螺母-18
				/*	5:type	*/	基本器材\六五墩螺母.SLDPRT
				/*	5:location	*/	0.844007	-0.536332	-1.38778E-17	0.0	2.69168E-17	1.64827E-17	1.0	0.0	-0.536332	-0.844007	2.83478E-17	0.0	-0.174177	0.00788134	0.0035	1.0
				/*	5:child_number	*/	0
				/*	5:name	*/	三个垫梁C10-3/间隔撑及螺栓-2/间隔撑上的螺栓-1/六五墩螺母-19
				/*	5:type	*/	基本器材\六五墩螺母.SLDPRT
				/*	5:location	*/	0.844007	-0.536332	-1.38778E-17	0.0	2.69168E-17	1.64827E-17	1.0	0.0	-0.536332	-0.844007	2.83478E-17	0.0	-0.178849	-0.102019	0.0035	1.0
				/*	5:child_number	*/	0
				/*	5:name	*/	三个垫梁C10-3/间隔撑及螺栓-2/间隔撑上的螺栓-1/六五墩螺母-20
				/*	5:type	*/	基本器材\六五墩螺母.SLDPRT
				/*	5:location	*/	0.844007	-0.536332	-1.38778E-17	0.0	2.69168E-17	1.64827E-17	1.0	0.0	-0.536332	-0.844007	2.83478E-17	0.0	-0.254105	0.0112792	0.0035	1.0
				/*	5:child_number	*/	0
				/*	5:name	*/	三个垫梁C10-3/间隔撑及螺栓-2/间隔撑上的螺栓-1/六五墩螺母-21
				/*	5:type	*/	基本器材\六五墩螺母.SLDPRT
				/*	5:location	*/	0.844007	-0.536332	-1.38778E-17	0.0	2.69168E-17	1.64827E-17	1.0	0.0	-0.536332	-0.844007	2.83478E-17	0.0	-0.258777	-0.0986215	0.0035	1.0
				/*	5:child_number	*/	0
		/*	3:name	*/	三个垫梁C10-3/间隔撑及螺栓-3
		/*	3:type	*/	基本组合\间隔撑及螺栓.SLDASM
		/*	3:location	*/	-1.48492E-15	-1.0	3.46945E-18	0.0	-1.0	1.49533E-15	0.0	0.0	-5.55074E-17	6.49012E-19	-1.0	0.0	-1.02204	-0.144816	-0.15	1.0
		/*	3:child_number	*/	2
			/*	4:name	*/	三个垫梁C10-3/间隔撑及螺栓-3/C18_间隔撑-1
			/*	4:type	*/	基本器材\C18_间隔撑.SLDPRT
			/*	4:location	*/	1.0	1.14029E-32	0.0	0.0	5.72848E-32	1.0	0.0	0.0	0.0	0.0	1.0	0.0	-0.170516	-0.105817	-0.1435	1.0
			/*	4:child_number	*/	0
			/*	4:name	*/	三个垫梁C10-3/间隔撑及螺栓-3/间隔撑上的螺栓-1
			/*	4:type	*/	基本组合\间隔撑上的螺栓.SLDASM
			/*	4:location	*/	-0.999098	0.0424734	9.86076E-32	0.0	0.0424734	0.999098	0.0	0.0	0.0	0.0	-1.0	0.0	-0.14487	0.0487065	-0.153	1.0
			/*	4:child_number	*/	16
				/*	5:name	*/	三个垫梁C10-3/间隔撑及螺栓-3/间隔撑上的螺栓-1/M80螺栓-1
				/*	5:type	*/	基本器材\M80螺栓.SLDPRT
				/*	5:location	*/	1.0	-4.00154E-32	0.0	0.0	6.93889E-18	1.0	0.0	0.0	0.0	6.16298E-33	1.0	0.0	-0.0143216	0.0010856	-0.0375	1.0
				/*	5:child_number	*/	0
				/*	5:name	*/	三个垫梁C10-3/间隔撑及螺栓-3/间隔撑上的螺栓-1/M80螺栓-10
				/*	5:type	*/	基本器材\M80螺栓.SLDPRT
				/*	5:location	*/	1.0	-4.00154E-32	0.0	0.0	6.93889E-18	1.0	0.0	0.0	0.0	6.16298E-33	1.0	0.0	-0.254105	0.0112792	-0.0375	1.0
				/*	5:child_number	*/	0
				/*	5:name	*/	三个垫梁C10-3/间隔撑及螺栓-3/间隔撑上的螺栓-1/M80螺栓-11
				/*	5:type	*/	基本器材\M80螺栓.SLDPRT
				/*	5:location	*/	1.0	-4.00154E-32	0.0	0.0	6.93889E-18	1.0	0.0	0.0	0.0	6.16298E-33	1.0	0.0	-0.258777	-0.0986215	-0.0375	1.0
				/*	5:child_number	*/	0
				/*	5:name	*/	三个垫梁C10-3/间隔撑及螺栓-3/间隔撑上的螺栓-1/M80螺栓-5
				/*	5:type	*/	基本器材\M80螺栓.SLDPRT
				/*	5:location	*/	1.0	-4.00154E-32	0.0	0.0	6.93889E-18	1.0	0.0	0.0	0.0	6.16298E-33	1.0	0.0	-0.0189936	-0.108815	-0.0375	1.0
				/*	5:child_number	*/	0
				/*	5:name	*/	三个垫梁C10-3/间隔撑及螺栓-3/间隔撑上的螺栓-1/M80螺栓-6
				/*	5:type	*/	基本器材\M80螺栓.SLDPRT
				/*	5:location	*/	1.0	-4.00154E-32	0.0	0.0	6.93889E-18	1.0	0.0	0.0	0.0	6.16298E-33	1.0	0.0	-0.0942494	0.00448347	-0.0375	1.0
				/*	5:child_number	*/	0
				/*	5:name	*/	三个垫梁C10-3/间隔撑及螺栓-3/间隔撑上的螺栓-1/M80螺栓-7
				/*	5:type	*/	基本器材\M80螺栓.SLDPRT
				/*	5:location	*/	1.0	-4.00154E-32	0.0	0.0	6.93889E-18	1.0	0.0	0.0	0.0	6.16298E-33	1.0	0.0	-0.0989214	-0.105417	-0.0375	1.0
				/*	5:child_number	*/	0
				/*	5:name	*/	三个垫梁C10-3/间隔撑及螺栓-3/间隔撑上的螺栓-1/M80螺栓-8
				/*	5:type	*/	基本器材\M80螺栓.SLDPRT
				/*	5:location	*/	1.0	-4.00154E-32	0.0	0.0	6.93889E-18	1.0	0.0	0.0	0.0	6.16298E-33	1.0	0.0	-0.174177	0.00788134	-0.0375	1.0
				/*	5:child_number	*/	0
				/*	5:name	*/	三个垫梁C10-3/间隔撑及螺栓-3/间隔撑上的螺栓-1/M80螺栓-9
				/*	5:type	*/	基本器材\M80螺栓.SLDPRT
				/*	5:location	*/	1.0	-4.00154E-32	0.0	0.0	6.93889E-18	1.0	0.0	0.0	0.0	6.16298E-33	1.0	0.0	-0.178849	-0.102019	-0.0375	1.0
				/*	5:child_number	*/	0
				/*	5:name	*/	三个垫梁C10-3/间隔撑及螺栓-3/间隔撑上的螺栓-1/六五墩螺母-1
				/*	5:type	*/	基本器材\六五墩螺母.SLDPRT
				/*	5:location	*/	0.844007	-0.536332	-1.38778E-17	0.0	2.69168E-17	1.64827E-17	1.0	0.0	-0.536332	-0.844007	2.83478E-17	0.0	-0.0143216	0.0010856	0.0035	1.0
				/*	5:child_number	*/	0
				/*	5:name	*/	三个垫梁C10-3/间隔撑及螺栓-3/间隔撑上的螺栓-1/六五墩螺母-15
				/*	5:type	*/	基本器材\六五墩螺母.SLDPRT
				/*	5:location	*/	0.844007	-0.536332	-1.38778E-17	0.0	2.69168E-17	1.64827E-17	1.0	0.0	-0.536332	-0.844007	2.83478E-17	0.0	-0.0189936	-0.108815	0.0035	1.0
				/*	5:child_number	*/	0
				/*	5:name	*/	三个垫梁C10-3/间隔撑及螺栓-3/间隔撑上的螺栓-1/六五墩螺母-16
				/*	5:type	*/	基本器材\六五墩螺母.SLDPRT
				/*	5:location	*/	0.844007	-0.536332	-1.38778E-17	0.0	2.69168E-17	1.64827E-17	1.0	0.0	-0.536332	-0.844007	2.83478E-17	0.0	-0.0942494	0.00448347	0.0035	1.0
				/*	5:child_number	*/	0
				/*	5:name	*/	三个垫梁C10-3/间隔撑及螺栓-3/间隔撑上的螺栓-1/六五墩螺母-17
				/*	5:type	*/	基本器材\六五墩螺母.SLDPRT
				/*	5:location	*/	0.844007	-0.536332	-1.38778E-17	0.0	2.69168E-17	1.64827E-17	1.0	0.0	-0.536332	-0.844007	2.83478E-17	0.0	-0.0989214	-0.105417	0.0035	1.0
				/*	5:child_number	*/	0
				/*	5:name	*/	三个垫梁C10-3/间隔撑及螺栓-3/间隔撑上的螺栓-1/六五墩螺母-18
				/*	5:type	*/	基本器材\六五墩螺母.SLDPRT
				/*	5:location	*/	0.844007	-0.536332	-1.38778E-17	0.0	2.69168E-17	1.64827E-17	1.0	0.0	-0.536332	-0.844007	2.83478E-17	0.0	-0.174177	0.00788134	0.0035	1.0
				/*	5:child_number	*/	0
				/*	5:name	*/	三个垫梁C10-3/间隔撑及螺栓-3/间隔撑上的螺栓-1/六五墩螺母-19
				/*	5:type	*/	基本器材\六五墩螺母.SLDPRT
				/*	5:location	*/	0.844007	-0.536332	-1.38778E-17	0.0	2.69168E-17	1.64827E-17	1.0	0.0	-0.536332	-0.844007	2.83478E-17	0.0	-0.178849	-0.102019	0.0035	1.0
				/*	5:child_number	*/	0
				/*	5:name	*/	三个垫梁C10-3/间隔撑及螺栓-3/间隔撑上的螺栓-1/六五墩螺母-20
				/*	5:type	*/	基本器材\六五墩螺母.SLDPRT
				/*	5:location	*/	0.844007	-0.536332	-1.38778E-17	0.0	2.69168E-17	1.64827E-17	1.0	0.0	-0.536332	-0.844007	2.83478E-17	0.0	-0.254105	0.0112792	0.0035	1.0
				/*	5:child_number	*/	0
				/*	5:name	*/	三个垫梁C10-3/间隔撑及螺栓-3/间隔撑上的螺栓-1/六五墩螺母-21
				/*	5:type	*/	基本器材\六五墩螺母.SLDPRT
				/*	5:location	*/	0.844007	-0.536332	-1.38778E-17	0.0	2.69168E-17	1.64827E-17	1.0	0.0	-0.536332	-0.844007	2.83478E-17	0.0	-0.258777	-0.0986215	0.0035	1.0
				/*	5:child_number	*/	0
		/*	3:name	*/	三个垫梁C10-3/间隔撑连接3根垫粱-1
		/*	3:type	*/	基本组合\间隔撑连接3根垫粱.SLDASM
		/*	3:location	*/	8.32667E-16	-1.0	0.0	0.0	1.0	6.66134E-16	0.0	0.0	4.87787E-18	1.29923E-17	1.0	0.0	1.37261	-0.147587	-0.45	1.0
		/*	3:child_number	*/	3
			/*	4:name	*/	三个垫梁C10-3/间隔撑连接3根垫粱-1/C18_间隔撑-1
			/*	4:type	*/	基本器材\C18_间隔撑.SLDPRT
			/*	4:location	*/	1.0	-5.32159E-32	-9.86076E-32	0.0	4.22694E-32	1.0	0.0	0.0	0.0	0.0	1.0	0.0	-0.173287	-0.0888331	-0.1435	1.0
			/*	4:child_number	*/	0
			/*	4:name	*/	三个垫梁C10-3/间隔撑连接3根垫粱-1/间隔撑上的螺栓-1
			/*	4:type	*/	基本组合\间隔撑上的螺栓.SLDASM
			/*	4:location	*/	0.999098	0.0424734	9.86076E-32	0.0	-0.0424734	0.999098	-1.2326E-32	0.0	1.29923E-17	-4.87787E-18	1.0	0.0	0.121068	0.0656905	-0.134	1.0
			/*	4:child_number	*/	16
				/*	5:name	*/	三个垫梁C10-3/间隔撑连接3根垫粱-1/间隔撑上的螺栓-1/M80螺栓-1
				/*	5:type	*/	基本器材\M80螺栓.SLDPRT
				/*	5:location	*/	1.0	6.93889E-18	9.86076E-32	0.0	-8.5705E-32	1.0	-1.2326E-32	0.0	0.0	-1.2326E-32	1.0	0.0	-0.0143216	0.0010856	-0.0375	1.0
				/*	5:child_number	*/	0
				/*	5:name	*/	三个垫梁C10-3/间隔撑连接3根垫粱-1/间隔撑上的螺栓-1/M80螺栓-10
				/*	5:type	*/	基本器材\M80螺栓.SLDPRT
				/*	5:location	*/	1.0	6.93889E-18	9.86076E-32	0.0	-8.5705E-32	1.0	-1.2326E-32	0.0	0.0	-1.2326E-32	1.0	0.0	-0.254105	0.0112792	-0.0375	1.0
				/*	5:child_number	*/	0
				/*	5:name	*/	三个垫梁C10-3/间隔撑连接3根垫粱-1/间隔撑上的螺栓-1/M80螺栓-11
				/*	5:type	*/	基本器材\M80螺栓.SLDPRT
				/*	5:location	*/	1.0	6.93889E-18	9.86076E-32	0.0	-8.5705E-32	1.0	-1.2326E-32	0.0	0.0	-1.2326E-32	1.0	0.0	-0.258777	-0.0986215	-0.0375	1.0
				/*	5:child_number	*/	0
				/*	5:name	*/	三个垫梁C10-3/间隔撑连接3根垫粱-1/间隔撑上的螺栓-1/M80螺栓-5
				/*	5:type	*/	基本器材\M80螺栓.SLDPRT
				/*	5:location	*/	1.0	6.93889E-18	9.86076E-32	0.0	-8.5705E-32	1.0	-1.2326E-32	0.0	0.0	-1.2326E-32	1.0	0.0	-0.0189936	-0.108815	-0.0375	1.0
				/*	5:child_number	*/	0
				/*	5:name	*/	三个垫梁C10-3/间隔撑连接3根垫粱-1/间隔撑上的螺栓-1/M80螺栓-6
				/*	5:type	*/	基本器材\M80螺栓.SLDPRT
				/*	5:location	*/	1.0	6.93889E-18	9.86076E-32	0.0	-8.5705E-32	1.0	-1.2326E-32	0.0	0.0	-1.2326E-32	1.0	0.0	-0.0942494	0.00448347	-0.0375	1.0
				/*	5:child_number	*/	0
				/*	5:name	*/	三个垫梁C10-3/间隔撑连接3根垫粱-1/间隔撑上的螺栓-1/M80螺栓-7
				/*	5:type	*/	基本器材\M80螺栓.SLDPRT
				/*	5:location	*/	1.0	6.93889E-18	9.86076E-32	0.0	-8.5705E-32	1.0	-1.2326E-32	0.0	0.0	-1.2326E-32	1.0	0.0	-0.0989214	-0.105417	-0.0375	1.0
				/*	5:child_number	*/	0
				/*	5:name	*/	三个垫梁C10-3/间隔撑连接3根垫粱-1/间隔撑上的螺栓-1/M80螺栓-8
				/*	5:type	*/	基本器材\M80螺栓.SLDPRT
				/*	5:location	*/	1.0	6.93889E-18	9.86076E-32	0.0	-8.5705E-32	1.0	-1.2326E-32	0.0	0.0	-1.2326E-32	1.0	0.0	-0.174177	0.00788134	-0.0375	1.0
				/*	5:child_number	*/	0
				/*	5:name	*/	三个垫梁C10-3/间隔撑连接3根垫粱-1/间隔撑上的螺栓-1/M80螺栓-9
				/*	5:type	*/	基本器材\M80螺栓.SLDPRT
				/*	5:location	*/	1.0	6.93889E-18	9.86076E-32	0.0	-8.5705E-32	1.0	-1.2326E-32	0.0	0.0	-1.2326E-32	1.0	0.0	-0.178849	-0.102019	-0.0375	1.0
				/*	5:child_number	*/	0
				/*	5:name	*/	三个垫梁C10-3/间隔撑连接3根垫粱-1/间隔撑上的螺栓-1/六五墩螺母-1
				/*	5:type	*/	基本器材\六五墩螺母.SLDPRT
				/*	5:location	*/	0.844007	-0.536332	-1.38778E-17	0.0	2.69168E-17	1.64827E-17	1.0	0.0	-0.536332	-0.844007	2.83478E-17	0.0	-0.0143216	0.0010856	0.0035	1.0
				/*	5:child_number	*/	0
				/*	5:name	*/	三个垫梁C10-3/间隔撑连接3根垫粱-1/间隔撑上的螺栓-1/六五墩螺母-15
				/*	5:type	*/	基本器材\六五墩螺母.SLDPRT
				/*	5:location	*/	0.844007	-0.536332	-1.38778E-17	0.0	2.69168E-17	1.64827E-17	1.0	0.0	-0.536332	-0.844007	2.83478E-17	0.0	-0.0189936	-0.108815	0.0035	1.0
				/*	5:child_number	*/	0
				/*	5:name	*/	三个垫梁C10-3/间隔撑连接3根垫粱-1/间隔撑上的螺栓-1/六五墩螺母-16
				/*	5:type	*/	基本器材\六五墩螺母.SLDPRT
				/*	5:location	*/	0.844007	-0.536332	-1.38778E-17	0.0	2.69168E-17	1.64827E-17	1.0	0.0	-0.536332	-0.844007	2.83478E-17	0.0	-0.0942494	0.00448347	0.0035	1.0
				/*	5:child_number	*/	0
				/*	5:name	*/	三个垫梁C10-3/间隔撑连接3根垫粱-1/间隔撑上的螺栓-1/六五墩螺母-17
				/*	5:type	*/	基本器材\六五墩螺母.SLDPRT
				/*	5:location	*/	0.844007	-0.536332	-1.38778E-17	0.0	2.69168E-17	1.64827E-17	1.0	0.0	-0.536332	-0.844007	2.83478E-17	0.0	-0.0989214	-0.105417	0.0035	1.0
				/*	5:child_number	*/	0
				/*	5:name	*/	三个垫梁C10-3/间隔撑连接3根垫粱-1/间隔撑上的螺栓-1/六五墩螺母-18
				/*	5:type	*/	基本器材\六五墩螺母.SLDPRT
				/*	5:location	*/	0.844007	-0.536332	-1.38778E-17	0.0	2.69168E-17	1.64827E-17	1.0	0.0	-0.536332	-0.844007	2.83478E-17	0.0	-0.174177	0.00788134	0.0035	1.0
				/*	5:child_number	*/	0
				/*	5:name	*/	三个垫梁C10-3/间隔撑连接3根垫粱-1/间隔撑上的螺栓-1/六五墩螺母-19
				/*	5:type	*/	基本器材\六五墩螺母.SLDPRT
				/*	5:location	*/	0.844007	-0.536332	-1.38778E-17	0.0	2.69168E-17	1.64827E-17	1.0	0.0	-0.536332	-0.844007	2.83478E-17	0.0	-0.178849	-0.102019	0.0035	1.0
				/*	5:child_number	*/	0
				/*	5:name	*/	三个垫梁C10-3/间隔撑连接3根垫粱-1/间隔撑上的螺栓-1/六五墩螺母-20
				/*	5:type	*/	基本器材\六五墩螺母.SLDPRT
				/*	5:location	*/	0.844007	-0.536332	-1.38778E-17	0.0	2.69168E-17	1.64827E-17	1.0	0.0	-0.536332	-0.844007	2.83478E-17	0.0	-0.254105	0.0112792	0.0035	1.0
				/*	5:child_number	*/	0
				/*	5:name	*/	三个垫梁C10-3/间隔撑连接3根垫粱-1/间隔撑上的螺栓-1/六五墩螺母-21
				/*	5:type	*/	基本器材\六五墩螺母.SLDPRT
				/*	5:location	*/	0.844007	-0.536332	-1.38778E-17	0.0	2.69168E-17	1.64827E-17	1.0	0.0	-0.536332	-0.844007	2.83478E-17	0.0	-0.258777	-0.0986215	0.0035	1.0
				/*	5:child_number	*/	0
			/*	4:name	*/	三个垫梁C10-3/间隔撑连接3根垫粱-1/间隔撑上的螺栓2-2
			/*	4:type	*/	基本组合\间隔撑上的螺栓2.SLDASM
			/*	4:location	*/	0.999098	0.0424734	9.86076E-32	0.0	-0.0424734	0.999098	-1.2326E-32	0.0	1.29923E-17	-4.87787E-18	1.0	0.0	0.121068	0.0656905	0.153	1.0
			/*	4:child_number	*/	16
				/*	5:name	*/	三个垫梁C10-3/间隔撑连接3根垫粱-1/间隔撑上的螺栓2-2/M80螺栓-1
				/*	5:type	*/	基本器材\M80螺栓.SLDPRT
				/*	5:location	*/	1.0	6.93889E-18	9.86076E-32	0.0	-8.5705E-32	1.0	-1.2326E-32	0.0	0.0	-1.2326E-32	1.0	0.0	-0.0143216	0.0010856	-0.0375	1.0
				/*	5:child_number	*/	0
				/*	5:name	*/	三个垫梁C10-3/间隔撑连接3根垫粱-1/间隔撑上的螺栓2-2/M80螺栓-10
				/*	5:type	*/	基本器材\M80螺栓.SLDPRT
				/*	5:location	*/	1.0	6.93889E-18	9.86076E-32	0.0	-8.5705E-32	1.0	-1.2326E-32	0.0	0.0	-1.2326E-32	1.0	0.0	-0.254105	0.0112792	-0.0375	1.0
				/*	5:child_number	*/	0
				/*	5:name	*/	三个垫梁C10-3/间隔撑连接3根垫粱-1/间隔撑上的螺栓2-2/M80螺栓-11
				/*	5:type	*/	基本器材\M80螺栓.SLDPRT
				/*	5:location	*/	1.0	6.93889E-18	9.86076E-32	0.0	-8.5705E-32	1.0	-1.2326E-32	0.0	0.0	-1.2326E-32	1.0	0.0	-0.258777	-0.0986215	-0.0375	1.0
				/*	5:child_number	*/	0
				/*	5:name	*/	三个垫梁C10-3/间隔撑连接3根垫粱-1/间隔撑上的螺栓2-2/M80螺栓-5
				/*	5:type	*/	基本器材\M80螺栓.SLDPRT
				/*	5:location	*/	1.0	6.93889E-18	9.86076E-32	0.0	-8.5705E-32	1.0	-1.2326E-32	0.0	0.0	-1.2326E-32	1.0	0.0	-0.0189936	-0.108815	-0.0375	1.0
				/*	5:child_number	*/	0
				/*	5:name	*/	三个垫梁C10-3/间隔撑连接3根垫粱-1/间隔撑上的螺栓2-2/M80螺栓-6
				/*	5:type	*/	基本器材\M80螺栓.SLDPRT
				/*	5:location	*/	1.0	6.93889E-18	9.86076E-32	0.0	-8.5705E-32	1.0	-1.2326E-32	0.0	0.0	-1.2326E-32	1.0	0.0	-0.0942494	0.00448347	-0.0375	1.0
				/*	5:child_number	*/	0
				/*	5:name	*/	三个垫梁C10-3/间隔撑连接3根垫粱-1/间隔撑上的螺栓2-2/M80螺栓-7
				/*	5:type	*/	基本器材\M80螺栓.SLDPRT
				/*	5:location	*/	1.0	6.93889E-18	9.86076E-32	0.0	-8.5705E-32	1.0	-1.2326E-32	0.0	0.0	-1.2326E-32	1.0	0.0	-0.0989214	-0.105417	-0.0375	1.0
				/*	5:child_number	*/	0
				/*	5:name	*/	三个垫梁C10-3/间隔撑连接3根垫粱-1/间隔撑上的螺栓2-2/M80螺栓-8
				/*	5:type	*/	基本器材\M80螺栓.SLDPRT
				/*	5:location	*/	1.0	6.93889E-18	9.86076E-32	0.0	-8.5705E-32	1.0	-1.2326E-32	0.0	0.0	-1.2326E-32	1.0	0.0	-0.174177	0.00788134	-0.0375	1.0
				/*	5:child_number	*/	0
				/*	5:name	*/	三个垫梁C10-3/间隔撑连接3根垫粱-1/间隔撑上的螺栓2-2/M80螺栓-9
				/*	5:type	*/	基本器材\M80螺栓.SLDPRT
				/*	5:location	*/	1.0	6.93889E-18	9.86076E-32	0.0	-8.5705E-32	1.0	-1.2326E-32	0.0	0.0	-1.2326E-32	1.0	0.0	-0.178849	-0.102019	-0.0375	1.0
				/*	5:child_number	*/	0
				/*	5:name	*/	三个垫梁C10-3/间隔撑连接3根垫粱-1/间隔撑上的螺栓2-2/六五墩螺母-1
				/*	5:type	*/	基本器材\六五墩螺母.SLDPRT
				/*	5:location	*/	0.844007	-0.536332	-1.38778E-17	0.0	1.8464E-17	2.18541E-17	1.0	0.0	-0.536332	-0.844007	-1.38778E-17	0.0	-0.0143216	0.0010856	0.0165	1.0
				/*	5:child_number	*/	0
				/*	5:name	*/	三个垫梁C10-3/间隔撑连接3根垫粱-1/间隔撑上的螺栓2-2/六五墩螺母-15
				/*	5:type	*/	基本器材\六五墩螺母.SLDPRT
				/*	5:location	*/	0.844007	-0.536332	-1.38778E-17	0.0	1.8464E-17	2.18541E-17	1.0	0.0	-0.536332	-0.844007	-1.38778E-17	0.0	-0.0189936	-0.108815	0.0165	1.0
				/*	5:child_number	*/	0
				/*	5:name	*/	三个垫梁C10-3/间隔撑连接3根垫粱-1/间隔撑上的螺栓2-2/六五墩螺母-16
				/*	5:type	*/	基本器材\六五墩螺母.SLDPRT
				/*	5:location	*/	0.844007	-0.536332	-1.38778E-17	0.0	1.8464E-17	2.18541E-17	1.0	0.0	-0.536332	-0.844007	-1.38778E-17	0.0	-0.0942494	0.00448347	0.0165	1.0
				/*	5:child_number	*/	0
				/*	5:name	*/	三个垫梁C10-3/间隔撑连接3根垫粱-1/间隔撑上的螺栓2-2/六五墩螺母-17
				/*	5:type	*/	基本器材\六五墩螺母.SLDPRT
				/*	5:location	*/	0.844007	-0.536332	-1.38778E-17	0.0	1.8464E-17	2.18541E-17	1.0	0.0	-0.536332	-0.844007	-1.38778E-17	0.0	-0.0989214	-0.105417	0.0165	1.0
				/*	5:child_number	*/	0
				/*	5:name	*/	三个垫梁C10-3/间隔撑连接3根垫粱-1/间隔撑上的螺栓2-2/六五墩螺母-18
				/*	5:type	*/	基本器材\六五墩螺母.SLDPRT
				/*	5:location	*/	0.844007	-0.536332	-1.38778E-17	0.0	1.8464E-17	2.18541E-17	1.0	0.0	-0.536332	-0.844007	-1.38778E-17	0.0	-0.174177	0.00788134	0.0165	1.0
				/*	5:child_number	*/	0
				/*	5:name	*/	三个垫梁C10-3/间隔撑连接3根垫粱-1/间隔撑上的螺栓2-2/六五墩螺母-19
				/*	5:type	*/	基本器材\六五墩螺母.SLDPRT
				/*	5:location	*/	0.844007	-0.536332	-1.38778E-17	0.0	1.8464E-17	2.18541E-17	1.0	0.0	-0.536332	-0.844007	-1.38778E-17	0.0	-0.178849	-0.102019	0.0165	1.0
				/*	5:child_number	*/	0
				/*	5:name	*/	三个垫梁C10-3/间隔撑连接3根垫粱-1/间隔撑上的螺栓2-2/六五墩螺母-20
				/*	5:type	*/	基本器材\六五墩螺母.SLDPRT
				/*	5:location	*/	0.844007	-0.536332	-1.38778E-17	0.0	1.8464E-17	2.18541E-17	1.0	0.0	-0.536332	-0.844007	-1.38778E-17	0.0	-0.254105	0.0112792	0.0165	1.0
				/*	5:child_number	*/	0
				/*	5:name	*/	三个垫梁C10-3/间隔撑连接3根垫粱-1/间隔撑上的螺栓2-2/六五墩螺母-21
				/*	5:type	*/	基本器材\六五墩螺母.SLDPRT
				/*	5:location	*/	0.844007	-0.536332	-1.38778E-17	0.0	1.8464E-17	2.18541E-17	1.0	0.0	-0.536332	-0.844007	-1.38778E-17	0.0	-0.258777	-0.0986215	0.0165	1.0
				/*	5:child_number	*/	0
		/*	3:name	*/	三个垫梁C10-3/间隔撑连接3根垫粱-2
		/*	3:type	*/	基本组合\间隔撑连接3根垫粱.SLDASM
		/*	3:location	*/	8.32667E-16	-1.0	0.0	0.0	1.0	6.66134E-16	0.0	0.0	4.87787E-18	1.29923E-17	1.0	0.0	0.172612	-0.147587	-0.45	1.0
		/*	3:child_number	*/	3
			/*	4:name	*/	三个垫梁C10-3/间隔撑连接3根垫粱-2/C18_间隔撑-1
			/*	4:type	*/	基本器材\C18_间隔撑.SLDPRT
			/*	4:location	*/	1.0	-5.32159E-32	-9.86076E-32	0.0	4.22694E-32	1.0	0.0	0.0	0.0	0.0	1.0	0.0	-0.173287	-0.0888331	-0.1435	1.0
			/*	4:child_number	*/	0
			/*	4:name	*/	三个垫梁C10-3/间隔撑连接3根垫粱-2/间隔撑上的螺栓-1
			/*	4:type	*/	基本组合\间隔撑上的螺栓.SLDASM
			/*	4:location	*/	0.999098	0.0424734	9.86076E-32	0.0	-0.0424734	0.999098	-1.2326E-32	0.0	1.29923E-17	-4.87787E-18	1.0	0.0	0.121068	0.0656905	-0.134	1.0
			/*	4:child_number	*/	16
				/*	5:name	*/	三个垫梁C10-3/间隔撑连接3根垫粱-2/间隔撑上的螺栓-1/M80螺栓-1
				/*	5:type	*/	基本器材\M80螺栓.SLDPRT
				/*	5:location	*/	1.0	6.93889E-18	9.86076E-32	0.0	-8.5705E-32	1.0	-1.2326E-32	0.0	0.0	-1.2326E-32	1.0	0.0	-0.0143216	0.0010856	-0.0375	1.0
				/*	5:child_number	*/	0
				/*	5:name	*/	三个垫梁C10-3/间隔撑连接3根垫粱-2/间隔撑上的螺栓-1/M80螺栓-10
				/*	5:type	*/	基本器材\M80螺栓.SLDPRT
				/*	5:location	*/	1.0	6.93889E-18	9.86076E-32	0.0	-8.5705E-32	1.0	-1.2326E-32	0.0	0.0	-1.2326E-32	1.0	0.0	-0.254105	0.0112792	-0.0375	1.0
				/*	5:child_number	*/	0
				/*	5:name	*/	三个垫梁C10-3/间隔撑连接3根垫粱-2/间隔撑上的螺栓-1/M80螺栓-11
				/*	5:type	*/	基本器材\M80螺栓.SLDPRT
				/*	5:location	*/	1.0	6.93889E-18	9.86076E-32	0.0	-8.5705E-32	1.0	-1.2326E-32	0.0	0.0	-1.2326E-32	1.0	0.0	-0.258777	-0.0986215	-0.0375	1.0
				/*	5:child_number	*/	0
				/*	5:name	*/	三个垫梁C10-3/间隔撑连接3根垫粱-2/间隔撑上的螺栓-1/M80螺栓-5
				/*	5:type	*/	基本器材\M80螺栓.SLDPRT
				/*	5:location	*/	1.0	6.93889E-18	9.86076E-32	0.0	-8.5705E-32	1.0	-1.2326E-32	0.0	0.0	-1.2326E-32	1.0	0.0	-0.0189936	-0.108815	-0.0375	1.0
				/*	5:child_number	*/	0
				/*	5:name	*/	三个垫梁C10-3/间隔撑连接3根垫粱-2/间隔撑上的螺栓-1/M80螺栓-6
				/*	5:type	*/	基本器材\M80螺栓.SLDPRT
				/*	5:location	*/	1.0	6.93889E-18	9.86076E-32	0.0	-8.5705E-32	1.0	-1.2326E-32	0.0	0.0	-1.2326E-32	1.0	0.0	-0.0942494	0.00448347	-0.0375	1.0
				/*	5:child_number	*/	0
				/*	5:name	*/	三个垫梁C10-3/间隔撑连接3根垫粱-2/间隔撑上的螺栓-1/M80螺栓-7
				/*	5:type	*/	基本器材\M80螺栓.SLDPRT
				/*	5:location	*/	1.0	6.93889E-18	9.86076E-32	0.0	-8.5705E-32	1.0	-1.2326E-32	0.0	0.0	-1.2326E-32	1.0	0.0	-0.0989214	-0.105417	-0.0375	1.0
				/*	5:child_number	*/	0
				/*	5:name	*/	三个垫梁C10-3/间隔撑连接3根垫粱-2/间隔撑上的螺栓-1/M80螺栓-8
				/*	5:type	*/	基本器材\M80螺栓.SLDPRT
				/*	5:location	*/	1.0	6.93889E-18	9.86076E-32	0.0	-8.5705E-32	1.0	-1.2326E-32	0.0	0.0	-1.2326E-32	1.0	0.0	-0.174177	0.00788134	-0.0375	1.0
				/*	5:child_number	*/	0
				/*	5:name	*/	三个垫梁C10-3/间隔撑连接3根垫粱-2/间隔撑上的螺栓-1/M80螺栓-9
				/*	5:type	*/	基本器材\M80螺栓.SLDPRT
				/*	5:location	*/	1.0	6.93889E-18	9.86076E-32	0.0	-8.5705E-32	1.0	-1.2326E-32	0.0	0.0	-1.2326E-32	1.0	0.0	-0.178849	-0.102019	-0.0375	1.0
				/*	5:child_number	*/	0
				/*	5:name	*/	三个垫梁C10-3/间隔撑连接3根垫粱-2/间隔撑上的螺栓-1/六五墩螺母-1
				/*	5:type	*/	基本器材\六五墩螺母.SLDPRT
				/*	5:location	*/	0.844007	-0.536332	-1.38778E-17	0.0	2.69168E-17	1.64827E-17	1.0	0.0	-0.536332	-0.844007	2.83478E-17	0.0	-0.0143216	0.0010856	0.0035	1.0
				/*	5:child_number	*/	0
				/*	5:name	*/	三个垫梁C10-3/间隔撑连接3根垫粱-2/间隔撑上的螺栓-1/六五墩螺母-15
				/*	5:type	*/	基本器材\六五墩螺母.SLDPRT
				/*	5:location	*/	0.844007	-0.536332	-1.38778E-17	0.0	2.69168E-17	1.64827E-17	1.0	0.0	-0.536332	-0.844007	2.83478E-17	0.0	-0.0189936	-0.108815	0.0035	1.0
				/*	5:child_number	*/	0
				/*	5:name	*/	三个垫梁C10-3/间隔撑连接3根垫粱-2/间隔撑上的螺栓-1/六五墩螺母-16
				/*	5:type	*/	基本器材\六五墩螺母.SLDPRT
				/*	5:location	*/	0.844007	-0.536332	-1.38778E-17	0.0	2.69168E-17	1.64827E-17	1.0	0.0	-0.536332	-0.844007	2.83478E-17	0.0	-0.0942494	0.00448347	0.0035	1.0
				/*	5:child_number	*/	0
				/*	5:name	*/	三个垫梁C10-3/间隔撑连接3根垫粱-2/间隔撑上的螺栓-1/六五墩螺母-17
				/*	5:type	*/	基本器材\六五墩螺母.SLDPRT
				/*	5:location	*/	0.844007	-0.536332	-1.38778E-17	0.0	2.69168E-17	1.64827E-17	1.0	0.0	-0.536332	-0.844007	2.83478E-17	0.0	-0.0989214	-0.105417	0.0035	1.0
				/*	5:child_number	*/	0
				/*	5:name	*/	三个垫梁C10-3/间隔撑连接3根垫粱-2/间隔撑上的螺栓-1/六五墩螺母-18
				/*	5:type	*/	基本器材\六五墩螺母.SLDPRT
				/*	5:location	*/	0.844007	-0.536332	-1.38778E-17	0.0	2.69168E-17	1.64827E-17	1.0	0.0	-0.536332	-0.844007	2.83478E-17	0.0	-0.174177	0.00788134	0.0035	1.0
				/*	5:child_number	*/	0
				/*	5:name	*/	三个垫梁C10-3/间隔撑连接3根垫粱-2/间隔撑上的螺栓-1/六五墩螺母-19
				/*	5:type	*/	基本器材\六五墩螺母.SLDPRT
				/*	5:location	*/	0.844007	-0.536332	-1.38778E-17	0.0	2.69168E-17	1.64827E-17	1.0	0.0	-0.536332	-0.844007	2.83478E-17	0.0	-0.178849	-0.102019	0.0035	1.0
				/*	5:child_number	*/	0
				/*	5:name	*/	三个垫梁C10-3/间隔撑连接3根垫粱-2/间隔撑上的螺栓-1/六五墩螺母-20
				/*	5:type	*/	基本器材\六五墩螺母.SLDPRT
				/*	5:location	*/	0.844007	-0.536332	-1.38778E-17	0.0	2.69168E-17	1.64827E-17	1.0	0.0	-0.536332	-0.844007	2.83478E-17	0.0	-0.254105	0.0112792	0.0035	1.0
				/*	5:child_number	*/	0
				/*	5:name	*/	三个垫梁C10-3/间隔撑连接3根垫粱-2/间隔撑上的螺栓-1/六五墩螺母-21
				/*	5:type	*/	基本器材\六五墩螺母.SLDPRT
				/*	5:location	*/	0.844007	-0.536332	-1.38778E-17	0.0	2.69168E-17	1.64827E-17	1.0	0.0	-0.536332	-0.844007	2.83478E-17	0.0	-0.258777	-0.0986215	0.0035	1.0
				/*	5:child_number	*/	0
			/*	4:name	*/	三个垫梁C10-3/间隔撑连接3根垫粱-2/间隔撑上的螺栓2-2
			/*	4:type	*/	基本组合\间隔撑上的螺栓2.SLDASM
			/*	4:location	*/	0.999098	0.0424734	9.86076E-32	0.0	-0.0424734	0.999098	-1.2326E-32	0.0	1.29923E-17	-4.87787E-18	1.0	0.0	0.121068	0.0656905	0.153	1.0
			/*	4:child_number	*/	16
				/*	5:name	*/	三个垫梁C10-3/间隔撑连接3根垫粱-2/间隔撑上的螺栓2-2/M80螺栓-1
				/*	5:type	*/	基本器材\M80螺栓.SLDPRT
				/*	5:location	*/	1.0	6.93889E-18	9.86076E-32	0.0	-8.5705E-32	1.0	-1.2326E-32	0.0	0.0	-1.2326E-32	1.0	0.0	-0.0143216	0.0010856	-0.0375	1.0
				/*	5:child_number	*/	0
				/*	5:name	*/	三个垫梁C10-3/间隔撑连接3根垫粱-2/间隔撑上的螺栓2-2/M80螺栓-10
				/*	5:type	*/	基本器材\M80螺栓.SLDPRT
				/*	5:location	*/	1.0	6.93889E-18	9.86076E-32	0.0	-8.5705E-32	1.0	-1.2326E-32	0.0	0.0	-1.2326E-32	1.0	0.0	-0.254105	0.0112792	-0.0375	1.0
				/*	5:child_number	*/	0
				/*	5:name	*/	三个垫梁C10-3/间隔撑连接3根垫粱-2/间隔撑上的螺栓2-2/M80螺栓-11
				/*	5:type	*/	基本器材\M80螺栓.SLDPRT
				/*	5:location	*/	1.0	6.93889E-18	9.86076E-32	0.0	-8.5705E-32	1.0	-1.2326E-32	0.0	0.0	-1.2326E-32	1.0	0.0	-0.258777	-0.0986215	-0.0375	1.0
				/*	5:child_number	*/	0
				/*	5:name	*/	三个垫梁C10-3/间隔撑连接3根垫粱-2/间隔撑上的螺栓2-2/M80螺栓-5
				/*	5:type	*/	基本器材\M80螺栓.SLDPRT
				/*	5:location	*/	1.0	6.93889E-18	9.86076E-32	0.0	-8.5705E-32	1.0	-1.2326E-32	0.0	0.0	-1.2326E-32	1.0	0.0	-0.0189936	-0.108815	-0.0375	1.0
				/*	5:child_number	*/	0
				/*	5:name	*/	三个垫梁C10-3/间隔撑连接3根垫粱-2/间隔撑上的螺栓2-2/M80螺栓-6
				/*	5:type	*/	基本器材\M80螺栓.SLDPRT
				/*	5:location	*/	1.0	6.93889E-18	9.86076E-32	0.0	-8.5705E-32	1.0	-1.2326E-32	0.0	0.0	-1.2326E-32	1.0	0.0	-0.0942494	0.00448347	-0.0375	1.0
				/*	5:child_number	*/	0
				/*	5:name	*/	三个垫梁C10-3/间隔撑连接3根垫粱-2/间隔撑上的螺栓2-2/M80螺栓-7
				/*	5:type	*/	基本器材\M80螺栓.SLDPRT
				/*	5:location	*/	1.0	6.93889E-18	9.86076E-32	0.0	-8.5705E-32	1.0	-1.2326E-32	0.0	0.0	-1.2326E-32	1.0	0.0	-0.0989214	-0.105417	-0.0375	1.0
				/*	5:child_number	*/	0
				/*	5:name	*/	三个垫梁C10-3/间隔撑连接3根垫粱-2/间隔撑上的螺栓2-2/M80螺栓-8
				/*	5:type	*/	基本器材\M80螺栓.SLDPRT
				/*	5:location	*/	1.0	6.93889E-18	9.86076E-32	0.0	-8.5705E-32	1.0	-1.2326E-32	0.0	0.0	-1.2326E-32	1.0	0.0	-0.174177	0.00788134	-0.0375	1.0
				/*	5:child_number	*/	0
				/*	5:name	*/	三个垫梁C10-3/间隔撑连接3根垫粱-2/间隔撑上的螺栓2-2/M80螺栓-9
				/*	5:type	*/	基本器材\M80螺栓.SLDPRT
				/*	5:location	*/	1.0	6.93889E-18	9.86076E-32	0.0	-8.5705E-32	1.0	-1.2326E-32	0.0	0.0	-1.2326E-32	1.0	0.0	-0.178849	-0.102019	-0.0375	1.0
				/*	5:child_number	*/	0
				/*	5:name	*/	三个垫梁C10-3/间隔撑连接3根垫粱-2/间隔撑上的螺栓2-2/六五墩螺母-1
				/*	5:type	*/	基本器材\六五墩螺母.SLDPRT
				/*	5:location	*/	0.844007	-0.536332	-1.38778E-17	0.0	1.8464E-17	2.18541E-17	1.0	0.0	-0.536332	-0.844007	-1.38778E-17	0.0	-0.0143216	0.0010856	0.0165	1.0
				/*	5:child_number	*/	0
				/*	5:name	*/	三个垫梁C10-3/间隔撑连接3根垫粱-2/间隔撑上的螺栓2-2/六五墩螺母-15
				/*	5:type	*/	基本器材\六五墩螺母.SLDPRT
				/*	5:location	*/	0.844007	-0.536332	-1.38778E-17	0.0	1.8464E-17	2.18541E-17	1.0	0.0	-0.536332	-0.844007	-1.38778E-17	0.0	-0.0189936	-0.108815	0.0165	1.0
				/*	5:child_number	*/	0
				/*	5:name	*/	三个垫梁C10-3/间隔撑连接3根垫粱-2/间隔撑上的螺栓2-2/六五墩螺母-16
				/*	5:type	*/	基本器材\六五墩螺母.SLDPRT
				/*	5:location	*/	0.844007	-0.536332	-1.38778E-17	0.0	1.8464E-17	2.18541E-17	1.0	0.0	-0.536332	-0.844007	-1.38778E-17	0.0	-0.0942494	0.00448347	0.0165	1.0
				/*	5:child_number	*/	0
				/*	5:name	*/	三个垫梁C10-3/间隔撑连接3根垫粱-2/间隔撑上的螺栓2-2/六五墩螺母-17
				/*	5:type	*/	基本器材\六五墩螺母.SLDPRT
				/*	5:location	*/	0.844007	-0.536332	-1.38778E-17	0.0	1.8464E-17	2.18541E-17	1.0	0.0	-0.536332	-0.844007	-1.38778E-17	0.0	-0.0989214	-0.105417	0.0165	1.0
				/*	5:child_number	*/	0
				/*	5:name	*/	三个垫梁C10-3/间隔撑连接3根垫粱-2/间隔撑上的螺栓2-2/六五墩螺母-18
				/*	5:type	*/	基本器材\六五墩螺母.SLDPRT
				/*	5:location	*/	0.844007	-0.536332	-1.38778E-17	0.0	1.8464E-17	2.18541E-17	1.0	0.0	-0.536332	-0.844007	-1.38778E-17	0.0	-0.174177	0.00788134	0.0165	1.0
				/*	5:child_number	*/	0
				/*	5:name	*/	三个垫梁C10-3/间隔撑连接3根垫粱-2/间隔撑上的螺栓2-2/六五墩螺母-19
				/*	5:type	*/	基本器材\六五墩螺母.SLDPRT
				/*	5:location	*/	0.844007	-0.536332	-1.38778E-17	0.0	1.8464E-17	2.18541E-17	1.0	0.0	-0.536332	-0.844007	-1.38778E-17	0.0	-0.178849	-0.102019	0.0165	1.0
				/*	5:child_number	*/	0
				/*	5:name	*/	三个垫梁C10-3/间隔撑连接3根垫粱-2/间隔撑上的螺栓2-2/六五墩螺母-20
				/*	5:type	*/	基本器材\六五墩螺母.SLDPRT
				/*	5:location	*/	0.844007	-0.536332	-1.38778E-17	0.0	1.8464E-17	2.18541E-17	1.0	0.0	-0.536332	-0.844007	-1.38778E-17	0.0	-0.254105	0.0112792	0.0165	1.0
				/*	5:child_number	*/	0
				/*	5:name	*/	三个垫梁C10-3/间隔撑连接3根垫粱-2/间隔撑上的螺栓2-2/六五墩螺母-21
				/*	5:type	*/	基本器材\六五墩螺母.SLDPRT
				/*	5:location	*/	0.844007	-0.536332	-1.38778E-17	0.0	1.8464E-17	2.18541E-17	1.0	0.0	-0.536332	-0.844007	-1.38778E-17	0.0	-0.258777	-0.0986215	0.0165	1.0
				/*	5:child_number	*/	0
		/*	3:name	*/	三个垫梁C10-3/间隔撑连接3根垫粱-3
		/*	3:type	*/	基本组合\间隔撑连接3根垫粱.SLDASM
		/*	3:location	*/	8.32667E-16	-1.0	0.0	0.0	1.0	6.66134E-16	0.0	0.0	4.87787E-18	1.29923E-17	1.0	0.0	-1.02739	-0.147587	-0.45	1.0
		/*	3:child_number	*/	3
			/*	4:name	*/	三个垫梁C10-3/间隔撑连接3根垫粱-3/C18_间隔撑-1
			/*	4:type	*/	基本器材\C18_间隔撑.SLDPRT
			/*	4:location	*/	1.0	-5.32159E-32	-9.86076E-32	0.0	4.22694E-32	1.0	0.0	0.0	0.0	0.0	1.0	0.0	-0.173287	-0.0888331	-0.1435	1.0
			/*	4:child_number	*/	0
			/*	4:name	*/	三个垫梁C10-3/间隔撑连接3根垫粱-3/间隔撑上的螺栓-1
			/*	4:type	*/	基本组合\间隔撑上的螺栓.SLDASM
