门桥拼组
门桥拼组.SLDASM
1.0	0.0	0.0	0.0	0.0	1.0	0.0	0.0	0.0	0.0	1.0	0.0	0.0	0.0	0.0	1.0
1026
	救生圈-1
	救生圈.SLDPRT
	-0.0020579	-0.658713	-0.752391	0.0	0.999986	-0.00496028	0.00160758	0.0	-0.00479101	-0.752378	0.658715	0.0	-2.67195	2.49218	0.624453	1.0
	0

	连接斜杆-1
	连接斜杆.SLDPRT
	1.0	0.0	0.0	0.0	0.0	1.0	0.0	0.0	0.0	0.0	1.0	0.0	3.84137	0.197877	-6.87265	1.0
	0

	连接直杆-1
	连接直杆.SLDPRT
	1.0	0.0	0.0	0.0	0.0	1.0	0.0	0.0	0.0	0.0	1.0	0.0	8.45137	0.247877	-4.05253	1.0
	0

	全型舟-2
	全型舟.SLDASM
	1.0	0.0	0.0	0.0	0.0	1.0	0.0	0.0	0.0	0.0	1.0	0.0	5.40642	-0.94546	-8.10316	1.0
	322
		全型舟-2/横向接头旋塞-3
		横向接头旋塞.SLDPRT
		1.0	0.0	0.0	0.0	0.0	0.0	-1.0	0.0	0.0	1.0	0.0	0.0	-6.61504	0.0433368	-1.26	1.0
		0

		全型舟-2/导向滚轮-2
		导向滚轮.SLDPRT
		1.22465E-16	0.0	-1.0	0.0	-1.0	0.0	-1.22465E-16	0.0	0.0	1.0	0.0	0.0	5.23496	1.14334	1.14	1.0
		0

		全型舟-2/导向滚轮-1
		导向滚轮.SLDPRT
		1.22465E-16	0.0	-1.0	0.0	-1.0	0.0	-1.22465E-16	0.0	0.0	1.0	0.0	0.0	5.23496	1.14334	-1.14	1.0
		0

		全型舟-2/标准舟节-2
		标准舟节.SLDASM
		1.0	0.0	0.0	0.0	0.0	1.0	0.0	0.0	0.0	0.0	1.0	0.0	-7.9935	-0.234929	0.0	1.0
		5
			全型舟-2/标准舟节-2/标准舟节-1-1
			标准舟节-1.SLDPRT
			1.0	0.0	0.0	0.0	0.0	1.0	0.0	0.0	0.0	0.0	1.0	0.0	-4.67155	0.553266	0.0	1.0
			0

			全型舟-2/标准舟节-2/丙钩1-3
			丙钩1.SLDPRT
			0.999225	-0.039366	0.0	0.0	0.039366	0.999225	0.0	0.0	0.0	0.0	1.0	0.0	4.26345	-0.271734	-0.712479	1.0
			0

			全型舟-2/标准舟节-2/丁钩-6
			丁钩.SLDPRT
			-0.999223	-0.0394141	0.0	0.0	0.0394141	-0.999223	0.0	0.0	0.0	0.0	1.0	0.0	-4.60843	-0.221773	-0.712089	1.0
			0

			全型舟-2/标准舟节-2/丙钩1-4
			丙钩1.SLDPRT
			-0.999223	-0.0394141	0.0	0.0	0.0394141	-0.999223	0.0	0.0	0.0	0.0	1.0	0.0	-4.60843	-0.221773	0.712264	1.0
			0

			全型舟-2/标准舟节-2/丁钩-5
			丁钩.SLDPRT
			0.999225	-0.039366	0.0	0.0	0.039366	0.999225	0.0	0.0	0.0	0.0	1.0	0.0	4.26345	-0.271734	0.711704	1.0
			0


		全型舟-2/标准舟节-1
		标准舟节.SLDASM
		1.0	0.0	0.0	0.0	0.0	1.0	0.0	0.0	0.0	0.0	1.0	0.0	1.0065	-0.234929	0.0	1.0
		5
			全型舟-2/标准舟节-1/标准舟节-1-1
			标准舟节-1.SLDPRT
			1.0	0.0	0.0	0.0	0.0	1.0	0.0	0.0	0.0	0.0	1.0	0.0	-4.67155	0.553266	0.0	1.0
			0

			全型舟-2/标准舟节-1/丙钩1-3
			丙钩1.SLDPRT
			0.999225	-0.039366	0.0	0.0	0.039366	0.999225	0.0	0.0	0.0	0.0	1.0	0.0	4.26345	-0.271734	-0.712479	1.0
			0

			全型舟-2/标准舟节-1/丁钩-6
			丁钩.SLDPRT
			-0.999223	-0.0394141	0.0	0.0	0.0394141	-0.999223	0.0	0.0	0.0	0.0	1.0	0.0	-4.60843	-0.221773	-0.712089	1.0
			0

			全型舟-2/标准舟节-1/丙钩1-4
			丙钩1.SLDPRT
			-0.999223	-0.0394141	0.0	0.0	0.0394141	-0.999223	0.0	0.0	0.0	0.0	1.0	0.0	-4.60843	-0.221773	0.712264	1.0
			0

			全型舟-2/标准舟节-1/丁钩-5
			丁钩.SLDPRT
			0.999225	-0.039366	0.0	0.0	0.039366	0.999225	0.0	0.0	0.0	0.0	1.0	0.0	4.26345	-0.271734	0.711704	1.0
			0


		全型舟-2/带缆桩-2
		带缆桩.SLDPRT
		-1.0	6.16298E-33	-9.24446E-33	0.0	3.69779E-32	1.0	6.10623E-16	0.0	-1.69482E-32	0.0	-1.0	0.0	4.20996	1.14334	1.235	1.0
		0

		全型舟-2/带滚轮导缆钳-1
		带滚轮导缆钳.SLDPRT
		9.70538E-17	0.0	-1.0	0.0	0.0	1.0	0.0	0.0	1.0	0.0	9.70538E-17	0.0	5.29996	1.14334	0.3	1.0
		0

		全型舟-2/带缆桩-1
		带缆桩.SLDPRT
		1.0	0.0	0.0	0.0	0.0	1.0	0.0	0.0	0.0	0.0	1.0	0.0	4.20996	1.14334	-1.235	1.0
		0

		全型舟-2/标准舟节-5
		标准舟节.SLDASM
		1.0	0.0	0.0	0.0	0.0	1.0	0.0	0.0	0.0	0.0	1.0	0.0	-16.9935	-0.234929	0.0	1.0
		5
			全型舟-2/标准舟节-5/标准舟节-1-1
			标准舟节-1.SLDPRT
			1.0	0.0	0.0	0.0	0.0	1.0	0.0	0.0	0.0	0.0	1.0	0.0	-4.67155	0.553266	0.0	1.0
			0

			全型舟-2/标准舟节-5/丙钩1-3
			丙钩1.SLDPRT
			0.999225	-0.039366	0.0	0.0	0.039366	0.999225	0.0	0.0	0.0	0.0	1.0	0.0	4.26345	-0.271734	-0.712479	1.0
			0

			全型舟-2/标准舟节-5/丁钩-6
			丁钩.SLDPRT
			-0.999223	-0.0394141	0.0	0.0	0.0394141	-0.999223	0.0	0.0	0.0	0.0	1.0	0.0	-4.60843	-0.221773	-0.712089	1.0
			0

			全型舟-2/标准舟节-5/丙钩1-4
			丙钩1.SLDPRT
			-0.999223	-0.0394141	0.0	0.0	0.0394141	-0.999223	0.0	0.0	0.0	0.0	1.0	0.0	-4.60843	-0.221773	0.712264	1.0
			0

			全型舟-2/标准舟节-5/丁钩-5
			丁钩.SLDPRT
			0.999225	-0.039366	0.0	0.0	0.039366	0.999225	0.0	0.0	0.0	0.0	1.0	0.0	4.26345	-0.271734	0.711704	1.0
			0


		全型舟-2/带缆桩-4
		带缆桩.SLDPRT
		-1.0	6.16298E-33	-9.24446E-33	0.0	3.69779E-32	1.0	6.10623E-16	0.0	-1.69482E-32	0.0	-1.0	0.0	-2.54004	1.14334	1.235	1.0
		0

		全型舟-2/带缆桩-3
		带缆桩.SLDPRT
		1.0	0.0	0.0	0.0	0.0	1.0	0.0	0.0	0.0	0.0	1.0	0.0	-2.54004	1.14334	-1.235	1.0
		0

		全型舟-2/带缆桩-6
		带缆桩.SLDPRT
		1.0	0.0	0.0	0.0	0.0	1.0	0.0	0.0	0.0	0.0	1.0	0.0	-13.79	1.14334	-1.235	1.0
		0

		全型舟-2/带缆桩-5
		带缆桩.SLDPRT
		-1.0	6.16298E-33	-9.24446E-33	0.0	3.69779E-32	1.0	6.10623E-16	0.0	-1.69482E-32	0.0	-1.0	0.0	-13.79	1.14334	1.235	1.0
		0

		全型舟-2/分水节-1
		分水节.SLDASM
		-1.0	0.0	6.30029E-17	0.0	-1.11022E-16	1.0	1.2545E-17	0.0	-6.30029E-17	1.2545E-17	-1.0	0.0	-23.6679	0.628604	-1.46888E-8	1.0
		3
			全型舟-2/分水节-1/分水节1-1
			分水节1.SLDPRT
			1.0	0.0	0.0	0.0	7.90373E-34	1.0	0.0	0.0	0.0	0.0	1.0	0.0	-2.00291	-1.13527	-5.32907E-15	1.0
			0

			全型舟-2/分水节-1/丙钩1-1
			丙钩1.SLDPRT
			-1.0	7.90373E-34	-6.30029E-17	0.0	-1.11022E-16	1.0	1.2545E-17	0.0	6.30029E-17	1.2545E-17	-1.0	0.0	-1.9492	-1.13527	0.720414	1.0
			0

			全型舟-2/分水节-1/丁钩-1
			丁钩.SLDPRT
			-1.0	7.90373E-34	-6.30029E-17	0.0	-1.11022E-16	1.0	1.2545E-17	0.0	6.30029E-17	1.2545E-17	-1.0	0.0	-1.9492	-1.13527	-0.70354	1.0
			0


		全型舟-2/带缆桩-8
		带缆桩.SLDPRT
		-1.0	6.16298E-33	-9.24446E-33	0.0	3.69779E-32	1.0	6.10623E-16	0.0	-1.69482E-32	0.0	-1.0	0.0	-20.54	1.14334	1.235	1.0
		0

		全型舟-2/带缆桩-7
		带缆桩.SLDPRT
		1.0	0.0	0.0	0.0	0.0	1.0	0.0	0.0	0.0	0.0	1.0	0.0	-20.54	1.14334	-1.235	1.0
		0

		全型舟-2/顶推垫板-2
		顶推垫板.SLDPRT
		0.0939763	0.995574	5.64415E-16	0.0	0.995574	-0.0939763	5.13647E-16	0.0	5.64415E-16	5.13647E-16	-1.0	0.0	5.27647	0.390968	-0.474887	1.0
		0

		全型舟-2/顶推垫板-1
		顶推垫板.SLDPRT
		0.0939763	0.995574	5.64415E-16	0.0	0.995574	-0.0939763	5.13647E-16	0.0	5.64415E-16	5.13647E-16	-1.0	0.0	5.27647	0.390968	0.875113	1.0
		0

		全型舟-2/带滚轮导缆钳-2
		带滚轮导缆钳.SLDPRT
		0.0134615	-1.25439E-17	0.999909	0.0	1.68859E-19	1.0	1.25427E-17	0.0	-0.999909	2.53907E-33	0.0134615	0.0	-24.6956	1.64334	-0.298117	1.0
		0

		全型舟-2/横向接头旋塞-2
		横向接头旋塞.SLDPRT
		1.0	0.0	0.0	0.0	0.0	0.0	-1.0	0.0	0.0	1.0	0.0	0.0	-0.615042	0.0433368	-1.26	1.0
		0

		全型舟-2/横向接头旋塞-1
		横向接头旋塞.SLDPRT
		1.0	0.0	0.0	0.0	0.0	0.0	-1.0	0.0	0.0	1.0	0.0	0.0	2.38496	0.0433368	-1.26	1.0
		0

		全型舟-2/横向接头旋塞-5
		横向接头旋塞.SLDPRT
		1.0	0.0	0.0	0.0	0.0	0.0	-1.0	0.0	0.0	1.0	0.0	0.0	-9.61504	0.0433368	-1.26	1.0
		0

		全型舟-2/横向接头旋塞-4
		横向接头旋塞.SLDPRT
		1.0	0.0	0.0	0.0	0.0	0.0	-1.0	0.0	0.0	1.0	0.0	0.0	-15.615	0.0433368	-1.26	1.0
		0

		全型舟-2/M22x80-2
		M22x80.SLDPRT
		-1.0	0.0	0.0	0.0	0.0	-0.381849	0.924225	0.0	0.0	0.924225	0.381849	0.0	-21.6403	1.06334	-0.81	1.0
		0

		全型舟-2/拉紧螺栓-1
		拉紧螺栓.SLDPRT
		0.0	0.976447	0.215759	0.0	0.0	-0.215759	0.976447	0.0	1.0	0.0	0.0	0.0	-21.8113	1.06334	-1.0	1.0
		0

		全型舟-2/横向接头旋塞-6
		横向接头旋塞.SLDPRT
		1.0	0.0	0.0	0.0	0.0	0.0	-1.0	0.0	0.0	1.0	0.0	0.0	-18.615	0.0433368	-1.26	1.0
		0

		全型舟-2/M22x80-3
		M22x80.SLDPRT
		-1.0	0.0	0.0	0.0	0.0	-0.381849	0.924225	0.0	0.0	0.924225	0.381849	0.0	-21.6403	1.06334	-0.54	1.0
		0

		全型舟-2/M22x80-5
		M22x80.SLDPRT
		-1.0	0.0	0.0	0.0	0.0	-0.381849	0.924225	0.0	0.0	0.924225	0.381849	0.0	-21.6408	1.06334	-0.4	1.0
		0

		全型舟-2/垫圈M22-1
		垫圈M22.SLDPRT
		1.0	0.0	0.0	0.0	0.0	1.0	0.0	0.0	0.0	0.0	1.0	0.0	-21.6769	1.06334	-0.81	1.0
		0

		全型舟-2/垫圈M22-2
		垫圈M22.SLDPRT
		1.0	0.0	0.0	0.0	0.0	1.0	0.0	0.0	0.0	0.0	1.0	0.0	-21.6769	1.06334	-0.54	1.0
		0

		全型舟-2/M22螺母-1
		M22螺母.SLDPRT
		0.0	0.0	1.0	0.0	0.0	1.0	0.0	0.0	-1.0	0.0	0.0	0.0	-21.7003	1.06334	-0.81	1.0
		0

		全型舟-2/M22螺母-2
		M22螺母.SLDPRT
		0.0	0.0	1.0	0.0	0.0	1.0	0.0	0.0	-1.0	0.0	0.0	0.0	-21.7003	1.06334	-0.54	1.0
		0

		全型舟-2/垫圈M22-3
		垫圈M22.SLDPRT
		1.0	0.0	0.0	0.0	0.0	1.0	0.0	0.0	0.0	0.0	1.0	0.0	-21.6769	1.06334	-0.4	1.0
		0

		全型舟-2/垫圈M22-4
		垫圈M22.SLDPRT
		1.0	0.0	0.0	0.0	0.0	1.0	0.0	0.0	0.0	0.0	1.0	0.0	-21.6769	1.06334	-0.225	1.0
		0

		全型舟-2/M22螺母-3
		M22螺母.SLDPRT
		0.0	0.0	1.0	0.0	0.0	1.0	0.0	0.0	-1.0	0.0	0.0	0.0	-21.7003	1.06334	-0.4	1.0
		0

		全型舟-2/M22螺母-4
		M22螺母.SLDPRT
		0.0	0.0	1.0	0.0	0.0	1.0	0.0	0.0	-1.0	0.0	0.0	0.0	-21.7003	1.06334	-0.225	1.0
		0

		全型舟-2/M22x80-6
		M22x80.SLDPRT
		-1.0	0.0	0.0	0.0	0.0	-0.381849	0.924225	0.0	0.0	0.924225	0.381849	0.0	-21.6408	1.06334	-0.225	1.0
		0

		全型舟-2/M22螺母-5
		M22螺母.SLDPRT
		0.0	0.0	1.0	0.0	0.0	1.0	0.0	0.0	-1.0	0.0	0.0	0.0	-21.7003	1.06334	-0.1	1.0
		0

		全型舟-2/垫圈M22-5
		垫圈M22.SLDPRT
		1.0	0.0	0.0	0.0	0.0	1.0	0.0	0.0	0.0	0.0	1.0	0.0	-21.6769	1.06334	-0.1	1.0
		0

		全型舟-2/M22x80-7
		M22x80.SLDPRT
		-1.0	0.0	0.0	0.0	0.0	-0.381849	0.924225	0.0	0.0	0.924225	0.381849	0.0	-21.6408	1.06334	-0.1	1.0
		0

		全型舟-2/垫圈M22-6
		垫圈M22.SLDPRT
		1.0	0.0	0.0	0.0	0.0	1.0	0.0	0.0	0.0	0.0	1.0	0.0	-21.6769	1.06334	0.1	1.0
		0

		全型舟-2/M22螺母-6
		M22螺母.SLDPRT
		0.0	0.0	1.0	0.0	0.0	1.0	0.0	0.0	-1.0	0.0	0.0	0.0	-21.7003	1.06334	0.1	1.0
		0

		全型舟-2/M22x80-8
		M22x80.SLDPRT
		-1.0	0.0	0.0	0.0	0.0	-0.381849	0.924225	0.0	0.0	0.924225	0.381849	0.0	-21.6408	1.06334	0.1	1.0
		0

		全型舟-2/垫圈M22-7
		垫圈M22.SLDPRT
		1.0	0.0	0.0	0.0	0.0	1.0	0.0	0.0	0.0	0.0	1.0	0.0	-21.6769	1.06334	0.225	1.0
		0

		全型舟-2/M22螺母-7
		M22螺母.SLDPRT
		0.0	0.0	1.0	0.0	0.0	1.0	0.0	0.0	-1.0	0.0	0.0	0.0	-21.7003	1.06334	0.225	1.0
		0

		全型舟-2/M22x80-9
		M22x80.SLDPRT
		-1.0	0.0	0.0	0.0	0.0	-0.381849	0.924225	0.0	0.0	0.924225	0.381849	0.0	-21.6408	1.06334	0.225	1.0
		0

		全型舟-2/垫圈M22-8
		垫圈M22.SLDPRT
		1.0	0.0	0.0	0.0	0.0	1.0	0.0	0.0	0.0	0.0	1.0	0.0	-21.6769	1.06334	0.4	1.0
		0

		全型舟-2/M22螺母-8
		M22螺母.SLDPRT
		0.0	0.0	1.0	0.0	0.0	1.0	0.0	0.0	-1.0	0.0	0.0	0.0	-21.7003	1.06334	0.4	1.0
		0

		全型舟-2/M22x80-10
		M22x80.SLDPRT
		-1.0	0.0	0.0	0.0	0.0	-0.381849	0.924225	0.0	0.0	0.924225	0.381849	0.0	-21.6408	1.06334	0.4	1.0
		0

		全型舟-2/M22螺母-9
		M22螺母.SLDPRT
		0.0	0.0	1.0	0.0	0.0	1.0	0.0	0.0	-1.0	0.0	0.0	0.0	-21.7003	1.06334	0.54	1.0
		0

		全型舟-2/垫圈M22-9
		垫圈M22.SLDPRT
		1.0	0.0	0.0	0.0	0.0	1.0	0.0	0.0	0.0	0.0	1.0	0.0	-21.6769	1.06334	0.54	1.0
		0

		全型舟-2/M22x80-11
		M22x80.SLDPRT
		-1.0	0.0	0.0	0.0	0.0	-0.381849	0.924225	0.0	0.0	0.924225	0.381849	0.0	-21.6408	1.06334	0.54	1.0
		0

		全型舟-2/垫圈M22-10
		垫圈M22.SLDPRT
		1.0	0.0	0.0	0.0	0.0	1.0	0.0	0.0	0.0	0.0	1.0	0.0	-21.6769	1.06334	0.81	1.0
		0

		全型舟-2/M22螺母-10
		M22螺母.SLDPRT
		0.0	0.0	1.0	0.0	0.0	1.0	0.0	0.0	-1.0	0.0	0.0	0.0	-21.7003	1.06334	0.81	1.0
		0

		全型舟-2/M22x80-12
		M22x80.SLDPRT
		-1.0	0.0	0.0	0.0	0.0	-0.381849	0.924225	0.0	0.0	0.924225	0.381849	0.0	-21.6408	1.06334	0.81	1.0
		0

		全型舟-2/拉紧螺栓-3
		拉紧螺栓.SLDPRT
		0.0	0.976447	0.215759	0.0	0.0	-0.215759	0.976447	0.0	1.0	0.0	0.0	0.0	-12.8113	1.06334	-1.0	1.0
		0

		全型舟-2/拉紧螺栓-2
		拉紧螺栓.SLDPRT
		0.0	-0.924225	-0.381849	0.0	0.0	0.381849	-0.924225	0.0	1.0	0.0	0.0	0.0	-21.8113	1.06334	1.0	1.0
		0

		全型舟-2/M22x80-13
		M22x80.SLDPRT
		-1.0	0.0	0.0	0.0	0.0	-0.381849	0.924225	0.0	0.0	0.924225	0.381849	0.0	-12.6403	1.06334	-0.81	1.0
		0

		全型舟-2/拉紧螺栓-4
		拉紧螺栓.SLDPRT
		0.0	0.976447	0.215759	0.0	0.0	-0.215759	0.976447	0.0	1.0	0.0	0.0	0.0	-3.81125	1.06334	-1.0	1.0
		0

		全型舟-2/M22x80-14
		M22x80.SLDPRT
		-1.0	0.0	0.0	0.0	0.0	-0.381849	0.924225	0.0	0.0	0.924225	0.381849	0.0	-3.64025	1.06334	-0.81	1.0
		0

		全型舟-2/M22x80-15
		M22x80.SLDPRT
		-1.0	0.0	0.0	0.0	0.0	-0.381849	0.924225	0.0	0.0	0.924225	0.381849	0.0	-12.6403	1.06334	-0.54	1.0
		0

		全型舟-2/M22x80-16
		M22x80.SLDPRT
		-1.0	0.0	0.0	0.0	0.0	-0.381849	0.924225	0.0	0.0	0.924225	0.381849	0.0	-3.64025	1.06334	-0.54	1.0
		0

		全型舟-2/M22x80-17
		M22x80.SLDPRT
		-1.0	0.0	0.0	0.0	0.0	-0.381849	0.924225	0.0	0.0	0.924225	0.381849	0.0	-12.6408	1.06334	-0.4	1.0
		0

		全型舟-2/M22x80-18
		M22x80.SLDPRT
		-1.0	0.0	0.0	0.0	0.0	-0.381849	0.924225	0.0	0.0	0.924225	0.381849	0.0	-3.6408	1.06334	-0.4	1.0
		0

		全型舟-2/垫圈M22-11
		垫圈M22.SLDPRT
		1.0	0.0	0.0	0.0	0.0	1.0	0.0	0.0	0.0	0.0	1.0	0.0	-12.6769	1.06334	-0.81	1.0
		0

		全型舟-2/垫圈M22-12
		垫圈M22.SLDPRT
		1.0	0.0	0.0	0.0	0.0	1.0	0.0	0.0	0.0	0.0	1.0	0.0	-3.67689	1.06334	-0.81	1.0
		0

		全型舟-2/M22螺母-11
		M22螺母.SLDPRT
		0.0	0.0	1.0	0.0	0.0	1.0	0.0	0.0	-1.0	0.0	0.0	0.0	-12.7003	1.06334	-0.81	1.0
		0

		全型舟-2/M22螺母-12
		M22螺母.SLDPRT
		0.0	0.0	1.0	0.0	0.0	1.0	0.0	0.0	-1.0	0.0	0.0	0.0	-3.70029	1.06334	-0.81	1.0
		0

		全型舟-2/垫圈M22-13
		垫圈M22.SLDPRT
		1.0	0.0	0.0	0.0	0.0	1.0	0.0	0.0	0.0	0.0	1.0	0.0	-12.6769	1.06334	-0.54	1.0
		0

		全型舟-2/M22螺母-13
		M22螺母.SLDPRT
		0.0	0.0	1.0	0.0	0.0	1.0	0.0	0.0	-1.0	0.0	0.0	0.0	-12.7003	1.06334	-0.54	1.0
		0

		全型舟-2/垫圈M22-14
		垫圈M22.SLDPRT
		1.0	0.0	0.0	0.0	0.0	1.0	0.0	0.0	0.0	0.0	1.0	0.0	-3.67689	1.06334	-0.54	1.0
		0

		全型舟-2/M22螺母-14
		M22螺母.SLDPRT
		0.0	0.0	1.0	0.0	0.0	1.0	0.0	0.0	-1.0	0.0	0.0	0.0	-3.70029	1.06334	-0.54	1.0
		0

		全型舟-2/垫圈M22-15
		垫圈M22.SLDPRT
		1.0	0.0	0.0	0.0	0.0	1.0	0.0	0.0	0.0	0.0	1.0	0.0	-12.6769	1.06334	-0.4	1.0
		0

		全型舟-2/垫圈M22-16
		垫圈M22.SLDPRT
		1.0	0.0	0.0	0.0	0.0	1.0	0.0	0.0	0.0	0.0	1.0	0.0	-3.67689	1.06334	-0.4	1.0
		0

		全型舟-2/M22螺母-15
		M22螺母.SLDPRT
		0.0	0.0	1.0	0.0	0.0	1.0	0.0	0.0	-1.0	0.0	0.0	0.0	-12.7003	1.06334	-0.4	1.0
		0

		全型舟-2/M22螺母-16
		M22螺母.SLDPRT
		0.0	0.0	1.0	0.0	0.0	1.0	0.0	0.0	-1.0	0.0	0.0	0.0	-3.70029	1.06334	-0.4	1.0
		0

		全型舟-2/垫圈M22-17
		垫圈M22.SLDPRT
		1.0	0.0	0.0	0.0	0.0	1.0	0.0	0.0	0.0	0.0	1.0	0.0	-12.6769	1.06334	-0.225	1.0
		0

		全型舟-2/拉紧螺栓-6
		拉紧螺栓.SLDPRT
		0.0	-0.924225	-0.381849	0.0	0.0	0.381849	-0.924225	0.0	1.0	0.0	0.0	0.0	-3.81125	1.06334	1.0	1.0
		0

		全型舟-2/拉紧螺栓-5
		拉紧螺栓.SLDPRT
		0.0	-0.924225	-0.381849	0.0	0.0	0.381849	-0.924225	0.0	1.0	0.0	0.0	0.0	-12.8113	1.06334	1.0	1.0
		0

		全型舟-2/垫圈M22-18
		垫圈M22.SLDPRT
		1.0	0.0	0.0	0.0	0.0	1.0	0.0	0.0	0.0	0.0	1.0	0.0	-3.67689	1.06334	-0.225	1.0
		0

		全型舟-2/M22螺母-17
		M22螺母.SLDPRT
		0.0	0.0	1.0	0.0	0.0	1.0	0.0	0.0	-1.0	0.0	0.0	0.0	-12.7003	1.06334	-0.225	1.0
		0

		全型舟-2/M22螺母-18
		M22螺母.SLDPRT
		0.0	0.0	1.0	0.0	0.0	1.0	0.0	0.0	-1.0	0.0	0.0	0.0	-3.70029	1.06334	-0.225	1.0
		0

		全型舟-2/M22x80-19
		M22x80.SLDPRT
		-1.0	0.0	0.0	0.0	0.0	-0.381849	0.924225	0.0	0.0	0.924225	0.381849	0.0	-12.6408	1.06334	-0.225	1.0
		0

		全型舟-2/M22x80-20
		M22x80.SLDPRT
		-1.0	0.0	0.0	0.0	0.0	-0.381849	0.924225	0.0	0.0	0.924225	0.381849	0.0	-3.6408	1.06334	-0.225	1.0
		0

		全型舟-2/垫圈M22-19
		垫圈M22.SLDPRT
		1.0	0.0	0.0	0.0	0.0	1.0	0.0	0.0	0.0	0.0	1.0	0.0	-12.6769	1.06334	-0.1	1.0
		0

		全型舟-2/垫圈M22-20
		垫圈M22.SLDPRT
		1.0	0.0	0.0	0.0	0.0	1.0	0.0	0.0	0.0	0.0	1.0	0.0	-3.67689	1.06334	-0.1	1.0
		0

		全型舟-2/M22螺母-19
		M22螺母.SLDPRT
		0.0	0.0	1.0	0.0	0.0	1.0	0.0	0.0	-1.0	0.0	0.0	0.0	-12.7003	1.06334	-0.1	1.0
		0

		全型舟-2/M22螺母-20
		M22螺母.SLDPRT
		0.0	0.0	1.0	0.0	0.0	1.0	0.0	0.0	-1.0	0.0	0.0	0.0	-3.70029	1.06334	-0.1	1.0
		0

		全型舟-2/M22x80-21
		M22x80.SLDPRT
		-1.0	0.0	0.0	0.0	0.0	-0.381849	0.924225	0.0	0.0	0.924225	0.381849	0.0	-12.6408	1.06334	-0.1	1.0
		0

		全型舟-2/M22x80-22
		M22x80.SLDPRT
		-1.0	0.0	0.0	0.0	0.0	-0.381849	0.924225	0.0	0.0	0.924225	0.381849	0.0	-3.6408	1.06334	-0.1	1.0
		0

		全型舟-2/垫圈M22-21
		垫圈M22.SLDPRT
		1.0	0.0	0.0	0.0	0.0	1.0	0.0	0.0	0.0	0.0	1.0	0.0	-12.6769	1.06334	0.1	1.0
		0

		全型舟-2/垫圈M22-22
		垫圈M22.SLDPRT
		1.0	0.0	0.0	0.0	0.0	1.0	0.0	0.0	0.0	0.0	1.0	0.0	-3.67689	1.06334	0.1	1.0
		0

		全型舟-2/M22螺母-21
		M22螺母.SLDPRT
		0.0	0.0	1.0	0.0	0.0	1.0	0.0	0.0	-1.0	0.0	0.0	0.0	-12.7003	1.06334	0.1	1.0
		0

		全型舟-2/M22螺母-22
		M22螺母.SLDPRT
		0.0	0.0	1.0	0.0	0.0	1.0	0.0	0.0	-1.0	0.0	0.0	0.0	-3.70029	1.06334	0.1	1.0
		0

		全型舟-2/M22x80-23
		M22x80.SLDPRT
		-1.0	0.0	0.0	0.0	0.0	-0.381849	0.924225	0.0	0.0	0.924225	0.381849	0.0	-12.6408	1.06334	0.1	1.0
		0

		全型舟-2/M22x80-24
		M22x80.SLDPRT
		-1.0	0.0	0.0	0.0	0.0	-0.381849	0.924225	0.0	0.0	0.924225	0.381849	0.0	-3.6408	1.06334	0.1	1.0
		0

		全型舟-2/垫圈M22-24
		垫圈M22.SLDPRT
		1.0	0.0	0.0	0.0	0.0	1.0	0.0	0.0	0.0	0.0	1.0	0.0	-3.67689	1.06334	0.225	1.0
		0

		全型舟-2/垫圈M22-23
		垫圈M22.SLDPRT
		1.0	0.0	0.0	0.0	0.0	1.0	0.0	0.0	0.0	0.0	1.0	0.0	-12.6769	1.06334	0.225	1.0
		0

		全型舟-2/M22螺母-23
		M22螺母.SLDPRT
		0.0	0.0	1.0	0.0	0.0	1.0	0.0	0.0	-1.0	0.0	0.0	0.0	-12.7003	1.06334	0.225	1.0
		0

		全型舟-2/M22螺母-24
		M22螺母.SLDPRT
		0.0	0.0	1.0	0.0	0.0	1.0	0.0	0.0	-1.0	0.0	0.0	0.0	-3.70029	1.06334	0.225	1.0
		0

		全型舟-2/M22x80-25
		M22x80.SLDPRT
		-1.0	0.0	0.0	0.0	0.0	-0.381849	0.924225	0.0	0.0	0.924225	0.381849	0.0	-12.6408	1.06334	0.225	1.0
		0

		全型舟-2/M22x80-26
		M22x80.SLDPRT
		-1.0	0.0	0.0	0.0	0.0	-0.381849	0.924225	0.0	0.0	0.924225	0.381849	0.0	-3.6408	1.06334	0.225	1.0
		0

		全型舟-2/垫圈M22-25
		垫圈M22.SLDPRT
		1.0	0.0	0.0	0.0	0.0	1.0	0.0	0.0	0.0	0.0	1.0	0.0	-12.6769	1.06334	0.4	1.0
		0

		全型舟-2/垫圈M22-26
		垫圈M22.SLDPRT
		1.0	0.0	0.0	0.0	0.0	1.0	0.0	0.0	0.0	0.0	1.0	0.0	-3.67689	1.06334	0.4	1.0
		0

		全型舟-2/M22螺母-25
		M22螺母.SLDPRT
		0.0	0.0	1.0	0.0	0.0	1.0	0.0	0.0	-1.0	0.0	0.0	0.0	-12.7003	1.06334	0.4	1.0
		0

		全型舟-2/M22螺母-26
		M22螺母.SLDPRT
		0.0	0.0	1.0	0.0	0.0	1.0	0.0	0.0	-1.0	0.0	0.0	0.0	-3.70029	1.06334	0.4	1.0
		0

		全型舟-2/M22x80-27
		M22x80.SLDPRT
		-1.0	0.0	0.0	0.0	0.0	-0.381849	0.924225	0.0	0.0	0.924225	0.381849	0.0	-12.6408	1.06334	0.4	1.0
		0

		全型舟-2/M22x80-28
		M22x80.SLDPRT
		-1.0	0.0	0.0	0.0	0.0	-0.381849	0.924225	0.0	0.0	0.924225	0.381849	0.0	-3.6408	1.06334	0.4	1.0
		0

		全型舟-2/垫圈M22-27
		垫圈M22.SLDPRT
		1.0	0.0	0.0	0.0	0.0	1.0	0.0	0.0	0.0	0.0	1.0	0.0	-12.6769	1.06334	0.54	1.0
		0

		全型舟-2/垫圈M22-28
		垫圈M22.SLDPRT
		1.0	0.0	0.0	0.0	0.0	1.0	0.0	0.0	0.0	0.0	1.0	0.0	-3.67689	1.06334	0.54	1.0
		0

		全型舟-2/M22螺母-27
		M22螺母.SLDPRT
		0.0	0.0	1.0	0.0	0.0	1.0	0.0	0.0	-1.0	0.0	0.0	0.0	-12.7003	1.06334	0.54	1.0
		0

		全型舟-2/M22螺母-28
		M22螺母.SLDPRT
		0.0	0.0	1.0	0.0	0.0	1.0	0.0	0.0	-1.0	0.0	0.0	0.0	-3.70029	1.06334	0.54	1.0
		0

		全型舟-2/M22x80-29
		M22x80.SLDPRT
		-1.0	0.0	0.0	0.0	0.0	-0.381849	0.924225	0.0	0.0	0.924225	0.381849	0.0	-12.6408	1.06334	0.54	1.0
		0

		全型舟-2/M22x80-30
		M22x80.SLDPRT
		-1.0	0.0	0.0	0.0	0.0	-0.381849	0.924225	0.0	0.0	0.924225	0.381849	0.0	-3.6408	1.06334	0.54	1.0
		0

		全型舟-2/垫圈M22-29
		垫圈M22.SLDPRT
		1.0	0.0	0.0	0.0	0.0	1.0	0.0	0.0	0.0	0.0	1.0	0.0	-12.6769	1.06334	0.81	1.0
		0

		全型舟-2/垫圈M22-30
		垫圈M22.SLDPRT
		1.0	0.0	0.0	0.0	0.0	1.0	0.0	0.0	0.0	0.0	1.0	0.0	-3.67689	1.06334	0.81	1.0
		0

		全型舟-2/M22螺母-29
		M22螺母.SLDPRT
		0.0	0.0	1.0	0.0	0.0	1.0	0.0	0.0	-1.0	0.0	0.0	0.0	-12.7003	1.06334	0.81	1.0
		0

		全型舟-2/M22螺母-30
		M22螺母.SLDPRT
		0.0	0.0	1.0	0.0	0.0	1.0	0.0	0.0	-1.0	0.0	0.0	0.0	-3.70029	1.06334	0.81	1.0
		0

		全型舟-2/M22x80-31
		M22x80.SLDPRT
		-1.0	0.0	0.0	0.0	0.0	-0.381849	0.924225	0.0	0.0	0.924225	0.381849	0.0	-12.6408	1.06334	0.81	1.0
		0

		全型舟-2/M22x80-32
		M22x80.SLDPRT
		-1.0	0.0	0.0	0.0	0.0	-0.381849	0.924225	0.0	0.0	0.924225	0.381849	0.0	-3.6408	1.06334	0.81	1.0
		0

		全型舟-2/M22X80-平头螺栓-1
		M22X80-平头螺栓.SLDPRT
		3.30596E-18	-1.0	-1.26046E-17	0.0	-0.0134615	1.25101E-17	-0.999909	0.0	0.999909	-1.57183E-18	-0.0134615	0.0	-24.6666	1.67539	0.00151888	1.0
		0

		全型舟-2/M22X80-平头螺栓-2
		M22X80-平头螺栓.SLDPRT
		3.30596E-18	-1.0	-1.26046E-17	0.0	-0.0134615	1.25101E-17	-0.999909	0.0	0.999909	-1.57183E-18	-0.0134615	0.0	-24.5566	1.67539	3.81177E-5	1.0
		0

		全型舟-2/M22x80-33
		M22x80.SLDPRT
		-2.46564E-16	1.0	1.34305E-16	0.0	0.106815	1.59873E-16	-0.994279	0.0	-0.994279	-2.30807E-16	-0.106815	0.0	-24.6703	1.61325	-0.273456	1.0
		0

		全型舟-2/M22x80-34
		M22x80.SLDPRT
		-1.11022E-16	1.0	1.2545E-17	0.0	0.107105	-5.81763E-19	0.994248	0.0	0.994248	1.11727E-16	-0.107105	0.0	-24.57	1.61342	-0.254804	1.0
		0

		全型舟-2/垫圈M22-33
		垫圈M22.SLDPRT
		-1.68859E-19	-1.0	-1.25427E-17	0.0	1.0	-1.68859E-19	-1.25427E-17	0.0	1.25427E-17	-1.25427E-17	1.0	0.0	-24.6703	1.67334	-0.273456	1.0
		0

		全型舟-2/M22螺母-31
		M22螺母.SLDPRT
		1.0	-1.68859E-19	-1.68859E-19	0.0	-1.68859E-19	1.25427E-17	-1.0	0.0	1.68859E-19	1.0	1.25427E-17	0.0	-24.6703	1.69674	-0.273456	1.0
		0

		全型舟-2/垫圈M22-34
		垫圈M22.SLDPRT
		-1.68859E-19	-1.0	-1.25427E-17	0.0	1.0	-1.68859E-19	-1.25427E-17	0.0	1.25427E-17	-1.25427E-17	1.0	0.0	-24.57	1.67334	-0.254804	1.0
		0

		全型舟-2/M22螺母-32
		M22螺母.SLDPRT
		1.0	-1.68859E-19	-1.68859E-19	0.0	-1.68859E-19	1.25427E-17	-1.0	0.0	1.68859E-19	1.0	1.25427E-17	0.0	-24.57	1.69674	-0.254804	1.0
		0

		全型舟-2/垫圈M22-35
		垫圈M22.SLDPRT
		-1.68859E-19	-1.0	-1.25427E-17	0.0	1.0	-1.68859E-19	-1.25427E-17	0.0	1.25427E-17	-1.25427E-17	1.0	0.0	-24.6629	1.67334	0.276494	1.0
		0

		全型舟-2/M22螺母-33
		M22螺母.SLDPRT
		1.0	-1.68859E-19	-1.68859E-19	0.0	-1.68859E-19	1.25427E-17	-1.0	0.0	1.68859E-19	1.0	1.25427E-17	0.0	-24.6629	1.69674	0.276494	1.0
		0

		全型舟-2/M22x80-35
		M22x80.SLDPRT
		-2.46564E-16	1.0	1.34305E-16	0.0	0.106815	1.59873E-16	-0.994279	0.0	-0.994279	-2.30807E-16	-0.106815	0.0	-24.6629	1.61325	0.276494	1.0
		0

		全型舟-2/垫圈M22-36
		垫圈M22.SLDPRT
		-1.68859E-19	-1.0	-1.25427E-17	0.0	1.0	-1.68859E-19	-1.25427E-17	0.0	1.25427E-17	-1.25427E-17	1.0	0.0	-24.5632	1.67334	0.25515	1.0
		0

		全型舟-2/M22螺母-34
		M22螺母.SLDPRT
		1.0	-1.68859E-19	-1.68859E-19	0.0	-1.68859E-19	1.25427E-17	-1.0	0.0	1.68859E-19	1.0	1.25427E-17	0.0	-24.5632	1.69674	0.25515	1.0
		0

		全型舟-2/M22x80-36
		M22x80.SLDPRT
		-1.11022E-16	1.0	1.2545E-17	0.0	0.107105	-5.81763E-19	0.994248	0.0	0.994248	1.11727E-16	-0.107105	0.0	-24.5632	1.61342	0.25515	1.0
		0

		全型舟-2/M22x55-61
		M22x55.SLDPRT
		0.0	1.0	0.0	0.0	-0.788007	0.0	0.615666	0.0	0.615666	0.0	0.788007	0.0	-20.815	1.11705	-1.29	1.0
		0

		全型舟-2/M22x55-53
		M22x55.SLDPRT
		0.0	1.0	0.0	0.0	0.837169	0.0	0.546944	0.0	0.546944	0.0	-0.837169	0.0	-20.795	1.11705	-1.19	1.0
		0

		全型舟-2/垫圈M22-37
		垫圈M22.SLDPRT
		0.0	-1.0	0.0	0.0	1.0	0.0	0.0	0.0	0.0	0.0	1.0	0.0	-20.815	1.15734	-1.29	1.0
		0

		全型舟-2/垫圈M22-39
		垫圈M22.SLDPRT
		0.0	-1.0	0.0	0.0	1.0	0.0	0.0	0.0	0.0	0.0	1.0	0.0	-20.795	1.15734	-1.19	1.0
		0

		全型舟-2/M22螺母-35
		M22螺母.SLDPRT
		1.0	0.0	0.0	0.0	0.0	0.0	-1.0	0.0	0.0	1.0	0.0	0.0	-20.815	1.18074	-1.29	1.0
		0

		全型舟-2/M22螺母-36
		M22螺母.SLDPRT
		1.0	0.0	0.0	0.0	0.0	0.0	-1.0	0.0	0.0	1.0	0.0	0.0	-20.795	1.18074	-1.19	1.0
		0

		全型舟-2/M22x55-77
		M22x55.SLDPRT
		0.0	1.0	0.0	0.0	0.837169	0.0	0.546944	0.0	0.546944	0.0	-0.837169	0.0	-20.54	1.11705	-1.29	1.0
		0

		全型舟-2/垫圈M22-41
		垫圈M22.SLDPRT
		0.0	-1.0	0.0	0.0	1.0	0.0	0.0	0.0	0.0	0.0	1.0	0.0	-20.54	1.15734	-1.29	1.0
		0

		全型舟-2/M22螺母-37
		M22螺母.SLDPRT
		1.0	0.0	0.0	0.0	0.0	0.0	-1.0	0.0	0.0	1.0	0.0	0.0	-20.54	1.18074	-1.29	1.0
		0

		全型舟-2/M22螺母-38
		M22螺母.SLDPRT
		1.0	0.0	0.0	0.0	0.0	0.0	-1.0	0.0	0.0	1.0	0.0	0.0	-20.54	1.18074	-1.18	1.0
		0

		全型舟-2/垫圈M22-42
		垫圈M22.SLDPRT
		0.0	-1.0	0.0	0.0	1.0	0.0	0.0	0.0	0.0	0.0	1.0	0.0	-20.54	1.15734	-1.18	1.0
		0

		全型舟-2/M22x55-78
		M22x55.SLDPRT
		0.0	1.0	0.0	0.0	0.837169	0.0	0.546944	0.0	0.546944	0.0	-0.837169	0.0	-20.54	1.11705	-1.18	1.0
		0

		全型舟-2/垫圈M22-43
		垫圈M22.SLDPRT
		0.0	-1.0	0.0	0.0	1.0	0.0	0.0	0.0	0.0	0.0	1.0	0.0	-20.265	1.15734	-1.29	1.0
		0

		全型舟-2/M22螺母-39
		M22螺母.SLDPRT
		1.0	0.0	0.0	0.0	0.0	0.0	-1.0	0.0	0.0	1.0	0.0	0.0	-20.265	1.18074	-1.29	1.0
		0

		全型舟-2/M22x55-62
		M22x55.SLDPRT
		0.0	1.0	0.0	0.0	-0.788007	0.0	0.615666	0.0	0.615666	0.0	0.788007	0.0	-20.265	1.11705	-1.29	1.0
		0

		全型舟-2/垫圈M22-44
		垫圈M22.SLDPRT
		0.0	-1.0	0.0	0.0	1.0	0.0	0.0	0.0	0.0	0.0	1.0	0.0	-20.285	1.15734	-1.19	1.0
		0

		全型舟-2/M22螺母-40
		M22螺母.SLDPRT
		1.0	0.0	0.0	0.0	0.0	0.0	-1.0	0.0	0.0	1.0	0.0	0.0	-20.285	1.18074	-1.19	1.0
		0

		全型舟-2/M22x55-54
		M22x55.SLDPRT
		0.0	1.0	0.0	0.0	0.837169	0.0	0.546944	0.0	0.546944	0.0	-0.837169	0.0	-20.285	1.11705	-1.19	1.0
		0

		全型舟-2/M22x55-69
		M22x55.SLDPRT
		-1.99404E-17	1.0	6.69791E-17	0.0	-0.837169	1.99404E-17	-0.546944	0.0	-0.546944	-6.69791E-17	0.837169	0.0	-20.815	1.11705	1.29	1.0
		0

		全型舟-2/M22x55-93
		M22x55.SLDPRT
		1.16955E-31	1.0	6.10623E-16	0.0	0.837169	-3.33976E-16	0.546944	0.0	0.546944	5.11194E-16	-0.837169	0.0	-20.7947	1.11705	1.18998	1.0
		0

		全型舟-2/M22x55-85
		M22x55.SLDPRT
		1.16955E-31	1.0	6.10623E-16	0.0	0.837169	-3.33976E-16	0.546944	0.0	0.546944	5.11194E-16	-0.837169	0.0	-20.54	1.11705	1.29	1.0
		0

		全型舟-2/垫圈M22-45
		垫圈M22.SLDPRT
		-3.69779E-32	-1.0	-6.10623E-16	0.0	1.0	3.35882E-31	-6.10623E-16	0.0	6.10623E-16	-6.10623E-16	1.0	0.0	-20.54	1.15734	1.29	1.0
		0

		全型舟-2/垫圈M22-46
		垫圈M22.SLDPRT
		-3.69779E-32	-1.0	-6.10623E-16	0.0	1.0	3.35882E-31	-6.10623E-16	0.0	6.10623E-16	-6.10623E-16	1.0	0.0	-20.815	1.15734	1.29	1.0
		0

		全型舟-2/M22螺母-41
		M22螺母.SLDPRT
		1.0	-3.69779E-32	-3.69779E-32	0.0	-3.69779E-32	6.10623E-16	-1.0	0.0	3.69779E-32	1.0	6.10623E-16	0.0	-20.815	1.18074	1.29	1.0
		0

		全型舟-2/垫圈M22-47
		垫圈M22.SLDPRT
		-3.69779E-32	-1.0	-6.10623E-16	0.0	1.0	3.35882E-31	-6.10623E-16	0.0	6.10623E-16	-6.10623E-16	1.0	0.0	-20.7947	1.15734	1.18998	1.0
		0

		全型舟-2/M22螺母-42
		M22螺母.SLDPRT
		1.0	-3.69779E-32	-3.69779E-32	0.0	-3.69779E-32	6.10623E-16	-1.0	0.0	3.69779E-32	1.0	6.10623E-16	0.0	-20.7947	1.18074	1.18998	1.0
		0

		全型舟-2/M22螺母-43
		M22螺母.SLDPRT
		1.0	-3.69779E-32	-3.69779E-32	0.0	-3.69779E-32	6.10623E-16	-1.0	0.0	3.69779E-32	1.0	6.10623E-16	0.0	-20.54	1.18074	1.29	1.0
		0

		全型舟-2/垫圈M22-48
		垫圈M22.SLDPRT
		-3.69779E-32	-1.0	-6.10623E-16	0.0	1.0	3.35882E-31	-6.10623E-16	0.0	6.10623E-16	-6.10623E-16	1.0	0.0	-20.54	1.15734	1.18	1.0
		0

		全型舟-2/M22螺母-44
		M22螺母.SLDPRT
		1.0	-3.69779E-32	-3.69779E-32	0.0	-3.69779E-32	6.10623E-16	-1.0	0.0	3.69779E-32	1.0	6.10623E-16	0.0	-20.54	1.18074	1.18	1.0
		0

		全型舟-2/M22x55-86
		M22x55.SLDPRT
		1.16955E-31	1.0	6.10623E-16	0.0	0.837169	-3.33976E-16	0.546944	0.0	0.546944	5.11194E-16	-0.837169	0.0	-20.54	1.11705	1.18	1.0
		0

		全型舟-2/垫圈M22-49
		垫圈M22.SLDPRT
		-3.69779E-32	-1.0	-6.10623E-16	0.0	1.0	3.35882E-31	-6.10623E-16	0.0	6.10623E-16	-6.10623E-16	1.0	0.0	-20.265	1.15734	1.29	1.0
		0

		全型舟-2/M22螺母-45
		M22螺母.SLDPRT
		1.0	-3.69779E-32	-3.69779E-32	0.0	-3.69779E-32	6.10623E-16	-1.0	0.0	3.69779E-32	1.0	6.10623E-16	0.0	-20.265	1.18074	1.29	1.0
		0

		全型舟-2/M22x55-70
		M22x55.SLDPRT
		-1.99404E-17	1.0	6.69791E-17	0.0	-0.837169	1.99404E-17	-0.546944	0.0	-0.546944	-6.69791E-17	0.837169	0.0	-20.265	1.11705	1.29	1.0
		0

		全型舟-2/垫圈M22-50
		垫圈M22.SLDPRT
		-3.69779E-32	-1.0	-6.10623E-16	0.0	1.0	3.35882E-31	-6.10623E-16	0.0	6.10623E-16	-6.10623E-16	1.0	0.0	-20.2847	1.15734	1.18998	1.0
		0

		全型舟-2/M22螺母-46
		M22螺母.SLDPRT
		1.0	-3.69779E-32	-3.69779E-32	0.0	-3.69779E-32	6.10623E-16	-1.0	0.0	3.69779E-32	1.0	6.10623E-16	0.0	-20.2847	1.18074	1.18998	1.0
		0

		全型舟-2/M22x55-94
		M22x55.SLDPRT
		1.16955E-31	1.0	6.10623E-16	0.0	0.837169	-3.33976E-16	0.546944	0.0	0.546944	5.11194E-16	-0.837169	0.0	-20.2847	1.11705	1.18998	1.0
		0

		全型舟-2/垫圈M22-51
		垫圈M22.SLDPRT
		0.0	-1.0	0.0	0.0	1.0	0.0	0.0	0.0	0.0	0.0	1.0	0.0	-13.535	1.15734	-1.19	1.0
		0

		全型舟-2/M22螺母-47
		M22螺母.SLDPRT
		1.0	0.0	0.0	0.0	0.0	0.0	-1.0	0.0	0.0	1.0	0.0	0.0	-13.535	1.18074	-1.19	1.0
		0

		全型舟-2/M22x55-55
		M22x55.SLDPRT
		0.0	1.0	0.0	0.0	0.837169	0.0	0.546944	0.0	0.546944	0.0	-0.837169	0.0	-13.535	1.11705	-1.19	1.0
		0

		全型舟-2/垫圈M22-52
		垫圈M22.SLDPRT
		0.0	-1.0	0.0	0.0	1.0	0.0	0.0	0.0	0.0	0.0	1.0	0.0	-13.515	1.15734	-1.29	1.0
		0

		全型舟-2/M22螺母-48
		M22螺母.SLDPRT
		1.0	0.0	0.0	0.0	0.0	0.0	-1.0	0.0	0.0	1.0	0.0	0.0	-13.515	1.18074	-1.29	1.0
		0

		全型舟-2/M22x55-63
		M22x55.SLDPRT
		0.0	1.0	0.0	0.0	-0.788007	0.0	0.615666	0.0	0.615666	0.0	0.788007	0.0	-13.515	1.11705	-1.29	1.0
		0

		全型舟-2/M22螺母-49
		M22螺母.SLDPRT
		1.0	0.0	0.0	0.0	0.0	0.0	-1.0	0.0	0.0	1.0	0.0	0.0	-13.79	1.18074	-1.18	1.0
		0

		全型舟-2/垫圈M22-53
		垫圈M22.SLDPRT
		0.0	-1.0	0.0	0.0	1.0	0.0	0.0	0.0	0.0	0.0	1.0	0.0	-13.79	1.15734	-1.18	1.0
		0

		全型舟-2/M22x55-79
		M22x55.SLDPRT
		0.0	1.0	0.0	0.0	0.837169	0.0	0.546944	0.0	0.546944	0.0	-0.837169	0.0	-13.79	1.11705	-1.18	1.0
		0

		全型舟-2/垫圈M22-54
		垫圈M22.SLDPRT
		0.0	-1.0	0.0	0.0	1.0	0.0	0.0	0.0	0.0	0.0	1.0	0.0	-13.79	1.15734	-1.29	1.0
		0

		全型舟-2/M22螺母-50
		M22螺母.SLDPRT
		1.0	0.0	0.0	0.0	0.0	0.0	-1.0	0.0	0.0	1.0	0.0	0.0	-13.79	1.18074	-1.29	1.0
		0

		全型舟-2/M22x55-82
		M22x55.SLDPRT
		0.0	1.0	0.0	0.0	0.837169	0.0	0.546944	0.0	0.546944	0.0	-0.837169	0.0	-13.79	1.11705	-1.29	1.0
		0

		全型舟-2/垫圈M22-55
		垫圈M22.SLDPRT
		0.0	-1.0	0.0	0.0	1.0	0.0	0.0	0.0	0.0	0.0	1.0	0.0	-14.045	1.15734	-1.19	1.0
		0

		全型舟-2/M22螺母-51
		M22螺母.SLDPRT
		1.0	0.0	0.0	0.0	0.0	0.0	-1.0	0.0	0.0	1.0	0.0	0.0	-14.045	1.18074	-1.19	1.0
		0

		全型舟-2/M22x55-58
		M22x55.SLDPRT
		0.0	1.0	0.0	0.0	0.837169	0.0	0.546944	0.0	0.546944	0.0	-0.837169	0.0	-14.045	1.11705	-1.19	1.0
		0

		全型舟-2/垫圈M22-56
		垫圈M22.SLDPRT
		0.0	-1.0	0.0	0.0	1.0	0.0	0.0	0.0	0.0	0.0	1.0	0.0	-14.065	1.15734	-1.29	1.0
		0

		全型舟-2/M22螺母-52
		M22螺母.SLDPRT
		1.0	0.0	0.0	0.0	0.0	0.0	-1.0	0.0	0.0	1.0	0.0	0.0	-14.065	1.18074	-1.29	1.0
		0

		全型舟-2/M22x55-66
		M22x55.SLDPRT
		0.0	1.0	0.0	0.0	-0.788007	0.0	0.615666	0.0	0.615666	0.0	0.788007	0.0	-14.065	1.11705	-1.29	1.0
		0

		全型舟-2/垫圈M22-57
		垫圈M22.SLDPRT
		-3.69779E-32	-1.0	-6.10623E-16	0.0	1.0	3.35882E-31	-6.10623E-16	0.0	6.10623E-16	-6.10623E-16	1.0	0.0	-13.79	1.15734	1.18	1.0
		0

		全型舟-2/M22螺母-53
		M22螺母.SLDPRT
		1.0	-3.69779E-32	-3.69779E-32	0.0	-3.69779E-32	6.10623E-16	-1.0	0.0	3.69779E-32	1.0	6.10623E-16	0.0	-13.79	1.18074	1.18	1.0
		0

		全型舟-2/M22x55-87
		M22x55.SLDPRT
		1.16955E-31	1.0	6.10623E-16	0.0	0.837169	-3.33976E-16	0.546944	0.0	0.546944	5.11194E-16	-0.837169	0.0	-13.79	1.11705	1.18	1.0
		0

		全型舟-2/垫圈M22-58
		垫圈M22.SLDPRT
		-3.69779E-32	-1.0	-6.10623E-16	0.0	1.0	3.35882E-31	-6.10623E-16	0.0	6.10623E-16	-6.10623E-16	1.0	0.0	-13.5347	1.15734	1.18998	1.0
		0

		全型舟-2/M22螺母-54
		M22螺母.SLDPRT
		1.0	-3.69779E-32	-3.69779E-32	0.0	-3.69779E-32	6.10623E-16	-1.0	0.0	3.69779E-32	1.0	6.10623E-16	0.0	-13.5347	1.18074	1.18998	1.0
		0

		全型舟-2/M22x55-95
		M22x55.SLDPRT
		1.16955E-31	1.0	6.10623E-16	0.0	0.837169	-3.33976E-16	0.546944	0.0	0.546944	5.11194E-16	-0.837169	0.0	-13.5347	1.11705	1.18998	1.0
		0

		全型舟-2/垫圈M22-59
		垫圈M22.SLDPRT
		-3.69779E-32	-1.0	-6.10623E-16	0.0	1.0	3.35882E-31	-6.10623E-16	0.0	6.10623E-16	-6.10623E-16	1.0	0.0	-13.515	1.15734	1.29	1.0
		0

		全型舟-2/M22螺母-55
		M22螺母.SLDPRT
		1.0	-3.69779E-32	-3.69779E-32	0.0	-3.69779E-32	6.10623E-16	-1.0	0.0	3.69779E-32	1.0	6.10623E-16	0.0	-13.515	1.18074	1.29	1.0
		0

		全型舟-2/M22x55-71
		M22x55.SLDPRT
		-1.99404E-17	1.0	6.69791E-17	0.0	-0.837169	1.99404E-17	-0.546944	0.0	-0.546944	-6.69791E-17	0.837169	0.0	-13.515	1.11705	1.29	1.0
		0

		全型舟-2/垫圈M22-60
		垫圈M22.SLDPRT
		-3.69779E-32	-1.0	-6.10623E-16	0.0	1.0	3.35882E-31	-6.10623E-16	0.0	6.10623E-16	-6.10623E-16	1.0	0.0	-13.79	1.15734	1.29	1.0
		0

		全型舟-2/M22螺母-56
		M22螺母.SLDPRT
		1.0	-3.69779E-32	-3.69779E-32	0.0	-3.69779E-32	6.10623E-16	-1.0	0.0	3.69779E-32	1.0	6.10623E-16	0.0	-13.79	1.18074	1.29	1.0
		0

		全型舟-2/M22x55-90
		M22x55.SLDPRT
		1.16955E-31	1.0	6.10623E-16	0.0	0.837169	-3.33976E-16	0.546944	0.0	0.546944	5.11194E-16	-0.837169	0.0	-13.79	1.11705	1.29	1.0
		0

		全型舟-2/垫圈M22-61
		垫圈M22.SLDPRT
		-3.69779E-32	-1.0	-6.10623E-16	0.0	1.0	3.35882E-31	-6.10623E-16	0.0	6.10623E-16	-6.10623E-16	1.0	0.0	-14.0447	1.15734	1.18998	1.0
		0

		全型舟-2/M22螺母-57
		M22螺母.SLDPRT
		1.0	-3.69779E-32	-3.69779E-32	0.0	-3.69779E-32	6.10623E-16	-1.0	0.0	3.69779E-32	1.0	6.10623E-16	0.0	-14.0447	1.18074	1.18998	1.0
		0

		全型舟-2/M22x55-98
		M22x55.SLDPRT
		1.16955E-31	1.0	6.10623E-16	0.0	0.837169	-3.33976E-16	0.546944	0.0	0.546944	5.11194E-16	-0.837169	0.0	-14.0447	1.11705	1.18998	1.0
		0

		全型舟-2/垫圈M22-62
		垫圈M22.SLDPRT
		-3.69779E-32	-1.0	-6.10623E-16	0.0	1.0	3.35882E-31	-6.10623E-16	0.0	6.10623E-16	-6.10623E-16	1.0	0.0	-14.065	1.15734	1.29	1.0
		0

		全型舟-2/M22螺母-58
		M22螺母.SLDPRT
		1.0	-3.69779E-32	-3.69779E-32	0.0	-3.69779E-32	6.10623E-16	-1.0	0.0	3.69779E-32	1.0	6.10623E-16	0.0	-14.065	1.18074	1.29	1.0
		0

		全型舟-2/M22x55-74
		M22x55.SLDPRT
		-1.99404E-17	1.0	6.69791E-17	0.0	-0.837169	1.99404E-17	-0.546944	0.0	-0.546944	-6.69791E-17	0.837169	0.0	-14.065	1.11705	1.29	1.0
		0

		全型舟-2/M22x55-75
		M22x55.SLDPRT
		-1.99404E-17	1.0	6.69791E-17	0.0	-0.837169	1.99404E-17	-0.546944	0.0	-0.546944	-6.69791E-17	0.837169	0.0	-2.81504	1.11705	1.29	1.0
		0

		全型舟-2/M22螺母-59
		M22螺母.SLDPRT
		1.0	-3.69779E-32	-3.69779E-32	0.0	-3.69779E-32	6.10623E-16	-1.0	0.0	3.69779E-32	1.0	6.10623E-16	0.0	-2.81504	1.18074	1.29	1.0
		0

		全型舟-2/M22x55-99
		M22x55.SLDPRT
		1.16955E-31	1.0	6.10623E-16	0.0	0.837169	-3.33976E-16	0.546944	0.0	0.546944	5.11194E-16	-0.837169	0.0	-2.79465	1.11705	1.18998	1.0
		0

		全型舟-2/垫圈M22-63
		垫圈M22.SLDPRT
		-3.69779E-32	-1.0	-6.10623E-16	0.0	1.0	3.35882E-31	-6.10623E-16	0.0	6.10623E-16	-6.10623E-16	1.0	0.0	-2.81504	1.15734	1.29	1.0
		0

		全型舟-2/M22螺母-60
		M22螺母.SLDPRT
		1.0	-3.69779E-32	-3.69779E-32	0.0	-3.69779E-32	6.10623E-16	-1.0	0.0	3.69779E-32	1.0	6.10623E-16	0.0	-2.79465	1.18074	1.18998	1.0
		0

		全型舟-2/垫圈M22-64
		垫圈M22.SLDPRT
		-3.69779E-32	-1.0	-6.10623E-16	0.0	1.0	3.35882E-31	-6.10623E-16	0.0	6.10623E-16	-6.10623E-16	1.0	0.0	-2.79465	1.15734	1.18998	1.0
		0

		全型舟-2/M22x55-91
		M22x55.SLDPRT
		1.16955E-31	1.0	6.10623E-16	0.0	0.837169	-3.33976E-16	0.546944	0.0	0.546944	5.11194E-16	-0.837169	0.0	-2.54004	1.11705	1.29	1.0
		0

		全型舟-2/M22螺母-61
		M22螺母.SLDPRT
		1.0	-3.69779E-32	-3.69779E-32	0.0	-3.69779E-32	6.10623E-16	-1.0	0.0	3.69779E-32	1.0	6.10623E-16	0.0	-2.54004	1.18074	1.29	1.0
		0

		全型舟-2/垫圈M22-65
		垫圈M22.SLDPRT
		-3.69779E-32	-1.0	-6.10623E-16	0.0	1.0	3.35882E-31	-6.10623E-16	0.0	6.10623E-16	-6.10623E-16	1.0	0.0	-2.54004	1.15734	1.29	1.0
		0

		全型舟-2/M22x55-72
		M22x55.SLDPRT
		-1.99404E-17	1.0	6.69791E-17	0.0	-0.837169	1.99404E-17	-0.546944	0.0	-0.546944	-6.69791E-17	0.837169	0.0	-2.26504	1.11705	1.29	1.0
		0

		全型舟-2/M22螺母-62
		M22螺母.SLDPRT
		1.0	-3.69779E-32	-3.69779E-32	0.0	-3.69779E-32	6.10623E-16	-1.0	0.0	3.69779E-32	1.0	6.10623E-16	0.0	-2.26504	1.18074	1.29	1.0
		0

		全型舟-2/垫圈M22-66
		垫圈M22.SLDPRT
		-3.69779E-32	-1.0	-6.10623E-16	0.0	1.0	3.35882E-31	-6.10623E-16	0.0	6.10623E-16	-6.10623E-16	1.0	0.0	-2.26504	1.15734	1.29	1.0
		0

		全型舟-2/M22x55-96
		M22x55.SLDPRT
		1.16955E-31	1.0	6.10623E-16	0.0	0.837169	-3.33976E-16	0.546944	0.0	0.546944	5.11194E-16	-0.837169	0.0	-2.28465	1.11705	1.18998	1.0
		0

		全型舟-2/M22螺母-63
		M22螺母.SLDPRT
		1.0	-3.69779E-32	-3.69779E-32	0.0	-3.69779E-32	6.10623E-16	-1.0	0.0	3.69779E-32	1.0	6.10623E-16	0.0	-2.28465	1.18074	1.18998	1.0
		0

		全型舟-2/M22x55-88
		M22x55.SLDPRT
		1.16955E-31	1.0	6.10623E-16	0.0	0.837169	-3.33976E-16	0.546944	0.0	0.546944	5.11194E-16	-0.837169	0.0	-2.54004	1.11705	1.18	1.0
		0

		全型舟-2/垫圈M22-67
		垫圈M22.SLDPRT
		-3.69779E-32	-1.0	-6.10623E-16	0.0	1.0	3.35882E-31	-6.10623E-16	0.0	6.10623E-16	-6.10623E-16	1.0	0.0	-2.28465	1.15734	1.18998	1.0
		0

		全型舟-2/M22螺母-64
		M22螺母.SLDPRT
		1.0	-3.69779E-32	-3.69779E-32	0.0	-3.69779E-32	6.10623E-16	-1.0	0.0	3.69779E-32	1.0	6.10623E-16	0.0	-2.54004	1.18074	1.18	1.0
		0

		全型舟-2/垫圈M22-68
		垫圈M22.SLDPRT
		-3.69779E-32	-1.0	-6.10623E-16	0.0	1.0	3.35882E-31	-6.10623E-16	0.0	6.10623E-16	-6.10623E-16	1.0	0.0	-2.54004	1.15734	1.18	1.0
		0

		全型舟-2/M22x55-67
		M22x55.SLDPRT
		0.0	1.0	0.0	0.0	-0.788007	0.0	0.615666	0.0	0.615666	0.0	0.788007	0.0	-2.81504	1.11705	-1.29	1.0
		0

		全型舟-2/M22螺母-65
		M22螺母.SLDPRT
		1.0	0.0	0.0	0.0	0.0	0.0	-1.0	0.0	0.0	1.0	0.0	0.0	-2.81504	1.18074	-1.29	1.0
		0

		全型舟-2/垫圈M22-69
		垫圈M22.SLDPRT
		0.0	-1.0	0.0	0.0	1.0	0.0	0.0	0.0	0.0	0.0	1.0	0.0	-2.81504	1.15734	-1.29	1.0
		0

		全型舟-2/M22x55-59
		M22x55.SLDPRT
		0.0	1.0	0.0	0.0	0.837169	0.0	0.546944	0.0	0.546944	0.0	-0.837169	0.0	-2.79504	1.11705	-1.19	1.0
		0

		全型舟-2/垫圈M22-70
		垫圈M22.SLDPRT
		0.0	-1.0	0.0	0.0	1.0	0.0	0.0	0.0	0.0	0.0	1.0	0.0	-2.79504	1.15734	-1.19	1.0
		0

		全型舟-2/M22螺母-66
		M22螺母.SLDPRT
		1.0	0.0	0.0	0.0	0.0	0.0	-1.0	0.0	0.0	1.0	0.0	0.0	-2.79504	1.18074	-1.19	1.0
		0

		全型舟-2/M22x55-83
		M22x55.SLDPRT
		0.0	1.0	0.0	0.0	0.837169	0.0	0.546944	0.0	0.546944	0.0	-0.837169	0.0	-2.54004	1.11705	-1.29	1.0
		0

		全型舟-2/M22螺母-67
		M22螺母.SLDPRT
		1.0	0.0	0.0	0.0	0.0	0.0	-1.0	0.0	0.0	1.0	0.0	0.0	-2.54004	1.18074	-1.29	1.0
		0

		全型舟-2/M22x55-80
		M22x55.SLDPRT
		0.0	1.0	0.0	0.0	0.837169	0.0	0.546944	0.0	0.546944	0.0	-0.837169	0.0	-2.54004	1.11705	-1.18	1.0
		0

		全型舟-2/垫圈M22-71
		垫圈M22.SLDPRT
		0.0	-1.0	0.0	0.0	1.0	0.0	0.0	0.0	0.0	0.0	1.0	0.0	-2.54004	1.15734	-1.29	1.0
		0

		全型舟-2/M22螺母-68
		M22螺母.SLDPRT
		1.0	0.0	0.0	0.0	0.0	0.0	-1.0	0.0	0.0	1.0	0.0	0.0	-2.54004	1.18074	-1.18	1.0
		0

		全型舟-2/垫圈M22-72
		垫圈M22.SLDPRT
		0.0	-1.0	0.0	0.0	1.0	0.0	0.0	0.0	0.0	0.0	1.0	0.0	-2.54004	1.15734	-1.18	1.0
		0

		全型舟-2/M22x55-64
		M22x55.SLDPRT
		0.0	1.0	0.0	0.0	-0.788007	0.0	0.615666	0.0	0.615666	0.0	0.788007	0.0	-2.26504	1.11705	-1.29	1.0
		0

		全型舟-2/M22螺母-69
		M22螺母.SLDPRT
		1.0	0.0	0.0	0.0	0.0	0.0	-1.0	0.0	0.0	1.0	0.0	0.0	-2.26504	1.18074	-1.29	1.0
		0

		全型舟-2/垫圈M22-73
		垫圈M22.SLDPRT
		0.0	-1.0	0.0	0.0	1.0	0.0	0.0	0.0	0.0	0.0	1.0	0.0	-2.26504	1.15734	-1.29	1.0
		0

		全型舟-2/M22x55-56
		M22x55.SLDPRT
		0.0	1.0	0.0	0.0	0.837169	0.0	0.546944	0.0	0.546944	0.0	-0.837169	0.0	-2.28504	1.11705	-1.19	1.0
		0

		全型舟-2/M22螺母-70
		M22螺母.SLDPRT
		1.0	0.0	0.0	0.0	0.0	0.0	-1.0	0.0	0.0	1.0	0.0	0.0	-2.28504	1.18074	-1.19	1.0
		0

		全型舟-2/垫圈M22-75
		垫圈M22.SLDPRT
		0.0	-1.0	0.0	0.0	1.0	0.0	0.0	0.0	0.0	0.0	1.0	0.0	4.46496	1.15734	-1.19	1.0
		0

		全型舟-2/垫圈M22-74
		垫圈M22.SLDPRT
		0.0	-1.0	0.0	0.0	1.0	0.0	0.0	0.0	0.0	0.0	1.0	0.0	-2.28504	1.15734	-1.19	1.0
		0

		全型舟-2/M22螺母-71
		M22螺母.SLDPRT
		1.0	0.0	0.0	0.0	0.0	0.0	-1.0	0.0	0.0	1.0	0.0	0.0	4.46496	1.18074	-1.19	1.0
		0

		全型舟-2/M22x55-57
		M22x55.SLDPRT
		0.0	1.0	0.0	0.0	0.837169	0.0	0.546944	0.0	0.546944	0.0	-0.837169	0.0	4.46496	1.11705	-1.19	1.0
		0

		全型舟-2/垫圈M22-76
		垫圈M22.SLDPRT
		0.0	-1.0	0.0	0.0	1.0	0.0	0.0	0.0	0.0	0.0	1.0	0.0	4.48496	1.15734	-1.29	1.0
		0

		全型舟-2/M22螺母-72
		M22螺母.SLDPRT
		1.0	0.0	0.0	0.0	0.0	0.0	-1.0	0.0	0.0	1.0	0.0	0.0	4.48496	1.18074	-1.29	1.0
		0

		全型舟-2/M22x55-65
		M22x55.SLDPRT
		0.0	1.0	0.0	0.0	-0.788007	0.0	0.615666	0.0	0.615666	0.0	0.788007	0.0	4.48496	1.11705	-1.29	1.0
		0

		全型舟-2/M22螺母-73
		M22螺母.SLDPRT
		1.0	0.0	0.0	0.0	0.0	0.0	-1.0	0.0	0.0	1.0	0.0	0.0	4.20996	1.18074	-1.18	1.0
		0

		全型舟-2/垫圈M22-77
		垫圈M22.SLDPRT
		0.0	-1.0	0.0	0.0	1.0	0.0	0.0	0.0	0.0	0.0	1.0	0.0	4.20996	1.15734	-1.18	1.0
		0

		全型舟-2/M22x55-81
		M22x55.SLDPRT
		0.0	1.0	0.0	0.0	0.837169	0.0	0.546944	0.0	0.546944	0.0	-0.837169	0.0	4.20996	1.11705	-1.18	1.0
		0

		全型舟-2/垫圈M22-78
		垫圈M22.SLDPRT
		0.0	-1.0	0.0	0.0	1.0	0.0	0.0	0.0	0.0	0.0	1.0	0.0	4.20996	1.15734	-1.29	1.0
		0

		全型舟-2/M22螺母-74
		M22螺母.SLDPRT
		1.0	0.0	0.0	0.0	0.0	0.0	-1.0	0.0	0.0	1.0	0.0	0.0	4.20996	1.18074	-1.29	1.0
		0

		全型舟-2/M22x55-84
		M22x55.SLDPRT
		0.0	1.0	0.0	0.0	0.837169	0.0	0.546944	0.0	0.546944	0.0	-0.837169	0.0	4.20996	1.11705	-1.29	1.0
		0

		全型舟-2/垫圈M22-79
		垫圈M22.SLDPRT
		0.0	-1.0	0.0	0.0	1.0	0.0	0.0	0.0	0.0	0.0	1.0	0.0	3.95496	1.15734	-1.19	1.0
		0

		全型舟-2/M22螺母-75
		M22螺母.SLDPRT
		1.0	0.0	0.0	0.0	0.0	0.0	-1.0	0.0	0.0	1.0	0.0	0.0	3.95496	1.18074	-1.19	1.0
		0

		全型舟-2/M22x55-60
		M22x55.SLDPRT
		0.0	1.0	0.0	0.0	0.837169	0.0	0.546944	0.0	0.546944	0.0	-0.837169	0.0	3.95496	1.11705	-1.19	1.0
		0

		全型舟-2/垫圈M22-80
		垫圈M22.SLDPRT
		0.0	-1.0	0.0	0.0	1.0	0.0	0.0	0.0	0.0	0.0	1.0	0.0	3.93496	1.15734	-1.29	1.0
		0

		全型舟-2/M22螺母-76
		M22螺母.SLDPRT
		1.0	0.0	0.0	0.0	0.0	0.0	-1.0	0.0	0.0	1.0	0.0	0.0	3.93496	1.18074	-1.29	1.0
		0

		全型舟-2/M22x55-68
		M22x55.SLDPRT
		0.0	1.0	0.0	0.0	-0.788007	0.0	0.615666	0.0	0.615666	0.0	0.788007	0.0	3.93496	1.11705	-1.29	1.0
		0

		全型舟-2/垫圈M22-81
		垫圈M22.SLDPRT
		-3.69779E-32	-1.0	-6.10623E-16	0.0	1.0	3.35882E-31	-6.10623E-16	0.0	6.10623E-16	-6.10623E-16	1.0	0.0	4.20996	1.15734	1.18	1.0
		0

		全型舟-2/M22螺母-77
		M22螺母.SLDPRT
		1.0	-3.69779E-32	-3.69779E-32	0.0	-3.69779E-32	6.10623E-16	-1.0	0.0	3.69779E-32	1.0	6.10623E-16	0.0	4.20996	1.18074	1.18	1.0
		0

		全型舟-2/M22x55-89
		M22x55.SLDPRT
		1.16955E-31	1.0	6.10623E-16	0.0	0.837169	-3.33976E-16	0.546944	0.0	0.546944	5.11194E-16	-0.837169	0.0	4.20996	1.11705	1.18	1.0
		0

		全型舟-2/垫圈M22-82
		垫圈M22.SLDPRT
		-3.69779E-32	-1.0	-6.10623E-16	0.0	1.0	3.35882E-31	-6.10623E-16	0.0	6.10623E-16	-6.10623E-16	1.0	0.0	4.46535	1.15734	1.18998	1.0
		0

		全型舟-2/M22螺母-78
		M22螺母.SLDPRT
		1.0	-3.69779E-32	-3.69779E-32	0.0	-3.69779E-32	6.10623E-16	-1.0	0.0	3.69779E-32	1.0	6.10623E-16	0.0	4.46535	1.18074	1.18998	1.0
		0

		全型舟-2/M22x55-97
		M22x55.SLDPRT
		1.16955E-31	1.0	6.10623E-16	0.0	0.837169	-3.33976E-16	0.546944	0.0	0.546944	5.11194E-16	-0.837169	0.0	4.46535	1.11705	1.18998	1.0
		0

		全型舟-2/M22螺母-79
		M22螺母.SLDPRT
		1.0	-3.69779E-32	-3.69779E-32	0.0	-3.69779E-32	6.10623E-16	-1.0	0.0	3.69779E-32	1.0	6.10623E-16	0.0	4.48496	1.18074	1.29	1.0
		0

		全型舟-2/垫圈M22-83
		垫圈M22.SLDPRT
		-3.69779E-32	-1.0	-6.10623E-16	0.0	1.0	3.35882E-31	-6.10623E-16	0.0	6.10623E-16	-6.10623E-16	1.0	0.0	4.48496	1.15734	1.29	1.0
		0

		全型舟-2/M22x55-73
		M22x55.SLDPRT
		-1.99404E-17	1.0	6.69791E-17	0.0	-0.837169	1.99404E-17	-0.546944	0.0	-0.546944	-6.69791E-17	0.837169	0.0	4.48496	1.11705	1.29	1.0
		0

		全型舟-2/垫圈M22-84
		垫圈M22.SLDPRT
		-3.69779E-32	-1.0	-6.10623E-16	0.0	1.0	3.35882E-31	-6.10623E-16	0.0	6.10623E-16	-6.10623E-16	1.0	0.0	4.20996	1.15734	1.29	1.0
		0

		全型舟-2/M22螺母-80
		M22螺母.SLDPRT
