/*	1:name	*/	4_6
/*	1:type	*/	4_6\4_6.SLDASM
/*	1:location	*/	1.0	0.0	0.0	0.0	0.0	1.0	0.0	0.0	0.0	0.0	1.0	0.0	0.0	0.0	0.0	1.0
/*	1:child_number	*/	2
	/*	2:name	*/	4_6下垫梁-1
	/*	2:type	*/	4_6\4_6下垫梁.SLDASM
	/*	2:location	*/	-2.22045E-16	-6.87832E-33	-1.0	0.0	1.58839E-49	-1.0	6.87832E-33	0.0	-1.0	1.20962E-48	2.22045E-16	0.0	9.625	0.86843	0.122614	1.0
	/*	2:child_number	*/	128
		/*	3:name	*/	4_6下垫梁-1/4_4没有螺栓的两个1号-16
		/*	3:type	*/	4_4\4_4上下垫梁\4_4没有螺栓的两个1号.SLDASM
		/*	3:location	*/	1.0	-1.5903E-49	0.0	0.0	1.5903E-49	1.0	2.33383E-64	0.0	0.0	0.0	1.0	0.0	-2.42783	0.463479	8.75	1.0
		/*	3:child_number	*/	2
			/*	4:name	*/	4_6下垫梁-1/4_4没有螺栓的两个1号-16/1：基本杆件-1
			/*	4:type	*/	基本杆件\1：基本杆件.SLDPRT
			/*	4:location	*/	1.0	-1.5903E-49	0.0	0.0	1.5903E-49	1.0	2.33383E-64	0.0	0.0	0.0	1.0	0.0	-0.799559	-0.119049	-0.1	1.0
			/*	4:child_number	*/	0
			/*	4:name	*/	4_6下垫梁-1/4_4没有螺栓的两个1号-16/一个1号及四个65螺栓-1
			/*	4:type	*/	基本组合\一个1号及四个65螺栓.SLDASM
			/*	4:location	*/	1.0	-1.5903E-49	0.0	0.0	1.5903E-49	1.0	2.33383E-64	0.0	0.0	0.0	1.0	0.0	-2.44897	0.228605	0.0	1.0
			/*	4:child_number	*/	2
				/*	5:name	*/	4_6下垫梁-1/4_4没有螺栓的两个1号-16/一个1号及四个65螺栓-1/1：基本杆件-1
				/*	5:type	*/	基本杆件\1：基本杆件.SLDPRT
				/*	5:location	*/	1.0	-1.5903E-49	0.0	0.0	1.5903E-49	1.0	2.33383E-64	0.0	0.0	0.0	1.0	0.0	-1.85059	-0.347655	-0.1	1.0
				/*	5:child_number	*/	0
				/*	5:name	*/	4_6下垫梁-1/4_4没有螺栓的两个1号-16/一个1号及四个65螺栓-1/4个M65-1
				/*	5:type	*/	基本组合\4个M65.SLDASM
				/*	5:location	*/	9.87039E-34	-0.999098	-0.0424734	0.0	4.81482E-35	0.0424734	-0.999098	0.0	1.0	-1.5903E-49	0.0	0.0	1.66241	-0.280263	0.0606029	1.0
				/*	5:child_number	*/	4
					/*	6:name	*/	4_6下垫梁-1/4_4没有螺栓的两个1号-16/一个1号及四个65螺栓-1/4个M65-1/10：M65螺栓-3
					/*	6:type	*/	基本杆件\10：M65螺栓.SLDPRT
					/*	6:location	*/	0.5	-0.866025	1.69602E-32	0.0	0.866025	0.5	-1.79352E-33	0.0	1.54074E-33	2.46519E-32	1.0	0.0	-0.126075	0.00346083	-0.04	1.0
					/*	6:child_number	*/	0
					/*	6:name	*/	4_6下垫梁-1/4_4没有螺栓的两个1号-16/一个1号及四个65螺栓-1/4个M65-1/10：M65螺栓-2
					/*	6:type	*/	基本杆件\10：M65螺栓.SLDPRT
					/*	6:location	*/	1.0	2.97478E-18	9.87039E-34	0.0	-3.95734E-18	1.0	4.81482E-35	0.0	5.53705E-34	-4.81482E-35	1.0	0.0	0.00412095	0.123039	-0.04	1.0
					/*	6:child_number	*/	0
					/*	6:name	*/	4_6下垫梁-1/4_4没有螺栓的两个1号-16/一个1号及四个65螺栓-1/4个M65-1/10：M65螺栓-1
					/*	6:type	*/	基本杆件\10：M65螺栓.SLDPRT
					/*	6:location	*/	1.0	2.97478E-18	9.87039E-34	0.0	-3.95734E-18	1.0	4.81482E-35	0.0	5.53705E-34	-4.81482E-35	1.0	0.0	-0.00118822	-0.00184834	-0.04	1.0
					/*	6:child_number	*/	0
					/*	6:name	*/	4_6下垫梁-1/4_4没有螺栓的两个1号-16/一个1号及四个65螺栓-1/4个M65-1/10：M65螺栓-4
					/*	6:type	*/	基本杆件\10：M65螺栓.SLDPRT
					/*	6:location	*/	1.0	2.97478E-18	9.87039E-34	0.0	-3.95734E-18	1.0	4.81482E-35	0.0	5.53705E-34	-4.81482E-35	1.0	0.0	-0.120766	0.128348	-0.04	1.0
					/*	6:child_number	*/	0
		/*	3:name	*/	4_6下垫梁-1/4_4没有螺栓的两个1号-15
		/*	3:type	*/	4_4\4_4上下垫梁\4_4没有螺栓的两个1号.SLDASM
		/*	3:location	*/	1.0	-1.5903E-49	0.0	0.0	1.5903E-49	1.0	2.33383E-64	0.0	0.0	0.0	1.0	0.0	-2.42783	0.463479	7.0	1.0
		/*	3:child_number	*/	2
			/*	4:name	*/	4_6下垫梁-1/4_4没有螺栓的两个1号-15/1：基本杆件-1
			/*	4:type	*/	基本杆件\1：基本杆件.SLDPRT
			/*	4:location	*/	1.0	-1.5903E-49	0.0	0.0	1.5903E-49	1.0	2.33383E-64	0.0	0.0	0.0	1.0	0.0	-0.799559	-0.119049	-0.1	1.0
			/*	4:child_number	*/	0
			/*	4:name	*/	4_6下垫梁-1/4_4没有螺栓的两个1号-15/一个1号及四个65螺栓-1
			/*	4:type	*/	基本组合\一个1号及四个65螺栓.SLDASM
			/*	4:location	*/	1.0	-1.5903E-49	0.0	0.0	1.5903E-49	1.0	2.33383E-64	0.0	0.0	0.0	1.0	0.0	-2.44897	0.228605	0.0	1.0
			/*	4:child_number	*/	2
				/*	5:name	*/	4_6下垫梁-1/4_4没有螺栓的两个1号-15/一个1号及四个65螺栓-1/1：基本杆件-1
				/*	5:type	*/	基本杆件\1：基本杆件.SLDPRT
				/*	5:location	*/	1.0	-1.5903E-49	0.0	0.0	1.5903E-49	1.0	2.33383E-64	0.0	0.0	0.0	1.0	0.0	-1.85059	-0.347655	-0.1	1.0
				/*	5:child_number	*/	0
				/*	5:name	*/	4_6下垫梁-1/4_4没有螺栓的两个1号-15/一个1号及四个65螺栓-1/4个M65-1
				/*	5:type	*/	基本组合\4个M65.SLDASM
				/*	5:location	*/	9.87039E-34	-0.999098	-0.0424734	0.0	4.81482E-35	0.0424734	-0.999098	0.0	1.0	-1.5903E-49	0.0	0.0	1.66241	-0.280263	0.0606029	1.0
				/*	5:child_number	*/	4
					/*	6:name	*/	4_6下垫梁-1/4_4没有螺栓的两个1号-15/一个1号及四个65螺栓-1/4个M65-1/10：M65螺栓-3
					/*	6:type	*/	基本杆件\10：M65螺栓.SLDPRT
					/*	6:location	*/	0.5	-0.866025	1.69602E-32	0.0	0.866025	0.5	-1.79352E-33	0.0	1.54074E-33	2.46519E-32	1.0	0.0	-0.126075	0.00346083	-0.04	1.0
					/*	6:child_number	*/	0
					/*	6:name	*/	4_6下垫梁-1/4_4没有螺栓的两个1号-15/一个1号及四个65螺栓-1/4个M65-1/10：M65螺栓-2
					/*	6:type	*/	基本杆件\10：M65螺栓.SLDPRT
					/*	6:location	*/	1.0	2.97478E-18	9.87039E-34	0.0	-3.95734E-18	1.0	4.81482E-35	0.0	5.53705E-34	-4.81482E-35	1.0	0.0	0.00412095	0.123039	-0.04	1.0
					/*	6:child_number	*/	0
					/*	6:name	*/	4_6下垫梁-1/4_4没有螺栓的两个1号-15/一个1号及四个65螺栓-1/4个M65-1/10：M65螺栓-1
					/*	6:type	*/	基本杆件\10：M65螺栓.SLDPRT
					/*	6:location	*/	1.0	2.97478E-18	9.87039E-34	0.0	-3.95734E-18	1.0	4.81482E-35	0.0	5.53705E-34	-4.81482E-35	1.0	0.0	-0.00118822	-0.00184834	-0.04	1.0
					/*	6:child_number	*/	0
					/*	6:name	*/	4_6下垫梁-1/4_4没有螺栓的两个1号-15/一个1号及四个65螺栓-1/4个M65-1/10：M65螺栓-4
					/*	6:type	*/	基本杆件\10：M65螺栓.SLDPRT
					/*	6:location	*/	1.0	2.97478E-18	9.87039E-34	0.0	-3.95734E-18	1.0	4.81482E-35	0.0	5.53705E-34	-4.81482E-35	1.0	0.0	-0.120766	0.128348	-0.04	1.0
					/*	6:child_number	*/	0
		/*	3:name	*/	4_6下垫梁-1/4_4没有螺栓的两个1号-14
		/*	3:type	*/	4_4\4_4上下垫梁\4_4没有螺栓的两个1号.SLDASM
		/*	3:location	*/	1.0	-1.5903E-49	0.0	0.0	1.5903E-49	1.0	2.33383E-64	0.0	0.0	0.0	1.0	0.0	-2.42783	0.463479	5.25	1.0
		/*	3:child_number	*/	2
			/*	4:name	*/	4_6下垫梁-1/4_4没有螺栓的两个1号-14/1：基本杆件-1
			/*	4:type	*/	基本杆件\1：基本杆件.SLDPRT
			/*	4:location	*/	1.0	-1.5903E-49	0.0	0.0	1.5903E-49	1.0	2.33383E-64	0.0	0.0	0.0	1.0	0.0	-0.799559	-0.119049	-0.1	1.0
			/*	4:child_number	*/	0
			/*	4:name	*/	4_6下垫梁-1/4_4没有螺栓的两个1号-14/一个1号及四个65螺栓-1
			/*	4:type	*/	基本组合\一个1号及四个65螺栓.SLDASM
			/*	4:location	*/	1.0	-1.5903E-49	0.0	0.0	1.5903E-49	1.0	2.33383E-64	0.0	0.0	0.0	1.0	0.0	-2.44897	0.228605	-8.88178E-16	1.0
			/*	4:child_number	*/	2
				/*	5:name	*/	4_6下垫梁-1/4_4没有螺栓的两个1号-14/一个1号及四个65螺栓-1/1：基本杆件-1
				/*	5:type	*/	基本杆件\1：基本杆件.SLDPRT
				/*	5:location	*/	1.0	-1.5903E-49	0.0	0.0	1.5903E-49	1.0	2.33383E-64	0.0	0.0	0.0	1.0	0.0	-1.85059	-0.347655	-0.1	1.0
				/*	5:child_number	*/	0
				/*	5:name	*/	4_6下垫梁-1/4_4没有螺栓的两个1号-14/一个1号及四个65螺栓-1/4个M65-1
				/*	5:type	*/	基本组合\4个M65.SLDASM
				/*	5:location	*/	9.87039E-34	-0.999098	-0.0424734	0.0	4.81482E-35	0.0424734	-0.999098	0.0	1.0	-1.5903E-49	0.0	0.0	1.66241	-0.280263	0.0606029	1.0
				/*	5:child_number	*/	4
					/*	6:name	*/	4_6下垫梁-1/4_4没有螺栓的两个1号-14/一个1号及四个65螺栓-1/4个M65-1/10：M65螺栓-3
					/*	6:type	*/	基本杆件\10：M65螺栓.SLDPRT
					/*	6:location	*/	0.5	-0.866025	1.69602E-32	0.0	0.866025	0.5	-1.79352E-33	0.0	1.54074E-33	2.46519E-32	1.0	0.0	-0.126075	0.00346083	-0.04	1.0
					/*	6:child_number	*/	0
					/*	6:name	*/	4_6下垫梁-1/4_4没有螺栓的两个1号-14/一个1号及四个65螺栓-1/4个M65-1/10：M65螺栓-2
					/*	6:type	*/	基本杆件\10：M65螺栓.SLDPRT
					/*	6:location	*/	1.0	2.97478E-18	9.87039E-34	0.0	-3.95734E-18	1.0	4.81482E-35	0.0	5.53705E-34	-4.81482E-35	1.0	0.0	0.00412095	0.123039	-0.04	1.0
					/*	6:child_number	*/	0
					/*	6:name	*/	4_6下垫梁-1/4_4没有螺栓的两个1号-14/一个1号及四个65螺栓-1/4个M65-1/10：M65螺栓-1
					/*	6:type	*/	基本杆件\10：M65螺栓.SLDPRT
					/*	6:location	*/	1.0	2.97478E-18	9.87039E-34	0.0	-3.95734E-18	1.0	4.81482E-35	0.0	5.53705E-34	-4.81482E-35	1.0	0.0	-0.00118822	-0.00184834	-0.04	1.0
					/*	6:child_number	*/	0
					/*	6:name	*/	4_6下垫梁-1/4_4没有螺栓的两个1号-14/一个1号及四个65螺栓-1/4个M65-1/10：M65螺栓-4
					/*	6:type	*/	基本杆件\10：M65螺栓.SLDPRT
					/*	6:location	*/	1.0	2.97478E-18	9.87039E-34	0.0	-3.95734E-18	1.0	4.81482E-35	0.0	5.53705E-34	-4.81482E-35	1.0	0.0	-0.120766	0.128348	-0.04	1.0
					/*	6:child_number	*/	0
		/*	3:name	*/	4_6下垫梁-1/三个相连的1号-7
		/*	3:type	*/	基本组合\三个相连的1号.SLDASM
		/*	3:location	*/	0.0	0.0	-1.0	0.0	1.5903E-49	1.0	2.33383E-64	0.0	1.0	-1.5903E-49	0.0	0.0	-5.10239	0.856074	0.279199	1.0
		/*	3:child_number	*/	3
			/*	4:name	*/	4_6下垫梁-1/三个相连的1号-7/一个1号及四个65螺栓-2
			/*	4:type	*/	基本组合\一个1号及四个65螺栓.SLDASM
			/*	4:location	*/	1.0	0.0	0.0	0.0	-2.33383E-64	1.0	1.5903E-49	0.0	0.0	-1.5903E-49	1.0	0.0	-7.49521	0.0980105	0.0	1.0
			/*	4:child_number	*/	2
				/*	5:name	*/	4_6下垫梁-1/三个相连的1号-7/一个1号及四个65螺栓-2/1：基本杆件-1
				/*	5:type	*/	基本杆件\1：基本杆件.SLDPRT
				/*	5:location	*/	1.0	0.0	0.0	0.0	-2.33383E-64	1.0	1.5903E-49	0.0	0.0	-1.5903E-49	1.0	0.0	-1.85059	-0.347655	-0.1	1.0
				/*	5:child_number	*/	0
				/*	5:name	*/	4_6下垫梁-1/三个相连的1号-7/一个1号及四个65螺栓-2/4个M65-1
				/*	5:type	*/	基本组合\4个M65.SLDASM
				/*	5:location	*/	1.10666E-33	-0.999098	-0.0424734	0.0	-8.42594E-35	0.0424734	-0.999098	0.0	1.0	0.0	0.0	0.0	1.66241	-0.280263	0.0606029	1.0
				/*	5:child_number	*/	4
					/*	6:name	*/	4_6下垫梁-1/三个相连的1号-7/一个1号及四个65螺栓-2/4个M65-1/10：M65螺栓-3
					/*	6:type	*/	基本杆件\10：M65螺栓.SLDPRT
					/*	6:location	*/	0.5	-0.866025	1.53834E-32	0.0	0.866025	0.5	3.58704E-33	0.0	-4.5628E-33	2.45797E-32	1.0	0.0	-0.126075	0.00346083	-0.04	1.0
					/*	6:child_number	*/	0
					/*	6:name	*/	4_6下垫梁-1/三个相连的1号-7/一个1号及四个65螺栓-2/4个M65-1/10：M65螺栓-2
					/*	6:type	*/	基本杆件\10：M65螺栓.SLDPRT
					/*	6:location	*/	1.0	1.46028E-18	1.10666E-33	0.0	-7.41662E-18	1.0	-8.42594E-35	0.0	0.0	0.0	1.0	0.0	0.00412095	0.123039	-0.04	1.0
					/*	6:child_number	*/	0
					/*	6:name	*/	4_6下垫梁-1/三个相连的1号-7/一个1号及四个65螺栓-2/4个M65-1/10：M65螺栓-1
					/*	6:type	*/	基本杆件\10：M65螺栓.SLDPRT
					/*	6:location	*/	1.0	1.46028E-18	1.10666E-33	0.0	-7.41662E-18	1.0	-8.42594E-35	0.0	0.0	0.0	1.0	0.0	-0.00118822	-0.00184834	-0.04	1.0
					/*	6:child_number	*/	0
					/*	6:name	*/	4_6下垫梁-1/三个相连的1号-7/一个1号及四个65螺栓-2/4个M65-1/10：M65螺栓-4
					/*	6:type	*/	基本杆件\10：M65螺栓.SLDPRT
					/*	6:location	*/	1.0	1.46028E-18	1.10666E-33	0.0	-7.41662E-18	1.0	-8.42594E-35	0.0	0.0	0.0	1.0	0.0	-0.120766	0.128348	-0.04	1.0
					/*	6:child_number	*/	0
			/*	4:name	*/	4_6下垫梁-1/三个相连的1号-7/一个1号及四个65螺栓-1
			/*	4:type	*/	基本组合\一个1号及四个65螺栓.SLDASM
			/*	4:location	*/	1.0	0.0	0.0	0.0	-2.33383E-64	1.0	1.5903E-49	0.0	0.0	-1.5903E-49	1.0	0.0	-3.99521	0.0980105	0.0	1.0
			/*	4:child_number	*/	2
				/*	5:name	*/	4_6下垫梁-1/三个相连的1号-7/一个1号及四个65螺栓-1/1：基本杆件-1
				/*	5:type	*/	基本杆件\1：基本杆件.SLDPRT
				/*	5:location	*/	1.0	0.0	0.0	0.0	-2.33383E-64	1.0	1.5903E-49	0.0	0.0	-1.5903E-49	1.0	0.0	-1.85059	-0.347655	-0.1	1.0
				/*	5:child_number	*/	0
				/*	5:name	*/	4_6下垫梁-1/三个相连的1号-7/一个1号及四个65螺栓-1/4个M65-1
				/*	5:type	*/	基本组合\4个M65.SLDASM
				/*	5:location	*/	1.10666E-33	-0.999098	-0.0424734	0.0	-8.42594E-35	0.0424734	-0.999098	0.0	1.0	0.0	0.0	0.0	1.66241	-0.280263	0.0606029	1.0
				/*	5:child_number	*/	4
					/*	6:name	*/	4_6下垫梁-1/三个相连的1号-7/一个1号及四个65螺栓-1/4个M65-1/10：M65螺栓-3
					/*	6:type	*/	基本杆件\10：M65螺栓.SLDPRT
					/*	6:location	*/	0.5	-0.866025	1.53834E-32	0.0	0.866025	0.5	3.58704E-33	0.0	-4.5628E-33	2.45797E-32	1.0	0.0	-0.126075	0.00346083	-0.04	1.0
					/*	6:child_number	*/	0
					/*	6:name	*/	4_6下垫梁-1/三个相连的1号-7/一个1号及四个65螺栓-1/4个M65-1/10：M65螺栓-2
					/*	6:type	*/	基本杆件\10：M65螺栓.SLDPRT
					/*	6:location	*/	1.0	1.46028E-18	1.10666E-33	0.0	-7.41662E-18	1.0	-8.42594E-35	0.0	0.0	0.0	1.0	0.0	0.00412095	0.123039	-0.04	1.0
					/*	6:child_number	*/	0
					/*	6:name	*/	4_6下垫梁-1/三个相连的1号-7/一个1号及四个65螺栓-1/4个M65-1/10：M65螺栓-1
					/*	6:type	*/	基本杆件\10：M65螺栓.SLDPRT
					/*	6:location	*/	1.0	1.46028E-18	1.10666E-33	0.0	-7.41662E-18	1.0	-8.42594E-35	0.0	0.0	0.0	1.0	0.0	-0.00118822	-0.00184834	-0.04	1.0
					/*	6:child_number	*/	0
					/*	6:name	*/	4_6下垫梁-1/三个相连的1号-7/一个1号及四个65螺栓-1/4个M65-1/10：M65螺栓-4
					/*	6:type	*/	基本杆件\10：M65螺栓.SLDPRT
					/*	6:location	*/	1.0	1.46028E-18	1.10666E-33	0.0	-7.41662E-18	1.0	-8.42594E-35	0.0	0.0	0.0	1.0	0.0	-0.120766	0.128348	-0.04	1.0
					/*	6:child_number	*/	0
			/*	4:name	*/	4_6下垫梁-1/三个相连的1号-7/1：基本杆件-1
			/*	4:type	*/	基本杆件\1：基本杆件.SLDPRT
			/*	4:location	*/	1.0	0.0	0.0	0.0	-2.33383E-64	1.0	1.5903E-49	0.0	0.0	-1.5903E-49	1.0	0.0	-2.3458	-0.249644	-0.1	1.0
			/*	4:child_number	*/	0
		/*	3:name	*/	4_6下垫梁-1/三个相连的1号-6
		/*	3:type	*/	基本组合\三个相连的1号.SLDASM
		/*	3:location	*/	0.0	0.0	-1.0	0.0	1.5903E-49	1.0	2.33383E-64	0.0	1.0	-1.5903E-49	0.0	0.0	-4.35239	0.856074	0.279199	1.0
		/*	3:child_number	*/	3
			/*	4:name	*/	4_6下垫梁-1/三个相连的1号-6/一个1号及四个65螺栓-2
			/*	4:type	*/	基本组合\一个1号及四个65螺栓.SLDASM
			/*	4:location	*/	1.0	0.0	0.0	0.0	-2.33383E-64	1.0	1.5903E-49	0.0	0.0	-1.5903E-49	1.0	0.0	-7.49521	0.0980105	0.0	1.0
			/*	4:child_number	*/	2
				/*	5:name	*/	4_6下垫梁-1/三个相连的1号-6/一个1号及四个65螺栓-2/1：基本杆件-1
				/*	5:type	*/	基本杆件\1：基本杆件.SLDPRT
				/*	5:location	*/	1.0	0.0	0.0	0.0	-2.33383E-64	1.0	1.5903E-49	0.0	0.0	-1.5903E-49	1.0	0.0	-1.85059	-0.347655	-0.1	1.0
				/*	5:child_number	*/	0
				/*	5:name	*/	4_6下垫梁-1/三个相连的1号-6/一个1号及四个65螺栓-2/4个M65-1
				/*	5:type	*/	基本组合\4个M65.SLDASM
				/*	5:location	*/	1.10666E-33	-0.999098	-0.0424734	0.0	-8.42594E-35	0.0424734	-0.999098	0.0	1.0	0.0	0.0	0.0	1.66241	-0.280263	0.0606029	1.0
				/*	5:child_number	*/	4
					/*	6:name	*/	4_6下垫梁-1/三个相连的1号-6/一个1号及四个65螺栓-2/4个M65-1/10：M65螺栓-3
					/*	6:type	*/	基本杆件\10：M65螺栓.SLDPRT
					/*	6:location	*/	0.5	-0.866025	1.53834E-32	0.0	0.866025	0.5	3.58704E-33	0.0	-4.5628E-33	2.45797E-32	1.0	0.0	-0.126075	0.00346083	-0.04	1.0
					/*	6:child_number	*/	0
					/*	6:name	*/	4_6下垫梁-1/三个相连的1号-6/一个1号及四个65螺栓-2/4个M65-1/10：M65螺栓-2
					/*	6:type	*/	基本杆件\10：M65螺栓.SLDPRT
					/*	6:location	*/	1.0	1.46028E-18	1.10666E-33	0.0	-7.41662E-18	1.0	-8.42594E-35	0.0	0.0	0.0	1.0	0.0	0.00412095	0.123039	-0.04	1.0
					/*	6:child_number	*/	0
					/*	6:name	*/	4_6下垫梁-1/三个相连的1号-6/一个1号及四个65螺栓-2/4个M65-1/10：M65螺栓-1
					/*	6:type	*/	基本杆件\10：M65螺栓.SLDPRT
					/*	6:location	*/	1.0	1.46028E-18	1.10666E-33	0.0	-7.41662E-18	1.0	-8.42594E-35	0.0	0.0	0.0	1.0	0.0	-0.00118822	-0.00184834	-0.04	1.0
					/*	6:child_number	*/	0
					/*	6:name	*/	4_6下垫梁-1/三个相连的1号-6/一个1号及四个65螺栓-2/4个M65-1/10：M65螺栓-4
					/*	6:type	*/	基本杆件\10：M65螺栓.SLDPRT
					/*	6:location	*/	1.0	1.46028E-18	1.10666E-33	0.0	-7.41662E-18	1.0	-8.42594E-35	0.0	0.0	0.0	1.0	0.0	-0.120766	0.128348	-0.04	1.0
					/*	6:child_number	*/	0
			/*	4:name	*/	4_6下垫梁-1/三个相连的1号-6/一个1号及四个65螺栓-1
			/*	4:type	*/	基本组合\一个1号及四个65螺栓.SLDASM
			/*	4:location	*/	1.0	0.0	0.0	0.0	-2.33383E-64	1.0	1.5903E-49	0.0	0.0	-1.5903E-49	1.0	0.0	-3.99521	0.0980105	0.0	1.0
			/*	4:child_number	*/	2
				/*	5:name	*/	4_6下垫梁-1/三个相连的1号-6/一个1号及四个65螺栓-1/1：基本杆件-1
				/*	5:type	*/	基本杆件\1：基本杆件.SLDPRT
				/*	5:location	*/	1.0	0.0	0.0	0.0	-2.33383E-64	1.0	1.5903E-49	0.0	0.0	-1.5903E-49	1.0	0.0	-1.85059	-0.347655	-0.1	1.0
				/*	5:child_number	*/	0
				/*	5:name	*/	4_6下垫梁-1/三个相连的1号-6/一个1号及四个65螺栓-1/4个M65-1
				/*	5:type	*/	基本组合\4个M65.SLDASM
				/*	5:location	*/	1.10666E-33	-0.999098	-0.0424734	0.0	-8.42594E-35	0.0424734	-0.999098	0.0	1.0	0.0	0.0	0.0	1.66241	-0.280263	0.0606029	1.0
				/*	5:child_number	*/	4
					/*	6:name	*/	4_6下垫梁-1/三个相连的1号-6/一个1号及四个65螺栓-1/4个M65-1/10：M65螺栓-3
					/*	6:type	*/	基本杆件\10：M65螺栓.SLDPRT
					/*	6:location	*/	0.5	-0.866025	1.53834E-32	0.0	0.866025	0.5	3.58704E-33	0.0	-4.5628E-33	2.45797E-32	1.0	0.0	-0.126075	0.00346083	-0.04	1.0
					/*	6:child_number	*/	0
					/*	6:name	*/	4_6下垫梁-1/三个相连的1号-6/一个1号及四个65螺栓-1/4个M65-1/10：M65螺栓-2
					/*	6:type	*/	基本杆件\10：M65螺栓.SLDPRT
					/*	6:location	*/	1.0	1.46028E-18	1.10666E-33	0.0	-7.41662E-18	1.0	-8.42594E-35	0.0	0.0	0.0	1.0	0.0	0.00412095	0.123039	-0.04	1.0
					/*	6:child_number	*/	0
					/*	6:name	*/	4_6下垫梁-1/三个相连的1号-6/一个1号及四个65螺栓-1/4个M65-1/10：M65螺栓-1
					/*	6:type	*/	基本杆件\10：M65螺栓.SLDPRT
					/*	6:location	*/	1.0	1.46028E-18	1.10666E-33	0.0	-7.41662E-18	1.0	-8.42594E-35	0.0	0.0	0.0	1.0	0.0	-0.00118822	-0.00184834	-0.04	1.0
					/*	6:child_number	*/	0
					/*	6:name	*/	4_6下垫梁-1/三个相连的1号-6/一个1号及四个65螺栓-1/4个M65-1/10：M65螺栓-4
					/*	6:type	*/	基本杆件\10：M65螺栓.SLDPRT
					/*	6:location	*/	1.0	1.46028E-18	1.10666E-33	0.0	-7.41662E-18	1.0	-8.42594E-35	0.0	0.0	0.0	1.0	0.0	-0.120766	0.128348	-0.04	1.0
					/*	6:child_number	*/	0
			/*	4:name	*/	4_6下垫梁-1/三个相连的1号-6/1：基本杆件-1
			/*	4:type	*/	基本杆件\1：基本杆件.SLDPRT
			/*	4:location	*/	1.0	0.0	0.0	0.0	-2.33383E-64	1.0	1.5903E-49	0.0	0.0	-1.5903E-49	1.0	0.0	-2.3458	-0.249644	-0.1	1.0
			/*	4:child_number	*/	0
		/*	3:name	*/	4_6下垫梁-1/三个相连的1号-5
		/*	3:type	*/	基本组合\三个相连的1号.SLDASM
		/*	3:location	*/	0.0	0.0	-1.0	0.0	1.5903E-49	1.0	2.33383E-64	0.0	1.0	-1.5903E-49	0.0	0.0	-3.60239	0.856074	0.279199	1.0
		/*	3:child_number	*/	3
			/*	4:name	*/	4_6下垫梁-1/三个相连的1号-5/一个1号及四个65螺栓-2
			/*	4:type	*/	基本组合\一个1号及四个65螺栓.SLDASM
			/*	4:location	*/	1.0	0.0	0.0	0.0	-2.33383E-64	1.0	1.5903E-49	0.0	0.0	-1.5903E-49	1.0	0.0	-7.49521	0.0980105	0.0	1.0
			/*	4:child_number	*/	2
				/*	5:name	*/	4_6下垫梁-1/三个相连的1号-5/一个1号及四个65螺栓-2/1：基本杆件-1
				/*	5:type	*/	基本杆件\1：基本杆件.SLDPRT
				/*	5:location	*/	1.0	0.0	0.0	0.0	-2.33383E-64	1.0	1.5903E-49	0.0	0.0	-1.5903E-49	1.0	0.0	-1.85059	-0.347655	-0.1	1.0
				/*	5:child_number	*/	0
				/*	5:name	*/	4_6下垫梁-1/三个相连的1号-5/一个1号及四个65螺栓-2/4个M65-1
				/*	5:type	*/	基本组合\4个M65.SLDASM
				/*	5:location	*/	1.10666E-33	-0.999098	-0.0424734	0.0	-8.42594E-35	0.0424734	-0.999098	0.0	1.0	0.0	0.0	0.0	1.66241	-0.280263	0.0606029	1.0
				/*	5:child_number	*/	4
					/*	6:name	*/	4_6下垫梁-1/三个相连的1号-5/一个1号及四个65螺栓-2/4个M65-1/10：M65螺栓-3
					/*	6:type	*/	基本杆件\10：M65螺栓.SLDPRT
					/*	6:location	*/	0.5	-0.866025	1.53834E-32	0.0	0.866025	0.5	3.58704E-33	0.0	-4.5628E-33	2.45797E-32	1.0	0.0	-0.126075	0.00346083	-0.04	1.0
					/*	6:child_number	*/	0
					/*	6:name	*/	4_6下垫梁-1/三个相连的1号-5/一个1号及四个65螺栓-2/4个M65-1/10：M65螺栓-2
					/*	6:type	*/	基本杆件\10：M65螺栓.SLDPRT
					/*	6:location	*/	1.0	1.46028E-18	1.10666E-33	0.0	-7.41662E-18	1.0	-8.42594E-35	0.0	0.0	0.0	1.0	0.0	0.00412095	0.123039	-0.04	1.0
					/*	6:child_number	*/	0
					/*	6:name	*/	4_6下垫梁-1/三个相连的1号-5/一个1号及四个65螺栓-2/4个M65-1/10：M65螺栓-1
					/*	6:type	*/	基本杆件\10：M65螺栓.SLDPRT
					/*	6:location	*/	1.0	1.46028E-18	1.10666E-33	0.0	-7.41662E-18	1.0	-8.42594E-35	0.0	0.0	0.0	1.0	0.0	-0.00118822	-0.00184834	-0.04	1.0
					/*	6:child_number	*/	0
					/*	6:name	*/	4_6下垫梁-1/三个相连的1号-5/一个1号及四个65螺栓-2/4个M65-1/10：M65螺栓-4
					/*	6:type	*/	基本杆件\10：M65螺栓.SLDPRT
					/*	6:location	*/	1.0	1.46028E-18	1.10666E-33	0.0	-7.41662E-18	1.0	-8.42594E-35	0.0	0.0	0.0	1.0	0.0	-0.120766	0.128348	-0.04	1.0
					/*	6:child_number	*/	0
			/*	4:name	*/	4_6下垫梁-1/三个相连的1号-5/一个1号及四个65螺栓-1
			/*	4:type	*/	基本组合\一个1号及四个65螺栓.SLDASM
			/*	4:location	*/	1.0	0.0	0.0	0.0	-2.33383E-64	1.0	1.5903E-49	0.0	0.0	-1.5903E-49	1.0	0.0	-3.99521	0.0980105	0.0	1.0
			/*	4:child_number	*/	2
				/*	5:name	*/	4_6下垫梁-1/三个相连的1号-5/一个1号及四个65螺栓-1/1：基本杆件-1
				/*	5:type	*/	基本杆件\1：基本杆件.SLDPRT
				/*	5:location	*/	1.0	0.0	0.0	0.0	-2.33383E-64	1.0	1.5903E-49	0.0	0.0	-1.5903E-49	1.0	0.0	-1.85059	-0.347655	-0.1	1.0
				/*	5:child_number	*/	0
				/*	5:name	*/	4_6下垫梁-1/三个相连的1号-5/一个1号及四个65螺栓-1/4个M65-1
				/*	5:type	*/	基本组合\4个M65.SLDASM
				/*	5:location	*/	1.10666E-33	-0.999098	-0.0424734	0.0	-8.42594E-35	0.0424734	-0.999098	0.0	1.0	0.0	0.0	0.0	1.66241	-0.280263	0.0606029	1.0
				/*	5:child_number	*/	4
					/*	6:name	*/	4_6下垫梁-1/三个相连的1号-5/一个1号及四个65螺栓-1/4个M65-1/10：M65螺栓-3
					/*	6:type	*/	基本杆件\10：M65螺栓.SLDPRT
					/*	6:location	*/	0.5	-0.866025	1.53834E-32	0.0	0.866025	0.5	3.58704E-33	0.0	-4.5628E-33	2.45797E-32	1.0	0.0	-0.126075	0.00346083	-0.04	1.0
					/*	6:child_number	*/	0
					/*	6:name	*/	4_6下垫梁-1/三个相连的1号-5/一个1号及四个65螺栓-1/4个M65-1/10：M65螺栓-2
					/*	6:type	*/	基本杆件\10：M65螺栓.SLDPRT
					/*	6:location	*/	1.0	1.46028E-18	1.10666E-33	0.0	-7.41662E-18	1.0	-8.42594E-35	0.0	0.0	0.0	1.0	0.0	0.00412095	0.123039	-0.04	1.0
					/*	6:child_number	*/	0
					/*	6:name	*/	4_6下垫梁-1/三个相连的1号-5/一个1号及四个65螺栓-1/4个M65-1/10：M65螺栓-1
					/*	6:type	*/	基本杆件\10：M65螺栓.SLDPRT
					/*	6:location	*/	1.0	1.46028E-18	1.10666E-33	0.0	-7.41662E-18	1.0	-8.42594E-35	0.0	0.0	0.0	1.0	0.0	-0.00118822	-0.00184834	-0.04	1.0
					/*	6:child_number	*/	0
					/*	6:name	*/	4_6下垫梁-1/三个相连的1号-5/一个1号及四个65螺栓-1/4个M65-1/10：M65螺栓-4
					/*	6:type	*/	基本杆件\10：M65螺栓.SLDPRT
					/*	6:location	*/	1.0	1.46028E-18	1.10666E-33	0.0	-7.41662E-18	1.0	-8.42594E-35	0.0	0.0	0.0	1.0	0.0	-0.120766	0.128348	-0.04	1.0
					/*	6:child_number	*/	0
			/*	4:name	*/	4_6下垫梁-1/三个相连的1号-5/1：基本杆件-1
			/*	4:type	*/	基本杆件\1：基本杆件.SLDPRT
			/*	4:location	*/	1.0	0.0	0.0	0.0	-2.33383E-64	1.0	1.5903E-49	0.0	0.0	-1.5903E-49	1.0	0.0	-2.3458	-0.249644	-0.1	1.0
			/*	4:child_number	*/	0
		/*	3:name	*/	4_6下垫梁-1/拼接板及螺栓-60
		/*	3:type	*/	基本组合\拼接板及螺栓.SLDASM
		/*	3:location	*/	2.22045E-16	-3.79823E-65	1.0	0.0	1.0	0.0	-2.22045E-16	0.0	1.5903E-49	1.0	-1.58839E-49	0.0	-0.592248	0.87443	6.14565	1.0
		/*	3:child_number	*/	2
			/*	4:name	*/	4_6下垫梁-1/拼接板及螺栓-60/9：拼接板-1
			/*	4:type	*/	基本杆件\9：拼接板.SLDPRT
			/*	4:location	*/	1.0	1.81278E-97	0.0	0.0	1.81278E-97	1.0	0.0	0.0	-1.28808E-128	0.0	1.0	0.0	-0.248151	-0.110138	-0.006	1.0
			/*	4:child_number	*/	0
			/*	4:name	*/	4_6下垫梁-1/拼接板及螺栓-60/拼接板上的8个螺栓-1
			/*	4:type	*/	基本组合\拼接板上的8个螺栓.SLDASM
			/*	4:location	*/	0.886481	0.462766	3.68173E-49	0.0	0.462766	-0.886481	1.35643E-49	0.0	1.28808E-128	0.0	-1.0	0.0	-0.208151	-0.0726379	0.021	1.0
			/*	4:child_number	*/	8
				/*	5:name	*/	4_6下垫梁-1/拼接板及螺栓-60/拼接板上的8个螺栓-1/11：M50螺栓-6
				/*	5:type	*/	基本杆件\11：M50螺栓.SLDPRT
				/*	5:location	*/	1.0	7.64363E-18	-3.68173E-49	0.0	6.72747E-17	1.0	-1.35643E-49	0.0	-3.68173E-49	-5.64622E-50	1.0	0.0	0.279466	0.00488138	0.0	1.0
				/*	5:child_number	*/	0
				/*	5:name	*/	4_6下垫梁-1/拼接板及螺栓-60/拼接板上的8个螺栓-1/11：M50螺栓-2
				/*	5:type	*/	基本杆件\11：M50螺栓.SLDPRT
				/*	5:location	*/	1.0	7.64363E-18	-3.68173E-49	0.0	6.72747E-17	1.0	-1.35643E-49	0.0	-3.68173E-49	-5.64622E-50	1.0	0.0	0.0578457	-0.11081	0.0	1.0
				/*	5:child_number	*/	0
				/*	5:name	*/	4_6下垫梁-1/拼接板及螺栓-60/拼接板上的8个螺栓-1/11：M50螺栓-8
				/*	5:type	*/	基本杆件\11：M50螺栓.SLDPRT
				/*	5:location	*/	1.0	7.64363E-18	-3.68173E-49	0.0	6.72747E-17	1.0	-1.35643E-49	0.0	-3.68173E-49	-5.64622E-50	1.0	0.0	0.390276	0.0627271	0.0	1.0
				/*	5:child_number	*/	0
				/*	5:name	*/	4_6下垫梁-1/拼接板及螺栓-60/拼接板上的8个螺栓-1/11：M50螺栓-3
				/*	5:type	*/	基本杆件\11：M50螺栓.SLDPRT
				/*	5:location	*/	1.0	7.64363E-18	-3.68173E-49	0.0	6.72747E-17	1.0	-1.35643E-49	0.0	-3.68173E-49	-5.64622E-50	1.0	0.0	0.11081	0.0578457	0.0	1.0
				/*	5:child_number	*/	0
				/*	5:name	*/	4_6下垫梁-1/拼接板及螺栓-60/拼接板上的8个螺栓-1/11：M50螺栓-5
				/*	5:type	*/	基本杆件\11：M50螺栓.SLDPRT
				/*	5:location	*/	1.0	7.64363E-18	-3.68173E-49	0.0	6.72747E-17	1.0	-1.35643E-49	0.0	-3.68173E-49	-5.64622E-50	1.0	0.0	0.22162	0.115691	0.0	1.0
				/*	5:child_number	*/	0
				/*	5:name	*/	4_6下垫梁-1/拼接板及螺栓-60/拼接板上的8个螺栓-1/11：M50螺栓-7
				/*	5:type	*/	基本杆件\11：M50螺栓.SLDPRT
				/*	5:location	*/	1.0	7.64363E-18	-3.68173E-49	0.0	6.72747E-17	1.0	-1.35643E-49	0.0	-3.68173E-49	-5.64622E-50	1.0	0.0	0.33243	0.173537	0.0	1.0
				/*	5:child_number	*/	0
				/*	5:name	*/	4_6下垫梁-1/拼接板及螺栓-60/拼接板上的8个螺栓-1/11：M50螺栓-4
				/*	5:type	*/	基本杆件\11：M50螺栓.SLDPRT
				/*	5:location	*/	1.0	7.64363E-18	-3.68173E-49	0.0	6.72747E-17	1.0	-1.35643E-49	0.0	-3.68173E-49	-5.64622E-50	1.0	0.0	0.168656	-0.0529643	0.0	1.0
				/*	5:child_number	*/	0
				/*	5:name	*/	4_6下垫梁-1/拼接板及螺栓-60/拼接板上的8个螺栓-1/11：M50螺栓-1
				/*	5:type	*/	基本杆件\11：M50螺栓.SLDPRT
				/*	5:location	*/	1.0	7.64363E-18	-3.68173E-49	0.0	6.72747E-17	1.0	-1.35643E-49	0.0	-3.68173E-49	-5.64622E-50	1.0	0.0	0.0	0.0	0.0	1.0
				/*	5:child_number	*/	0
		/*	3:name	*/	4_6下垫梁-1/拼接板及螺栓-59
		/*	3:type	*/	基本组合\拼接板及螺栓.SLDASM
		/*	3:location	*/	2.22045E-16	-3.52693E-65	1.0	0.0	-1.0	0.0	2.22045E-16	0.0	-1.5903E-49	-1.0	1.58839E-49	0.0	-0.612524	0.60043	6.14565	1.0
		/*	3:child_number	*/	2
			/*	4:name	*/	4_6下垫梁-1/拼接板及螺栓-59/9：拼接板-1
			/*	4:type	*/	基本杆件\9：拼接板.SLDPRT
			/*	4:location	*/	1.0	0.0	-2.71302E-66	0.0	0.0	1.0	0.0	0.0	-2.71302E-66	0.0	1.0	0.0	-0.248151	-0.110138	-0.006	1.0
			/*	4:child_number	*/	0
			/*	4:name	*/	4_6下垫梁-1/拼接板及螺栓-59/拼接板上的8个螺栓-1
			/*	4:type	*/	基本组合\拼接板上的8个螺栓.SLDASM
			/*	4:location	*/	0.886481	0.462766	-3.16054E-49	0.0	0.462766	-0.886481	1.35643E-49	0.0	2.71302E-66	0.0	-1.0	0.0	-0.208151	-0.0726379	0.021	1.0
			/*	4:child_number	*/	8
				/*	5:name	*/	4_6下垫梁-1/拼接板及螺栓-59/拼接板上的8个螺栓-1/11：M50螺栓-6
				/*	5:type	*/	基本杆件\11：M50螺栓.SLDPRT
				/*	5:location	*/	1.0	7.64363E-18	-3.68173E-49	0.0	6.72747E-17	1.0	-1.35643E-49	0.0	3.16054E-49	-5.64622E-50	1.0	0.0	0.279466	0.00488138	0.0	1.0
				/*	5:child_number	*/	0
				/*	5:name	*/	4_6下垫梁-1/拼接板及螺栓-59/拼接板上的8个螺栓-1/11：M50螺栓-2
				/*	5:type	*/	基本杆件\11：M50螺栓.SLDPRT
				/*	5:location	*/	1.0	7.64363E-18	-3.68173E-49	0.0	6.72747E-17	1.0	-1.35643E-49	0.0	3.16054E-49	-5.64622E-50	1.0	0.0	0.0578457	-0.11081	0.0	1.0
				/*	5:child_number	*/	0
				/*	5:name	*/	4_6下垫梁-1/拼接板及螺栓-59/拼接板上的8个螺栓-1/11：M50螺栓-8
				/*	5:type	*/	基本杆件\11：M50螺栓.SLDPRT
				/*	5:location	*/	1.0	7.64363E-18	-3.68173E-49	0.0	6.72747E-17	1.0	-1.35643E-49	0.0	3.16054E-49	-5.64622E-50	1.0	0.0	0.390276	0.0627271	0.0	1.0
				/*	5:child_number	*/	0
				/*	5:name	*/	4_6下垫梁-1/拼接板及螺栓-59/拼接板上的8个螺栓-1/11：M50螺栓-3
				/*	5:type	*/	基本杆件\11：M50螺栓.SLDPRT
				/*	5:location	*/	1.0	7.64363E-18	-3.68173E-49	0.0	6.72747E-17	1.0	-1.35643E-49	0.0	3.16054E-49	-5.64622E-50	1.0	0.0	0.11081	0.0578457	0.0	1.0
				/*	5:child_number	*/	0
				/*	5:name	*/	4_6下垫梁-1/拼接板及螺栓-59/拼接板上的8个螺栓-1/11：M50螺栓-5
				/*	5:type	*/	基本杆件\11：M50螺栓.SLDPRT
				/*	5:location	*/	1.0	7.64363E-18	-3.68173E-49	0.0	6.72747E-17	1.0	-1.35643E-49	0.0	3.16054E-49	-5.64622E-50	1.0	0.0	0.22162	0.115691	0.0	1.0
				/*	5:child_number	*/	0
				/*	5:name	*/	4_6下垫梁-1/拼接板及螺栓-59/拼接板上的8个螺栓-1/11：M50螺栓-7
				/*	5:type	*/	基本杆件\11：M50螺栓.SLDPRT
				/*	5:location	*/	1.0	7.64363E-18	-3.68173E-49	0.0	6.72747E-17	1.0	-1.35643E-49	0.0	3.16054E-49	-5.64622E-50	1.0	0.0	0.33243	0.173537	0.0	1.0
				/*	5:child_number	*/	0
				/*	5:name	*/	4_6下垫梁-1/拼接板及螺栓-59/拼接板上的8个螺栓-1/11：M50螺栓-4
				/*	5:type	*/	基本杆件\11：M50螺栓.SLDPRT
				/*	5:location	*/	1.0	7.64363E-18	-3.68173E-49	0.0	6.72747E-17	1.0	-1.35643E-49	0.0	3.16054E-49	-5.64622E-50	1.0	0.0	0.168656	-0.0529643	0.0	1.0
				/*	5:child_number	*/	0
				/*	5:name	*/	4_6下垫梁-1/拼接板及螺栓-59/拼接板上的8个螺栓-1/11：M50螺栓-1
				/*	5:type	*/	基本杆件\11：M50螺栓.SLDPRT
				/*	5:location	*/	1.0	7.64363E-18	-3.68173E-49	0.0	6.72747E-17	1.0	-1.35643E-49	0.0	3.16054E-49	-5.64622E-50	1.0	0.0	0.0	0.0	0.0	1.0
				/*	5:child_number	*/	0
		/*	3:name	*/	4_6下垫梁-1/拼接板及螺栓-58
		/*	3:type	*/	基本组合\拼接板及螺栓.SLDASM
		/*	3:location	*/	2.22045E-16	-3.52693E-65	1.0	0.0	-1.0	0.0	2.22045E-16	0.0	-1.5903E-49	-1.0	1.58839E-49	0.0	-0.612524	0.60043	2.64565	1.0
		/*	3:child_number	*/	2
			/*	4:name	*/	4_6下垫梁-1/拼接板及螺栓-58/9：拼接板-1
			/*	4:type	*/	基本杆件\9：拼接板.SLDPRT
			/*	4:location	*/	1.0	0.0	-2.71302E-66	0.0	0.0	1.0	0.0	0.0	-2.71302E-66	0.0	1.0	0.0	-0.248151	-0.110138	-0.006	1.0
			/*	4:child_number	*/	0
			/*	4:name	*/	4_6下垫梁-1/拼接板及螺栓-58/拼接板上的8个螺栓-1
			/*	4:type	*/	基本组合\拼接板上的8个螺栓.SLDASM
			/*	4:location	*/	0.886481	0.462766	-3.16054E-49	0.0	0.462766	-0.886481	1.35643E-49	0.0	2.71302E-66	0.0	-1.0	0.0	-0.208151	-0.0726379	0.021	1.0
			/*	4:child_number	*/	8
				/*	5:name	*/	4_6下垫梁-1/拼接板及螺栓-58/拼接板上的8个螺栓-1/11：M50螺栓-6
				/*	5:type	*/	基本杆件\11：M50螺栓.SLDPRT
				/*	5:location	*/	1.0	7.64363E-18	-3.68173E-49	0.0	6.72747E-17	1.0	-1.35643E-49	0.0	3.16054E-49	-5.64622E-50	1.0	0.0	0.279466	0.00488138	0.0	1.0
				/*	5:child_number	*/	0
				/*	5:name	*/	4_6下垫梁-1/拼接板及螺栓-58/拼接板上的8个螺栓-1/11：M50螺栓-2
				/*	5:type	*/	基本杆件\11：M50螺栓.SLDPRT
				/*	5:location	*/	1.0	7.64363E-18	-3.68173E-49	0.0	6.72747E-17	1.0	-1.35643E-49	0.0	3.16054E-49	-5.64622E-50	1.0	0.0	0.0578457	-0.11081	0.0	1.0
				/*	5:child_number	*/	0
				/*	5:name	*/	4_6下垫梁-1/拼接板及螺栓-58/拼接板上的8个螺栓-1/11：M50螺栓-8
				/*	5:type	*/	基本杆件\11：M50螺栓.SLDPRT
				/*	5:location	*/	1.0	7.64363E-18	-3.68173E-49	0.0	6.72747E-17	1.0	-1.35643E-49	0.0	3.16054E-49	-5.64622E-50	1.0	0.0	0.390276	0.0627271	0.0	1.0
				/*	5:child_number	*/	0
				/*	5:name	*/	4_6下垫梁-1/拼接板及螺栓-58/拼接板上的8个螺栓-1/11：M50螺栓-3
				/*	5:type	*/	基本杆件\11：M50螺栓.SLDPRT
				/*	5:location	*/	1.0	7.64363E-18	-3.68173E-49	0.0	6.72747E-17	1.0	-1.35643E-49	0.0	3.16054E-49	-5.64622E-50	1.0	0.0	0.11081	0.0578457	0.0	1.0
				/*	5:child_number	*/	0
				/*	5:name	*/	4_6下垫梁-1/拼接板及螺栓-58/拼接板上的8个螺栓-1/11：M50螺栓-5
				/*	5:type	*/	基本杆件\11：M50螺栓.SLDPRT
				/*	5:location	*/	1.0	7.64363E-18	-3.68173E-49	0.0	6.72747E-17	1.0	-1.35643E-49	0.0	3.16054E-49	-5.64622E-50	1.0	0.0	0.22162	0.115691	0.0	1.0
				/*	5:child_number	*/	0
				/*	5:name	*/	4_6下垫梁-1/拼接板及螺栓-58/拼接板上的8个螺栓-1/11：M50螺栓-7
				/*	5:type	*/	基本杆件\11：M50螺栓.SLDPRT
				/*	5:location	*/	1.0	7.64363E-18	-3.68173E-49	0.0	6.72747E-17	1.0	-1.35643E-49	0.0	3.16054E-49	-5.64622E-50	1.0	0.0	0.33243	0.173537	0.0	1.0
				/*	5:child_number	*/	0
				/*	5:name	*/	4_6下垫梁-1/拼接板及螺栓-58/拼接板上的8个螺栓-1/11：M50螺栓-4
				/*	5:type	*/	基本杆件\11：M50螺栓.SLDPRT
				/*	5:location	*/	1.0	7.64363E-18	-3.68173E-49	0.0	6.72747E-17	1.0	-1.35643E-49	0.0	3.16054E-49	-5.64622E-50	1.0	0.0	0.168656	-0.0529643	0.0	1.0
				/*	5:child_number	*/	0
				/*	5:name	*/	4_6下垫梁-1/拼接板及螺栓-58/拼接板上的8个螺栓-1/11：M50螺栓-1
				/*	5:type	*/	基本杆件\11：M50螺栓.SLDPRT
				/*	5:location	*/	1.0	7.64363E-18	-3.68173E-49	0.0	6.72747E-17	1.0	-1.35643E-49	0.0	3.16054E-49	-5.64622E-50	1.0	0.0	8.88178E-16	-4.44089E-16	0.0	1.0
				/*	5:child_number	*/	0
		/*	3:name	*/	4_6下垫梁-1/三个相连的1号-4
		/*	3:type	*/	基本组合\三个相连的1号.SLDASM
		/*	3:location	*/	0.0	0.0	-1.0	0.0	1.5903E-49	1.0	2.33383E-64	0.0	1.0	-1.5903E-49	0.0	0.0	-2.85239	0.856074	0.279199	1.0
		/*	3:child_number	*/	3
			/*	4:name	*/	4_6下垫梁-1/三个相连的1号-4/一个1号及四个65螺栓-2
			/*	4:type	*/	基本组合\一个1号及四个65螺栓.SLDASM
			/*	4:location	*/	1.0	0.0	0.0	0.0	-2.33383E-64	1.0	1.5903E-49	0.0	0.0	-1.5903E-49	1.0	0.0	-7.49521	0.0980105	4.44089E-16	1.0
			/*	4:child_number	*/	2
				/*	5:name	*/	4_6下垫梁-1/三个相连的1号-4/一个1号及四个65螺栓-2/1：基本杆件-1
				/*	5:type	*/	基本杆件\1：基本杆件.SLDPRT
				/*	5:location	*/	1.0	0.0	0.0	0.0	-2.33383E-64	1.0	1.5903E-49	0.0	0.0	-1.5903E-49	1.0	0.0	-1.85059	-0.347655	-0.1	1.0
				/*	5:child_number	*/	0
				/*	5:name	*/	4_6下垫梁-1/三个相连的1号-4/一个1号及四个65螺栓-2/4个M65-1
				/*	5:type	*/	基本组合\4个M65.SLDASM
				/*	5:location	*/	1.10666E-33	-0.999098	-0.0424734	0.0	-8.42594E-35	0.0424734	-0.999098	0.0	1.0	0.0	0.0	0.0	1.66241	-0.280263	0.0606029	1.0
				/*	5:child_number	*/	4
					/*	6:name	*/	4_6下垫梁-1/三个相连的1号-4/一个1号及四个65螺栓-2/4个M65-1/10：M65螺栓-3
					/*	6:type	*/	基本杆件\10：M65螺栓.SLDPRT
					/*	6:location	*/	0.5	-0.866025	1.53834E-32	0.0	0.866025	0.5	3.58704E-33	0.0	-4.5628E-33	2.45797E-32	1.0	0.0	-0.126075	0.00346083	-0.04	1.0
					/*	6:child_number	*/	0
					/*	6:name	*/	4_6下垫梁-1/三个相连的1号-4/一个1号及四个65螺栓-2/4个M65-1/10：M65螺栓-2
					/*	6:type	*/	基本杆件\10：M65螺栓.SLDPRT
					/*	6:location	*/	1.0	1.46028E-18	1.10666E-33	0.0	-7.41662E-18	1.0	-8.42594E-35	0.0	0.0	0.0	1.0	0.0	0.00412095	0.123039	-0.04	1.0
					/*	6:child_number	*/	0
					/*	6:name	*/	4_6下垫梁-1/三个相连的1号-4/一个1号及四个65螺栓-2/4个M65-1/10：M65螺栓-1
					/*	6:type	*/	基本杆件\10：M65螺栓.SLDPRT
					/*	6:location	*/	1.0	1.46028E-18	1.10666E-33	0.0	-7.41662E-18	1.0	-8.42594E-35	0.0	0.0	0.0	1.0	0.0	-0.00118822	-0.00184834	-0.04	1.0
					/*	6:child_number	*/	0
					/*	6:name	*/	4_6下垫梁-1/三个相连的1号-4/一个1号及四个65螺栓-2/4个M65-1/10：M65螺栓-4
					/*	6:type	*/	基本杆件\10：M65螺栓.SLDPRT
					/*	6:location	*/	1.0	1.46028E-18	1.10666E-33	0.0	-7.41662E-18	1.0	-8.42594E-35	0.0	0.0	0.0	1.0	0.0	-0.120766	0.128348	-0.04	1.0
					/*	6:child_number	*/	0
			/*	4:name	*/	4_6下垫梁-1/三个相连的1号-4/一个1号及四个65螺栓-1
			/*	4:type	*/	基本组合\一个1号及四个65螺栓.SLDASM
			/*	4:location	*/	1.0	0.0	0.0	0.0	-2.33383E-64	1.0	1.5903E-49	0.0	0.0	-1.5903E-49	1.0	0.0	-3.99521	0.0980105	4.44089E-16	1.0
			/*	4:child_number	*/	2
				/*	5:name	*/	4_6下垫梁-1/三个相连的1号-4/一个1号及四个65螺栓-1/1：基本杆件-1
				/*	5:type	*/	基本杆件\1：基本杆件.SLDPRT
				/*	5:location	*/	1.0	0.0	0.0	0.0	-2.33383E-64	1.0	1.5903E-49	0.0	0.0	-1.5903E-49	1.0	0.0	-1.85059	-0.347655	-0.1	1.0
				/*	5:child_number	*/	0
				/*	5:name	*/	4_6下垫梁-1/三个相连的1号-4/一个1号及四个65螺栓-1/4个M65-1
				/*	5:type	*/	基本组合\4个M65.SLDASM
				/*	5:location	*/	1.10666E-33	-0.999098	-0.0424734	0.0	-8.42594E-35	0.0424734	-0.999098	0.0	1.0	0.0	0.0	0.0	1.66241	-0.280263	0.0606029	1.0
				/*	5:child_number	*/	4
					/*	6:name	*/	4_6下垫梁-1/三个相连的1号-4/一个1号及四个65螺栓-1/4个M65-1/10：M65螺栓-3
					/*	6:type	*/	基本杆件\10：M65螺栓.SLDPRT
					/*	6:location	*/	0.5	-0.866025	1.53834E-32	0.0	0.866025	0.5	3.58704E-33	0.0	-4.5628E-33	2.45797E-32	1.0	0.0	-0.126075	0.00346083	-0.04	1.0
					/*	6:child_number	*/	0
					/*	6:name	*/	4_6下垫梁-1/三个相连的1号-4/一个1号及四个65螺栓-1/4个M65-1/10：M65螺栓-2
					/*	6:type	*/	基本杆件\10：M65螺栓.SLDPRT
					/*	6:location	*/	1.0	1.46028E-18	1.10666E-33	0.0	-7.41662E-18	1.0	-8.42594E-35	0.0	0.0	0.0	1.0	0.0	0.00412095	0.123039	-0.04	1.0
					/*	6:child_number	*/	0
					/*	6:name	*/	4_6下垫梁-1/三个相连的1号-4/一个1号及四个65螺栓-1/4个M65-1/10：M65螺栓-1
					/*	6:type	*/	基本杆件\10：M65螺栓.SLDPRT
					/*	6:location	*/	1.0	1.46028E-18	1.10666E-33	0.0	-7.41662E-18	1.0	-8.42594E-35	0.0	0.0	0.0	1.0	0.0	-0.00118822	-0.00184834	-0.04	1.0
					/*	6:child_number	*/	0
					/*	6:name	*/	4_6下垫梁-1/三个相连的1号-4/一个1号及四个65螺栓-1/4个M65-1/10：M65螺栓-4
					/*	6:type	*/	基本杆件\10：M65螺栓.SLDPRT
					/*	6:location	*/	1.0	1.46028E-18	1.10666E-33	0.0	-7.41662E-18	1.0	-8.42594E-35	0.0	0.0	0.0	1.0	0.0	-0.120766	0.128348	-0.04	1.0
					/*	6:child_number	*/	0
			/*	4:name	*/	4_6下垫梁-1/三个相连的1号-4/1：基本杆件-1
			/*	4:type	*/	基本杆件\1：基本杆件.SLDPRT
			/*	4:location	*/	1.0	0.0	0.0	0.0	-2.33383E-64	1.0	1.5903E-49	0.0	0.0	-1.5903E-49	1.0	0.0	-2.3458	-0.249644	-0.1	1.0
			/*	4:child_number	*/	0
		/*	3:name	*/	4_6下垫梁-1/三个相连的1号-3
		/*	3:type	*/	基本组合\三个相连的1号.SLDASM
		/*	3:location	*/	0.0	0.0	-1.0	0.0	1.5903E-49	1.0	2.33383E-64	0.0	1.0	-1.5903E-49	0.0	0.0	-2.10239	0.856074	0.279199	1.0
		/*	3:child_number	*/	3
			/*	4:name	*/	4_6下垫梁-1/三个相连的1号-3/一个1号及四个65螺栓-2
			/*	4:type	*/	基本组合\一个1号及四个65螺栓.SLDASM
			/*	4:location	*/	1.0	0.0	0.0	0.0	-2.33383E-64	1.0	1.5903E-49	0.0	0.0	-1.5903E-49	1.0	0.0	-7.49521	0.0980105	0.0	1.0
			/*	4:child_number	*/	2
				/*	5:name	*/	4_6下垫梁-1/三个相连的1号-3/一个1号及四个65螺栓-2/1：基本杆件-1
				/*	5:type	*/	基本杆件\1：基本杆件.SLDPRT
				/*	5:location	*/	1.0	0.0	0.0	0.0	-2.33383E-64	1.0	1.5903E-49	0.0	0.0	-1.5903E-49	1.0	0.0	-1.85059	-0.347655	-0.1	1.0
				/*	5:child_number	*/	0
				/*	5:name	*/	4_6下垫梁-1/三个相连的1号-3/一个1号及四个65螺栓-2/4个M65-1
				/*	5:type	*/	基本组合\4个M65.SLDASM
				/*	5:location	*/	1.10666E-33	-0.999098	-0.0424734	0.0	-8.42594E-35	0.0424734	-0.999098	0.0	1.0	0.0	0.0	0.0	1.66241	-0.280263	0.0606029	1.0
				/*	5:child_number	*/	4
					/*	6:name	*/	4_6下垫梁-1/三个相连的1号-3/一个1号及四个65螺栓-2/4个M65-1/10：M65螺栓-3
					/*	6:type	*/	基本杆件\10：M65螺栓.SLDPRT
					/*	6:location	*/	0.5	-0.866025	1.53834E-32	0.0	0.866025	0.5	3.58704E-33	0.0	-4.5628E-33	2.45797E-32	1.0	0.0	-0.126075	0.00346083	-0.04	1.0
					/*	6:child_number	*/	0
					/*	6:name	*/	4_6下垫梁-1/三个相连的1号-3/一个1号及四个65螺栓-2/4个M65-1/10：M65螺栓-2
					/*	6:type	*/	基本杆件\10：M65螺栓.SLDPRT
					/*	6:location	*/	1.0	1.46028E-18	1.10666E-33	0.0	-7.41662E-18	1.0	-8.42594E-35	0.0	0.0	0.0	1.0	0.0	0.00412095	0.123039	-0.04	1.0
					/*	6:child_number	*/	0
					/*	6:name	*/	4_6下垫梁-1/三个相连的1号-3/一个1号及四个65螺栓-2/4个M65-1/10：M65螺栓-1
					/*	6:type	*/	基本杆件\10：M65螺栓.SLDPRT
					/*	6:location	*/	1.0	1.46028E-18	1.10666E-33	0.0	-7.41662E-18	1.0	-8.42594E-35	0.0	0.0	0.0	1.0	0.0	-0.00118822	-0.00184834	-0.04	1.0
					/*	6:child_number	*/	0
					/*	6:name	*/	4_6下垫梁-1/三个相连的1号-3/一个1号及四个65螺栓-2/4个M65-1/10：M65螺栓-4
					/*	6:type	*/	基本杆件\10：M65螺栓.SLDPRT
					/*	6:location	*/	1.0	1.46028E-18	1.10666E-33	0.0	-7.41662E-18	1.0	-8.42594E-35	0.0	0.0	0.0	1.0	0.0	-0.120766	0.128348	-0.04	1.0
					/*	6:child_number	*/	0
			/*	4:name	*/	4_6下垫梁-1/三个相连的1号-3/一个1号及四个65螺栓-1
			/*	4:type	*/	基本组合\一个1号及四个65螺栓.SLDASM
			/*	4:location	*/	1.0	0.0	0.0	0.0	-2.33383E-64	1.0	1.5903E-49	0.0	0.0	-1.5903E-49	1.0	0.0	-3.99521	0.0980105	0.0	1.0
			/*	4:child_number	*/	2
				/*	5:name	*/	4_6下垫梁-1/三个相连的1号-3/一个1号及四个65螺栓-1/1：基本杆件-1
				/*	5:type	*/	基本杆件\1：基本杆件.SLDPRT
				/*	5:location	*/	1.0	0.0	0.0	0.0	-2.33383E-64	1.0	1.5903E-49	0.0	0.0	-1.5903E-49	1.0	0.0	-1.85059	-0.347655	-0.1	1.0
				/*	5:child_number	*/	0
				/*	5:name	*/	4_6下垫梁-1/三个相连的1号-3/一个1号及四个65螺栓-1/4个M65-1
				/*	5:type	*/	基本组合\4个M65.SLDASM
				/*	5:location	*/	1.10666E-33	-0.999098	-0.0424734	0.0	-8.42594E-35	0.0424734	-0.999098	0.0	1.0	0.0	0.0	0.0	1.66241	-0.280263	0.0606029	1.0
				/*	5:child_number	*/	4
					/*	6:name	*/	4_6下垫梁-1/三个相连的1号-3/一个1号及四个65螺栓-1/4个M65-1/10：M65螺栓-3
					/*	6:type	*/	基本杆件\10：M65螺栓.SLDPRT
					/*	6:location	*/	0.5	-0.866025	1.53834E-32	0.0	0.866025	0.5	3.58704E-33	0.0	-4.5628E-33	2.45797E-32	1.0	0.0	-0.126075	0.00346083	-0.04	1.0
					/*	6:child_number	*/	0
					/*	6:name	*/	4_6下垫梁-1/三个相连的1号-3/一个1号及四个65螺栓-1/4个M65-1/10：M65螺栓-2
					/*	6:type	*/	基本杆件\10：M65螺栓.SLDPRT
					/*	6:location	*/	1.0	1.46028E-18	1.10666E-33	0.0	-7.41662E-18	1.0	-8.42594E-35	0.0	0.0	0.0	1.0	0.0	0.00412095	0.123039	-0.04	1.0
					/*	6:child_number	*/	0
					/*	6:name	*/	4_6下垫梁-1/三个相连的1号-3/一个1号及四个65螺栓-1/4个M65-1/10：M65螺栓-1
					/*	6:type	*/	基本杆件\10：M65螺栓.SLDPRT
					/*	6:location	*/	1.0	1.46028E-18	1.10666E-33	0.0	-7.41662E-18	1.0	-8.42594E-35	0.0	0.0	0.0	1.0	0.0	-0.00118822	-0.00184834	-0.04	1.0
					/*	6:child_number	*/	0
					/*	6:name	*/	4_6下垫梁-1/三个相连的1号-3/一个1号及四个65螺栓-1/4个M65-1/10：M65螺栓-4
					/*	6:type	*/	基本杆件\10：M65螺栓.SLDPRT
					/*	6:location	*/	1.0	1.46028E-18	1.10666E-33	0.0	-7.41662E-18	1.0	-8.42594E-35	0.0	0.0	0.0	1.0	0.0	-0.120766	0.128348	-0.04	1.0
					/*	6:child_number	*/	0
			/*	4:name	*/	4_6下垫梁-1/三个相连的1号-3/1：基本杆件-1
			/*	4:type	*/	基本杆件\1：基本杆件.SLDPRT
			/*	4:location	*/	1.0	0.0	0.0	0.0	-2.33383E-64	1.0	1.5903E-49	0.0	0.0	-1.5903E-49	1.0	0.0	-2.3458	-0.249644	-0.1	1.0
			/*	4:child_number	*/	0
		/*	3:name	*/	4_6下垫梁-1/三个相连的1号-2
		/*	3:type	*/	基本组合\三个相连的1号.SLDASM
		/*	3:location	*/	0.0	0.0	-1.0	0.0	1.5903E-49	1.0	2.33383E-64	0.0	1.0	-1.5903E-49	0.0	0.0	-1.35239	0.856074	0.279199	1.0
		/*	3:child_number	*/	3
			/*	4:name	*/	4_6下垫梁-1/三个相连的1号-2/一个1号及四个65螺栓-2
			/*	4:type	*/	基本组合\一个1号及四个65螺栓.SLDASM
			/*	4:location	*/	1.0	0.0	0.0	0.0	-2.33383E-64	1.0	1.5903E-49	0.0	0.0	-1.5903E-49	1.0	0.0	-7.49521	0.0980105	0.0	1.0
			/*	4:child_number	*/	2
				/*	5:name	*/	4_6下垫梁-1/三个相连的1号-2/一个1号及四个65螺栓-2/1：基本杆件-1
				/*	5:type	*/	基本杆件\1：基本杆件.SLDPRT
				/*	5:location	*/	1.0	0.0	0.0	0.0	-2.33383E-64	1.0	1.5903E-49	0.0	0.0	-1.5903E-49	1.0	0.0	-1.85059	-0.347655	-0.1	1.0
				/*	5:child_number	*/	0
				/*	5:name	*/	4_6下垫梁-1/三个相连的1号-2/一个1号及四个65螺栓-2/4个M65-1
				/*	5:type	*/	基本组合\4个M65.SLDASM
				/*	5:location	*/	1.10666E-33	-0.999098	-0.0424734	0.0	-8.42594E-35	0.0424734	-0.999098	0.0	1.0	0.0	0.0	0.0	1.66241	-0.280263	0.0606029	1.0
				/*	5:child_number	*/	4
					/*	6:name	*/	4_6下垫梁-1/三个相连的1号-2/一个1号及四个65螺栓-2/4个M65-1/10：M65螺栓-3
					/*	6:type	*/	基本杆件\10：M65螺栓.SLDPRT
					/*	6:location	*/	0.5	-0.866025	1.53834E-32	0.0	0.866025	0.5	3.58704E-33	0.0	-4.5628E-33	2.45797E-32	1.0	0.0	-0.126075	0.00346083	-0.04	1.0
					/*	6:child_number	*/	0
					/*	6:name	*/	4_6下垫梁-1/三个相连的1号-2/一个1号及四个65螺栓-2/4个M65-1/10：M65螺栓-2
					/*	6:type	*/	基本杆件\10：M65螺栓.SLDPRT
					/*	6:location	*/	1.0	1.46028E-18	1.10666E-33	0.0	-7.41662E-18	1.0	-8.42594E-35	0.0	0.0	0.0	1.0	0.0	0.00412095	0.123039	-0.04	1.0
					/*	6:child_number	*/	0
					/*	6:name	*/	4_6下垫梁-1/三个相连的1号-2/一个1号及四个65螺栓-2/4个M65-1/10：M65螺栓-1
					/*	6:type	*/	基本杆件\10：M65螺栓.SLDPRT
					/*	6:location	*/	1.0	1.46028E-18	1.10666E-33	0.0	-7.41662E-18	1.0	-8.42594E-35	0.0	0.0	0.0	1.0	0.0	-0.00118822	-0.00184834	-0.04	1.0
					/*	6:child_number	*/	0
					/*	6:name	*/	4_6下垫梁-1/三个相连的1号-2/一个1号及四个65螺栓-2/4个M65-1/10：M65螺栓-4
					/*	6:type	*/	基本杆件\10：M65螺栓.SLDPRT
					/*	6:location	*/	1.0	1.46028E-18	1.10666E-33	0.0	-7.41662E-18	1.0	-8.42594E-35	0.0	0.0	0.0	1.0	0.0	-0.120766	0.128348	-0.04	1.0
					/*	6:child_number	*/	0
			/*	4:name	*/	4_6下垫梁-1/三个相连的1号-2/一个1号及四个65螺栓-1
			/*	4:type	*/	基本组合\一个1号及四个65螺栓.SLDASM
			/*	4:location	*/	1.0	0.0	0.0	0.0	-2.33383E-64	1.0	1.5903E-49	0.0	0.0	-1.5903E-49	1.0	0.0	-3.99521	0.0980105	0.0	1.0
			/*	4:child_number	*/	2
				/*	5:name	*/	4_6下垫梁-1/三个相连的1号-2/一个1号及四个65螺栓-1/1：基本杆件-1
				/*	5:type	*/	基本杆件\1：基本杆件.SLDPRT
				/*	5:location	*/	1.0	0.0	0.0	0.0	-2.33383E-64	1.0	1.5903E-49	0.0	0.0	-1.5903E-49	1.0	0.0	-1.85059	-0.347655	-0.1	1.0
				/*	5:child_number	*/	0
				/*	5:name	*/	4_6下垫梁-1/三个相连的1号-2/一个1号及四个65螺栓-1/4个M65-1
				/*	5:type	*/	基本组合\4个M65.SLDASM
				/*	5:location	*/	1.10666E-33	-0.999098	-0.0424734	0.0	-8.42594E-35	0.0424734	-0.999098	0.0	1.0	0.0	0.0	0.0	1.66241	-0.280263	0.0606029	1.0
				/*	5:child_number	*/	4
					/*	6:name	*/	4_6下垫梁-1/三个相连的1号-2/一个1号及四个65螺栓-1/4个M65-1/10：M65螺栓-3
					/*	6:type	*/	基本杆件\10：M65螺栓.SLDPRT
					/*	6:location	*/	0.5	-0.866025	1.53834E-32	0.0	0.866025	0.5	3.58704E-33	0.0	-4.5628E-33	2.45797E-32	1.0	0.0	-0.126075	0.00346083	-0.04	1.0
					/*	6:child_number	*/	0
					/*	6:name	*/	4_6下垫梁-1/三个相连的1号-2/一个1号及四个65螺栓-1/4个M65-1/10：M65螺栓-2
					/*	6:type	*/	基本杆件\10：M65螺栓.SLDPRT
