整体架设
整体架设.SLDASM
1.0	0.0	0.0	0.0	0.0	1.0	0.0	0.0	0.0	0.0	1.0	0.0	0.0	0.0	0.0	1.0
1407
	边孔支座-1
	边孔支座.SLDPRT
	-1.38778E-17	7.6181E-31	1.0	0.0	1.0	1.56442E-44	1.38778E-17	0.0	-1.56003E-44	1.0	-7.6181E-31	0.0	6.96158	0.348081	-1.0945	1.0
	0

	新式栈桥架设-1
	新式栈桥架设.SLDASM
	1.0	0.0	0.0	0.0	0.0	1.0	0.0	0.0	0.0	0.0	1.0	0.0	-16.9955	-1.08733	-0.0444973	1.0
	14
		新式栈桥架设-1/固定支座下摆-4
		固定支座下摆.SLDPRT
		-1.05471E-15	-1.38001E-31	1.0	0.0	1.0	-4.68985E-16	1.05471E-15	0.0	4.68985E-16	1.0	6.32645E-31	0.0	23.5571	1.80341	0.455	1.0
		0

		新式栈桥架设-1/栈桥梁12联结-1
		栈桥梁12联结.SLDASM
		0.0	0.0	-1.0	0.0	0.0	1.0	0.0	0.0	1.0	0.0	0.0	0.0	17.6351	2.15178	-0.562843	1.0
		20
			新式栈桥架设-1/栈桥梁12联结-1/JB7G-5
			JB7G.SLDPRT
			1.0	0.0	0.0	0.0	0.0	1.0	0.0	0.0	0.0	0.0	1.0	0.0	-1.25484	0.44007	-6.6993	1.0
			0

			新式栈桥架设-1/栈桥梁12联结-1/JB7G-8
			JB7G.SLDPRT
			-1.0	1.22125E-15	0.0	0.0	1.11022E-15	1.0	0.0	0.0	0.0	0.0	-1.0	0.0	-1.37684	0.44007	-5.9883	1.0
			0

			新式栈桥架设-1/栈桥梁12联结-1/JB7G-3
			JB7G.SLDPRT
			-1.0	1.22125E-15	0.0	0.0	1.11022E-15	1.0	0.0	0.0	0.0	0.0	-1.0	0.0	0.128157	0.44007	-6.6333	1.0
			0

			新式栈桥架设-1/栈桥梁12联结-1/JB4bG左（560鱼尾板）-2
			JB4bG左（560鱼尾板）.SLDPRT
			1.0	0.0	0.0	0.0	0.0	1.0	0.0	0.0	0.0	0.0	1.0	0.0	0.0501568	0.455017	-6.97992	1.0
			0

			新式栈桥架设-1/栈桥梁12联结-1/JB4bG右（560鱼尾板）-2
			JB4bG右（560鱼尾板）.SLDPRT
			1.0	0.0	0.0	0.0	0.0	1.0	0.0	0.0	0.0	0.0	1.0	0.0	0.128157	0.455017	-6.97992	1.0
			0

			新式栈桥架设-1/栈桥梁12联结-1/JB7G-2
			JB7G.SLDPRT
			-1.0	1.22125E-15	0.0	0.0	1.11022E-15	1.0	0.0	0.0	0.0	0.0	-1.0	0.0	0.128157	0.44007	-5.9883	1.0
			0

			新式栈桥架设-1/栈桥梁12联结-1/JB4bG左（560鱼尾板）-1
			JB4bG左（560鱼尾板）.SLDPRT
			1.0	0.0	0.0	0.0	0.0	1.0	0.0	0.0	0.0	0.0	1.0	0.0	0.0501568	0.455017	-6.28992	1.0
			0

			新式栈桥架设-1/栈桥梁12联结-1/JB7G-6
			JB7G.SLDPRT
			-1.0	1.22125E-15	0.0	0.0	1.11022E-15	1.0	0.0	0.0	0.0	0.0	-1.0	0.0	-1.37684	0.44007	-6.6333	1.0
			0

			新式栈桥架设-1/栈桥梁12联结-1/JB4bG左（560鱼尾板）-3
			JB4bG左（560鱼尾板）.SLDPRT
			1.0	0.0	0.0	0.0	0.0	1.0	0.0	0.0	0.0	0.0	1.0	0.0	-1.45484	0.455017	-6.97992	1.0
			0

			新式栈桥架设-1/栈桥梁12联结-1/JB7G-1
			JB7G.SLDPRT
			1.0	0.0	0.0	0.0	0.0	1.0	0.0	0.0	0.0	0.0	1.0	0.0	0.250157	0.44007	-6.0543	1.0
			0

			新式栈桥架设-1/栈桥梁12联结-1/JB7G-4
			JB7G.SLDPRT
			1.0	0.0	0.0	0.0	0.0	1.0	0.0	0.0	0.0	0.0	1.0	0.0	0.250157	0.44007	-6.6993	1.0
			0

			新式栈桥架设-1/栈桥梁12联结-1/JB7G-7
			JB7G.SLDPRT
			1.0	0.0	0.0	0.0	0.0	1.0	0.0	0.0	0.0	0.0	1.0	0.0	-1.25484	0.44007	-6.0543	1.0
			0

			新式栈桥架设-1/栈桥梁12联结-1/JB4bG右（560鱼尾板）-4
			JB4bG右（560鱼尾板）.SLDPRT
			1.0	0.0	0.0	0.0	0.0	1.0	0.0	0.0	0.0	0.0	1.0	0.0	-1.37684	0.455017	-6.28992	1.0
			0

			新式栈桥架设-1/栈桥梁12联结-1/JB4bG左（560鱼尾板）-4
			JB4bG左（560鱼尾板）.SLDPRT
			1.0	0.0	0.0	0.0	0.0	1.0	0.0	0.0	0.0	0.0	1.0	0.0	-1.45484	0.455017	-6.28992	1.0
			0

			新式栈桥架设-1/栈桥梁12联结-1/JB2bG（724短轨）-2
			JB2bG（724短轨）.SLDPRT
			1.0	0.0	0.0	0.0	0.0	1.0	0.0	0.0	0.0	0.0	1.0	0.0	-1.31584	0.50857	-6.719	1.0
			0

			新式栈桥架设-1/栈桥梁12联结-1/JB4bG右（560鱼尾板）-3
			JB4bG右（560鱼尾板）.SLDPRT
			1.0	0.0	0.0	0.0	0.0	1.0	0.0	0.0	0.0	0.0	1.0	0.0	-1.37684	0.455017	-6.97992	1.0
			0

			新式栈桥架设-1/栈桥梁12联结-1/JB4bG右（560鱼尾板）-1
			JB4bG右（560鱼尾板）.SLDPRT
			1.0	0.0	0.0	0.0	0.0	1.0	0.0	0.0	0.0	0.0	1.0	0.0	0.128157	0.455017	-6.28992	1.0
			0

			新式栈桥架设-1/栈桥梁12联结-1/JB2bG（724短轨）-1
			JB2bG（724短轨）.SLDPRT
			1.0	0.0	0.0	0.0	0.0	1.0	0.0	0.0	0.0	0.0	1.0	0.0	0.189157	0.50857	-6.719	1.0
			0

			新式栈桥架设-1/栈桥梁12联结-1/栈桥梁二装配体-1
			栈桥梁二装配体.SLDASM
			1.0	0.0	0.0	0.0	0.0	1.0	0.0	0.0	0.0	0.0	1.0	0.0	-0.486239	0.106524	-12.749	1.0
			19
				新式栈桥架设-1/栈桥梁12联结-1/栈桥梁二装配体-1/梁2钢垫板-1
				梁2钢垫板.SLDPRT
				1.11022E-16	0.0	-1.0	0.0	1.0	0.0	1.11022E-16	0.0	0.0	-1.0	0.0	0.0	0.718454	0.321546	-4.61424	1.0
				0

				新式栈桥架设-1/栈桥梁12联结-1/栈桥梁二装配体-1/JB6Xb-2
				JB6Xb.SLDPRT
				1.0	0.0	0.0	0.0	0.0	0.0	-1.0	0.0	0.0	1.0	0.0	0.0	0.526396	0.321546	-5.93	1.0
				0

				新式栈桥架设-1/栈桥梁12联结-1/栈桥梁二装配体-1/JB6Xb-1
				JB6Xb.SLDPRT
				1.0	0.0	0.0	0.0	0.0	0.0	-1.0	0.0	0.0	1.0	0.0	0.0	0.526396	0.321546	6.175	1.0
				0

				新式栈桥架设-1/栈桥梁12联结-1/栈桥梁二装配体-1/JB12XG（10534短轨）-1
				JB12XG（10534短轨）.SLDPRT
				1.0	0.0	0.0	0.0	0.0	1.0	0.0	0.0	0.0	0.0	1.0	0.0	0.675396	0.402046	-4.529	1.0
				0

				新式栈桥架设-1/栈桥梁12联结-1/栈桥梁二装配体-1/梁体二橡胶垫层-1
				梁体二橡胶垫层.SLDPRT
				1.26129E-18	0.0	-1.0	0.0	-1.0	0.0	-1.26129E-18	0.0	0.0	1.0	0.0	0.0	0.736671	0.327546	5.93776	1.0
				0

				新式栈桥架设-1/栈桥梁12联结-1/栈桥梁二装配体-1/栈桥梁二梁体-1
				栈桥梁二梁体.SLDPRT
				1.0	0.0	0.0	0.0	0.0	1.0	0.0	0.0	0.0	0.0	1.0	0.0	-1.0036	-0.376454	-6.25	1.0
				0

				新式栈桥架设-1/栈桥梁12联结-1/栈桥梁二装配体-1/梁体二橡胶垫层-3
				梁体二橡胶垫层.SLDPRT
				1.26129E-18	0.0	-1.0	0.0	-1.0	0.0	-1.26129E-18	0.0	0.0	1.0	0.0	0.0	-0.768329	0.327546	5.93776	1.0
				0

				新式栈桥架设-1/栈桥梁12联结-1/栈桥梁二装配体-1/JB3bG（562鱼尾板）-5
				JB3bG（562鱼尾板）.SLDPRT
				-1.0	-1.11022E-16	0.0	0.0	-2.22045E-16	1.0	0.0	0.0	0.0	0.0	-1.0	0.0	-0.768896	0.347446	-4.257	1.0
				0

				新式栈桥架设-1/栈桥梁12联结-1/栈桥梁二装配体-1/JB3bG（562鱼尾板）-2
				JB3bG（562鱼尾板）.SLDPRT
				-1.0	-1.11022E-16	0.0	0.0	-2.22045E-16	1.0	0.0	0.0	0.0	0.0	-1.0	0.0	0.736104	0.347446	-4.257	1.0
				0

				新式栈桥架设-1/栈桥梁12联结-1/栈桥梁二装配体-1/JB3bG（562鱼尾板）-1
				JB3bG（562鱼尾板）.SLDPRT
				1.0	0.0	0.0	0.0	0.0	1.0	0.0	0.0	0.0	0.0	1.0	0.0	0.614797	0.347446	-4.819	1.0
				0

				新式栈桥架设-1/栈桥梁12联结-1/栈桥梁二装配体-1/JB1bX（1416短轨）-1
				JB1bX（1416短轨）.SLDPRT
				-1.0	0.0	0.0	0.0	-1.11022E-16	1.0	0.0	0.0	0.0	0.0	-1.0	0.0	0.675396	0.402046	-4.554	1.0
				0

				新式栈桥架设-1/栈桥梁12联结-1/栈桥梁二装配体-1/梁2橡胶垫板-1
				梁2橡胶垫板.SLDPRT
				0.0	0.0	-1.0	0.0	1.0	0.0	0.0	0.0	0.0	-1.0	0.0	0.0	0.718454	0.327546	-4.61424	1.0
				0

				新式栈桥架设-1/栈桥梁12联结-1/栈桥梁二装配体-1/JB6Xb-6
				JB6Xb.SLDPRT
				1.0	0.0	0.0	0.0	0.0	0.0	-1.0	0.0	0.0	1.0	0.0	0.0	-0.978604	0.321546	-5.93	1.0
				0

				新式栈桥架设-1/栈桥梁12联结-1/栈桥梁二装配体-1/JB6Xb-5
				JB6Xb.SLDPRT
				1.0	0.0	0.0	0.0	0.0	0.0	-1.0	0.0	0.0	1.0	0.0	0.0	-0.978604	0.321546	6.175	1.0
				0

				新式栈桥架设-1/栈桥梁12联结-1/栈桥梁二装配体-1/JB12XG（10534短轨）-3
				JB12XG（10534短轨）.SLDPRT
				1.0	0.0	0.0	0.0	0.0	1.0	0.0	0.0	0.0	0.0	1.0	0.0	-0.829604	0.402046	-4.529	1.0
				0

				新式栈桥架设-1/栈桥梁12联结-1/栈桥梁二装配体-1/梁2钢垫板-3
				梁2钢垫板.SLDPRT
				1.11022E-16	0.0	-1.0	0.0	1.0	0.0	1.11022E-16	0.0	0.0	-1.0	0.0	0.0	-0.786546	0.321546	-4.61424	1.0
				0

				新式栈桥架设-1/栈桥梁12联结-1/栈桥梁二装配体-1/JB3bG（562鱼尾板）-6
				JB3bG（562鱼尾板）.SLDPRT
				1.0	0.0	0.0	0.0	0.0	1.0	0.0	0.0	0.0	0.0	1.0	0.0	-0.890203	0.347446	-4.819	1.0
				0

				新式栈桥架设-1/栈桥梁12联结-1/栈桥梁二装配体-1/JB1bX（1416短轨）-3
				JB1bX（1416短轨）.SLDPRT
				-1.0	0.0	0.0	0.0	-1.11022E-16	1.0	0.0	0.0	0.0	0.0	-1.0	0.0	-0.829604	0.402046	-4.554	1.0
				0

				新式栈桥架设-1/栈桥梁12联结-1/栈桥梁二装配体-1/梁2橡胶垫板-3
				梁2橡胶垫板.SLDPRT
				0.0	0.0	-1.0	0.0	1.0	0.0	0.0	0.0	0.0	-1.0	0.0	0.0	-0.786546	0.327546	-4.61424	1.0
				0


			新式栈桥架设-1/栈桥梁12联结-1/栈桥梁一装配体-1
			栈桥梁一装配体.SLDASM
			1.0	0.0	0.0	0.0	0.0	1.0	0.0	0.0	0.0	0.0	1.0	0.0	-0.196099	-0.0154578	0.0	1.0
			29
				新式栈桥架设-1/栈桥梁12联结-1/栈桥梁一装配体-1/JB3aG2（非工作边异性鱼尾板）-1
				JB3aG2（非工作边异性鱼尾板）.SLDPRT
				-1.0	1.20276E-16	2.91116E-16	0.0	1.20276E-16	1.0	5.55112E-17	0.0	-2.91116E-16	1.66533E-16	-1.0	0.0	-1.22609	0.53541	4.541	1.0
				0

				新式栈桥架设-1/栈桥梁12联结-1/栈桥梁一装配体-1/JB11XG（9105短轨）-1
				JB11XG（9105短轨）.SLDPRT
				1.0	0.0	0.0	0.0	0.0	1.0	0.0	0.0	0.0	0.0	1.0	0.0	0.385256	0.524027	-4.529	1.0
				0

				新式栈桥架设-1/栈桥梁12联结-1/栈桥梁一装配体-1/JB3aG4（非工作边异性鱼尾板）-1
				JB3aG4（非工作边异性鱼尾板）.SLDPRT
				1.0	0.0	0.0	0.0	0.0	1.0	0.0	0.0	0.0	0.0	1.0	0.0	0.489108	0.541799	4.811	1.0
				0

				新式栈桥架设-1/栈桥梁12联结-1/栈桥梁一装配体-1/JB3aG3（工作边异性鱼尾板）-2
				JB3aG3（工作边异性鱼尾板）.SLDPRT
				1.0	0.0	0.0	0.0	0.0	1.0	0.0	0.0	0.0	0.0	1.0	0.0	0.338256	0.515769	4.305	1.0
				0

				新式栈桥架设-1/栈桥梁12联结-1/栈桥梁一装配体-1/梁体一橡胶垫板-3
				梁体一橡胶垫板.SLDPRT
				1.2837E-16	0.0	1.0	0.0	1.0	0.0	-1.2837E-16	0.0	0.0	1.0	0.0	0.0	-1.07373	0.449527	-4.46299	1.0
				0

				新式栈桥架设-1/栈桥梁12联结-1/栈桥梁一装配体-1/JB1bX（1416短轨）-3
				JB1bX（1416短轨）.SLDPRT
				-1.0	0.0	0.0	0.0	0.0	1.0	0.0	0.0	0.0	0.0	-1.0	0.0	0.385256	0.524027	-4.554	1.0
				0

				新式栈桥架设-1/栈桥梁12联结-1/栈桥梁一装配体-1/JB3bG（562鱼尾板）-2
				JB3bG（562鱼尾板）.SLDPRT
				-1.0	3.08149E-33	6.19544E-18	0.0	1.70582E-33	1.0	-2.22045E-16	0.0	-6.19544E-18	-2.22045E-16	-1.0	0.0	0.446256	0.469427	-4.253	1.0
				0

				新式栈桥架设-1/栈桥梁12联结-1/栈桥梁一装配体-1/JB3bG（562鱼尾板）-1
				JB3bG（562鱼尾板）.SLDPRT
				1.0	0.0	0.0	0.0	0.0	1.0	0.0	0.0	0.0	0.0	1.0	0.0	0.324256	0.469427	-4.819	1.0
				0

				新式栈桥架设-1/栈桥梁12联结-1/栈桥梁一装配体-1/梁一橡胶板140×6×1383-1
				梁一橡胶板140×6×1383.SLDPRT
				0.0	0.0	1.0	0.0	1.0	0.0	0.0	0.0	0.0	1.0	0.0	0.0	0.317256	0.449527	-5.928	1.0
				0

				新式栈桥架设-1/栈桥梁12联结-1/栈桥梁一装配体-1/梁一钢垫板140×6×1383-2
				梁一钢垫板140×6×1383.SLDPRT
				6.93889E-18	0.0	1.0	0.0	1.0	0.0	-6.93889E-18	0.0	0.0	1.0	0.0	0.0	0.317256	0.443527	-5.928	1.0
				0

				新式栈桥架设-1/栈桥梁12联结-1/栈桥梁一装配体-1/JB6Xb-1
				JB6Xb.SLDPRT
				1.0	0.0	0.0	0.0	0.0	0.0	-1.0	0.0	0.0	1.0	0.0	0.0	0.236256	0.443527	-5.93	1.0
				0

				新式栈桥架设-1/栈桥梁12联结-1/栈桥梁一装配体-1/JB1a（1416短轨）-1
				JB1a（1416短轨）.SLDPRT
				1.0	0.0	0.0	0.0	0.0	1.0	0.0	0.0	0.0	0.0	1.0	0.0	0.386543	0.533027	4.60097	1.0
				0

				新式栈桥架设-1/栈桥梁12联结-1/栈桥梁一装配体-1/钢垫板140×18×1391-1
				钢垫板140×18×1391.SLDPRT
				-1.11022E-16	0.0	-1.0	0.0	-1.0	0.0	1.11022E-16	0.0	0.0	1.0	0.0	0.0	0.345428	0.455527	5.92237	1.0
				0

				新式栈桥架设-1/栈桥梁12联结-1/栈桥梁一装配体-1/梁体一橡胶垫板-1
				梁体一橡胶垫板.SLDPRT
				1.2837E-16	0.0	1.0	0.0	1.0	0.0	-1.2837E-16	0.0	0.0	1.0	0.0	0.0	0.431269	0.449527	-4.46299	1.0
				0

				新式栈桥架设-1/栈桥梁12联结-1/栈桥梁一装配体-1/钢垫板300×18×160-1
				钢垫板300×18×160.SLDPRT
				1.0	0.0	0.0	0.0	0.0	0.0	-1.0	0.0	0.0	1.0	0.0	0.0	0.236256	0.443527	6.145	1.0
				0

				新式栈桥架设-1/栈桥梁12联结-1/栈桥梁一装配体-1/JB6Xa-1
				JB6Xa.SLDPRT
				1.0	0.0	0.0	0.0	0.0	0.0	-1.0	0.0	0.0	1.0	0.0	0.0	0.236256	0.461527	6.145	1.0
				0

				新式栈桥架设-1/栈桥梁12联结-1/栈桥梁一装配体-1/栈桥梁一梁体-1
				栈桥梁一梁体.SLDPRT
				1.0	0.0	0.0	0.0	0.0	1.0	0.0	0.0	0.0	0.0	1.0	0.0	-1.29374	-0.254473	-6.25	1.0
				0

				新式栈桥架设-1/栈桥梁12联结-1/栈桥梁一装配体-1/钢垫板300×18×160-2
				钢垫板300×18×160.SLDPRT
				1.0	0.0	0.0	0.0	0.0	0.0	-1.0	0.0	0.0	1.0	0.0	0.0	-1.26874	0.443527	6.145	1.0
				0

				新式栈桥架设-1/栈桥梁12联结-1/栈桥梁一装配体-1/梁一钢垫板140×6×1383-4
				梁一钢垫板140×6×1383.SLDPRT
				6.93889E-18	0.0	1.0	0.0	1.0	0.0	-6.93889E-18	0.0	0.0	1.0	0.0	0.0	-1.18774	0.443527	-5.928	1.0
				0

				新式栈桥架设-1/栈桥梁12联结-1/栈桥梁一装配体-1/JB1a（1416短轨）-3
				JB1a（1416短轨）.SLDPRT
				1.0	0.0	0.0	0.0	0.0	1.0	0.0	0.0	0.0	0.0	1.0	0.0	-1.11846	0.533027	4.60097	1.0
				0

				新式栈桥架设-1/栈桥梁12联结-1/栈桥梁一装配体-1/钢垫板140×18×1391-3
				钢垫板140×18×1391.SLDPRT
				-1.11022E-16	0.0	-1.0	0.0	-1.0	0.0	1.11022E-16	0.0	0.0	1.0	0.0	0.0	-1.15957	0.455527	5.92237	1.0
				0

				新式栈桥架设-1/栈桥梁12联结-1/栈桥梁一装配体-1/JB11XG（9105短轨）-3
				JB11XG（9105短轨）.SLDPRT
				1.0	0.0	0.0	0.0	0.0	1.0	0.0	0.0	0.0	0.0	1.0	0.0	-1.11974	0.524027	-4.529	1.0
				0

				新式栈桥架设-1/栈桥梁12联结-1/栈桥梁一装配体-1/JB6Xa-3
				JB6Xa.SLDPRT
				1.0	0.0	0.0	0.0	0.0	0.0	-1.0	0.0	0.0	1.0	0.0	0.0	-1.26874	0.461527	6.145	1.0
				0

				新式栈桥架设-1/栈桥梁12联结-1/栈桥梁一装配体-1/梁一橡胶板140×6×1383-3
				梁一橡胶板140×6×1383.SLDPRT
				0.0	0.0	1.0	0.0	1.0	0.0	0.0	0.0	0.0	1.0	0.0	0.0	-1.18774	0.449527	-5.928	1.0
				0

				新式栈桥架设-1/栈桥梁12联结-1/栈桥梁一装配体-1/JB3aG4（非工作边异性鱼尾板）-3
				JB3aG4（非工作边异性鱼尾板）.SLDPRT
				1.0	0.0	0.0	0.0	0.0	1.0	0.0	0.0	0.0	0.0	1.0	0.0	-1.01641	0.541799	4.811	1.0
				0

				新式栈桥架设-1/栈桥梁12联结-1/栈桥梁一装配体-1/JB3bG（562鱼尾板）-6
				JB3bG（562鱼尾板）.SLDPRT
				-1.0	3.08149E-33	6.19544E-18	0.0	1.70582E-33	1.0	-2.22045E-16	0.0	-6.19544E-18	-2.22045E-16	-1.0	0.0	-1.05874	0.469427	-4.253	1.0
				0

				新式栈桥架设-1/栈桥梁12联结-1/栈桥梁一装配体-1/JB3bG（562鱼尾板）-5
				JB3bG（562鱼尾板）.SLDPRT
				1.0	0.0	0.0	0.0	0.0	1.0	0.0	0.0	0.0	0.0	1.0	0.0	-1.18074	0.469427	-4.819	1.0
				0

				新式栈桥架设-1/栈桥梁12联结-1/栈桥梁一装配体-1/JB6Xb-3
				JB6Xb.SLDPRT
				1.0	0.0	0.0	0.0	0.0	0.0	-1.0	0.0	0.0	1.0	0.0	0.0	-1.26874	0.443527	-5.93	1.0
				0

				新式栈桥架设-1/栈桥梁12联结-1/栈桥梁一装配体-1/JB1bX（1416短轨）-5
				JB1bX（1416短轨）.SLDPRT
				-1.0	0.0	0.0	0.0	0.0	1.0	0.0	0.0	0.0	0.0	-1.0	0.0	-1.11974	0.524027	-4.554	1.0
				0



		新式栈桥架设-1/栈桥梁支座的底座-2
		栈桥梁支座的底座.SLDPRT
		-1.05471E-15	-1.38001E-31	1.0	0.0	1.0	-4.68985E-16	1.05471E-15	0.0	4.68985E-16	1.0	6.32645E-31	0.0	23.4971	1.44141	0.455	1.0
		0

		新式栈桥架设-1/固定支座下摆-3
		固定支座下摆.SLDPRT
		-1.05471E-15	-1.38001E-31	1.0	0.0	1.0	-4.68985E-16	1.05471E-15	0.0	4.68985E-16	1.0	6.32645E-31	0.0	23.5571	1.80341	-1.05	1.0
		0

		新式栈桥架设-1/栈桥梁支座的底座-1
		栈桥梁支座的底座.SLDPRT
		-1.05471E-15	-1.38001E-31	1.0	0.0	1.0	-4.68985E-16	1.05471E-15	0.0	4.68985E-16	1.0	6.32645E-31	0.0	23.4971	1.44141	-1.05	1.0
		0

		新式栈桥架设-1/三号固定墩-1
		三号固定墩.SLDASM
		1.0	0.0	0.0	0.0	0.0	1.0	0.0	0.0	0.0	0.0	1.0	0.0	-1.61324	-2.79852	2.125	1.0
		100
			新式栈桥架设-1/三号固定墩-1/1：基本杆件-6
			1：基本杆件.SLDPRT
			1.0	0.0	0.0	0.0	0.0	1.0	0.0	0.0	0.0	0.0	1.0	0.0	-1.79139	-0.114074	-1.6	1.0
			0

			新式栈桥架设-1/三号固定墩-1/1：基本杆件-5
			1：基本杆件.SLDPRT
			1.0	0.0	0.0	0.0	0.0	1.0	0.0	0.0	0.0	0.0	1.0	0.0	-1.79139	-0.114074	-1.35	1.0
			0

			新式栈桥架设-1/三号固定墩-1/1：基本杆件-4
			1：基本杆件.SLDPRT
			0.0	0.0	1.0	0.0	2.06614E-23	1.0	0.0	0.0	-1.0	-2.06614E-23	0.0	0.0	-0.816393	0.147926	-3.125	1.0
			0

			新式栈桥架设-1/三号固定墩-1/1：基本杆件-3
			1：基本杆件.SLDPRT
			0.0	0.0	1.0	0.0	2.06614E-23	1.0	0.0	0.0	-1.0	-2.06614E-23	0.0	0.0	0.933607	0.147926	-3.125	1.0
			0

			新式栈桥架设-1/三号固定墩-1/1：基本杆件-2
			1：基本杆件.SLDPRT
			1.0	0.0	0.0	0.0	0.0	1.0	0.0	0.0	0.0	0.0	1.0	0.0	-1.79139	-0.114074	0.15	1.0
			0

			新式栈桥架设-1/三号固定墩-1/1：基本杆件-1
			1：基本杆件.SLDPRT
			1.0	0.0	0.0	0.0	0.0	1.0	0.0	0.0	0.0	0.0	1.0	0.0	-1.79139	-0.114074	-0.1	1.0
			0

			新式栈桥架设-1/三号固定墩-1/1：基本杆件-8
			1：基本杆件.SLDPRT
			1.0	0.0	0.0	0.0	0.0	1.0	0.0	0.0	0.0	0.0	1.0	0.0	-1.79139	-0.114074	-3.1	1.0
			0

			新式栈桥架设-1/三号固定墩-1/1：基本杆件-7
			1：基本杆件.SLDPRT
			1.0	0.0	0.0	0.0	0.0	1.0	0.0	0.0	0.0	0.0	1.0	0.0	-1.79139	-0.114074	-2.85	1.0
			0

			新式栈桥架设-1/三号固定墩-1/3：辅助杆件-8
			3：辅助杆件.SLDPRT
			0.0	-1.0	-5.92356E-17	0.0	1.0	-4.46553E-36	7.53859E-20	0.0	-7.53859E-20	-5.92356E-17	1.0	0.0	0.702607	2.17193	-3.725	1.0
			0

			新式栈桥架设-1/三号固定墩-1/3：辅助杆件-10
			3：辅助杆件.SLDPRT
			1.22474E-16	-1.0	-5.92356E-17	0.0	1.0	1.22474E-16	-6.82332E-10	0.0	6.82332E-10	-5.92356E-17	1.0	0.0	0.702607	3.67193	-0.725	1.0
			0

			新式栈桥架设-1/三号固定墩-1/3：辅助杆件-9
			3：辅助杆件.SLDPRT
			1.22474E-16	-1.0	-5.92356E-17	0.0	1.0	1.22474E-16	-6.82332E-10	0.0	6.82332E-10	-5.92356E-17	1.0	0.0	0.702607	3.67193	-3.725	1.0
			0

			新式栈桥架设-1/三号固定墩-1/3：辅助杆件-15
			3：辅助杆件.SLDPRT
			1.22474E-16	-1.0	-5.92356E-17	0.0	1.0	1.22474E-16	-6.82332E-10	0.0	6.82332E-10	-5.92356E-17	1.0	0.0	-1.04739	3.67193	-2.225	1.0
			0

			新式栈桥架设-1/三号固定墩-1/3：辅助杆件-14
			3：辅助杆件.SLDPRT
			0.0	-1.0	-5.92356E-17	0.0	1.0	-4.46553E-36	7.53859E-20	0.0	-7.53859E-20	-5.92356E-17	1.0	0.0	-1.04739	2.17193	-2.225	1.0
			0

			新式栈桥架设-1/三号固定墩-1/3：辅助杆件-7
			3：辅助杆件.SLDPRT
			1.22474E-16	-1.0	-5.92356E-17	0.0	1.0	1.22474E-16	-6.82332E-10	0.0	6.82332E-10	-5.92356E-17	1.0	0.0	0.702607	3.67193	-2.225	1.0
			0

			新式栈桥架设-1/三号固定墩-1/3：辅助杆件-6
			3：辅助杆件.SLDPRT
			0.0	-1.0	-5.92356E-17	0.0	1.0	-4.46553E-36	7.53859E-20	0.0	-7.53859E-20	-5.92356E-17	1.0	0.0	0.702607	2.17193	-2.225	1.0
			0

			新式栈桥架设-1/三号固定墩-1/3：辅助杆件-5
			3：辅助杆件.SLDPRT
			5.42101E-20	3.73508E-17	1.0	0.0	2.97785E-23	1.0	-3.73779E-17	0.0	-1.0	1.00129E-18	-1.0842E-19	0.0	-0.816393	0.409926	-1.125	1.0
			0

			新式栈桥架设-1/三号固定墩-1/3：辅助杆件-13
			3：辅助杆件.SLDPRT
			1.22474E-16	-1.0	-5.92356E-17	0.0	1.0	1.22474E-16	-6.82332E-10	0.0	6.82332E-10	-5.92356E-17	1.0	0.0	-1.04739	3.67193	-3.725	1.0
			0

			新式栈桥架设-1/三号固定墩-1/3：辅助杆件-12
			3：辅助杆件.SLDPRT
			0.0	-1.0	-5.92356E-17	0.0	1.0	-4.46553E-36	7.53859E-20	0.0	-7.53859E-20	-5.92356E-17	1.0	0.0	-1.04739	2.17193	-3.725	1.0
			0

			新式栈桥架设-1/三号固定墩-1/3：辅助杆件-11
			3：辅助杆件.SLDPRT
			0.0	-1.0	-5.92356E-17	0.0	1.0	-4.46553E-36	7.53859E-20	0.0	-7.53859E-20	-5.92356E-17	1.0	0.0	0.702607	2.17193	-0.725	1.0
			0

			新式栈桥架设-1/三号固定墩-1/3：辅助杆件-16
			3：辅助杆件.SLDPRT
			0.0	-1.0	-5.92356E-17	0.0	1.0	-4.46553E-36	7.53859E-20	0.0	-7.53859E-20	-5.92356E-17	1.0	0.0	-1.04739	2.17193	-0.725	1.0
			0

			新式栈桥架设-1/三号固定墩-1/1：基本杆件-10
			1：基本杆件.SLDPRT
			1.0	0.0	0.0	0.0	0.0	1.0	0.0	0.0	0.0	0.0	1.0	0.0	-1.79139	-0.114074	-4.35	1.0
			0

			新式栈桥架设-1/三号固定墩-1/3：辅助杆件-4
			3：辅助杆件.SLDPRT
			5.42101E-20	3.73508E-17	1.0	0.0	2.97785E-23	1.0	-3.73779E-17	0.0	-1.0	1.00129E-18	-1.0842E-19	0.0	0.933607	0.409926	-1.125	1.0
			0

			新式栈桥架设-1/三号固定墩-1/1：基本杆件-12
			1：基本杆件.SLDPRT
			0.0	0.0	1.0	0.0	0.0	1.0	0.0	0.0	-1.0	0.0	0.0	0.0	-0.816393	0.409926	-4.625	1.0
			0

			新式栈桥架设-1/三号固定墩-1/1：基本杆件-11
			1：基本杆件.SLDPRT
			0.0	0.0	1.0	0.0	0.0	1.0	0.0	0.0	-1.0	0.0	0.0	0.0	0.933607	0.409926	-4.625	1.0
			0

			新式栈桥架设-1/三号固定墩-1/3：辅助杆件-2
			3：辅助杆件.SLDPRT
			0.0	0.0	-1.0	0.0	0.0	1.0	0.0	0.0	1.0	0.0	0.0	0.0	0.733607	0.147926	-3.125	1.0
			0

			新式栈桥架设-1/三号固定墩-1/3：辅助杆件-3
			3：辅助杆件.SLDPRT
			0.0	0.0	-1.0	0.0	0.0	1.0	0.0	0.0	1.0	0.0	0.0	0.0	-1.01639	0.147926	-3.125	1.0
			0

			新式栈桥架设-1/三号固定墩-1/1：基本杆件-9
			1：基本杆件.SLDPRT
			1.0	0.0	0.0	0.0	0.0	1.0	0.0	0.0	0.0	0.0	1.0	0.0	-1.79139	-0.114074	-4.6	1.0
			0

			新式栈桥架设-1/三号固定墩-1/8：T型节点板-4
			8：T型节点板.SLDPRT
			0.0	-1.0	-9.99499E-20	0.0	-1.22515E-16	-3.68459E-20	-1.0	0.0	1.0	0.0	-1.22515E-16	0.0	-0.785393	1.27193	-0.527797	1.0
			0

			新式栈桥架设-1/三号固定墩-1/8：T型节点板-3
			8：T型节点板.SLDPRT
			0.0	-1.0	-3.68459E-20	0.0	0.0	3.68459E-20	1.0	0.0	-1.0	0.0	0.0	0.0	0.702607	1.27193	-0.725	1.0
			0

			新式栈桥架设-1/三号固定墩-1/8：T型节点板-2
			8：T型节点板.SLDPRT
			0.0	-1.0	0.0	0.0	1.0	0.0	0.0	0.0	0.0	0.0	1.0	0.0	0.733607	1.27193	-2.119	1.0
			0

			新式栈桥架设-1/三号固定墩-1/9：拼接板-2
			9：拼接板.SLDPRT
			1.22465E-16	0.0	-1.0	0.0	-1.0	0.0	-1.22465E-16	0.0	0.0	1.0	0.0	0.0	-0.816393	0.671926	-0.8975	1.0
			0

			新式栈桥架设-1/三号固定墩-1/8：T型节点板-7
			8：T型节点板.SLDPRT
			0.0	-1.0	-9.99499E-20	0.0	-1.22515E-16	-3.68459E-20	-1.0	0.0	1.0	0.0	-1.22515E-16	0.0	-0.785393	3.27193	-0.527797	1.0
			0

			新式栈桥架设-1/三号固定墩-1/8：T型节点板-5
			8：T型节点板.SLDPRT
			0.0	-1.0	0.0	0.0	1.0	0.0	0.0	0.0	0.0	0.0	1.0	0.0	0.733607	3.27193	-2.119	1.0
			0

			新式栈桥架设-1/三号固定墩-1/5：2米节间斜拉撑-2
			5：2米节间斜拉撑.SLDPRT
			-0.61006	0.792356	1.47826E-16	0.0	0.792356	0.61006	-1.13295E-16	0.0	-1.80055E-16	4.80402E-17	-1.0	0.0	0.624309	1.24173	-0.635	1.0
			0

			新式栈桥架设-1/三号固定墩-1/8：T型节点板-8
			8：T型节点板.SLDPRT
			0.0	-1.0	-3.68459E-20	0.0	0.0	3.68459E-20	1.0	0.0	-1.0	0.0	0.0	0.0	0.702607	3.27193	-0.725	1.0
			0

			新式栈桥架设-1/三号固定墩-1/3：辅助杆件-17
			3：辅助杆件.SLDPRT
			1.22474E-16	-1.0	-5.92356E-17	0.0	1.0	1.22474E-16	-6.82332E-10	0.0	6.82332E-10	-5.92356E-17	1.0	0.0	-1.04739	3.67193	-0.725	1.0
			0

			新式栈桥架设-1/三号固定墩-1/5：2米节间斜拉撑-1
			5：2米节间斜拉撑.SLDPRT
			0.61006	0.792356	-1.75522E-16	0.0	-0.792356	0.61006	8.7323E-17	0.0	1.7627E-16	8.58037E-17	1.0	0.0	-0.707096	1.24173	-0.615	1.0
			0

			新式栈桥架设-1/三号固定墩-1/4：水平拉撑-2
			4：水平拉撑.SLDPRT
			1.0	0.0	0.0	0.0	0.0	1.0	0.0	0.0	0.0	0.0	1.0	0.0	-0.752393	1.13193	-0.617797	1.0
			0

			新式栈桥架设-1/三号固定墩-1/4：水平拉撑-1
			4：水平拉撑.SLDPRT
			1.22465E-16	0.0	-1.0	0.0	0.0	1.0	0.0	0.0	1.0	0.0	1.22465E-16	0.0	0.843607	1.13193	-0.664	1.0
			0

			新式栈桥架设-1/三号固定墩-1/4：水平拉撑-4
			4：水平拉撑.SLDPRT
			1.0	0.0	0.0	0.0	0.0	1.0	0.0	0.0	0.0	0.0	1.0	0.0	-0.752393	3.13193	-0.617797	1.0
			0

			新式栈桥架设-1/三号固定墩-1/4：水平拉撑-3
			4：水平拉撑.SLDPRT
			1.22465E-16	0.0	-1.0	0.0	0.0	1.0	0.0	0.0	1.0	0.0	1.22465E-16	0.0	0.843607	3.13193	-0.664	1.0
			0

			新式栈桥架设-1/三号固定墩-1/8：T型节点板-6
			8：T型节点板.SLDPRT
			-4.33681E-19	1.0	-1.22505E-16	0.0	1.0	4.33681E-19	2.1851E-16	0.0	2.1851E-16	-1.22505E-16	-1.0	0.0	0.733607	3.07193	-0.631	1.0
			0

			新式栈桥架设-1/三号固定墩-1/9：拼接板-1
			9：拼接板.SLDPRT
			1.22465E-16	0.0	-1.0	0.0	-1.0	0.0	-1.22465E-16	0.0	0.0	1.0	0.0	0.0	0.933607	0.671926	-0.8975	1.0
			0

			新式栈桥架设-1/三号固定墩-1/8：T型节点板-1
			8：T型节点板.SLDPRT
			-4.33681E-19	1.0	-1.22505E-16	0.0	1.0	4.33681E-19	2.1851E-16	0.0	2.1851E-16	-1.22505E-16	-1.0	0.0	0.733607	1.07193	-0.631	1.0
			0

			新式栈桥架设-1/三号固定墩-1/5：2米节间斜拉撑-4
			5：2米节间斜拉撑.SLDPRT
			-1.47951E-16	0.792356	-0.61006	0.0	3.91589E-17	0.61006	0.792356	0.0	1.0	9.33406E-17	-1.21287E-16	0.0	0.843607	1.24173	-0.709298	1.0
			0

			新式栈桥架设-1/三号固定墩-1/5：2米节间斜拉撑-6
			5：2米节间斜拉撑.SLDPRT
			-1.47951E-16	0.792356	-0.61006	0.0	3.91589E-17	0.61006	0.792356	0.0	1.0	9.33406E-17	-1.21287E-16	0.0	-0.906393	1.24173	-0.709298	1.0
			0

			新式栈桥架设-1/三号固定墩-1/8：T型节点板-9
			8：T型节点板.SLDPRT
			-4.33681E-19	1.0	-1.22505E-16	0.0	1.0	4.33681E-19	2.1851E-16	0.0	2.1851E-16	-1.22505E-16	-1.0	0.0	-1.01639	1.07193	-0.631	1.0
			0

			新式栈桥架设-1/三号固定墩-1/5：2米节间斜拉撑-5
			5：2米节间斜拉撑.SLDPRT
			6.64487E-20	0.792356	0.61006	0.0	-1.53009E-16	0.61006	-0.792356	0.0	-1.0	-9.32918E-17	1.21278E-16	0.0	0.823607	1.24173	-2.0407	1.0
			0

			新式栈桥架设-1/三号固定墩-1/4：水平拉撑-9
			4：水平拉撑.SLDPRT
			1.22465E-16	0.0	-1.0	0.0	0.0	1.0	0.0	0.0	1.0	0.0	1.22465E-16	0.0	-0.906393	1.13193	-2.164	1.0
			0

			新式栈桥架设-1/三号固定墩-1/8：T型节点板-17
			8：T型节点板.SLDPRT
			-4.33681E-19	1.0	-1.22505E-16	0.0	1.0	4.33681E-19	2.1851E-16	0.0	2.1851E-16	-1.22505E-16	-1.0	0.0	-1.01639	1.07193	-2.131	1.0
			0

			新式栈桥架设-1/三号固定墩-1/4：水平拉撑-8
			4：水平拉撑.SLDPRT
			1.0	0.0	0.0	0.0	0.0	1.0	0.0	0.0	0.0	0.0	1.0	0.0	-0.752393	3.13193	-2.1178	1.0
			0

			新式栈桥架设-1/三号固定墩-1/5：2米节间斜拉撑-8
			5：2米节间斜拉撑.SLDPRT
			-0.61006	0.792356	1.47826E-16	0.0	0.792356	0.61006	-1.13295E-16	0.0	-1.80055E-16	4.80402E-17	-1.0	0.0	0.624309	1.24173	-2.135	1.0
			0

			新式栈桥架设-1/三号固定墩-1/4：水平拉撑-7
			4：水平拉撑.SLDPRT
			1.0	0.0	0.0	0.0	0.0	1.0	0.0	0.0	0.0	0.0	1.0	0.0	-0.752393	1.13193	-2.1178	1.0
			0

			新式栈桥架设-1/三号固定墩-1/8：T型节点板-16
			8：T型节点板.SLDPRT
			0.0	-1.0	-9.99499E-20	0.0	-1.22515E-16	-3.68459E-20	-1.0	0.0	1.0	0.0	-1.22515E-16	0.0	-0.785393	3.27193	-2.0278	1.0
			0

			新式栈桥架设-1/三号固定墩-1/8：T型节点板-12
			8：T型节点板.SLDPRT
			0.0	-1.0	0.0	0.0	1.0	0.0	0.0	0.0	0.0	0.0	1.0	0.0	-1.01639	3.27193	-2.119	1.0
			0

			新式栈桥架设-1/三号固定墩-1/8：T型节点板-15
			8：T型节点板.SLDPRT
			0.0	-1.0	-3.68459E-20	0.0	0.0	3.68459E-20	1.0	0.0	-1.0	0.0	0.0	0.0	0.702607	3.27193	-2.225	1.0
			0

			新式栈桥架设-1/三号固定墩-1/5：2米节间斜拉撑-9
			5：2米节间斜拉撑.SLDPRT
			0.61006	0.792356	-1.75522E-16	0.0	-0.792356	0.61006	8.7323E-17	0.0	1.7627E-16	8.58037E-17	1.0	0.0	-0.707096	1.24173	-2.115	1.0
			0

			新式栈桥架设-1/三号固定墩-1/8：T型节点板-20
			8：T型节点板.SLDPRT
			0.0	-1.0	0.0	0.0	1.0	0.0	0.0	0.0	0.0	0.0	1.0	0.0	-1.01639	3.27193	-3.619	1.0
			0

			新式栈桥架设-1/三号固定墩-1/8：T型节点板-19
			8：T型节点板.SLDPRT
			-4.33681E-19	1.0	-1.22505E-16	0.0	1.0	4.33681E-19	2.1851E-16	0.0	2.1851E-16	-1.22505E-16	-1.0	0.0	-1.01639	3.07193	-2.131	1.0
			0

			新式栈桥架设-1/三号固定墩-1/8：T型节点板-18
			8：T型节点板.SLDPRT
			0.0	-1.0	0.0	0.0	1.0	0.0	0.0	0.0	0.0	0.0	1.0	0.0	-1.01639	1.27193	-3.619	1.0
			0

			新式栈桥架设-1/三号固定墩-1/8：T型节点板-14
			8：T型节点板.SLDPRT
			0.0	-1.0	-9.99499E-20	0.0	-1.22515E-16	-3.68459E-20	-1.0	0.0	1.0	0.0	-1.22515E-16	0.0	-0.785393	1.27193	-2.0278	1.0
			0

			新式栈桥架设-1/三号固定墩-1/8：T型节点板-13
			8：T型节点板.SLDPRT
			0.0	-1.0	-3.68459E-20	0.0	0.0	3.68459E-20	1.0	0.0	-1.0	0.0	0.0	0.0	0.702607	1.27193	-2.225	1.0
			0

			新式栈桥架设-1/三号固定墩-1/4：水平拉撑-6
			4：水平拉撑.SLDPRT
			1.22465E-16	0.0	-1.0	0.0	0.0	1.0	0.0	0.0	1.0	0.0	1.22465E-16	0.0	-0.906393	3.13193	-0.664	1.0
			0

			新式栈桥架设-1/三号固定墩-1/8：T型节点板-11
			8：T型节点板.SLDPRT
			-4.33681E-19	1.0	-1.22505E-16	0.0	1.0	4.33681E-19	2.1851E-16	0.0	2.1851E-16	-1.22505E-16	-1.0	0.0	-1.01639	3.07193	-0.631	1.0
			0

			新式栈桥架设-1/三号固定墩-1/5：2米节间斜拉撑-7
			5：2米节间斜拉撑.SLDPRT
			6.64487E-20	0.792356	0.61006	0.0	-1.53009E-16	0.61006	-0.792356	0.0	-1.0	-9.32918E-17	1.21278E-16	0.0	-0.926393	1.24173	-2.0407	1.0
			0

			新式栈桥架设-1/三号固定墩-1/8：T型节点板-10
			8：T型节点板.SLDPRT
			0.0	-1.0	0.0	0.0	1.0	0.0	0.0	0.0	0.0	0.0	1.0	0.0	-1.01639	1.27193	-2.119	1.0
			0

			新式栈桥架设-1/三号固定墩-1/4：水平拉撑-5
			4：水平拉撑.SLDPRT
			1.22465E-16	0.0	-1.0	0.0	0.0	1.0	0.0	0.0	1.0	0.0	1.22465E-16	0.0	-0.906393	1.13193	-0.664	1.0
			0

			新式栈桥架设-1/三号固定墩-1/8：T型节点板-27
			8：T型节点板.SLDPRT
			0.0	-1.0	-9.99499E-20	0.0	-1.22515E-16	-3.68459E-20	-1.0	0.0	1.0	0.0	-1.22515E-16	0.0	-0.785393	1.27193	-3.5278	1.0
			0

			新式栈桥架设-1/三号固定墩-1/4：水平拉撑-13
			4：水平拉撑.SLDPRT
			1.0	0.0	0.0	0.0	0.0	1.0	0.0	0.0	0.0	0.0	1.0	0.0	-0.752393	1.13193	-3.6178	1.0
			0

			新式栈桥架设-1/三号固定墩-1/8：T型节点板-21
			8：T型节点板.SLDPRT
			-4.33681E-19	1.0	-1.22505E-16	0.0	1.0	4.33681E-19	2.1851E-16	0.0	2.1851E-16	-1.22505E-16	-1.0	0.0	0.733607	3.07193	-2.131	1.0
			0

			新式栈桥架设-1/三号固定墩-1/4：水平拉撑-10
			4：水平拉撑.SLDPRT
			1.22465E-16	0.0	-1.0	0.0	0.0	1.0	0.0	0.0	1.0	0.0	1.22465E-16	0.0	-0.906393	3.13193	-2.164	1.0
			0

			新式栈桥架设-1/三号固定墩-1/8：T型节点板-26
			8：T型节点板.SLDPRT
			0.0	-1.0	-3.68459E-20	0.0	0.0	3.68459E-20	1.0	0.0	-1.0	0.0	0.0	0.0	0.702607	1.27193	-3.725	1.0
			0

			新式栈桥架设-1/三号固定墩-1/8：T型节点板-25
			8：T型节点板.SLDPRT
			0.0	-1.0	-3.68459E-20	0.0	0.0	3.68459E-20	1.0	0.0	-1.0	0.0	0.0	0.0	0.702607	3.27193	-3.725	1.0
			0

			新式栈桥架设-1/三号固定墩-1/4：水平拉撑-12
			4：水平拉撑.SLDPRT
			1.22465E-16	0.0	-1.0	0.0	0.0	1.0	0.0	0.0	1.0	0.0	1.22465E-16	0.0	0.843607	1.13193	-2.164	1.0
			0

			新式栈桥架设-1/三号固定墩-1/8：T型节点板-24
			8：T型节点板.SLDPRT
			0.0	-1.0	0.0	0.0	1.0	0.0	0.0	0.0	0.0	0.0	1.0	0.0	0.733607	1.27193	-3.619	1.0
			0

			新式栈桥架设-1/三号固定墩-1/5：2米节间斜拉撑-13
			5：2米节间斜拉撑.SLDPRT
			6.64487E-20	0.792356	0.61006	0.0	-1.53009E-16	0.61006	-0.792356	0.0	-1.0	-9.32918E-17	1.21278E-16	0.0	0.823607	1.24173	-3.5407	1.0
			0

			新式栈桥架设-1/三号固定墩-1/5：2米节间斜拉撑-12
			5：2米节间斜拉撑.SLDPRT
			-1.47951E-16	0.792356	-0.61006	0.0	3.91589E-17	0.61006	0.792356	0.0	1.0	9.33406E-17	-1.21287E-16	0.0	0.843607	1.24173	-2.2093	1.0
			0

			新式栈桥架设-1/三号固定墩-1/8：T型节点板-23
			8：T型节点板.SLDPRT
			-4.33681E-19	1.0	-1.22505E-16	0.0	1.0	4.33681E-19	2.1851E-16	0.0	2.1851E-16	-1.22505E-16	-1.0	0.0	0.733607	1.07193	-2.131	1.0
			0

			新式栈桥架设-1/三号固定墩-1/4：水平拉撑-11
			4：水平拉撑.SLDPRT
			1.22465E-16	0.0	-1.0	0.0	0.0	1.0	0.0	0.0	1.0	0.0	1.22465E-16	0.0	0.843607	3.13193	-2.164	1.0
			0

			新式栈桥架设-1/三号固定墩-1/8：T型节点板-22
			8：T型节点板.SLDPRT
			0.0	-1.0	0.0	0.0	1.0	0.0	0.0	0.0	0.0	0.0	1.0	0.0	0.733607	3.27193	-3.619	1.0
			0

			新式栈桥架设-1/三号固定墩-1/5：2米节间斜拉撑-11
			5：2米节间斜拉撑.SLDPRT
			-1.47951E-16	0.792356	-0.61006	0.0	3.91589E-17	0.61006	0.792356	0.0	1.0	9.33406E-17	-1.21287E-16	0.0	-0.906393	1.24173	-2.2093	1.0
			0

			新式栈桥架设-1/三号固定墩-1/5：2米节间斜拉撑-10
			5：2米节间斜拉撑.SLDPRT
			6.64487E-20	0.792356	0.61006	0.0	-1.53009E-16	0.61006	-0.792356	0.0	-1.0	-9.32918E-17	1.21278E-16	0.0	-0.926393	1.24173	-3.5407	1.0
			0

			新式栈桥架设-1/三号固定墩-1/8：T型节点板-28
			8：T型节点板.SLDPRT
			0.0	-1.0	-9.99499E-20	0.0	-1.22515E-16	-3.68459E-20	-1.0	0.0	1.0	0.0	-1.22515E-16	0.0	-0.785393	3.27193	-3.5278	1.0
			0

			新式栈桥架设-1/三号固定墩-1/5：2米节间斜拉撑-15
			5：2米节间斜拉撑.SLDPRT
			-0.61006	0.792356	1.47826E-16	0.0	0.792356	0.61006	-1.13295E-16	0.0	-1.80055E-16	4.80402E-17	-1.0	0.0	0.624309	1.24173	-3.635	1.0
			0

			新式栈桥架设-1/三号固定墩-1/5：2米节间斜拉撑-14
			5：2米节间斜拉撑.SLDPRT
			0.61006	0.792356	-1.75522E-16	0.0	-0.792356	0.61006	8.7323E-17	0.0	1.7627E-16	8.58037E-17	1.0	0.0	-0.707096	1.24173	-3.615	1.0
			0

			新式栈桥架设-1/三号固定墩-1/2：辅助杆件-7
			2：辅助杆件.SLDPRT
			1.0	0.0	0.0	0.0	0.0	1.0	0.0	0.0	0.0	0.0	1.0	0.0	-1.04139	3.93393	-2.225	1.0
			0

			新式栈桥架设-1/三号固定墩-1/2：辅助杆件-6
			2：辅助杆件.SLDPRT
			1.0	1.01795E-16	-6.82332E-10	0.0	-1.01795E-16	1.0	6.11952E-17	0.0	6.82332E-10	-6.11952E-17	1.0	0.0	-1.04139	3.67193	-2.225	1.0
			0

			新式栈桥架设-1/三号固定墩-1/2：辅助杆件-5
			2：辅助杆件.SLDPRT
			1.0	0.0	0.0	0.0	0.0	1.0	0.0	0.0	0.0	0.0	1.0	0.0	-1.04139	3.93393	-3.725	1.0
			0

			新式栈桥架设-1/三号固定墩-1/1：基本杆件-14
			1：基本杆件.SLDPRT
			0.0	0.0	-1.0	0.0	0.0	1.0	0.0	0.0	1.0	0.0	0.0	0.0	0.108607	4.19593	-0.375	1.0
			0

			新式栈桥架设-1/三号固定墩-1/1：基本杆件-13
			1：基本杆件.SLDPRT
			0.0	0.0	-1.0	0.0	0.0	1.0	0.0	0.0	1.0	0.0	0.0	0.0	0.358607	4.19593	-0.375	1.0
			0

			新式栈桥架设-1/三号固定墩-1/2：辅助杆件-9
			2：辅助杆件.SLDPRT
			1.0	0.0	0.0	0.0	0.0	1.0	0.0	0.0	0.0	0.0	1.0	0.0	-1.04139	3.93393	-0.725	1.0
			0

			新式栈桥架设-1/三号固定墩-1/2：辅助杆件-8
			2：辅助杆件.SLDPRT
			1.0	1.01795E-16	-6.82332E-10	0.0	-1.01795E-16	1.0	6.11952E-17	0.0	6.82332E-10	-6.11952E-17	1.0	0.0	-1.04139	3.67193	-0.725	1.0
			0

			新式栈桥架设-1/三号固定墩-1/2：辅助杆件-4
			2：辅助杆件.SLDPRT
			1.0	1.01795E-16	-6.82332E-10	0.0	-1.01795E-16	1.0	6.11952E-17	0.0	6.82332E-10	-6.11952E-17	1.0	0.0	-1.04139	3.67193	-3.725	1.0
			0

			新式栈桥架设-1/三号固定墩-1/4：水平拉撑-14
			4：水平拉撑.SLDPRT
			1.0	0.0	0.0	0.0	0.0	1.0	0.0	0.0	0.0	0.0	1.0	0.0	-0.752393	3.13193	-3.6178	1.0
			0

			新式栈桥架设-1/三号固定墩-1/固定墩活动支座垫块之一-2
			固定墩活动支座垫块之一.SLDPRT
			1.22465E-16	0.0	1.0	0.0	1.0	0.0	-1.22465E-16	0.0	0.0	1.0	0.0	0.0	0.108607	4.45793	-1.725	1.0
			0

			新式栈桥架设-1/三号固定墩-1/固定墩活动支座垫块之一-1
			固定墩活动支座垫块之一.SLDPRT
			1.22465E-16	0.0	1.0	0.0	1.0	0.0	-1.22465E-16	0.0	0.0	1.0	0.0	0.0	0.108607	4.45793	-3.225	1.0
			0

			新式栈桥架设-1/三号固定墩-1/2：辅助杆件-11
			2：辅助杆件.SLDPRT
			1.0	0.0	0.0	0.0	0.0	1.0	0.0	0.0	0.0	0.0	1.0	0.0	-1.04139	3.93393	-3.725	1.0
			0

			新式栈桥架设-1/三号固定墩-1/2：辅助杆件-10
			2：辅助杆件.SLDPRT
			1.0	1.01795E-16	-6.82332E-10	0.0	-1.01795E-16	1.0	6.11952E-17	0.0	6.82332E-10	-6.11952E-17	1.0	0.0	-1.04139	3.67193	-3.725	1.0
			0

			新式栈桥架设-1/三号固定墩-1/1：基本杆件-16
			1：基本杆件.SLDPRT
			0.0	0.0	-1.0	0.0	0.0	1.0	0.0	0.0	1.0	0.0	0.0	0.0	-0.641393	4.19593	-0.375	1.0
			0

			新式栈桥架设-1/三号固定墩-1/1：基本杆件-15
			1：基本杆件.SLDPRT
			0.0	0.0	-1.0	0.0	0.0	1.0	0.0	0.0	1.0	0.0	0.0	0.0	-0.391393	4.19593	-0.375	1.0
			0


		新式栈桥架设-1/活动支座下摆-3
		活动支座下摆.SLDPRT
		4.38851E-17	-1.45717E-16	-1.0	0.0	-1.0	-1.83283E-20	-4.38851E-17	0.0	-1.83283E-20	1.0	-1.45717E-16	0.0	11.6084	1.80341	-0.44921	1.0
		0

		新式栈桥架设-1/固定支座下摆-1
		固定支座下摆.SLDPRT
		4.38851E-17	-1.45717E-16	-1.0	0.0	-1.0	-1.83283E-20	-4.38851E-17	0.0	-1.83283E-20	1.0	-1.45717E-16	0.0	11.1334	1.80341	-0.44921	1.0
		0

		新式栈桥架设-1/二号升降墩-1
		二号升降墩.SLDASM
		-0.0151909	0.0350639	-0.99927	0.0	0.00197894	0.999384	0.0350378	0.0	0.999883	-0.00144524	-0.0152509	0.0	9.61785	-1.16929	1.2557	1.0
		68
			新式栈桥架设-1/二号升降墩-1/斜撑杆GI-1.2#-3
			斜撑杆GI-1.2#.SLDPRT
			0.0151909	-0.00197894	-0.999883	0.0	0.642019	-0.766606	0.0112712	0.0	-0.766538	-0.642115	-0.0103749	0.0	-0.356559	1.65714	0.406388	1.0
			0

			新式栈桥架设-1/二号升降墩-1/帽梁GD-2-4
			帽梁GD-2.SLDPRT
			0.99927	-0.0350378	0.0152509	0.0	0.0350639	0.999384	-0.00144524	0.0	-0.0151909	0.00197894	0.999883	0.0	3.65751	0.364849	0.121889	1.0
			0

			新式栈桥架设-1/二号升降墩-1/帽梁GD-2-3
			帽梁GD-2.SLDPRT
			0.99927	-0.0350378	0.0152509	0.0	0.0350639	0.999384	-0.00144524	0.0	-0.0151909	0.00197894	0.999883	0.0	2.1586	0.417406	0.0990129	1.0
			0

			新式栈桥架设-1/二号升降墩-1/垫梁GC-2-2
			垫梁GC-2.SLDPRT
			-0.0151909	0.00197894	0.999883	0.0	0.0350639	0.999384	-0.00144524	0.0	-0.99927	0.0350378	-0.0152509	0.0	3.766	0.642144	0.764564	1.0
			0

			新式栈桥架设-1/二号升降墩-1/墩柱GB-2-1
			墩柱GB-2.SLDPRT
			-0.0151909	0.00197894	0.999883	0.0	-0.99927	0.0350378	-0.0152509	0.0	-0.0350639	-0.999384	0.00144524	0.0	2.97334	2.45062	0.465909	1.0
			0

			新式栈桥架设-1/二号升降墩-1/帽梁GD-2-1
			帽梁GD-2.SLDPRT
			0.99927	-0.0350378	0.0152509	0.0	0.0350639	0.999384	-0.00144524	0.0	-0.0151909	0.00197894	0.999883	0.0	-0.839205	0.522519	0.0532601	1.0
			0

			新式栈桥架设-1/二号升降墩-1/横梁GA-2-1
			横梁GA-2.SLDPRT
			0.99927	-0.0350378	0.0152509	0.0	0.0350639	0.999384	-0.00144524	0.0	-0.0151909	0.00197894	0.999883	0.0	-1.0864	2.61521	1.94409	1.0
			0

			新式栈桥架设-1/二号升降墩-1/墩柱GB-2-3
			墩柱GB-2.SLDPRT
			-0.0151909	0.00197894	0.999883	0.0	-0.99927	0.0350378	-0.0152509	0.0	-0.0350639	-0.999384	0.00144524	0.0	-0.0548483	2.55969	2.41992	1.0
			0

			新式栈桥架设-1/二号升降墩-1/墩柱GB-2-2
			墩柱GB-2.SLDPRT
			-0.0151909	0.00197894	0.999883	0.0	-0.99927	0.0350378	-0.0152509	0.0	-0.0350639	-0.999384	0.00144524	0.0	2.94296	2.45458	2.46567	1.0
			0

			新式栈桥架设-1/二号升降墩-1/节点板GJ-1-4
			节点板GJ-1.SLDPRT
			-0.99927	0.0350378	-0.0152509	0.0	0.0350639	0.999384	-0.00144524	0.0	0.0151909	-0.00197894	-0.999883	0.0	-0.0769036	2.05808	2.71261	1.0
			0

			新式栈桥架设-1/二号升降墩-1/节点板GJ-1-1
			节点板GJ-1.SLDPRT
			-0.99927	0.0350378	-0.0152509	0.0	0.0350639	0.999384	-0.00144524	0.0	0.0151909	-0.00197894	-0.999883	0.0	-0.0724679	2.0575	2.42065	1.0
			0

			新式栈桥架设-1/二号升降墩-1/斜撑杆GI-1.1#-2
			斜撑杆GI-1.1#.SLDPRT
			-0.0151909	0.00197894	0.999883	0.0	-0.825562	0.564147	-0.013659	0.0	-0.564107	-0.825672	-0.00693616	0.0	-0.319712	2.23496	2.71007	1.0
			0

			新式栈桥架设-1/二号升降墩-1/斜撑杆GI-1.1#-1
			斜撑杆GI-1.1#.SLDPRT
			0.0151909	-0.00197894	-0.999883	0.0	0.82509	-0.564836	0.0136532	0.0	-0.564797	-0.825201	-0.00694757	0.0	-0.388498	2.28457	2.4049	1.0
			0

			新式栈桥架设-1/二号升降墩-1/节点板GE-2-1
			节点板GE-2.SLDPRT
			0.99927	-0.0350378	0.0152509	0.0	0.0151909	-0.00197894	-0.999883	0.0	0.0350639	0.999384	-0.00144524	0.0	-1.20233	1.09955	2.77942	1.0
			0

			新式栈桥架设-1/二号升降墩-1/墩柱GB-2-4
			墩柱GB-2.SLDPRT
			-0.0151909	0.00197894	0.999883	0.0	-0.99927	0.0350378	-0.0152509	0.0	-0.0350639	-0.999384	0.00144524	0.0	-0.0244665	2.55573	0.420156	1.0
			0

			新式栈桥架设-1/二号升降墩-1/节点板GJ-1-6
			节点板GJ-1.SLDPRT
			-0.99927	0.0350378	-0.0152509	0.0	0.0350639	0.999384	-0.00144524	0.0	0.0151909	-0.00197894	-0.999883	0.0	-0.103202	1.30854	2.7137	1.0
			0

			新式栈桥架设-1/二号升降墩-1/节点板GJ-1-5
			节点板GJ-1.SLDPRT
			-0.99927	0.0350378	-0.0152509	0.0	0.0350639	0.999384	-0.00144524	0.0	0.0151909	-0.00197894	-0.999883	0.0	-0.0987658	1.30796	2.42173	1.0
			0

			新式栈桥架设-1/二号升降墩-1/斜撑杆GI-1.2#-2
			斜撑杆GI-1.2#.SLDPRT
			0.0151909	-0.00197894	-0.999883	0.0	0.642019	-0.766606	0.0112712	0.0	-0.766538	-0.642115	-0.0103749	0.0	-0.386941	1.6611	2.40615	1.0
			0

			新式栈桥架设-1/二号升降墩-1/斜撑杆GI-1.2#-1
			斜撑杆GI-1.2#.SLDPRT
			-0.0151909	0.00197894	0.999883	0.0	-0.641769	0.766815	-0.0112679	0.0	-0.766747	-0.641865	-0.0103786	0.0	-0.333642	1.59253	2.71113	1.0
			0

			新式栈桥架设-1/二号升降墩-1/帽梁GD-2-2
			帽梁GD-2.SLDPRT
			0.99927	-0.0350378	0.0152509	0.0	0.0350639	0.999384	-0.00144524	0.0	-0.0151909	0.00197894	0.999883	0.0	0.659699	0.469962	0.0761365	1.0
			0

			新式栈桥架设-1/二号升降墩-1/垫梁GC-2-1
			垫梁GC-2.SLDPRT
			-0.0151909	0.00197894	0.999883	0.0	0.0350639	0.999384	-0.00144524	0.0	-0.99927	0.0350378	-0.0152509	0.0	3.73562	0.646102	2.76433	1.0
			0

			新式栈桥架设-1/二号升降墩-1/节点板GE-2-2
			节点板GE-2.SLDPRT
			0.99927	-0.0350378	0.0152509	0.0	0.0151909	-0.00197894	-0.999883	0.0	0.0350639	0.999384	-0.00144524	0.0	-1.17195	1.09559	0.779657	1.0
			0

			新式栈桥架设-1/二号升降墩-1/斜撑杆GI-1.2#-4
			斜撑杆GI-1.2#.SLDPRT
			-0.0151909	0.00197894	0.999883	0.0	-0.641769	0.766815	-0.0112679	0.0	-0.766747	-0.641865	-0.0103786	0.0	-0.30326	1.58857	0.711369	1.0
			0

			新式栈桥架设-1/二号升降墩-1/节点板GJ-1-8
			节点板GJ-1.SLDPRT
			-0.99927	0.0350378	-0.0152509	0.0	0.0350639	0.999384	-0.00144524	0.0	0.0151909	-0.00197894	-0.999883	0.0	-0.0420861	2.05354	0.420882	1.0
			0

			新式栈桥架设-1/二号升降墩-1/斜撑杆GI-1.1#-5
			斜撑杆GI-1.1#.SLDPRT
			0.0151909	-0.00197894	-0.999883	0.0	-0.863445	-0.504298	-0.0121199	0.0	-0.504215	0.863527	-0.00936945	0.0	3.6728	1.02702	0.468852	1.0
			0

			新式栈桥架设-1/二号升降墩-1/斜撑杆GI-1.1#-6
			斜撑杆GI-1.1#.SLDPRT
			-0.0151909	0.00197894	0.999883	0.0	-0.861249	-0.508039	-0.0120792	0.0	0.507956	-0.861332	0.00942194	0.0	3.00007	2.16175	0.760421	1.0
			0

			新式栈桥架设-1/二号升降墩-1/节点板GJ-1-10
			节点板GJ-1.SLDPRT
			-0.99927	0.0350378	-0.0152509	0.0	0.0350639	0.999384	-0.00144524	0.0	0.0151909	-0.00197894	-0.999883	0.0	-0.0728197	1.30458	0.713932	1.0
			0

			新式栈桥架设-1/二号升降墩-1/斜撑杆GI-1.1#-3
			斜撑杆GI-1.1#.SLDPRT
			0.0151909	-0.00197894	-0.999883	0.0	0.82509	-0.564836	0.0136532	0.0	-0.564797	-0.825201	-0.00694757	0.0	-0.358116	2.28061	0.40513	1.0
			0

			新式栈桥架设-1/二号升降墩-1/节点板GJ-1-9
			节点板GJ-1.SLDPRT
			-0.99927	0.0350378	-0.0152509	0.0	0.0350639	0.999384	-0.00144524	0.0	0.0151909	-0.00197894	-0.999883	0.0	-0.0465218	2.05412	0.712848	1.0
			0

			新式栈桥架设-1/二号升降墩-1/斜撑杆GI-1.1#-4
			斜撑杆GI-1.1#.SLDPRT
			-0.0151909	0.00197894	0.999883	0.0	-0.825562	0.564147	-0.013659	0.0	-0.564107	-0.825672	-0.00693616	0.0	-0.28933	2.231	0.710309	1.0
			0

			新式栈桥架设-1/二号升降墩-1/斜撑杆GI-1.2#-6
			斜撑杆GI-1.2#.SLDPRT
			-0.0151909	0.00197894	0.999883	0.0	-0.693262	-0.720628	-0.00910626	0.0	0.720526	-0.693319	0.0123189	0.0	2.9569	1.54079	0.760994	1.0
			0

			新式栈桥架设-1/二号升降墩-1/斜撑杆GI-1.2#-5
			斜撑杆GI-1.2#.SLDPRT
			0.0151909	-0.00197894	-0.999883	0.0	-0.692005	-0.721835	-0.00908479	0.0	-0.721732	0.692062	-0.0123348	0.0	3.49903	1.02308	0.46622	1.0
			0

			新式栈桥架设-1/二号升降墩-1/节点板GJ-1-14
			节点板GJ-1.SLDPRT
			0.99927	-0.0350378	0.0152509	0.0	0.0350639	0.999384	-0.00144524	0.0	-0.0151909	0.00197894	0.999883	0.0	2.64981	1.20868	0.45145	1.0
			0

			新式栈桥架设-1/二号升降墩-1/节点板GJ-1-13
			节点板GJ-1.SLDPRT
			0.99927	-0.0350378	0.0152509	0.0	0.0350639	0.999384	-0.00144524	0.0	-0.0151909	0.00197894	0.999883	0.0	2.64538	1.20926	0.743416	1.0
			0

			新式栈桥架设-1/二号升降墩-1/节点板GJ-1-12
			节点板GJ-1.SLDPRT
			0.99927	-0.0350378	0.0152509	0.0	0.0350639	0.999384	-0.00144524	0.0	-0.0151909	0.00197894	0.999883	0.0	2.67611	1.95822	0.450366	1.0
			0

			新式栈桥架设-1/二号升降墩-1/节点板GJ-1-11
			节点板GJ-1.SLDPRT
			0.99927	-0.0350378	0.0152509	0.0	0.0350639	0.999384	-0.00144524	0.0	-0.0151909	0.00197894	0.999883	0.0	2.67167	1.95879	0.742332	1.0
			0

			新式栈桥架设-1/二号升降墩-1/节点板GJ-1-15
			节点板GJ-1.SLDPRT
			0.99927	-0.0350378	0.0152509	0.0	0.0350639	0.999384	-0.00144524	0.0	-0.0151909	0.00197894	0.999883	0.0	2.61499	1.21321	2.74318	1.0
			0

			新式栈桥架设-1/二号升降墩-1/斜撑杆GI-1.1#-7
			斜撑杆GI-1.1#.SLDPRT
			-0.0151909	0.00197894	0.999883	0.0	-0.861249	-0.508039	-0.0120792	0.0	0.507956	-0.861332	0.00942194	0.0	2.96969	2.1657	2.76019	1.0
			0

			新式栈桥架设-1/二号升降墩-1/斜撑杆GI-1.2#-7
			斜撑杆GI-1.2#.SLDPRT
			-0.0151909	0.00197894	0.999883	0.0	-0.693262	-0.720628	-0.00910626	0.0	0.720526	-0.693319	0.0123189	0.0	2.92652	1.54474	2.76076	1.0
			0

			新式栈桥架设-1/二号升降墩-1/节点板GJ-1-7
			节点板GJ-1.SLDPRT
			-0.99927	0.0350378	-0.0152509	0.0	0.0350639	0.999384	-0.00144524	0.0	0.0151909	-0.00197894	-0.999883	0.0	-0.068384	1.30401	0.421966	1.0
			0

			新式栈桥架设-1/二号升降墩-1/节点板GE-2-3
			节点板GE-2.SLDPRT
			-0.99927	0.0350378	-0.0152509	0.0	-0.0151909	0.00197894	0.999883	0.0	0.0350639	0.999384	-0.00144524	0.0	3.73154	0.922984	0.389441	1.0
			0

			新式栈桥架设-1/二号升降墩-1/节点板GE-2-4
			节点板GE-2.SLDPRT
			-0.99927	0.0350378	-0.0152509	0.0	-0.0151909	0.00197894	0.999883	0.0	0.0350639	0.999384	-0.00144524	0.0	3.70116	0.926942	2.38921	1.0
			0

			新式栈桥架设-1/二号升降墩-1/节点板GJ-1-18
			节点板GJ-1.SLDPRT
			0.99927	-0.0350378	0.0152509	0.0	0.0350639	0.999384	-0.00144524	0.0	-0.0151909	0.00197894	0.999883	0.0	2.61943	1.21264	2.45122	1.0
			0

			新式栈桥架设-1/二号升降墩-1/节点板GJ-1-17
			节点板GJ-1.SLDPRT
			0.99927	-0.0350378	0.0152509	0.0	0.0350639	0.999384	-0.00144524	0.0	-0.0151909	0.00197894	0.999883	0.0	2.64573	1.96217	2.45013	1.0
			0

			新式栈桥架设-1/二号升降墩-1/钢管桩法兰板-2
			钢管桩法兰板.SLDPRT
			0.99927	-0.0350378	0.0152509	0.0	-0.0151909	0.00197894	0.999883	0.0	-0.0350639	-0.999384	0.00144524	0.0	-1.01858	0.532424	2.55081	1.0
			0

			新式栈桥架设-1/二号升降墩-1/钢管桩法兰板-1
			钢管桩法兰板.SLDPRT
			0.99927	-0.0350378	0.0152509	0.0	-0.0151909	0.00197894	0.999883	0.0	-0.0350639	-0.999384	0.00144524	0.0	-0.988197	0.528466	0.551043	1.0
			0

			新式栈桥架设-1/二号升降墩-1/斜撑杆GI-1.1#-8
			斜撑杆GI-1.1#.SLDPRT
			0.0151909	-0.00197894	-0.999883	0.0	-0.863445	-0.504298	-0.0121199	0.0	-0.504215	0.863527	-0.00936945	0.0	3.64242	1.03098	2.46862	1.0
			0

			新式栈桥架设-1/二号升降墩-1/斜撑杆GI-1.2#-8
			斜撑杆GI-1.2#.SLDPRT
			0.0151909	-0.00197894	-0.999883	0.0	-0.692005	-0.721835	-0.00908479	0.0	-0.721732	0.692062	-0.0123348	0.0	3.46865	1.02704	2.46599	1.0
			0

			新式栈桥架设-1/二号升降墩-1/钢管桩法兰板-3
			钢管桩法兰板.SLDPRT
			0.99927	-0.0350378	0.0152509	0.0	-0.0151909	0.00197894	0.999883	0.0	-0.0350639	-0.999384	0.00144524	0.0	0.480325	0.479867	2.57369	1.0
			0

			新式栈桥架设-1/二号升降墩-1/钢管桩法兰板-5
			钢管桩法兰板.SLDPRT
			0.99927	-0.0350378	0.0152509	0.0	-0.0151909	0.00197894	0.999883	0.0	-0.0350639	-0.999384	0.00144524	0.0	3.47813	0.374754	2.61944	1.0
			0

			新式栈桥架设-1/二号升降墩-1/钢管桩法兰板-8
			钢管桩法兰板.SLDPRT
			0.99927	-0.0350378	0.0152509	0.0	-0.0151909	0.00197894	0.999883	0.0	-0.0350639	-0.999384	0.00144524	0.0	0.510707	0.47591	0.57392	1.0
			0

			新式栈桥架设-1/二号升降墩-1/钢管桩法兰板-9
			钢管桩法兰板.SLDPRT
			0.99927	-0.0350378	0.0152509	0.0	-0.0151909	0.00197894	0.999883	0.0	-0.0350639	-0.999384	0.00144524	0.0	3.50852	0.370796	0.619673	1.0
			0

			新式栈桥架设-1/二号升降墩-1/钢管桩法兰板-7
			钢管桩法兰板.SLDPRT
			0.99927	-0.0350378	0.0152509	0.0	-0.0151909	0.00197894	0.999883	0.0	-0.0350639	-0.999384	0.00144524	0.0	1.97923	0.427311	2.59656	1.0
			0

			新式栈桥架设-1/二号升降墩-1/钢管桩法兰板-10
			钢管桩法兰板.SLDPRT
			0.99927	-0.0350378	0.0152509	0.0	-0.0151909	0.00197894	0.999883	0.0	-0.0350639	-0.999384	0.00144524	0.0	2.00961	0.423353	0.596796	1.0
			0

			新式栈桥架设-1/二号升降墩-1/钢管桩法兰板-11
			钢管桩法兰板.SLDPRT
			0.99927	-0.0350378	0.0152509	0.0	-0.0151909	0.00197894	0.999883	0.0	-0.0350639	-0.999384	0.00144524	0.0	-1.01858	0.532424	2.55081	1.0
			0

			新式栈桥架设-1/二号升降墩-1/钢管桩-1
			钢管桩.SLDPRT
			0.969805	-0.0336768	0.241544	0.0	0.241347	-0.00987106	-0.970389	0.0	0.0350639	0.999384	-0.00144524	0.0	-1.08708	-1.48639	2.56871	1.0
			0

			新式栈桥架设-1/二号升降墩-1/横撑杆-2
			横撑杆.SLDPRT
			0.99927	-0.0350378	0.0152509	0.0	0.0350639	0.999384	-0.00144524	0.0	-0.0151909	0.00197894	0.999883	0.0	2.6896	1.72956	2.44326	1.0
			0

			新式栈桥架设-1/二号升降墩-1/横撑杆-1
			横撑杆.SLDPRT
			0.99927	-0.0350378	0.0152509	0.0	0.0350639	0.999384	-0.00144524	0.0	-0.0151909	0.00197894	0.999883	0.0	-0.308209	1.83468	2.3975	1.0
			0

			新式栈桥架设-1/二号升降墩-1/钢管桩-2
			钢管桩.SLDPRT
			0.969805	-0.0336768	0.241544	0.0	0.241347	-0.00987106	-0.970389	0.0	0.0350639	0.999384	-0.00144524	0.0	-1.0567	-1.49035	0.568949	1.0
			0

