

/*	1:名称	*/	3_3_12
/*	1:类型	*/	3_3\3_3_12.SLDASM
/*	1:位置	*/	1    0    0    0    0    1    0    0    0    0    1    0    0    0    0    1    
/*	1:子节点数	*/	98

        /*	2:名称	*/	3_3_0-1
        /*	2:类型	*/	3_3\3_3_ASM\3_3_0.SLDASM
        /*	2:位置	*/	1    0    0    0    0    1    0    0    0    0    1    0    0.815858    -12.0331    -2    1    
        /*	2:子节点数	*/	15

                /*	3:名称	*/	3_3_0-1/3_3下垫粱上下两层连接螺栓阵列-1
                /*	3:类型	*/	3_3\3_3_ASM\3_3下垫粱上下两层连接螺栓阵列.SLDASM
                /*	3:位置	*/	7.21645e-016    -1.11022e-016    1    0    -1    -8.32667e-017    6.10623e-016    0    2.72339e-017    -1    -4.92214e-017    0    -3.62101    -0.37888    -0.129408    1    
                /*	3:子节点数	*/	8

                        /*	4:名称	*/	3_3_0-1/3_3下垫粱上下两层连接螺栓阵列-1/下垫粱上下两层连接螺栓组合-1
                        /*	4:类型	*/	基本组合\下垫粱上下两层连接螺栓组合.SLDASM
                        /*	4:位置	*/	1    0    0    0    0    1    6.16298e-033    0    0    1.4575e-033    1    0    -0.0605921    -0.045148    -0.04    1    
                        /*	4:子节点数	*/	8

                                /*	5:名称	*/	3_3_0-1/3_3下垫粱上下两层连接螺栓阵列-1/下垫粱上下两层连接螺栓组合-1/M80螺栓-32
                                /*	5:类型	*/	基本器材\M80螺栓.SLDPRT
                                /*	5:位置	*/	1    0    0    0    0    1    6.16298e-033    0    0    1.4575e-033    1    0    4.44089e-016    0    0    1    
                                /*	5:子节点数	*/	0

                                /*	5:名称	*/	3_3_0-1/3_3下垫粱上下两层连接螺栓阵列-1/下垫粱上下两层连接螺栓组合-1/M80螺栓-33
                                /*	5:类型	*/	基本器材\M80螺栓.SLDPRT
                                /*	5:位置	*/	1    0    0    0    0    1    6.16298e-033    0    0    1.4575e-033    1    0    0.08    0.08    0    1    
                                /*	5:子节点数	*/	0

                                /*	5:名称	*/	3_3_0-1/3_3下垫粱上下两层连接螺栓阵列-1/下垫粱上下两层连接螺栓组合-1/M80螺栓-34
                                /*	5:类型	*/	基本器材\M80螺栓.SLDPRT
                                /*	5:位置	*/	1    0    0    0    0    1    6.16298e-033    0    0    1.4575e-033    1    0    0    0.08    0    1    
                                /*	5:子节点数	*/	0

                                /*	5:名称	*/	3_3_0-1/3_3下垫粱上下两层连接螺栓阵列-1/下垫粱上下两层连接螺栓组合-1/M80螺栓-35
                                /*	5:类型	*/	基本器材\M80螺栓.SLDPRT
                                /*	5:位置	*/	1    0    0    0    0    1    6.16298e-033    0    0    1.4575e-033    1    0    0.08    4.44089e-016    0    1    
                                /*	5:子节点数	*/	0

                                /*	5:名称	*/	3_3_0-1/3_3下垫粱上下两层连接螺栓阵列-1/下垫粱上下两层连接螺栓组合-1/六五墩螺母-1
                                /*	5:类型	*/	基本器材\六五墩螺母.SLDPRT
                                /*	5:位置	*/	0.844007    -0.536332    -1.38778e-017    0    1.14056e-016    2.20502e-016    1    0    -0.536332    -0.844007    2.22045e-016    0    0    0.08    0.041    1    
                                /*	5:子节点数	*/	0

                                /*	5:名称	*/	3_3_0-1/3_3下垫粱上下两层连接螺栓阵列-1/下垫粱上下两层连接螺栓组合-1/六五墩螺母-2
                                /*	5:类型	*/	基本器材\六五墩螺母.SLDPRT
                                /*	5:位置	*/	0.844007    -0.536332    -1.38778e-017    0    1.14056e-016    2.20502e-016    1    0    -0.536332    -0.844007    2.22045e-016    0    4.44089e-016    0    0.041    1    
                                /*	5:子节点数	*/	0

                                /*	5:名称	*/	3_3_0-1/3_3下垫粱上下两层连接螺栓阵列-1/下垫粱上下两层连接螺栓组合-1/六五墩螺母-3
                                /*	5:类型	*/	基本器材\六五墩螺母.SLDPRT
                                /*	5:位置	*/	0.844007    -0.536332    -1.38778e-017    0    1.14056e-016    2.20502e-016    1    0    -0.536332    -0.844007    2.22045e-016    0    0.08    0.08    0.041    1    
                                /*	5:子节点数	*/	0

                                /*	5:名称	*/	3_3_0-1/3_3下垫粱上下两层连接螺栓阵列-1/下垫粱上下两层连接螺栓组合-1/六五墩螺母-4
                                /*	5:类型	*/	基本器材\六五墩螺母.SLDPRT
                                /*	5:位置	*/	0.844007    -0.536332    -1.38778e-017    0    1.14056e-016    2.20502e-016    1    0    -0.536332    -0.844007    2.22045e-016    0    0.08    4.44089e-016    0.041    1    
                                /*	5:子节点数	*/	0

                        /*	4:名称	*/	3_3_0-1/3_3下垫粱上下两层连接螺栓阵列-1/下垫粱上下两层连接螺栓组合-2
                        /*	4:类型	*/	基本组合\下垫粱上下两层连接螺栓组合.SLDASM
                        /*	4:位置	*/	1    0    0    0    0    1    6.16298e-033    0    0    1.4575e-033    1    0    -0.0605921    -0.345148    -0.04    1    
                        /*	4:子节点数	*/	8

                                /*	5:名称	*/	3_3_0-1/3_3下垫粱上下两层连接螺栓阵列-1/下垫粱上下两层连接螺栓组合-2/M80螺栓-32
                                /*	5:类型	*/	基本器材\M80螺栓.SLDPRT
                                /*	5:位置	*/	1    0    0    0    0    1    6.16298e-033    0    0    1.4575e-033    1    0    0    0    0    1    
                                /*	5:子节点数	*/	0

                                /*	5:名称	*/	3_3_0-1/3_3下垫粱上下两层连接螺栓阵列-1/下垫粱上下两层连接螺栓组合-2/M80螺栓-33
                                /*	5:类型	*/	基本器材\M80螺栓.SLDPRT
                                /*	5:位置	*/	1    0    0    0    0    1    6.16298e-033    0    0    1.4575e-033    1    0    0.08    0.08    0    1    
                                /*	5:子节点数	*/	0

                                /*	5:名称	*/	3_3_0-1/3_3下垫粱上下两层连接螺栓阵列-1/下垫粱上下两层连接螺栓组合-2/M80螺栓-34
                                /*	5:类型	*/	基本器材\M80螺栓.SLDPRT
                                /*	5:位置	*/	1    0    0    0    0    1    6.16298e-033    0    0    1.4575e-033    1    0    0    0.08    0    1    
                                /*	5:子节点数	*/	0

                                /*	5:名称	*/	3_3_0-1/3_3下垫粱上下两层连接螺栓阵列-1/下垫粱上下两层连接螺栓组合-2/M80螺栓-35
                                /*	5:类型	*/	基本器材\M80螺栓.SLDPRT
                                /*	5:位置	*/	1    0    0    0    0    1    6.16298e-033    0    0    1.4575e-033    1    0    0.08    4.44089e-016    0    1    
                                /*	5:子节点数	*/	0

                                /*	5:名称	*/	3_3_0-1/3_3下垫粱上下两层连接螺栓阵列-1/下垫粱上下两层连接螺栓组合-2/六五墩螺母-1
                                /*	5:类型	*/	基本器材\六五墩螺母.SLDPRT
                                /*	5:位置	*/	0.844007    -0.536332    -1.38778e-017    0    1.14056e-016    2.20502e-016    1    0    -0.536332    -0.844007    2.22045e-016    0    0    0.08    0.041    1    
                                /*	5:子节点数	*/	0

                                /*	5:名称	*/	3_3_0-1/3_3下垫粱上下两层连接螺栓阵列-1/下垫粱上下两层连接螺栓组合-2/六五墩螺母-2
                                /*	5:类型	*/	基本器材\六五墩螺母.SLDPRT
                                /*	5:位置	*/	0.844007    -0.536332    -1.38778e-017    0    1.14056e-016    2.20502e-016    1    0    -0.536332    -0.844007    2.22045e-016    0    0    0    0.041    1    
                                /*	5:子节点数	*/	0

                                /*	5:名称	*/	3_3_0-1/3_3下垫粱上下两层连接螺栓阵列-1/下垫粱上下两层连接螺栓组合-2/六五墩螺母-3
                                /*	5:类型	*/	基本器材\六五墩螺母.SLDPRT
                                /*	5:位置	*/	0.844007    -0.536332    -1.38778e-017    0    1.14056e-016    2.20502e-016    1    0    -0.536332    -0.844007    2.22045e-016    0    0.08    0.08    0.041    1    
                                /*	5:子节点数	*/	0

                                /*	5:名称	*/	3_3_0-1/3_3下垫粱上下两层连接螺栓阵列-1/下垫粱上下两层连接螺栓组合-2/六五墩螺母-4
                                /*	5:类型	*/	基本器材\六五墩螺母.SLDPRT
                                /*	5:位置	*/	0.844007    -0.536332    -1.38778e-017    0    1.14056e-016    2.20502e-016    1    0    -0.536332    -0.844007    2.22045e-016    0    0.08    4.44089e-016    0.041    1    
                                /*	5:子节点数	*/	0

                        /*	4:名称	*/	3_3_0-1/3_3下垫粱上下两层连接螺栓阵列-1/下垫粱上下两层连接螺栓组合-3
                        /*	4:类型	*/	基本组合\下垫粱上下两层连接螺栓组合.SLDASM
                        /*	4:位置	*/	1    0    0    0    0    1    6.16298e-033    0    0    1.4575e-033    1    0    -0.0605921    -1.34515    -0.04    1    
                        /*	4:子节点数	*/	8

                                /*	5:名称	*/	3_3_0-1/3_3下垫粱上下两层连接螺栓阵列-1/下垫粱上下两层连接螺栓组合-3/M80螺栓-32
                                /*	5:类型	*/	基本器材\M80螺栓.SLDPRT
                                /*	5:位置	*/	1    0    0    0    0    1    6.16298e-033    0    0    1.4575e-033    1    0    0    0    0    1    
                                /*	5:子节点数	*/	0

                                /*	5:名称	*/	3_3_0-1/3_3下垫粱上下两层连接螺栓阵列-1/下垫粱上下两层连接螺栓组合-3/M80螺栓-33
                                /*	5:类型	*/	基本器材\M80螺栓.SLDPRT
                                /*	5:位置	*/	1    0    0    0    0    1    6.16298e-033    0    0    1.4575e-033    1    0    0.08    0.08    0    1    
                                /*	5:子节点数	*/	0

                                /*	5:名称	*/	3_3_0-1/3_3下垫粱上下两层连接螺栓阵列-1/下垫粱上下两层连接螺栓组合-3/M80螺栓-34
                                /*	5:类型	*/	基本器材\M80螺栓.SLDPRT
                                /*	5:位置	*/	1    0    0    0    0    1    6.16298e-033    0    0    1.4575e-033    1    0    0    0.08    0    1    
                                /*	5:子节点数	*/	0

                                /*	5:名称	*/	3_3_0-1/3_3下垫粱上下两层连接螺栓阵列-1/下垫粱上下两层连接螺栓组合-3/M80螺栓-35
                                /*	5:类型	*/	基本器材\M80螺栓.SLDPRT
                                /*	5:位置	*/	1    0    0    0    0    1    6.16298e-033    0    0    1.4575e-033    1    0    0.08    0    0    1    
                                /*	5:子节点数	*/	0

                                /*	5:名称	*/	3_3_0-1/3_3下垫粱上下两层连接螺栓阵列-1/下垫粱上下两层连接螺栓组合-3/六五墩螺母-1
                                /*	5:类型	*/	基本器材\六五墩螺母.SLDPRT
                                /*	5:位置	*/	0.844007    -0.536332    -1.38778e-017    0    1.14056e-016    2.20502e-016    1    0    -0.536332    -0.844007    2.22045e-016    0    0    0.08    0.041    1    
                                /*	5:子节点数	*/	0

                                /*	5:名称	*/	3_3_0-1/3_3下垫粱上下两层连接螺栓阵列-1/下垫粱上下两层连接螺栓组合-3/六五墩螺母-2
                                /*	5:类型	*/	基本器材\六五墩螺母.SLDPRT
                                /*	5:位置	*/	0.844007    -0.536332    -1.38778e-017    0    1.14056e-016    2.20502e-016    1    0    -0.536332    -0.844007    2.22045e-016    0    0    0    0.041    1    
                                /*	5:子节点数	*/	0

                                /*	5:名称	*/	3_3_0-1/3_3下垫粱上下两层连接螺栓阵列-1/下垫粱上下两层连接螺栓组合-3/六五墩螺母-3
                                /*	5:类型	*/	基本器材\六五墩螺母.SLDPRT
                                /*	5:位置	*/	0.844007    -0.536332    -1.38778e-017    0    1.14056e-016    2.20502e-016    1    0    -0.536332    -0.844007    2.22045e-016    0    0.08    0.08    0.041    1    
                                /*	5:子节点数	*/	0

                                /*	5:名称	*/	3_3_0-1/3_3下垫粱上下两层连接螺栓阵列-1/下垫粱上下两层连接螺栓组合-3/六五墩螺母-4
                                /*	5:类型	*/	基本器材\六五墩螺母.SLDPRT
                                /*	5:位置	*/	0.844007    -0.536332    -1.38778e-017    0    1.14056e-016    2.20502e-016    1    0    -0.536332    -0.844007    2.22045e-016    0    0.08    -2.22045e-016    0.041    1    
                                /*	5:子节点数	*/	0

                        /*	4:名称	*/	3_3_0-1/3_3下垫粱上下两层连接螺栓阵列-1/下垫粱上下两层连接螺栓组合-4
                        /*	4:类型	*/	基本组合\下垫粱上下两层连接螺栓组合.SLDASM
                        /*	4:位置	*/	1    0    0    0    0    1    6.16298e-033    0    0    1.4575e-033    1    0    -0.0605921    -2.34515    -0.04    1    
                        /*	4:子节点数	*/	8

                                /*	5:名称	*/	3_3_0-1/3_3下垫粱上下两层连接螺栓阵列-1/下垫粱上下两层连接螺栓组合-4/M80螺栓-32
                                /*	5:类型	*/	基本器材\M80螺栓.SLDPRT
                                /*	5:位置	*/	1    0    0    0    0    1    6.16298e-033    0    0    1.4575e-033    1    0    4.44089e-016    0    0    1    
                                /*	5:子节点数	*/	0

                                /*	5:名称	*/	3_3_0-1/3_3下垫粱上下两层连接螺栓阵列-1/下垫粱上下两层连接螺栓组合-4/M80螺栓-33
                                /*	5:类型	*/	基本器材\M80螺栓.SLDPRT
                                /*	5:位置	*/	1    0    0    0    0    1    6.16298e-033    0    0    1.4575e-033    1    0    0.08    0.08    0    1    
                                /*	5:子节点数	*/	0

                                /*	5:名称	*/	3_3_0-1/3_3下垫粱上下两层连接螺栓阵列-1/下垫粱上下两层连接螺栓组合-4/M80螺栓-34
                                /*	5:类型	*/	基本器材\M80螺栓.SLDPRT
                                /*	5:位置	*/	1    0    0    0    0    1    6.16298e-033    0    0    1.4575e-033    1    0    4.44089e-016    0.08    0    1    
                                /*	5:子节点数	*/	0

                                /*	5:名称	*/	3_3_0-1/3_3下垫粱上下两层连接螺栓阵列-1/下垫粱上下两层连接螺栓组合-4/M80螺栓-35
                                /*	5:类型	*/	基本器材\M80螺栓.SLDPRT
                                /*	5:位置	*/	1    0    0    0    0    1    6.16298e-033    0    0    1.4575e-033    1    0    0.08    0    0    1    
                                /*	5:子节点数	*/	0

                                /*	5:名称	*/	3_3_0-1/3_3下垫粱上下两层连接螺栓阵列-1/下垫粱上下两层连接螺栓组合-4/六五墩螺母-1
                                /*	5:类型	*/	基本器材\六五墩螺母.SLDPRT
                                /*	5:位置	*/	0.844007    -0.536332    -1.38778e-017    0    1.14056e-016    2.20502e-016    1    0    -0.536332    -0.844007    2.22045e-016    0    4.44089e-016    0.08    0.041    1    
                                /*	5:子节点数	*/	0

                                /*	5:名称	*/	3_3_0-1/3_3下垫粱上下两层连接螺栓阵列-1/下垫粱上下两层连接螺栓组合-4/六五墩螺母-2
                                /*	5:类型	*/	基本器材\六五墩螺母.SLDPRT
                                /*	5:位置	*/	0.844007    -0.536332    -1.38778e-017    0    1.14056e-016    2.20502e-016    1    0    -0.536332    -0.844007    2.22045e-016    0    4.44089e-016    -5.55112e-017    0.041    1    
                                /*	5:子节点数	*/	0

                                /*	5:名称	*/	3_3_0-1/3_3下垫粱上下两层连接螺栓阵列-1/下垫粱上下两层连接螺栓组合-4/六五墩螺母-3
                                /*	5:类型	*/	基本器材\六五墩螺母.SLDPRT
                                /*	5:位置	*/	0.844007    -0.536332    -1.38778e-017    0    1.14056e-016    2.20502e-016    1    0    -0.536332    -0.844007    2.22045e-016    0    0.08    0.08    0.041    1    
                                /*	5:子节点数	*/	0

                                /*	5:名称	*/	3_3_0-1/3_3下垫粱上下两层连接螺栓阵列-1/下垫粱上下两层连接螺栓组合-4/六五墩螺母-4
                                /*	5:类型	*/	基本器材\六五墩螺母.SLDPRT
                                /*	5:位置	*/	0.844007    -0.536332    -1.38778e-017    0    1.14056e-016    2.20502e-016    1    0    -0.536332    -0.844007    2.22045e-016    0    0.08    -5.55112e-017    0.041    1    
                                /*	5:子节点数	*/	0

                        /*	4:名称	*/	3_3_0-1/3_3下垫粱上下两层连接螺栓阵列-1/下垫粱上下两层连接螺栓组合-5
                        /*	4:类型	*/	基本组合\下垫粱上下两层连接螺栓组合.SLDASM
                        /*	4:位置	*/	1    0    0    0    0    1    6.16298e-033    0    0    1.4575e-033    1    0    -0.0605921    -3.34515    -0.04    1    
                        /*	4:子节点数	*/	8

                                /*	5:名称	*/	3_3_0-1/3_3下垫粱上下两层连接螺栓阵列-1/下垫粱上下两层连接螺栓组合-5/M80螺栓-32
                                /*	5:类型	*/	基本器材\M80螺栓.SLDPRT
                                /*	5:位置	*/	1    0    0    0    0    1    6.16298e-033    0    0    1.4575e-033    1    0    0    0    0    1    
                                /*	5:子节点数	*/	0

                                /*	5:名称	*/	3_3_0-1/3_3下垫粱上下两层连接螺栓阵列-1/下垫粱上下两层连接螺栓组合-5/M80螺栓-33
                                /*	5:类型	*/	基本器材\M80螺栓.SLDPRT
                                /*	5:位置	*/	1    0    0    0    0    1    6.16298e-033    0    0    1.4575e-033    1    0    0.08    0.08    0    1    
                                /*	5:子节点数	*/	0

                                /*	5:名称	*/	3_3_0-1/3_3下垫粱上下两层连接螺栓阵列-1/下垫粱上下两层连接螺栓组合-5/M80螺栓-34
                                /*	5:类型	*/	基本器材\M80螺栓.SLDPRT
                                /*	5:位置	*/	1    0    0    0    0    1    6.16298e-033    0    0    1.4575e-033    1    0    0    0.08    0    1    
                                /*	5:子节点数	*/	0

                                /*	5:名称	*/	3_3_0-1/3_3下垫粱上下两层连接螺栓阵列-1/下垫粱上下两层连接螺栓组合-5/M80螺栓-35
                                /*	5:类型	*/	基本器材\M80螺栓.SLDPRT
                                /*	5:位置	*/	1    0    0    0    0    1    6.16298e-033    0    0    1.4575e-033    1    0    0.08    -1.11022e-016    0    1    
                                /*	5:子节点数	*/	0

                                /*	5:名称	*/	3_3_0-1/3_3下垫粱上下两层连接螺栓阵列-1/下垫粱上下两层连接螺栓组合-5/六五墩螺母-1
                                /*	5:类型	*/	基本器材\六五墩螺母.SLDPRT
                                /*	5:位置	*/	0.844007    -0.536332    -1.38778e-017    0    1.14056e-016    2.20502e-016    1    0    -0.536332    -0.844007    2.22045e-016    0    0    0.08    0.041    1    
                                /*	5:子节点数	*/	0

                                /*	5:名称	*/	3_3_0-1/3_3下垫粱上下两层连接螺栓阵列-1/下垫粱上下两层连接螺栓组合-5/六五墩螺母-2
                                /*	5:类型	*/	基本器材\六五墩螺母.SLDPRT
                                /*	5:位置	*/	0.844007    -0.536332    -1.38778e-017    0    1.14056e-016    2.20502e-016    1    0    -0.536332    -0.844007    2.22045e-016    0    0    -1.11022e-016    0.041    1    
                                /*	5:子节点数	*/	0

                                /*	5:名称	*/	3_3_0-1/3_3下垫粱上下两层连接螺栓阵列-1/下垫粱上下两层连接螺栓组合-5/六五墩螺母-3
                                /*	5:类型	*/	基本器材\六五墩螺母.SLDPRT
                                /*	5:位置	*/	0.844007    -0.536332    -1.38778e-017    0    1.14056e-016    2.20502e-016    1    0    -0.536332    -0.844007    2.22045e-016    0    0.08    0.08    0.041    1    
                                /*	5:子节点数	*/	0

                                /*	5:名称	*/	3_3_0-1/3_3下垫粱上下两层连接螺栓阵列-1/下垫粱上下两层连接螺栓组合-5/六五墩螺母-4
                                /*	5:类型	*/	基本器材\六五墩螺母.SLDPRT
                                /*	5:位置	*/	0.844007    -0.536332    -1.38778e-017    0    1.14056e-016    2.20502e-016    1    0    -0.536332    -0.844007    2.22045e-016    0    0.08    -1.11022e-016    0.041    1    
                                /*	5:子节点数	*/	0

                        /*	4:名称	*/	3_3_0-1/3_3下垫粱上下两层连接螺栓阵列-1/下垫粱上下两层连接螺栓组合-6
                        /*	4:类型	*/	基本组合\下垫粱上下两层连接螺栓组合.SLDASM
                        /*	4:位置	*/	1    0    0    0    0    1    6.16298e-033    0    0    1.4575e-033    1    0    -0.0605921    -4.34515    -0.04    1    
                        /*	4:子节点数	*/	8

                                /*	5:名称	*/	3_3_0-1/3_3下垫粱上下两层连接螺栓阵列-1/下垫粱上下两层连接螺栓组合-6/M80螺栓-32
                                /*	5:类型	*/	基本器材\M80螺栓.SLDPRT
                                /*	5:位置	*/	1    0    0    0    0    1    6.16298e-033    0    0    1.4575e-033    1    0    0    0    0    1    
                                /*	5:子节点数	*/	0

                                /*	5:名称	*/	3_3_0-1/3_3下垫粱上下两层连接螺栓阵列-1/下垫粱上下两层连接螺栓组合-6/M80螺栓-33
                                /*	5:类型	*/	基本器材\M80螺栓.SLDPRT
                                /*	5:位置	*/	1    0    0    0    0    1    6.16298e-033    0    0    1.4575e-033    1    0    0.08    0.08    0    1    
                                /*	5:子节点数	*/	0

                                /*	5:名称	*/	3_3_0-1/3_3下垫粱上下两层连接螺栓阵列-1/下垫粱上下两层连接螺栓组合-6/M80螺栓-34
                                /*	5:类型	*/	基本器材\M80螺栓.SLDPRT
                                /*	5:位置	*/	1    0    0    0    0    1    6.16298e-033    0    0    1.4575e-033    1    0    0    0.08    0    1    
                                /*	5:子节点数	*/	0

                                /*	5:名称	*/	3_3_0-1/3_3下垫粱上下两层连接螺栓阵列-1/下垫粱上下两层连接螺栓组合-6/M80螺栓-35
                                /*	5:类型	*/	基本器材\M80螺栓.SLDPRT
                                /*	5:位置	*/	1    0    0    0    0    1    6.16298e-033    0    0    1.4575e-033    1    0    0.08    0    0    1    
                                /*	5:子节点数	*/	0

                                /*	5:名称	*/	3_3_0-1/3_3下垫粱上下两层连接螺栓阵列-1/下垫粱上下两层连接螺栓组合-6/六五墩螺母-1
                                /*	5:类型	*/	基本器材\六五墩螺母.SLDPRT
                                /*	5:位置	*/	0.844007    -0.536332    -1.38778e-017    0    1.14056e-016    2.20502e-016    1    0    -0.536332    -0.844007    2.22045e-016    0    0    0.08    0.041    1    
                                /*	5:子节点数	*/	0

                                /*	5:名称	*/	3_3_0-1/3_3下垫粱上下两层连接螺栓阵列-1/下垫粱上下两层连接螺栓组合-6/六五墩螺母-2
                                /*	5:类型	*/	基本器材\六五墩螺母.SLDPRT
                                /*	5:位置	*/	0.844007    -0.536332    -1.38778e-017    0    1.14056e-016    2.20502e-016    1    0    -0.536332    -0.844007    2.22045e-016    0    0    0    0.041    1    
                                /*	5:子节点数	*/	0

                                /*	5:名称	*/	3_3_0-1/3_3下垫粱上下两层连接螺栓阵列-1/下垫粱上下两层连接螺栓组合-6/六五墩螺母-3
                                /*	5:类型	*/	基本器材\六五墩螺母.SLDPRT
                                /*	5:位置	*/	0.844007    -0.536332    -1.38778e-017    0    1.14056e-016    2.20502e-016    1    0    -0.536332    -0.844007    2.22045e-016    0    0.08    0.08    0.041    1    
                                /*	5:子节点数	*/	0

                                /*	5:名称	*/	3_3_0-1/3_3下垫粱上下两层连接螺栓阵列-1/下垫粱上下两层连接螺栓组合-6/六五墩螺母-4
                                /*	5:类型	*/	基本器材\六五墩螺母.SLDPRT
                                /*	5:位置	*/	0.844007    -0.536332    -1.38778e-017    0    1.14056e-016    2.20502e-016    1    0    -0.536332    -0.844007    2.22045e-016    0    0.08    -2.22045e-016    0.041    1    
                                /*	5:子节点数	*/	0

                        /*	4:名称	*/	3_3_0-1/3_3下垫粱上下两层连接螺栓阵列-1/下垫粱上下两层连接螺栓组合-7
                        /*	4:类型	*/	基本组合\下垫粱上下两层连接螺栓组合.SLDASM
                        /*	4:位置	*/	1    0    0    0    0    1    6.16298e-033    0    0    1.4575e-033    1    0    -0.0605921    -5.34515    -0.04    1    
                        /*	4:子节点数	*/	8

                                /*	5:名称	*/	3_3_0-1/3_3下垫粱上下两层连接螺栓阵列-1/下垫粱上下两层连接螺栓组合-7/M80螺栓-32
                                /*	5:类型	*/	基本器材\M80螺栓.SLDPRT
                                /*	5:位置	*/	1    0    0    0    0    1    6.16298e-033    0    0    1.4575e-033    1    0    4.44089e-016    0    0    1    
                                /*	5:子节点数	*/	0

                                /*	5:名称	*/	3_3_0-1/3_3下垫粱上下两层连接螺栓阵列-1/下垫粱上下两层连接螺栓组合-7/M80螺栓-33
                                /*	5:类型	*/	基本器材\M80螺栓.SLDPRT
                                /*	5:位置	*/	1    0    0    0    0    1    6.16298e-033    0    0    1.4575e-033    1    0    0.08    0.08    0    1    
                                /*	5:子节点数	*/	0

                                /*	5:名称	*/	3_3_0-1/3_3下垫粱上下两层连接螺栓阵列-1/下垫粱上下两层连接螺栓组合-7/M80螺栓-34
                                /*	5:类型	*/	基本器材\M80螺栓.SLDPRT
                                /*	5:位置	*/	1    0    0    0    0    1    6.16298e-033    0    0    1.4575e-033    1    0    4.44089e-016    0.08    0    1    
                                /*	5:子节点数	*/	0

                                /*	5:名称	*/	3_3_0-1/3_3下垫粱上下两层连接螺栓阵列-1/下垫粱上下两层连接螺栓组合-7/M80螺栓-35
                                /*	5:类型	*/	基本器材\M80螺栓.SLDPRT
                                /*	5:位置	*/	1    0    0    0    0    1    6.16298e-033    0    0    1.4575e-033    1    0    0.08    4.44089e-016    0    1    
                                /*	5:子节点数	*/	0

                                /*	5:名称	*/	3_3_0-1/3_3下垫粱上下两层连接螺栓阵列-1/下垫粱上下两层连接螺栓组合-7/六五墩螺母-1
                                /*	5:类型	*/	基本器材\六五墩螺母.SLDPRT
                                /*	5:位置	*/	0.844007    -0.536332    -1.38778e-017    0    1.14056e-016    2.20502e-016    1    0    -0.536332    -0.844007    2.22045e-016    0    4.44089e-016    0.08    0.041    1    
                                /*	5:子节点数	*/	0

                                /*	5:名称	*/	3_3_0-1/3_3下垫粱上下两层连接螺栓阵列-1/下垫粱上下两层连接螺栓组合-7/六五墩螺母-2
                                /*	5:类型	*/	基本器材\六五墩螺母.SLDPRT
                                /*	5:位置	*/	0.844007    -0.536332    -1.38778e-017    0    1.14056e-016    2.20502e-016    1    0    -0.536332    -0.844007    2.22045e-016    0    4.44089e-016    0    0.041    1    
                                /*	5:子节点数	*/	0

                                /*	5:名称	*/	3_3_0-1/3_3下垫粱上下两层连接螺栓阵列-1/下垫粱上下两层连接螺栓组合-7/六五墩螺母-3
                                /*	5:类型	*/	基本器材\六五墩螺母.SLDPRT
                                /*	5:位置	*/	0.844007    -0.536332    -1.38778e-017    0    1.14056e-016    2.20502e-016    1    0    -0.536332    -0.844007    2.22045e-016    0    0.08    0.08    0.041    1    
                                /*	5:子节点数	*/	0

                                /*	5:名称	*/	3_3_0-1/3_3下垫粱上下两层连接螺栓阵列-1/下垫粱上下两层连接螺栓组合-7/六五墩螺母-4
                                /*	5:类型	*/	基本器材\六五墩螺母.SLDPRT
                                /*	5:位置	*/	0.844007    -0.536332    -1.38778e-017    0    1.14056e-016    2.20502e-016    1    0    -0.536332    -0.844007    2.22045e-016    0    0.08    4.44089e-016    0.041    1    
                                /*	5:子节点数	*/	0

                        /*	4:名称	*/	3_3_0-1/3_3下垫粱上下两层连接螺栓阵列-1/下垫粱上下两层连接螺栓组合-8
                        /*	4:类型	*/	基本组合\下垫粱上下两层连接螺栓组合.SLDASM
                        /*	4:位置	*/	1    0    0    0    0    1    6.16298e-033    0    0    1.4575e-033    1    0    -0.0605921    -5.64515    -0.04    1    
                        /*	4:子节点数	*/	8

                                /*	5:名称	*/	3_3_0-1/3_3下垫粱上下两层连接螺栓阵列-1/下垫粱上下两层连接螺栓组合-8/M80螺栓-32
                                /*	5:类型	*/	基本器材\M80螺栓.SLDPRT
                                /*	5:位置	*/	1    0    0    0    0    1    6.16298e-033    0    0    1.4575e-033    1    0    0    0    0    1    
                                /*	5:子节点数	*/	0

                                /*	5:名称	*/	3_3_0-1/3_3下垫粱上下两层连接螺栓阵列-1/下垫粱上下两层连接螺栓组合-8/M80螺栓-33
                                /*	5:类型	*/	基本器材\M80螺栓.SLDPRT
                                /*	5:位置	*/	1    0    0    0    0    1    6.16298e-033    0    0    1.4575e-033    1    0    0.08    0.08    0    1    
                                /*	5:子节点数	*/	0

                                /*	5:名称	*/	3_3_0-1/3_3下垫粱上下两层连接螺栓阵列-1/下垫粱上下两层连接螺栓组合-8/M80螺栓-34
                                /*	5:类型	*/	基本器材\M80螺栓.SLDPRT
                                /*	5:位置	*/	1    0    0    0    0    1    6.16298e-033    0    0    1.4575e-033    1    0    0    0.08    0    1    
                                /*	5:子节点数	*/	0

                                /*	5:名称	*/	3_3_0-1/3_3下垫粱上下两层连接螺栓阵列-1/下垫粱上下两层连接螺栓组合-8/M80螺栓-35
                                /*	5:类型	*/	基本器材\M80螺栓.SLDPRT
                                /*	5:位置	*/	1    0    0    0    0    1    6.16298e-033    0    0    1.4575e-033    1    0    0.08    4.44089e-016    0    1    
                                /*	5:子节点数	*/	0

                                /*	5:名称	*/	3_3_0-1/3_3下垫粱上下两层连接螺栓阵列-1/下垫粱上下两层连接螺栓组合-8/六五墩螺母-1
                                /*	5:类型	*/	基本器材\六五墩螺母.SLDPRT
                                /*	5:位置	*/	0.844007    -0.536332    -1.38778e-017    0    1.14056e-016    2.20502e-016    1    0    -0.536332    -0.844007    2.22045e-016    0    0    0.08    0.041    1    
                                /*	5:子节点数	*/	0

                                /*	5:名称	*/	3_3_0-1/3_3下垫粱上下两层连接螺栓阵列-1/下垫粱上下两层连接螺栓组合-8/六五墩螺母-2
                                /*	5:类型	*/	基本器材\六五墩螺母.SLDPRT
                                /*	5:位置	*/	0.844007    -0.536332    -1.38778e-017    0    1.14056e-016    2.20502e-016    1    0    -0.536332    -0.844007    2.22045e-016    0    0    0    0.041    1    
                                /*	5:子节点数	*/	0

                                /*	5:名称	*/	3_3_0-1/3_3下垫粱上下两层连接螺栓阵列-1/下垫粱上下两层连接螺栓组合-8/六五墩螺母-3
                                /*	5:类型	*/	基本器材\六五墩螺母.SLDPRT
                                /*	5:位置	*/	0.844007    -0.536332    -1.38778e-017    0    1.14056e-016    2.20502e-016    1    0    -0.536332    -0.844007    2.22045e-016    0    0.08    0.08    0.041    1    
                                /*	5:子节点数	*/	0

                                /*	5:名称	*/	3_3_0-1/3_3下垫粱上下两层连接螺栓阵列-1/下垫粱上下两层连接螺栓组合-8/六五墩螺母-4
                                /*	5:类型	*/	基本器材\六五墩螺母.SLDPRT
                                /*	5:位置	*/	0.844007    -0.536332    -1.38778e-017    0    1.14056e-016    2.20502e-016    1    0    -0.536332    -0.844007    2.22045e-016    0    0.08    4.44089e-016    0.041    1    
                                /*	5:子节点数	*/	0

                /*	3:名称	*/	3_3_0-1/3_3下垫粱上下两层连接螺栓阵列-2
                /*	3:类型	*/	3_3\3_3_ASM\3_3下垫粱上下两层连接螺栓阵列.SLDASM
                /*	3:位置	*/	7.21645e-016    -1.11022e-016    1    0    -1    -8.32667e-017    6.10623e-016    0    2.72339e-017    -1    -4.92214e-017    0    -3.62101    -0.37888    0.170592    1    
                /*	3:子节点数	*/	8

                        /*	4:名称	*/	3_3_0-1/3_3下垫粱上下两层连接螺栓阵列-2/下垫粱上下两层连接螺栓组合-1
                        /*	4:类型	*/	基本组合\下垫粱上下两层连接螺栓组合.SLDASM
                        /*	4:位置	*/	1    0    0    0    0    1    6.16298e-033    0    0    1.4575e-033    1    0    -0.0605921    -0.045148    -0.04    1    
                        /*	4:子节点数	*/	8

                                /*	5:名称	*/	3_3_0-1/3_3下垫粱上下两层连接螺栓阵列-2/下垫粱上下两层连接螺栓组合-1/M80螺栓-32
                                /*	5:类型	*/	基本器材\M80螺栓.SLDPRT
                                /*	5:位置	*/	1    0    0    0    0    1    6.16298e-033    0    0    1.4575e-033    1    0    0    0    0    1    
                                /*	5:子节点数	*/	0

                                /*	5:名称	*/	3_3_0-1/3_3下垫粱上下两层连接螺栓阵列-2/下垫粱上下两层连接螺栓组合-1/M80螺栓-33
                                /*	5:类型	*/	基本器材\M80螺栓.SLDPRT
                                /*	5:位置	*/	1    0    0    0    0    1    6.16298e-033    0    0    1.4575e-033    1    0    0.08    0.08    0    1    
                                /*	5:子节点数	*/	0

                                /*	5:名称	*/	3_3_0-1/3_3下垫粱上下两层连接螺栓阵列-2/下垫粱上下两层连接螺栓组合-1/M80螺栓-34
                                /*	5:类型	*/	基本器材\M80螺栓.SLDPRT
                                /*	5:位置	*/	1    0    0    0    0    1    6.16298e-033    0    0    1.4575e-033    1    0    0    0.08    0    1    
                                /*	5:子节点数	*/	0

                                /*	5:名称	*/	3_3_0-1/3_3下垫粱上下两层连接螺栓阵列-2/下垫粱上下两层连接螺栓组合-1/M80螺栓-35
                                /*	5:类型	*/	基本器材\M80螺栓.SLDPRT
                                /*	5:位置	*/	1    0    0    0    0    1    6.16298e-033    0    0    1.4575e-033    1    0    0.08    0    0    1    
                                /*	5:子节点数	*/	0

                                /*	5:名称	*/	3_3_0-1/3_3下垫粱上下两层连接螺栓阵列-2/下垫粱上下两层连接螺栓组合-1/六五墩螺母-1
                                /*	5:类型	*/	基本器材\六五墩螺母.SLDPRT
                                /*	5:位置	*/	0.844007    -0.536332    -1.38778e-017    0    1.14056e-016    2.20502e-016    1    0    -0.536332    -0.844007    2.22045e-016    0    0    0.08    0.041    1    
                                /*	5:子节点数	*/	0

                                /*	5:名称	*/	3_3_0-1/3_3下垫粱上下两层连接螺栓阵列-2/下垫粱上下两层连接螺栓组合-1/六五墩螺母-2
                                /*	5:类型	*/	基本器材\六五墩螺母.SLDPRT
                                /*	5:位置	*/	0.844007    -0.536332    -1.38778e-017    0    1.14056e-016    2.20502e-016    1    0    -0.536332    -0.844007    2.22045e-016    0    0    0    0.041    1    
                                /*	5:子节点数	*/	0

                                /*	5:名称	*/	3_3_0-1/3_3下垫粱上下两层连接螺栓阵列-2/下垫粱上下两层连接螺栓组合-1/六五墩螺母-3
                                /*	5:类型	*/	基本器材\六五墩螺母.SLDPRT
                                /*	5:位置	*/	0.844007    -0.536332    -1.38778e-017    0    1.14056e-016    2.20502e-016    1    0    -0.536332    -0.844007    2.22045e-016    0    0.08    0.08    0.041    1    
                                /*	5:子节点数	*/	0

                                /*	5:名称	*/	3_3_0-1/3_3下垫粱上下两层连接螺栓阵列-2/下垫粱上下两层连接螺栓组合-1/六五墩螺母-4
                                /*	5:类型	*/	基本器材\六五墩螺母.SLDPRT
                                /*	5:位置	*/	0.844007    -0.536332    -1.38778e-017    0    1.14056e-016    2.20502e-016    1    0    -0.536332    -0.844007    2.22045e-016    0    0.08    0    0.041    1    
                                /*	5:子节点数	*/	0

                        /*	4:名称	*/	3_3_0-1/3_3下垫粱上下两层连接螺栓阵列-2/下垫粱上下两层连接螺栓组合-2
                        /*	4:类型	*/	基本组合\下垫粱上下两层连接螺栓组合.SLDASM
                        /*	4:位置	*/	1    0    0    0    0    1    6.16298e-033    0    0    1.4575e-033    1    0    -0.0605921    -0.345148    -0.04    1    
                        /*	4:子节点数	*/	8

                                /*	5:名称	*/	3_3_0-1/3_3下垫粱上下两层连接螺栓阵列-2/下垫粱上下两层连接螺栓组合-2/M80螺栓-32
                                /*	5:类型	*/	基本器材\M80螺栓.SLDPRT
                                /*	5:位置	*/	1    0    0    0    0    1    6.16298e-033    0    0    1.4575e-033    1    0    0    0    0    1    
                                /*	5:子节点数	*/	0

                                /*	5:名称	*/	3_3_0-1/3_3下垫粱上下两层连接螺栓阵列-2/下垫粱上下两层连接螺栓组合-2/M80螺栓-33
                                /*	5:类型	*/	基本器材\M80螺栓.SLDPRT
                                /*	5:位置	*/	1    0    0    0    0    1    6.16298e-033    0    0    1.4575e-033    1    0    0.08    0.08    0    1    
                                /*	5:子节点数	*/	0

                                /*	5:名称	*/	3_3_0-1/3_3下垫粱上下两层连接螺栓阵列-2/下垫粱上下两层连接螺栓组合-2/M80螺栓-34
                                /*	5:类型	*/	基本器材\M80螺栓.SLDPRT
                                /*	5:位置	*/	1    0    0    0    0    1    6.16298e-033    0    0    1.4575e-033    1    0    0    0.08    0    1    
                                /*	5:子节点数	*/	0

                                /*	5:名称	*/	3_3_0-1/3_3下垫粱上下两层连接螺栓阵列-2/下垫粱上下两层连接螺栓组合-2/M80螺栓-35
                                /*	5:类型	*/	基本器材\M80螺栓.SLDPRT
                                /*	5:位置	*/	1    0    0    0    0    1    6.16298e-033    0    0    1.4575e-033    1    0    0.08    0    0    1    
                                /*	5:子节点数	*/	0

                                /*	5:名称	*/	3_3_0-1/3_3下垫粱上下两层连接螺栓阵列-2/下垫粱上下两层连接螺栓组合-2/六五墩螺母-1
                                /*	5:类型	*/	基本器材\六五墩螺母.SLDPRT
                                /*	5:位置	*/	0.844007    -0.536332    -1.38778e-017    0    1.14056e-016    2.20502e-016    1    0    -0.536332    -0.844007    2.22045e-016    0    0    0.08    0.041    1    
                                /*	5:子节点数	*/	0

                                /*	5:名称	*/	3_3_0-1/3_3下垫粱上下两层连接螺栓阵列-2/下垫粱上下两层连接螺栓组合-2/六五墩螺母-2
                                /*	5:类型	*/	基本器材\六五墩螺母.SLDPRT
                                /*	5:位置	*/	0.844007    -0.536332    -1.38778e-017    0    1.14056e-016    2.20502e-016    1    0    -0.536332    -0.844007    2.22045e-016    0    0    0    0.041    1    
                                /*	5:子节点数	*/	0

                                /*	5:名称	*/	3_3_0-1/3_3下垫粱上下两层连接螺栓阵列-2/下垫粱上下两层连接螺栓组合-2/六五墩螺母-3
                                /*	5:类型	*/	基本器材\六五墩螺母.SLDPRT
                                /*	5:位置	*/	0.844007    -0.536332    -1.38778e-017    0    1.14056e-016    2.20502e-016    1    0    -0.536332    -0.844007    2.22045e-016    0    0.08    0.08    0.041    1    
                                /*	5:子节点数	*/	0

                                /*	5:名称	*/	3_3_0-1/3_3下垫粱上下两层连接螺栓阵列-2/下垫粱上下两层连接螺栓组合-2/六五墩螺母-4
                                /*	5:类型	*/	基本器材\六五墩螺母.SLDPRT
                                /*	5:位置	*/	0.844007    -0.536332    -1.38778e-017    0    1.14056e-016    2.20502e-016    1    0    -0.536332    -0.844007    2.22045e-016    0    0.08    0    0.041    1    
                                /*	5:子节点数	*/	0

                        /*	4:名称	*/	3_3_0-1/3_3下垫粱上下两层连接螺栓阵列-2/下垫粱上下两层连接螺栓组合-3
                        /*	4:类型	*/	基本组合\下垫粱上下两层连接螺栓组合.SLDASM
                        /*	4:位置	*/	1    0    0    0    0    1    6.16298e-033    0    0    1.4575e-033    1    0    -0.0605921    -1.34515    -0.04    1    
                        /*	4:子节点数	*/	8

                                /*	5:名称	*/	3_3_0-1/3_3下垫粱上下两层连接螺栓阵列-2/下垫粱上下两层连接螺栓组合-3/M80螺栓-32
                                /*	5:类型	*/	基本器材\M80螺栓.SLDPRT
                                /*	5:位置	*/	1    0    0    0    0    1    6.16298e-033    0    0    1.4575e-033    1    0    0    0    0    1    
                                /*	5:子节点数	*/	0

                                /*	5:名称	*/	3_3_0-1/3_3下垫粱上下两层连接螺栓阵列-2/下垫粱上下两层连接螺栓组合-3/M80螺栓-33
                                /*	5:类型	*/	基本器材\M80螺栓.SLDPRT
                                /*	5:位置	*/	1    0    0    0    0    1    6.16298e-033    0    0    1.4575e-033    1    0    0.08    0.08    0    1    
                                /*	5:子节点数	*/	0

                                /*	5:名称	*/	3_3_0-1/3_3下垫粱上下两层连接螺栓阵列-2/下垫粱上下两层连接螺栓组合-3/M80螺栓-34
                                /*	5:类型	*/	基本器材\M80螺栓.SLDPRT
                                /*	5:位置	*/	1    0    0    0    0    1    6.16298e-033    0    0    1.4575e-033    1    0    0    0.08    0    1    
                                /*	5:子节点数	*/	0

                                /*	5:名称	*/	3_3_0-1/3_3下垫粱上下两层连接螺栓阵列-2/下垫粱上下两层连接螺栓组合-3/M80螺栓-35
                                /*	5:类型	*/	基本器材\M80螺栓.SLDPRT
                                /*	5:位置	*/	1    0    0    0    0    1    6.16298e-033    0    0    1.4575e-033    1    0    0.08    0    0    1    
                                /*	5:子节点数	*/	0

                                /*	5:名称	*/	3_3_0-1/3_3下垫粱上下两层连接螺栓阵列-2/下垫粱上下两层连接螺栓组合-3/六五墩螺母-1
                                /*	5:类型	*/	基本器材\六五墩螺母.SLDPRT
                                /*	5:位置	*/	0.844007    -0.536332    -1.38778e-017    0    1.14056e-016    2.20502e-016    1    0    -0.536332    -0.844007    2.22045e-016    0    0    0.08    0.041    1    
                                /*	5:子节点数	*/	0

                                /*	5:名称	*/	3_3_0-1/3_3下垫粱上下两层连接螺栓阵列-2/下垫粱上下两层连接螺栓组合-3/六五墩螺母-2
                                /*	5:类型	*/	基本器材\六五墩螺母.SLDPRT
                                /*	5:位置	*/	0.844007    -0.536332    -1.38778e-017    0    1.14056e-016    2.20502e-016    1    0    -0.536332    -0.844007    2.22045e-016    0    0    0    0.041    1    
                                /*	5:子节点数	*/	0

                                /*	5:名称	*/	3_3_0-1/3_3下垫粱上下两层连接螺栓阵列-2/下垫粱上下两层连接螺栓组合-3/六五墩螺母-3
                                /*	5:类型	*/	基本器材\六五墩螺母.SLDPRT
                                /*	5:位置	*/	0.844007    -0.536332    -1.38778e-017    0    1.14056e-016    2.20502e-016    1    0    -0.536332    -0.844007    2.22045e-016    0    0.08    0.08    0.041    1    
                                /*	5:子节点数	*/	0

                                /*	5:名称	*/	3_3_0-1/3_3下垫粱上下两层连接螺栓阵列-2/下垫粱上下两层连接螺栓组合-3/六五墩螺母-4
                                /*	5:类型	*/	基本器材\六五墩螺母.SLDPRT
                                /*	5:位置	*/	0.844007    -0.536332    -1.38778e-017    0    1.14056e-016    2.20502e-016    1    0    -0.536332    -0.844007    2.22045e-016    0    0.08    -2.22045e-016    0.041    1    
                                /*	5:子节点数	*/	0

                        /*	4:名称	*/	3_3_0-1/3_3下垫粱上下两层连接螺栓阵列-2/下垫粱上下两层连接螺栓组合-4
                        /*	4:类型	*/	基本组合\下垫粱上下两层连接螺栓组合.SLDASM
                        /*	4:位置	*/	1    0    0    0    0    1    6.16298e-033    0    0    1.4575e-033    1    0    -0.0605921    -2.34515    -0.04    1    
                        /*	4:子节点数	*/	8

                                /*	5:名称	*/	3_3_0-1/3_3下垫粱上下两层连接螺栓阵列-2/下垫粱上下两层连接螺栓组合-4/M80螺栓-32
                                /*	5:类型	*/	基本器材\M80螺栓.SLDPRT
                                /*	5:位置	*/	1    0    0    0    0    1    6.16298e-033    0    0    1.4575e-033    1    0    -2.22045e-016    0    0    1    
                                /*	5:子节点数	*/	0

                                /*	5:名称	*/	3_3_0-1/3_3下垫粱上下两层连接螺栓阵列-2/下垫粱上下两层连接螺栓组合-4/M80螺栓-33
                                /*	5:类型	*/	基本器材\M80螺栓.SLDPRT
                                /*	5:位置	*/	1    0    0    0    0    1    6.16298e-033    0    0    1.4575e-033    1    0    0.08    0.08    0    1    
                                /*	5:子节点数	*/	0

                                /*	5:名称	*/	3_3_0-1/3_3下垫粱上下两层连接螺栓阵列-2/下垫粱上下两层连接螺栓组合-4/M80螺栓-34
                                /*	5:类型	*/	基本器材\M80螺栓.SLDPRT
                                /*	5:位置	*/	1    0    0    0    0    1    6.16298e-033    0    0    1.4575e-033    1    0    -2.22045e-016    0.08    0    1    
