/*	1:name	*/	3_4_14
/*	1:type	*/	3_4\3_4_14.SLDASM
/*	1:location	*/	1.0	0.0	0.0	0.0	0.0	1.0	0.0	0.0	0.0	0.0	1.0	0.0	0.0	0.0	0.0	1.0
/*	1:child_number	*/	161
	/*	2:name	*/	3_4_0-1
	/*	2:type	*/	3_4\3_4_ASM\3_4_0.SLDASM
	/*	2:location	*/	1.0	0.0	0.0	0.0	0.0	1.0	0.0	0.0	0.0	0.0	1.0	0.0	0.121836	-14.0861	3.0	1.0
	/*	2:child_number	*/	18
		/*	3:name	*/	3_4_0-1/3_4下垫粱上下两层连接螺栓阵列-1
		/*	3:type	*/	3_4\3_4_ASM\3_4下垫粱上下两层连接螺栓阵列.SLDASM
		/*	3:location	*/	2.38698E-15	2.22045E-16	1.0	0.0	-1.0	-3.46945E-17	2.38698E-15	0.0	3.46945E-17	-1.0	2.22045E-16	0.0	2.66462	-0.32589	0.173441	1.0
		/*	3:child_number	*/	8
			/*	4:name	*/	3_4_0-1/3_4下垫粱上下两层连接螺栓阵列-1/下垫粱上下两层连接螺栓组合-1
			/*	4:type	*/	基本组合\下垫粱上下两层连接螺栓组合.SLDASM
			/*	4:location	*/	1.0	0.0	-2.46519E-32	0.0	0.0	1.0	-2.62743E-46	0.0	0.0	-3.50325E-46	1.0	0.0	-0.0634407	-0.0535418	-0.04	1.0
			/*	4:child_number	*/	8
				/*	5:name	*/	3_4_0-1/3_4下垫粱上下两层连接螺栓阵列-1/下垫粱上下两层连接螺栓组合-1/M80螺栓-32
				/*	5:type	*/	基本器材\M80螺栓.SLDPRT
				/*	5:location	*/	1.0	0.0	-2.46519E-32	0.0	0.0	1.0	-2.62743E-46	0.0	0.0	-3.50325E-46	1.0	0.0	0.0	0.0	1.77636E-15	1.0
				/*	5:child_number	*/	0
				/*	5:name	*/	3_4_0-1/3_4下垫粱上下两层连接螺栓阵列-1/下垫粱上下两层连接螺栓组合-1/M80螺栓-33
				/*	5:type	*/	基本器材\M80螺栓.SLDPRT
				/*	5:location	*/	1.0	0.0	-2.46519E-32	0.0	0.0	1.0	-2.62743E-46	0.0	0.0	-3.50325E-46	1.0	0.0	0.08	0.08	1.77636E-15	1.0
				/*	5:child_number	*/	0
				/*	5:name	*/	3_4_0-1/3_4下垫粱上下两层连接螺栓阵列-1/下垫粱上下两层连接螺栓组合-1/M80螺栓-34
				/*	5:type	*/	基本器材\M80螺栓.SLDPRT
				/*	5:location	*/	1.0	0.0	-2.46519E-32	0.0	0.0	1.0	-2.62743E-46	0.0	0.0	-3.50325E-46	1.0	0.0	0.0	0.08	1.77636E-15	1.0
				/*	5:child_number	*/	0
				/*	5:name	*/	3_4_0-1/3_4下垫粱上下两层连接螺栓阵列-1/下垫粱上下两层连接螺栓组合-1/M80螺栓-35
				/*	5:type	*/	基本器材\M80螺栓.SLDPRT
				/*	5:location	*/	1.0	0.0	-2.46519E-32	0.0	0.0	1.0	-2.62743E-46	0.0	0.0	-3.50325E-46	1.0	0.0	0.08	0.0	1.77636E-15	1.0
				/*	5:child_number	*/	0
				/*	5:name	*/	3_4_0-1/3_4下垫粱上下两层连接螺栓阵列-1/下垫粱上下两层连接螺栓组合-1/六五墩螺母-1
				/*	5:type	*/	基本器材\六五墩螺母.SLDPRT
				/*	5:location	*/	0.844007	-0.536332	-1.38778E-17	0.0	1.14056E-16	2.20502E-16	1.0	0.0	-0.536332	-0.844007	2.22045E-16	0.0	0.0	0.08	0.041	1.0
				/*	5:child_number	*/	0
				/*	5:name	*/	3_4_0-1/3_4下垫粱上下两层连接螺栓阵列-1/下垫粱上下两层连接螺栓组合-1/六五墩螺母-2
				/*	5:type	*/	基本器材\六五墩螺母.SLDPRT
				/*	5:location	*/	0.844007	-0.536332	-1.38778E-17	0.0	1.14056E-16	2.20502E-16	1.0	0.0	-0.536332	-0.844007	2.22045E-16	0.0	0.0	0.0	0.041	1.0
				/*	5:child_number	*/	0
				/*	5:name	*/	3_4_0-1/3_4下垫粱上下两层连接螺栓阵列-1/下垫粱上下两层连接螺栓组合-1/六五墩螺母-3
				/*	5:type	*/	基本器材\六五墩螺母.SLDPRT
				/*	5:location	*/	0.844007	-0.536332	-1.38778E-17	0.0	1.14056E-16	2.20502E-16	1.0	0.0	-0.536332	-0.844007	2.22045E-16	0.0	0.08	0.08	0.041	1.0
				/*	5:child_number	*/	0
				/*	5:name	*/	3_4_0-1/3_4下垫粱上下两层连接螺栓阵列-1/下垫粱上下两层连接螺栓组合-1/六五墩螺母-4
				/*	5:type	*/	基本器材\六五墩螺母.SLDPRT
				/*	5:location	*/	0.844007	-0.536332	-1.38778E-17	0.0	1.14056E-16	2.20502E-16	1.0	0.0	-0.536332	-0.844007	2.22045E-16	0.0	0.08	-4.44089E-16	0.041	1.0
				/*	5:child_number	*/	0
			/*	4:name	*/	3_4_0-1/3_4下垫粱上下两层连接螺栓阵列-1/下垫粱上下两层连接螺栓组合-2
			/*	4:type	*/	基本组合\下垫粱上下两层连接螺栓组合.SLDASM
			/*	4:location	*/	1.0	0.0	-2.46519E-32	0.0	0.0	1.0	-2.62743E-46	0.0	0.0	-3.50325E-46	1.0	0.0	-0.0634407	0.246458	-0.04	1.0
			/*	4:child_number	*/	8
				/*	5:name	*/	3_4_0-1/3_4下垫粱上下两层连接螺栓阵列-1/下垫粱上下两层连接螺栓组合-2/M80螺栓-32
				/*	5:type	*/	基本器材\M80螺栓.SLDPRT
				/*	5:location	*/	1.0	0.0	-2.46519E-32	0.0	0.0	1.0	-2.62743E-46	0.0	0.0	-3.50325E-46	1.0	0.0	-4.44089E-16	0.0	1.77636E-15	1.0
				/*	5:child_number	*/	0
				/*	5:name	*/	3_4_0-1/3_4下垫粱上下两层连接螺栓阵列-1/下垫粱上下两层连接螺栓组合-2/M80螺栓-33
				/*	5:type	*/	基本器材\M80螺栓.SLDPRT
				/*	5:location	*/	1.0	0.0	-2.46519E-32	0.0	0.0	1.0	-2.62743E-46	0.0	0.0	-3.50325E-46	1.0	0.0	0.08	0.08	1.77636E-15	1.0
				/*	5:child_number	*/	0
				/*	5:name	*/	3_4_0-1/3_4下垫粱上下两层连接螺栓阵列-1/下垫粱上下两层连接螺栓组合-2/M80螺栓-34
				/*	5:type	*/	基本器材\M80螺栓.SLDPRT
				/*	5:location	*/	1.0	0.0	-2.46519E-32	0.0	0.0	1.0	-2.62743E-46	0.0	0.0	-3.50325E-46	1.0	0.0	-4.44089E-16	0.08	1.77636E-15	1.0
				/*	5:child_number	*/	0
				/*	5:name	*/	3_4_0-1/3_4下垫粱上下两层连接螺栓阵列-1/下垫粱上下两层连接螺栓组合-2/M80螺栓-35
				/*	5:type	*/	基本器材\M80螺栓.SLDPRT
				/*	5:location	*/	1.0	0.0	-2.46519E-32	0.0	0.0	1.0	-2.62743E-46	0.0	0.0	-3.50325E-46	1.0	0.0	0.08	0.0	1.77636E-15	1.0
				/*	5:child_number	*/	0
				/*	5:name	*/	3_4_0-1/3_4下垫粱上下两层连接螺栓阵列-1/下垫粱上下两层连接螺栓组合-2/六五墩螺母-1
				/*	5:type	*/	基本器材\六五墩螺母.SLDPRT
				/*	5:location	*/	0.844007	-0.536332	-1.38778E-17	0.0	1.14056E-16	2.20502E-16	1.0	0.0	-0.536332	-0.844007	2.22045E-16	0.0	-4.44089E-16	0.08	0.041	1.0
				/*	5:child_number	*/	0
				/*	5:name	*/	3_4_0-1/3_4下垫粱上下两层连接螺栓阵列-1/下垫粱上下两层连接螺栓组合-2/六五墩螺母-2
				/*	5:type	*/	基本器材\六五墩螺母.SLDPRT
				/*	5:location	*/	0.844007	-0.536332	-1.38778E-17	0.0	1.14056E-16	2.20502E-16	1.0	0.0	-0.536332	-0.844007	2.22045E-16	0.0	-4.44089E-16	0.0	0.041	1.0
				/*	5:child_number	*/	0
				/*	5:name	*/	3_4_0-1/3_4下垫粱上下两层连接螺栓阵列-1/下垫粱上下两层连接螺栓组合-2/六五墩螺母-3
				/*	5:type	*/	基本器材\六五墩螺母.SLDPRT
				/*	5:location	*/	0.844007	-0.536332	-1.38778E-17	0.0	1.14056E-16	2.20502E-16	1.0	0.0	-0.536332	-0.844007	2.22045E-16	0.0	0.08	0.08	0.041	1.0
				/*	5:child_number	*/	0
				/*	5:name	*/	3_4_0-1/3_4下垫粱上下两层连接螺栓阵列-1/下垫粱上下两层连接螺栓组合-2/六五墩螺母-4
				/*	5:type	*/	基本器材\六五墩螺母.SLDPRT
				/*	5:location	*/	0.844007	-0.536332	-1.38778E-17	0.0	1.14056E-16	2.20502E-16	1.0	0.0	-0.536332	-0.844007	2.22045E-16	0.0	0.08	-4.44089E-16	0.041	1.0
				/*	5:child_number	*/	0
			/*	4:name	*/	3_4_0-1/3_4下垫粱上下两层连接螺栓阵列-1/下垫粱上下两层连接螺栓组合-3
			/*	4:type	*/	基本组合\下垫粱上下两层连接螺栓组合.SLDASM
			/*	4:location	*/	1.0	0.0	-2.46519E-32	0.0	0.0	1.0	-2.62743E-46	0.0	0.0	-3.50325E-46	1.0	0.0	-0.0634407	1.24646	-0.04	1.0
			/*	4:child_number	*/	8
				/*	5:name	*/	3_4_0-1/3_4下垫粱上下两层连接螺栓阵列-1/下垫粱上下两层连接螺栓组合-3/M80螺栓-32
				/*	5:type	*/	基本器材\M80螺栓.SLDPRT
				/*	5:location	*/	1.0	0.0	-2.46519E-32	0.0	0.0	1.0	-2.62743E-46	0.0	0.0	-3.50325E-46	1.0	0.0	0.0	0.0	1.77636E-15	1.0
				/*	5:child_number	*/	0
				/*	5:name	*/	3_4_0-1/3_4下垫粱上下两层连接螺栓阵列-1/下垫粱上下两层连接螺栓组合-3/M80螺栓-33
				/*	5:type	*/	基本器材\M80螺栓.SLDPRT
				/*	5:location	*/	1.0	0.0	-2.46519E-32	0.0	0.0	1.0	-2.62743E-46	0.0	0.0	-3.50325E-46	1.0	0.0	0.08	0.08	1.77636E-15	1.0
				/*	5:child_number	*/	0
				/*	5:name	*/	3_4_0-1/3_4下垫粱上下两层连接螺栓阵列-1/下垫粱上下两层连接螺栓组合-3/M80螺栓-34
				/*	5:type	*/	基本器材\M80螺栓.SLDPRT
				/*	5:location	*/	1.0	0.0	-2.46519E-32	0.0	0.0	1.0	-2.62743E-46	0.0	0.0	-3.50325E-46	1.0	0.0	0.0	0.08	1.77636E-15	1.0
				/*	5:child_number	*/	0
				/*	5:name	*/	3_4_0-1/3_4下垫粱上下两层连接螺栓阵列-1/下垫粱上下两层连接螺栓组合-3/M80螺栓-35
				/*	5:type	*/	基本器材\M80螺栓.SLDPRT
				/*	5:location	*/	1.0	0.0	-2.46519E-32	0.0	0.0	1.0	-2.62743E-46	0.0	0.0	-3.50325E-46	1.0	0.0	0.08	0.0	1.77636E-15	1.0
				/*	5:child_number	*/	0
				/*	5:name	*/	3_4_0-1/3_4下垫粱上下两层连接螺栓阵列-1/下垫粱上下两层连接螺栓组合-3/六五墩螺母-1
				/*	5:type	*/	基本器材\六五墩螺母.SLDPRT
				/*	5:location	*/	0.844007	-0.536332	-1.38778E-17	0.0	1.14056E-16	2.20502E-16	1.0	0.0	-0.536332	-0.844007	2.22045E-16	0.0	0.0	0.08	0.041	1.0
				/*	5:child_number	*/	0
				/*	5:name	*/	3_4_0-1/3_4下垫粱上下两层连接螺栓阵列-1/下垫粱上下两层连接螺栓组合-3/六五墩螺母-2
				/*	5:type	*/	基本器材\六五墩螺母.SLDPRT
				/*	5:location	*/	0.844007	-0.536332	-1.38778E-17	0.0	1.14056E-16	2.20502E-16	1.0	0.0	-0.536332	-0.844007	2.22045E-16	0.0	0.0	0.0	0.041	1.0
				/*	5:child_number	*/	0
				/*	5:name	*/	3_4_0-1/3_4下垫粱上下两层连接螺栓阵列-1/下垫粱上下两层连接螺栓组合-3/六五墩螺母-3
				/*	5:type	*/	基本器材\六五墩螺母.SLDPRT
				/*	5:location	*/	0.844007	-0.536332	-1.38778E-17	0.0	1.14056E-16	2.20502E-16	1.0	0.0	-0.536332	-0.844007	2.22045E-16	0.0	0.08	0.08	0.041	1.0
				/*	5:child_number	*/	0
				/*	5:name	*/	3_4_0-1/3_4下垫粱上下两层连接螺栓阵列-1/下垫粱上下两层连接螺栓组合-3/六五墩螺母-4
				/*	5:type	*/	基本器材\六五墩螺母.SLDPRT
				/*	5:location	*/	0.844007	-0.536332	-1.38778E-17	0.0	1.14056E-16	2.20502E-16	1.0	0.0	-0.536332	-0.844007	2.22045E-16	0.0	0.08	0.0	0.041	1.0
				/*	5:child_number	*/	0
			/*	4:name	*/	3_4_0-1/3_4下垫粱上下两层连接螺栓阵列-1/下垫粱上下两层连接螺栓组合-4
			/*	4:type	*/	基本组合\下垫粱上下两层连接螺栓组合.SLDASM
			/*	4:location	*/	1.0	0.0	-2.46519E-32	0.0	0.0	1.0	-2.62743E-46	0.0	0.0	-3.50325E-46	1.0	0.0	-0.0634407	2.24646	-0.04	1.0
			/*	4:child_number	*/	8
				/*	5:name	*/	3_4_0-1/3_4下垫粱上下两层连接螺栓阵列-1/下垫粱上下两层连接螺栓组合-4/M80螺栓-32
				/*	5:type	*/	基本器材\M80螺栓.SLDPRT
				/*	5:location	*/	1.0	0.0	-2.46519E-32	0.0	0.0	1.0	-2.62743E-46	0.0	0.0	-3.50325E-46	1.0	0.0	0.0	0.0	1.77636E-15	1.0
				/*	5:child_number	*/	0
				/*	5:name	*/	3_4_0-1/3_4下垫粱上下两层连接螺栓阵列-1/下垫粱上下两层连接螺栓组合-4/M80螺栓-33
				/*	5:type	*/	基本器材\M80螺栓.SLDPRT
				/*	5:location	*/	1.0	0.0	-2.46519E-32	0.0	0.0	1.0	-2.62743E-46	0.0	0.0	-3.50325E-46	1.0	0.0	0.08	0.08	1.77636E-15	1.0
				/*	5:child_number	*/	0
				/*	5:name	*/	3_4_0-1/3_4下垫粱上下两层连接螺栓阵列-1/下垫粱上下两层连接螺栓组合-4/M80螺栓-34
				/*	5:type	*/	基本器材\M80螺栓.SLDPRT
				/*	5:location	*/	1.0	0.0	-2.46519E-32	0.0	0.0	1.0	-2.62743E-46	0.0	0.0	-3.50325E-46	1.0	0.0	-4.44089E-16	0.08	1.77636E-15	1.0
				/*	5:child_number	*/	0
				/*	5:name	*/	3_4_0-1/3_4下垫粱上下两层连接螺栓阵列-1/下垫粱上下两层连接螺栓组合-4/M80螺栓-35
				/*	5:type	*/	基本器材\M80螺栓.SLDPRT
				/*	5:location	*/	1.0	0.0	-2.46519E-32	0.0	0.0	1.0	-2.62743E-46	0.0	0.0	-3.50325E-46	1.0	0.0	0.08	0.0	1.77636E-15	1.0
				/*	5:child_number	*/	0
				/*	5:name	*/	3_4_0-1/3_4下垫粱上下两层连接螺栓阵列-1/下垫粱上下两层连接螺栓组合-4/六五墩螺母-1
				/*	5:type	*/	基本器材\六五墩螺母.SLDPRT
				/*	5:location	*/	0.844007	-0.536332	-1.38778E-17	0.0	1.14056E-16	2.20502E-16	1.0	0.0	-0.536332	-0.844007	2.22045E-16	0.0	-4.44089E-16	0.08	0.041	1.0
				/*	5:child_number	*/	0
				/*	5:name	*/	3_4_0-1/3_4下垫粱上下两层连接螺栓阵列-1/下垫粱上下两层连接螺栓组合-4/六五墩螺母-2
				/*	5:type	*/	基本器材\六五墩螺母.SLDPRT
				/*	5:location	*/	0.844007	-0.536332	-1.38778E-17	0.0	1.14056E-16	2.20502E-16	1.0	0.0	-0.536332	-0.844007	2.22045E-16	0.0	0.0	0.0	0.041	1.0
				/*	5:child_number	*/	0
				/*	5:name	*/	3_4_0-1/3_4下垫粱上下两层连接螺栓阵列-1/下垫粱上下两层连接螺栓组合-4/六五墩螺母-3
				/*	5:type	*/	基本器材\六五墩螺母.SLDPRT
				/*	5:location	*/	0.844007	-0.536332	-1.38778E-17	0.0	1.14056E-16	2.20502E-16	1.0	0.0	-0.536332	-0.844007	2.22045E-16	0.0	0.08	0.08	0.041	1.0
				/*	5:child_number	*/	0
				/*	5:name	*/	3_4_0-1/3_4下垫粱上下两层连接螺栓阵列-1/下垫粱上下两层连接螺栓组合-4/六五墩螺母-4
				/*	5:type	*/	基本器材\六五墩螺母.SLDPRT
				/*	5:location	*/	0.844007	-0.536332	-1.38778E-17	0.0	1.14056E-16	2.20502E-16	1.0	0.0	-0.536332	-0.844007	2.22045E-16	0.0	0.08	1.11022E-16	0.041	1.0
				/*	5:child_number	*/	0
			/*	4:name	*/	3_4_0-1/3_4下垫粱上下两层连接螺栓阵列-1/下垫粱上下两层连接螺栓组合-5
			/*	4:type	*/	基本组合\下垫粱上下两层连接螺栓组合.SLDASM
			/*	4:location	*/	1.0	0.0	-2.46519E-32	0.0	0.0	1.0	-2.62743E-46	0.0	0.0	-3.50325E-46	1.0	0.0	-0.0634407	3.24646	-0.04	1.0
			/*	4:child_number	*/	8
				/*	5:name	*/	3_4_0-1/3_4下垫粱上下两层连接螺栓阵列-1/下垫粱上下两层连接螺栓组合-5/M80螺栓-32
				/*	5:type	*/	基本器材\M80螺栓.SLDPRT
				/*	5:location	*/	1.0	0.0	-2.46519E-32	0.0	0.0	1.0	-2.62743E-46	0.0	0.0	-3.50325E-46	1.0	0.0	-4.44089E-16	0.0	1.77636E-15	1.0
				/*	5:child_number	*/	0
				/*	5:name	*/	3_4_0-1/3_4下垫粱上下两层连接螺栓阵列-1/下垫粱上下两层连接螺栓组合-5/M80螺栓-33
				/*	5:type	*/	基本器材\M80螺栓.SLDPRT
				/*	5:location	*/	1.0	0.0	-2.46519E-32	0.0	0.0	1.0	-2.62743E-46	0.0	0.0	-3.50325E-46	1.0	0.0	0.08	0.08	1.77636E-15	1.0
				/*	5:child_number	*/	0
				/*	5:name	*/	3_4_0-1/3_4下垫粱上下两层连接螺栓阵列-1/下垫粱上下两层连接螺栓组合-5/M80螺栓-34
				/*	5:type	*/	基本器材\M80螺栓.SLDPRT
				/*	5:location	*/	1.0	0.0	-2.46519E-32	0.0	0.0	1.0	-2.62743E-46	0.0	0.0	-3.50325E-46	1.0	0.0	-4.44089E-16	0.08	1.77636E-15	1.0
				/*	5:child_number	*/	0
				/*	5:name	*/	3_4_0-1/3_4下垫粱上下两层连接螺栓阵列-1/下垫粱上下两层连接螺栓组合-5/M80螺栓-35
				/*	5:type	*/	基本器材\M80螺栓.SLDPRT
				/*	5:location	*/	1.0	0.0	-2.46519E-32	0.0	0.0	1.0	-2.62743E-46	0.0	0.0	-3.50325E-46	1.0	0.0	0.08	0.0	1.77636E-15	1.0
				/*	5:child_number	*/	0
				/*	5:name	*/	3_4_0-1/3_4下垫粱上下两层连接螺栓阵列-1/下垫粱上下两层连接螺栓组合-5/六五墩螺母-1
				/*	5:type	*/	基本器材\六五墩螺母.SLDPRT
				/*	5:location	*/	0.844007	-0.536332	-1.38778E-17	0.0	1.14056E-16	2.20502E-16	1.0	0.0	-0.536332	-0.844007	2.22045E-16	0.0	-4.44089E-16	0.08	0.041	1.0
				/*	5:child_number	*/	0
				/*	5:name	*/	3_4_0-1/3_4下垫粱上下两层连接螺栓阵列-1/下垫粱上下两层连接螺栓组合-5/六五墩螺母-2
				/*	5:type	*/	基本器材\六五墩螺母.SLDPRT
				/*	5:location	*/	0.844007	-0.536332	-1.38778E-17	0.0	1.14056E-16	2.20502E-16	1.0	0.0	-0.536332	-0.844007	2.22045E-16	0.0	-4.44089E-16	-5.55112E-17	0.041	1.0
				/*	5:child_number	*/	0
				/*	5:name	*/	3_4_0-1/3_4下垫粱上下两层连接螺栓阵列-1/下垫粱上下两层连接螺栓组合-5/六五墩螺母-3
				/*	5:type	*/	基本器材\六五墩螺母.SLDPRT
				/*	5:location	*/	0.844007	-0.536332	-1.38778E-17	0.0	1.14056E-16	2.20502E-16	1.0	0.0	-0.536332	-0.844007	2.22045E-16	0.0	0.08	0.08	0.041	1.0
				/*	5:child_number	*/	0
				/*	5:name	*/	3_4_0-1/3_4下垫粱上下两层连接螺栓阵列-1/下垫粱上下两层连接螺栓组合-5/六五墩螺母-4
				/*	5:type	*/	基本器材\六五墩螺母.SLDPRT
				/*	5:location	*/	0.844007	-0.536332	-1.38778E-17	0.0	1.14056E-16	2.20502E-16	1.0	0.0	-0.536332	-0.844007	2.22045E-16	0.0	0.08	-1.11022E-16	0.041	1.0
				/*	5:child_number	*/	0
			/*	4:name	*/	3_4_0-1/3_4下垫粱上下两层连接螺栓阵列-1/下垫粱上下两层连接螺栓组合-6
			/*	4:type	*/	基本组合\下垫粱上下两层连接螺栓组合.SLDASM
			/*	4:location	*/	1.0	0.0	-2.46519E-32	0.0	0.0	1.0	-2.62743E-46	0.0	0.0	-3.50325E-46	1.0	0.0	-0.0634407	4.24646	-0.04	1.0
			/*	4:child_number	*/	8
				/*	5:name	*/	3_4_0-1/3_4下垫粱上下两层连接螺栓阵列-1/下垫粱上下两层连接螺栓组合-6/M80螺栓-32
				/*	5:type	*/	基本器材\M80螺栓.SLDPRT
				/*	5:location	*/	1.0	0.0	-2.46519E-32	0.0	0.0	1.0	-2.62743E-46	0.0	0.0	-3.50325E-46	1.0	0.0	0.0	0.0	1.77636E-15	1.0
				/*	5:child_number	*/	0
				/*	5:name	*/	3_4_0-1/3_4下垫粱上下两层连接螺栓阵列-1/下垫粱上下两层连接螺栓组合-6/M80螺栓-33
				/*	5:type	*/	基本器材\M80螺栓.SLDPRT
				/*	5:location	*/	1.0	0.0	-2.46519E-32	0.0	0.0	1.0	-2.62743E-46	0.0	0.0	-3.50325E-46	1.0	0.0	0.08	0.08	1.77636E-15	1.0
				/*	5:child_number	*/	0
				/*	5:name	*/	3_4_0-1/3_4下垫粱上下两层连接螺栓阵列-1/下垫粱上下两层连接螺栓组合-6/M80螺栓-34
				/*	5:type	*/	基本器材\M80螺栓.SLDPRT
				/*	5:location	*/	1.0	0.0	-2.46519E-32	0.0	0.0	1.0	-2.62743E-46	0.0	0.0	-3.50325E-46	1.0	0.0	0.0	0.08	1.77636E-15	1.0
				/*	5:child_number	*/	0
				/*	5:name	*/	3_4_0-1/3_4下垫粱上下两层连接螺栓阵列-1/下垫粱上下两层连接螺栓组合-6/M80螺栓-35
				/*	5:type	*/	基本器材\M80螺栓.SLDPRT
				/*	5:location	*/	1.0	0.0	-2.46519E-32	0.0	0.0	1.0	-2.62743E-46	0.0	0.0	-3.50325E-46	1.0	0.0	0.08	0.0	1.77636E-15	1.0
				/*	5:child_number	*/	0
				/*	5:name	*/	3_4_0-1/3_4下垫粱上下两层连接螺栓阵列-1/下垫粱上下两层连接螺栓组合-6/六五墩螺母-1
				/*	5:type	*/	基本器材\六五墩螺母.SLDPRT
				/*	5:location	*/	0.844007	-0.536332	-1.38778E-17	0.0	1.14056E-16	2.20502E-16	1.0	0.0	-0.536332	-0.844007	2.22045E-16	0.0	0.0	0.08	0.041	1.0
				/*	5:child_number	*/	0
				/*	5:name	*/	3_4_0-1/3_4下垫粱上下两层连接螺栓阵列-1/下垫粱上下两层连接螺栓组合-6/六五墩螺母-2
				/*	5:type	*/	基本器材\六五墩螺母.SLDPRT
				/*	5:location	*/	0.844007	-0.536332	-1.38778E-17	0.0	1.14056E-16	2.20502E-16	1.0	0.0	-0.536332	-0.844007	2.22045E-16	0.0	0.0	0.0	0.041	1.0
				/*	5:child_number	*/	0
				/*	5:name	*/	3_4_0-1/3_4下垫粱上下两层连接螺栓阵列-1/下垫粱上下两层连接螺栓组合-6/六五墩螺母-3
				/*	5:type	*/	基本器材\六五墩螺母.SLDPRT
				/*	5:location	*/	0.844007	-0.536332	-1.38778E-17	0.0	1.14056E-16	2.20502E-16	1.0	0.0	-0.536332	-0.844007	2.22045E-16	0.0	0.08	0.08	0.041	1.0
				/*	5:child_number	*/	0
				/*	5:name	*/	3_4_0-1/3_4下垫粱上下两层连接螺栓阵列-1/下垫粱上下两层连接螺栓组合-6/六五墩螺母-4
				/*	5:type	*/	基本器材\六五墩螺母.SLDPRT
				/*	5:location	*/	0.844007	-0.536332	-1.38778E-17	0.0	1.14056E-16	2.20502E-16	1.0	0.0	-0.536332	-0.844007	2.22045E-16	0.0	0.08	0.0	0.041	1.0
				/*	5:child_number	*/	0
			/*	4:name	*/	3_4_0-1/3_4下垫粱上下两层连接螺栓阵列-1/下垫粱上下两层连接螺栓组合-7
			/*	4:type	*/	基本组合\下垫粱上下两层连接螺栓组合.SLDASM
			/*	4:location	*/	1.0	0.0	-2.46519E-32	0.0	0.0	1.0	-2.62743E-46	0.0	0.0	-3.50325E-46	1.0	0.0	-0.0634407	5.24646	-0.04	1.0
			/*	4:child_number	*/	8
				/*	5:name	*/	3_4_0-1/3_4下垫粱上下两层连接螺栓阵列-1/下垫粱上下两层连接螺栓组合-7/M80螺栓-32
				/*	5:type	*/	基本器材\M80螺栓.SLDPRT
				/*	5:location	*/	1.0	0.0	-2.46519E-32	0.0	0.0	1.0	-2.62743E-46	0.0	0.0	-3.50325E-46	1.0	0.0	0.0	0.0	1.77636E-15	1.0
				/*	5:child_number	*/	0
				/*	5:name	*/	3_4_0-1/3_4下垫粱上下两层连接螺栓阵列-1/下垫粱上下两层连接螺栓组合-7/M80螺栓-33
				/*	5:type	*/	基本器材\M80螺栓.SLDPRT
				/*	5:location	*/	1.0	0.0	-2.46519E-32	0.0	0.0	1.0	-2.62743E-46	0.0	0.0	-3.50325E-46	1.0	0.0	0.08	0.08	1.77636E-15	1.0
				/*	5:child_number	*/	0
				/*	5:name	*/	3_4_0-1/3_4下垫粱上下两层连接螺栓阵列-1/下垫粱上下两层连接螺栓组合-7/M80螺栓-34
				/*	5:type	*/	基本器材\M80螺栓.SLDPRT
				/*	5:location	*/	1.0	0.0	-2.46519E-32	0.0	0.0	1.0	-2.62743E-46	0.0	0.0	-3.50325E-46	1.0	0.0	-4.44089E-16	0.08	1.77636E-15	1.0
				/*	5:child_number	*/	0
				/*	5:name	*/	3_4_0-1/3_4下垫粱上下两层连接螺栓阵列-1/下垫粱上下两层连接螺栓组合-7/M80螺栓-35
				/*	5:type	*/	基本器材\M80螺栓.SLDPRT
				/*	5:location	*/	1.0	0.0	-2.46519E-32	0.0	0.0	1.0	-2.62743E-46	0.0	0.0	-3.50325E-46	1.0	0.0	0.08	0.0	1.77636E-15	1.0
				/*	5:child_number	*/	0
				/*	5:name	*/	3_4_0-1/3_4下垫粱上下两层连接螺栓阵列-1/下垫粱上下两层连接螺栓组合-7/六五墩螺母-1
				/*	5:type	*/	基本器材\六五墩螺母.SLDPRT
				/*	5:location	*/	0.844007	-0.536332	-1.38778E-17	0.0	1.14056E-16	2.20502E-16	1.0	0.0	-0.536332	-0.844007	2.22045E-16	0.0	-4.44089E-16	0.08	0.041	1.0
				/*	5:child_number	*/	0
				/*	5:name	*/	3_4_0-1/3_4下垫粱上下两层连接螺栓阵列-1/下垫粱上下两层连接螺栓组合-7/六五墩螺母-2
				/*	5:type	*/	基本器材\六五墩螺母.SLDPRT
				/*	5:location	*/	0.844007	-0.536332	-1.38778E-17	0.0	1.14056E-16	2.20502E-16	1.0	0.0	-0.536332	-0.844007	2.22045E-16	0.0	0.0	0.0	0.041	1.0
				/*	5:child_number	*/	0
				/*	5:name	*/	3_4_0-1/3_4下垫粱上下两层连接螺栓阵列-1/下垫粱上下两层连接螺栓组合-7/六五墩螺母-3
				/*	5:type	*/	基本器材\六五墩螺母.SLDPRT
				/*	5:location	*/	0.844007	-0.536332	-1.38778E-17	0.0	1.14056E-16	2.20502E-16	1.0	0.0	-0.536332	-0.844007	2.22045E-16	0.0	0.08	0.08	0.041	1.0
				/*	5:child_number	*/	0
				/*	5:name	*/	3_4_0-1/3_4下垫粱上下两层连接螺栓阵列-1/下垫粱上下两层连接螺栓组合-7/六五墩螺母-4
				/*	5:type	*/	基本器材\六五墩螺母.SLDPRT
				/*	5:location	*/	0.844007	-0.536332	-1.38778E-17	0.0	1.14056E-16	2.20502E-16	1.0	0.0	-0.536332	-0.844007	2.22045E-16	0.0	0.08	-4.44089E-16	0.041	1.0
				/*	5:child_number	*/	0
			/*	4:name	*/	3_4_0-1/3_4下垫粱上下两层连接螺栓阵列-1/下垫粱上下两层连接螺栓组合-8
			/*	4:type	*/	基本组合\下垫粱上下两层连接螺栓组合.SLDASM
			/*	4:location	*/	1.0	0.0	-2.46519E-32	0.0	0.0	1.0	-2.62743E-46	0.0	0.0	-3.50325E-46	1.0	0.0	-0.0634407	5.54646	-0.04	1.0
			/*	4:child_number	*/	8
				/*	5:name	*/	3_4_0-1/3_4下垫粱上下两层连接螺栓阵列-1/下垫粱上下两层连接螺栓组合-8/M80螺栓-32
				/*	5:type	*/	基本器材\M80螺栓.SLDPRT
				/*	5:location	*/	1.0	0.0	-2.46519E-32	0.0	0.0	1.0	-2.62743E-46	0.0	0.0	-3.50325E-46	1.0	0.0	0.0	0.0	1.77636E-15	1.0
				/*	5:child_number	*/	0
				/*	5:name	*/	3_4_0-1/3_4下垫粱上下两层连接螺栓阵列-1/下垫粱上下两层连接螺栓组合-8/M80螺栓-33
				/*	5:type	*/	基本器材\M80螺栓.SLDPRT
				/*	5:location	*/	1.0	0.0	-2.46519E-32	0.0	0.0	1.0	-2.62743E-46	0.0	0.0	-3.50325E-46	1.0	0.0	0.08	0.08	1.77636E-15	1.0
				/*	5:child_number	*/	0
				/*	5:name	*/	3_4_0-1/3_4下垫粱上下两层连接螺栓阵列-1/下垫粱上下两层连接螺栓组合-8/M80螺栓-34
				/*	5:type	*/	基本器材\M80螺栓.SLDPRT
				/*	5:location	*/	1.0	0.0	-2.46519E-32	0.0	0.0	1.0	-2.62743E-46	0.0	0.0	-3.50325E-46	1.0	0.0	0.0	0.08	1.77636E-15	1.0
				/*	5:child_number	*/	0
				/*	5:name	*/	3_4_0-1/3_4下垫粱上下两层连接螺栓阵列-1/下垫粱上下两层连接螺栓组合-8/M80螺栓-35
				/*	5:type	*/	基本器材\M80螺栓.SLDPRT
				/*	5:location	*/	1.0	0.0	-2.46519E-32	0.0	0.0	1.0	-2.62743E-46	0.0	0.0	-3.50325E-46	1.0	0.0	0.08	0.0	1.77636E-15	1.0
				/*	5:child_number	*/	0
				/*	5:name	*/	3_4_0-1/3_4下垫粱上下两层连接螺栓阵列-1/下垫粱上下两层连接螺栓组合-8/六五墩螺母-1
				/*	5:type	*/	基本器材\六五墩螺母.SLDPRT
				/*	5:location	*/	0.844007	-0.536332	-1.38778E-17	0.0	1.14056E-16	2.20502E-16	1.0	0.0	-0.536332	-0.844007	2.22045E-16	0.0	0.0	0.08	0.041	1.0
				/*	5:child_number	*/	0
				/*	5:name	*/	3_4_0-1/3_4下垫粱上下两层连接螺栓阵列-1/下垫粱上下两层连接螺栓组合-8/六五墩螺母-2
				/*	5:type	*/	基本器材\六五墩螺母.SLDPRT
				/*	5:location	*/	0.844007	-0.536332	-1.38778E-17	0.0	1.14056E-16	2.20502E-16	1.0	0.0	-0.536332	-0.844007	2.22045E-16	0.0	0.0	0.0	0.041	1.0
				/*	5:child_number	*/	0
				/*	5:name	*/	3_4_0-1/3_4下垫粱上下两层连接螺栓阵列-1/下垫粱上下两层连接螺栓组合-8/六五墩螺母-3
				/*	5:type	*/	基本器材\六五墩螺母.SLDPRT
				/*	5:location	*/	0.844007	-0.536332	-1.38778E-17	0.0	1.14056E-16	2.20502E-16	1.0	0.0	-0.536332	-0.844007	2.22045E-16	0.0	0.08	0.08	0.041	1.0
				/*	5:child_number	*/	0
				/*	5:name	*/	3_4_0-1/3_4下垫粱上下两层连接螺栓阵列-1/下垫粱上下两层连接螺栓组合-8/六五墩螺母-4
				/*	5:type	*/	基本器材\六五墩螺母.SLDPRT
				/*	5:location	*/	0.844007	-0.536332	-1.38778E-17	0.0	1.14056E-16	2.20502E-16	1.0	0.0	-0.536332	-0.844007	2.22045E-16	0.0	0.08	-4.44089E-16	0.041	1.0
				/*	5:child_number	*/	0
		/*	3:name	*/	3_4_0-1/3_4下垫粱上下两层连接螺栓阵列-2
		/*	3:type	*/	3_4\3_4_ASM\3_4下垫粱上下两层连接螺栓阵列.SLDASM
		/*	3:location	*/	2.38698E-15	2.22045E-16	1.0	0.0	-1.0	-3.46945E-17	2.38698E-15	0.0	3.46945E-17	-1.0	2.22045E-16	0.0	2.66462	-0.32589	-0.126559	1.0
		/*	3:child_number	*/	8
			/*	4:name	*/	3_4_0-1/3_4下垫粱上下两层连接螺栓阵列-2/下垫粱上下两层连接螺栓组合-1
			/*	4:type	*/	基本组合\下垫粱上下两层连接螺栓组合.SLDASM
			/*	4:location	*/	1.0	0.0	-2.46519E-32	0.0	0.0	1.0	-2.62743E-46	0.0	0.0	-3.50325E-46	1.0	0.0	-0.0634407	-0.0535418	-0.04	1.0
			/*	4:child_number	*/	8
				/*	5:name	*/	3_4_0-1/3_4下垫粱上下两层连接螺栓阵列-2/下垫粱上下两层连接螺栓组合-1/M80螺栓-32
				/*	5:type	*/	基本器材\M80螺栓.SLDPRT
				/*	5:location	*/	1.0	0.0	-2.46519E-32	0.0	0.0	1.0	-2.62743E-46	0.0	0.0	-3.50325E-46	1.0	0.0	0.0	0.0	1.77636E-15	1.0
				/*	5:child_number	*/	0
				/*	5:name	*/	3_4_0-1/3_4下垫粱上下两层连接螺栓阵列-2/下垫粱上下两层连接螺栓组合-1/M80螺栓-33
				/*	5:type	*/	基本器材\M80螺栓.SLDPRT
				/*	5:location	*/	1.0	0.0	-2.46519E-32	0.0	0.0	1.0	-2.62743E-46	0.0	0.0	-3.50325E-46	1.0	0.0	0.08	0.08	1.77636E-15	1.0
				/*	5:child_number	*/	0
				/*	5:name	*/	3_4_0-1/3_4下垫粱上下两层连接螺栓阵列-2/下垫粱上下两层连接螺栓组合-1/M80螺栓-34
				/*	5:type	*/	基本器材\M80螺栓.SLDPRT
				/*	5:location	*/	1.0	0.0	-2.46519E-32	0.0	0.0	1.0	-2.62743E-46	0.0	0.0	-3.50325E-46	1.0	0.0	0.0	0.08	1.77636E-15	1.0
				/*	5:child_number	*/	0
				/*	5:name	*/	3_4_0-1/3_4下垫粱上下两层连接螺栓阵列-2/下垫粱上下两层连接螺栓组合-1/M80螺栓-35
				/*	5:type	*/	基本器材\M80螺栓.SLDPRT
				/*	5:location	*/	1.0	0.0	-2.46519E-32	0.0	0.0	1.0	-2.62743E-46	0.0	0.0	-3.50325E-46	1.0	0.0	0.08	4.44089E-16	1.77636E-15	1.0
				/*	5:child_number	*/	0
				/*	5:name	*/	3_4_0-1/3_4下垫粱上下两层连接螺栓阵列-2/下垫粱上下两层连接螺栓组合-1/六五墩螺母-1
				/*	5:type	*/	基本器材\六五墩螺母.SLDPRT
				/*	5:location	*/	0.844007	-0.536332	-1.38778E-17	0.0	1.14056E-16	2.20502E-16	1.0	0.0	-0.536332	-0.844007	2.22045E-16	0.0	0.0	0.08	0.041	1.0
				/*	5:child_number	*/	0
				/*	5:name	*/	3_4_0-1/3_4下垫粱上下两层连接螺栓阵列-2/下垫粱上下两层连接螺栓组合-1/六五墩螺母-2
				/*	5:type	*/	基本器材\六五墩螺母.SLDPRT
				/*	5:location	*/	0.844007	-0.536332	-1.38778E-17	0.0	1.14056E-16	2.20502E-16	1.0	0.0	-0.536332	-0.844007	2.22045E-16	0.0	0.0	0.0	0.041	1.0
				/*	5:child_number	*/	0
				/*	5:name	*/	3_4_0-1/3_4下垫粱上下两层连接螺栓阵列-2/下垫粱上下两层连接螺栓组合-1/六五墩螺母-3
				/*	5:type	*/	基本器材\六五墩螺母.SLDPRT
				/*	5:location	*/	0.844007	-0.536332	-1.38778E-17	0.0	1.14056E-16	2.20502E-16	1.0	0.0	-0.536332	-0.844007	2.22045E-16	0.0	0.08	0.08	0.041	1.0
				/*	5:child_number	*/	0
				/*	5:name	*/	3_4_0-1/3_4下垫粱上下两层连接螺栓阵列-2/下垫粱上下两层连接螺栓组合-1/六五墩螺母-4
				/*	5:type	*/	基本器材\六五墩螺母.SLDPRT
				/*	5:location	*/	0.844007	-0.536332	-1.38778E-17	0.0	1.14056E-16	2.20502E-16	1.0	0.0	-0.536332	-0.844007	2.22045E-16	0.0	0.08	0.0	0.041	1.0
				/*	5:child_number	*/	0
			/*	4:name	*/	3_4_0-1/3_4下垫粱上下两层连接螺栓阵列-2/下垫粱上下两层连接螺栓组合-2
			/*	4:type	*/	基本组合\下垫粱上下两层连接螺栓组合.SLDASM
			/*	4:location	*/	1.0	0.0	-2.46519E-32	0.0	0.0	1.0	-2.62743E-46	0.0	0.0	-3.50325E-46	1.0	0.0	-0.0634407	0.246458	-0.04	1.0
			/*	4:child_number	*/	8
				/*	5:name	*/	3_4_0-1/3_4下垫粱上下两层连接螺栓阵列-2/下垫粱上下两层连接螺栓组合-2/M80螺栓-32
				/*	5:type	*/	基本器材\M80螺栓.SLDPRT
				/*	5:location	*/	1.0	0.0	-2.46519E-32	0.0	0.0	1.0	-2.62743E-46	0.0	0.0	-3.50325E-46	1.0	0.0	-4.44089E-16	0.0	1.77636E-15	1.0
				/*	5:child_number	*/	0
				/*	5:name	*/	3_4_0-1/3_4下垫粱上下两层连接螺栓阵列-2/下垫粱上下两层连接螺栓组合-2/M80螺栓-33
				/*	5:type	*/	基本器材\M80螺栓.SLDPRT
				/*	5:location	*/	1.0	0.0	-2.46519E-32	0.0	0.0	1.0	-2.62743E-46	0.0	0.0	-3.50325E-46	1.0	0.0	0.08	0.08	1.77636E-15	1.0
				/*	5:child_number	*/	0
				/*	5:name	*/	3_4_0-1/3_4下垫粱上下两层连接螺栓阵列-2/下垫粱上下两层连接螺栓组合-2/M80螺栓-34
				/*	5:type	*/	基本器材\M80螺栓.SLDPRT
				/*	5:location	*/	1.0	0.0	-2.46519E-32	0.0	0.0	1.0	-2.62743E-46	0.0	0.0	-3.50325E-46	1.0	0.0	-4.44089E-16	0.08	1.77636E-15	1.0
				/*	5:child_number	*/	0
				/*	5:name	*/	3_4_0-1/3_4下垫粱上下两层连接螺栓阵列-2/下垫粱上下两层连接螺栓组合-2/M80螺栓-35
				/*	5:type	*/	基本器材\M80螺栓.SLDPRT
				/*	5:location	*/	1.0	0.0	-2.46519E-32	0.0	0.0	1.0	-2.62743E-46	0.0	0.0	-3.50325E-46	1.0	0.0	0.08	4.44089E-16	1.77636E-15	1.0
				/*	5:child_number	*/	0
				/*	5:name	*/	3_4_0-1/3_4下垫粱上下两层连接螺栓阵列-2/下垫粱上下两层连接螺栓组合-2/六五墩螺母-1
				/*	5:type	*/	基本器材\六五墩螺母.SLDPRT
				/*	5:location	*/	0.844007	-0.536332	-1.38778E-17	0.0	1.14056E-16	2.20502E-16	1.0	0.0	-0.536332	-0.844007	2.22045E-16	0.0	-4.44089E-16	0.08	0.041	1.0
				/*	5:child_number	*/	0
				/*	5:name	*/	3_4_0-1/3_4下垫粱上下两层连接螺栓阵列-2/下垫粱上下两层连接螺栓组合-2/六五墩螺母-2
				/*	5:type	*/	基本器材\六五墩螺母.SLDPRT
				/*	5:location	*/	0.844007	-0.536332	-1.38778E-17	0.0	1.14056E-16	2.20502E-16	1.0	0.0	-0.536332	-0.844007	2.22045E-16	0.0	-4.44089E-16	0.0	0.041	1.0
				/*	5:child_number	*/	0
				/*	5:name	*/	3_4_0-1/3_4下垫粱上下两层连接螺栓阵列-2/下垫粱上下两层连接螺栓组合-2/六五墩螺母-3
				/*	5:type	*/	基本器材\六五墩螺母.SLDPRT
				/*	5:location	*/	0.844007	-0.536332	-1.38778E-17	0.0	1.14056E-16	2.20502E-16	1.0	0.0	-0.536332	-0.844007	2.22045E-16	0.0	0.08	0.08	0.041	1.0
				/*	5:child_number	*/	0
				/*	5:name	*/	3_4_0-1/3_4下垫粱上下两层连接螺栓阵列-2/下垫粱上下两层连接螺栓组合-2/六五墩螺母-4
				/*	5:type	*/	基本器材\六五墩螺母.SLDPRT
				/*	5:location	*/	0.844007	-0.536332	-1.38778E-17	0.0	1.14056E-16	2.20502E-16	1.0	0.0	-0.536332	-0.844007	2.22045E-16	0.0	0.08	0.0	0.041	1.0
				/*	5:child_number	*/	0
			/*	4:name	*/	3_4_0-1/3_4下垫粱上下两层连接螺栓阵列-2/下垫粱上下两层连接螺栓组合-3
			/*	4:type	*/	基本组合\下垫粱上下两层连接螺栓组合.SLDASM
			/*	4:location	*/	1.0	0.0	-2.46519E-32	0.0	0.0	1.0	-2.62743E-46	0.0	0.0	-3.50325E-46	1.0	0.0	-0.0634407	1.24646	-0.04	1.0
			/*	4:child_number	*/	8
				/*	5:name	*/	3_4_0-1/3_4下垫粱上下两层连接螺栓阵列-2/下垫粱上下两层连接螺栓组合-3/M80螺栓-32
				/*	5:type	*/	基本器材\M80螺栓.SLDPRT
				/*	5:location	*/	1.0	0.0	-2.46519E-32	0.0	0.0	1.0	-2.62743E-46	0.0	0.0	-3.50325E-46	1.0	0.0	0.0	0.0	1.77636E-15	1.0
				/*	5:child_number	*/	0
				/*	5:name	*/	3_4_0-1/3_4下垫粱上下两层连接螺栓阵列-2/下垫粱上下两层连接螺栓组合-3/M80螺栓-33
				/*	5:type	*/	基本器材\M80螺栓.SLDPRT
				/*	5:location	*/	1.0	0.0	-2.46519E-32	0.0	0.0	1.0	-2.62743E-46	0.0	0.0	-3.50325E-46	1.0	0.0	0.08	0.08	1.77636E-15	1.0
				/*	5:child_number	*/	0
				/*	5:name	*/	3_4_0-1/3_4下垫粱上下两层连接螺栓阵列-2/下垫粱上下两层连接螺栓组合-3/M80螺栓-34
				/*	5:type	*/	基本器材\M80螺栓.SLDPRT
				/*	5:location	*/	1.0	0.0	-2.46519E-32	0.0	0.0	1.0	-2.62743E-46	0.0	0.0	-3.50325E-46	1.0	0.0	0.0	0.08	1.77636E-15	1.0
				/*	5:child_number	*/	0
				/*	5:name	*/	3_4_0-1/3_4下垫粱上下两层连接螺栓阵列-2/下垫粱上下两层连接螺栓组合-3/M80螺栓-35
				/*	5:type	*/	基本器材\M80螺栓.SLDPRT
				/*	5:location	*/	1.0	0.0	-2.46519E-32	0.0	0.0	1.0	-2.62743E-46	0.0	0.0	-3.50325E-46	1.0	0.0	0.08	0.0	1.77636E-15	1.0
				/*	5:child_number	*/	0
				/*	5:name	*/	3_4_0-1/3_4下垫粱上下两层连接螺栓阵列-2/下垫粱上下两层连接螺栓组合-3/六五墩螺母-1
				/*	5:type	*/	基本器材\六五墩螺母.SLDPRT
				/*	5:location	*/	0.844007	-0.536332	-1.38778E-17	0.0	1.14056E-16	2.20502E-16	1.0	0.0	-0.536332	-0.844007	2.22045E-16	0.0	0.0	0.08	0.041	1.0
				/*	5:child_number	*/	0
				/*	5:name	*/	3_4_0-1/3_4下垫粱上下两层连接螺栓阵列-2/下垫粱上下两层连接螺栓组合-3/六五墩螺母-2
				/*	5:type	*/	基本器材\六五墩螺母.SLDPRT
				/*	5:location	*/	0.844007	-0.536332	-1.38778E-17	0.0	1.14056E-16	2.20502E-16	1.0	0.0	-0.536332	-0.844007	2.22045E-16	0.0	0.0	0.0	0.041	1.0
				/*	5:child_number	*/	0
				/*	5:name	*/	3_4_0-1/3_4下垫粱上下两层连接螺栓阵列-2/下垫粱上下两层连接螺栓组合-3/六五墩螺母-3
				/*	5:type	*/	基本器材\六五墩螺母.SLDPRT
				/*	5:location	*/	0.844007	-0.536332	-1.38778E-17	0.0	1.14056E-16	2.20502E-16	1.0	0.0	-0.536332	-0.844007	2.22045E-16	0.0	0.08	0.08	0.041	1.0
				/*	5:child_number	*/	0
				/*	5:name	*/	3_4_0-1/3_4下垫粱上下两层连接螺栓阵列-2/下垫粱上下两层连接螺栓组合-3/六五墩螺母-4
				/*	5:type	*/	基本器材\六五墩螺母.SLDPRT
				/*	5:location	*/	0.844007	-0.536332	-1.38778E-17	0.0	1.14056E-16	2.20502E-16	1.0	0.0	-0.536332	-0.844007	2.22045E-16	0.0	0.08	0.0	0.041	1.0
				/*	5:child_number	*/	0
			/*	4:name	*/	3_4_0-1/3_4下垫粱上下两层连接螺栓阵列-2/下垫粱上下两层连接螺栓组合-4
			/*	4:type	*/	基本组合\下垫粱上下两层连接螺栓组合.SLDASM
			/*	4:location	*/	1.0	0.0	-2.46519E-32	0.0	0.0	1.0	-2.62743E-46	0.0	0.0	-3.50325E-46	1.0	0.0	-0.0634407	2.24646	-0.04	1.0
			/*	4:child_number	*/	8
				/*	5:name	*/	3_4_0-1/3_4下垫粱上下两层连接螺栓阵列-2/下垫粱上下两层连接螺栓组合-4/M80螺栓-32
				/*	5:type	*/	基本器材\M80螺栓.SLDPRT
				/*	5:location	*/	1.0	0.0	-2.46519E-32	0.0	0.0	1.0	-2.62743E-46	0.0	0.0	-3.50325E-46	1.0	0.0	0.0	0.0	1.77636E-15	1.0
				/*	5:child_number	*/	0
				/*	5:name	*/	3_4_0-1/3_4下垫粱上下两层连接螺栓阵列-2/下垫粱上下两层连接螺栓组合-4/M80螺栓-33
				/*	5:type	*/	基本器材\M80螺栓.SLDPRT
				/*	5:location	*/	1.0	0.0	-2.46519E-32	0.0	0.0	1.0	-2.62743E-46	0.0	0.0	-3.50325E-46	1.0	0.0	0.08	0.08	1.77636E-15	1.0
				/*	5:child_number	*/	0
				/*	5:name	*/	3_4_0-1/3_4下垫粱上下两层连接螺栓阵列-2/下垫粱上下两层连接螺栓组合-4/M80螺栓-34
				/*	5:type	*/	基本器材\M80螺栓.SLDPRT
				/*	5:location	*/	1.0	0.0	-2.46519E-32	0.0	0.0	1.0	-2.62743E-46	0.0	0.0	-3.50325E-46	1.0	0.0	-4.44089E-16	0.08	1.77636E-15	1.0
				/*	5:child_number	*/	0
				/*	5:name	*/	3_4_0-1/3_4下垫粱上下两层连接螺栓阵列-2/下垫粱上下两层连接螺栓组合-4/M80螺栓-35
				/*	5:type	*/	基本器材\M80螺栓.SLDPRT
				/*	5:location	*/	1.0	0.0	-2.46519E-32	0.0	0.0	1.0	-2.62743E-46	0.0	0.0	-3.50325E-46	1.0	0.0	0.08	0.0	1.77636E-15	1.0
				/*	5:child_number	*/	0
				/*	5:name	*/	3_4_0-1/3_4下垫粱上下两层连接螺栓阵列-2/下垫粱上下两层连接螺栓组合-4/六五墩螺母-1
				/*	5:type	*/	基本器材\六五墩螺母.SLDPRT
				/*	5:location	*/	0.844007	-0.536332	-1.38778E-17	0.0	1.14056E-16	2.20502E-16	1.0	0.0	-0.536332	-0.844007	2.22045E-16	0.0	-4.44089E-16	0.08	0.041	1.0
				/*	5:child_number	*/	0
				/*	5:name	*/	3_4_0-1/3_4下垫粱上下两层连接螺栓阵列-2/下垫粱上下两层连接螺栓组合-4/六五墩螺母-2
				/*	5:type	*/	基本器材\六五墩螺母.SLDPRT
				/*	5:location	*/	0.844007	-0.536332	-1.38778E-17	0.0	1.14056E-16	2.20502E-16	1.0	0.0	-0.536332	-0.844007	2.22045E-16	0.0	0.0	0.0	0.041	1.0
				/*	5:child_number	*/	0
				/*	5:name	*/	3_4_0-1/3_4下垫粱上下两层连接螺栓阵列-2/下垫粱上下两层连接螺栓组合-4/六五墩螺母-3
				/*	5:type	*/	基本器材\六五墩螺母.SLDPRT
				/*	5:location	*/	0.844007	-0.536332	-1.38778E-17	0.0	1.14056E-16	2.20502E-16	1.0	0.0	-0.536332	-0.844007	2.22045E-16	0.0	0.08	0.08	0.041	1.0
				/*	5:child_number	*/	0
				/*	5:name	*/	3_4_0-1/3_4下垫粱上下两层连接螺栓阵列-2/下垫粱上下两层连接螺栓组合-4/六五墩螺母-4
				/*	5:type	*/	基本器材\六五墩螺母.SLDPRT
				/*	5:location	*/	0.844007	-0.536332	-1.38778E-17	0.0	1.14056E-16	2.20502E-16	1.0	0.0	-0.536332	-0.844007	2.22045E-16	0.0	0.08	1.11022E-16	0.041	1.0
				/*	5:child_number	*/	0
			/*	4:name	*/	3_4_0-1/3_4下垫粱上下两层连接螺栓阵列-2/下垫粱上下两层连接螺栓组合-5
			/*	4:type	*/	基本组合\下垫粱上下两层连接螺栓组合.SLDASM
			/*	4:location	*/	1.0	0.0	-2.46519E-32	0.0	0.0	1.0	-2.62743E-46	0.0	0.0	-3.50325E-46	1.0	0.0	-0.0634407	3.24646	-0.04	1.0
			/*	4:child_number	*/	8
				/*	5:name	*/	3_4_0-1/3_4下垫粱上下两层连接螺栓阵列-2/下垫粱上下两层连接螺栓组合-5/M80螺栓-32
				/*	5:type	*/	基本器材\M80螺栓.SLDPRT
				/*	5:location	*/	1.0	0.0	-2.46519E-32	0.0	0.0	1.0	-2.62743E-46	0.0	0.0	-3.50325E-46	1.0	0.0	-4.44089E-16	0.0	1.77636E-15	1.0
				/*	5:child_number	*/	0
				/*	5:name	*/	3_4_0-1/3_4下垫粱上下两层连接螺栓阵列-2/下垫粱上下两层连接螺栓组合-5/M80螺栓-33
				/*	5:type	*/	基本器材\M80螺栓.SLDPRT
				/*	5:location	*/	1.0	0.0	-2.46519E-32	0.0	0.0	1.0	-2.62743E-46	0.0	0.0	-3.50325E-46	1.0	0.0	0.08	0.08	1.77636E-15	1.0
				/*	5:child_number	*/	0
				/*	5:name	*/	3_4_0-1/3_4下垫粱上下两层连接螺栓阵列-2/下垫粱上下两层连接螺栓组合-5/M80螺栓-34
				/*	5:type	*/	基本器材\M80螺栓.SLDPRT
				/*	5:location	*/	1.0	0.0	-2.46519E-32	0.0	0.0	1.0	-2.62743E-46	0.0	0.0	-3.50325E-46	1.0	0.0	-4.44089E-16	0.08	1.77636E-15	1.0
				/*	5:child_number	*/	0
				/*	5:name	*/	3_4_0-1/3_4下垫粱上下两层连接螺栓阵列-2/下垫粱上下两层连接螺栓组合-5/M80螺栓-35
				/*	5:type	*/	基本器材\M80螺栓.SLDPRT
				/*	5:location	*/	1.0	0.0	-2.46519E-32	0.0	0.0	1.0	-2.62743E-46	0.0	0.0	-3.50325E-46	1.0	0.0	0.08	0.0	1.77636E-15	1.0
				/*	5:child_number	*/	0
				/*	5:name	*/	3_4_0-1/3_4下垫粱上下两层连接螺栓阵列-2/下垫粱上下两层连接螺栓组合-5/六五墩螺母-1
				/*	5:type	*/	基本器材\六五墩螺母.SLDPRT
				/*	5:location	*/	0.844007	-0.536332	-1.38778E-17	0.0	1.14056E-16	2.20502E-16	1.0	0.0	-0.536332	-0.844007	2.22045E-16	0.0	-4.44089E-16	0.08	0.041	1.0
				/*	5:child_number	*/	0
				/*	5:name	*/	3_4_0-1/3_4下垫粱上下两层连接螺栓阵列-2/下垫粱上下两层连接螺栓组合-5/六五墩螺母-2
				/*	5:type	*/	基本器材\六五墩螺母.SLDPRT
				/*	5:location	*/	0.844007	-0.536332	-1.38778E-17	0.0	1.14056E-16	2.20502E-16	1.0	0.0	-0.536332	-0.844007	2.22045E-16	0.0	-4.44089E-16	-5.55112E-17	0.041	1.0
				/*	5:child_number	*/	0
				/*	5:name	*/	3_4_0-1/3_4下垫粱上下两层连接螺栓阵列-2/下垫粱上下两层连接螺栓组合-5/六五墩螺母-3
				/*	5:type	*/	基本器材\六五墩螺母.SLDPRT
				/*	5:location	*/	0.844007	-0.536332	-1.38778E-17	0.0	1.14056E-16	2.20502E-16	1.0	0.0	-0.536332	-0.844007	2.22045E-16	0.0	0.08	0.08	0.041	1.0
				/*	5:child_number	*/	0
				/*	5:name	*/	3_4_0-1/3_4下垫粱上下两层连接螺栓阵列-2/下垫粱上下两层连接螺栓组合-5/六五墩螺母-4
				/*	5:type	*/	基本器材\六五墩螺母.SLDPRT
				/*	5:location	*/	0.844007	-0.536332	-1.38778E-17	0.0	1.14056E-16	2.20502E-16	1.0	0.0	-0.536332	-0.844007	2.22045E-16	0.0	0.08	-1.11022E-16	0.041	1.0
				/*	5:child_number	*/	0
			/*	4:name	*/	3_4_0-1/3_4下垫粱上下两层连接螺栓阵列-2/下垫粱上下两层连接螺栓组合-6
			/*	4:type	*/	基本组合\下垫粱上下两层连接螺栓组合.SLDASM
			/*	4:location	*/	1.0	0.0	-2.46519E-32	0.0	0.0	1.0	-2.62743E-46	0.0	0.0	-3.50325E-46	1.0	0.0	-0.0634407	4.24646	-0.04	1.0
			/*	4:child_number	*/	8
				/*	5:name	*/	3_4_0-1/3_4下垫粱上下两层连接螺栓阵列-2/下垫粱上下两层连接螺栓组合-6/M80螺栓-32
				/*	5:type	*/	基本器材\M80螺栓.SLDPRT
				/*	5:location	*/	1.0	0.0	-2.46519E-32	0.0	0.0	1.0	-2.62743E-46	0.0	0.0	-3.50325E-46	1.0	0.0	0.0	0.0	1.77636E-15	1.0
				/*	5:child_number	*/	0
				/*	5:name	*/	3_4_0-1/3_4下垫粱上下两层连接螺栓阵列-2/下垫粱上下两层连接螺栓组合-6/M80螺栓-33
				/*	5:type	*/	基本器材\M80螺栓.SLDPRT
				/*	5:location	*/	1.0	0.0	-2.46519E-32	0.0	0.0	1.0	-2.62743E-46	0.0	0.0	-3.50325E-46	1.0	0.0	0.08	0.08	1.77636E-15	1.0
				/*	5:child_number	*/	0
				/*	5:name	*/	3_4_0-1/3_4下垫粱上下两层连接螺栓阵列-2/下垫粱上下两层连接螺栓组合-6/M80螺栓-34
				/*	5:type	*/	基本器材\M80螺栓.SLDPRT
				/*	5:location	*/	1.0	0.0	-2.46519E-32	0.0	0.0	1.0	-2.62743E-46	0.0	0.0	-3.50325E-46	1.0	0.0	0.0	0.08	1.77636E-15	1.0
				/*	5:child_number	*/	0
				/*	5:name	*/	3_4_0-1/3_4下垫粱上下两层连接螺栓阵列-2/下垫粱上下两层连接螺栓组合-6/M80螺栓-35
				/*	5:type	*/	基本器材\M80螺栓.SLDPRT
				/*	5:location	*/	1.0	0.0	-2.46519E-32	0.0	0.0	1.0	-2.62743E-46	0.0	0.0	-3.50325E-46	1.0	0.0	0.08	0.0	1.77636E-15	1.0
				/*	5:child_number	*/	0
				/*	5:name	*/	3_4_0-1/3_4下垫粱上下两层连接螺栓阵列-2/下垫粱上下两层连接螺栓组合-6/六五墩螺母-1
				/*	5:type	*/	基本器材\六五墩螺母.SLDPRT
				/*	5:location	*/	0.844007	-0.536332	-1.38778E-17	0.0	1.14056E-16	2.20502E-16	1.0	0.0	-0.536332	-0.844007	2.22045E-16	0.0	0.0	0.08	0.041	1.0
				/*	5:child_number	*/	0
				/*	5:name	*/	3_4_0-1/3_4下垫粱上下两层连接螺栓阵列-2/下垫粱上下两层连接螺栓组合-6/六五墩螺母-2
				/*	5:type	*/	基本器材\六五墩螺母.SLDPRT
				/*	5:location	*/	0.844007	-0.536332	-1.38778E-17	0.0	1.14056E-16	2.20502E-16	1.0	0.0	-0.536332	-0.844007	2.22045E-16	0.0	0.0	0.0	0.041	1.0
				/*	5:child_number	*/	0
				/*	5:name	*/	3_4_0-1/3_4下垫粱上下两层连接螺栓阵列-2/下垫粱上下两层连接螺栓组合-6/六五墩螺母-3
				/*	5:type	*/	基本器材\六五墩螺母.SLDPRT
				/*	5:location	*/	0.844007	-0.536332	-1.38778E-17	0.0	1.14056E-16	2.20502E-16	1.0	0.0	-0.536332	-0.844007	2.22045E-16	0.0	0.08	0.08	0.041	1.0
				/*	5:child_number	*/	0
				/*	5:name	*/	3_4_0-1/3_4下垫粱上下两层连接螺栓阵列-2/下垫粱上下两层连接螺栓组合-6/六五墩螺母-4
				/*	5:type	*/	基本器材\六五墩螺母.SLDPRT
				/*	5:location	*/	0.844007	-0.536332	-1.38778E-17	0.0	1.14056E-16	2.20502E-16	1.0	0.0	-0.536332	-0.844007	2.22045E-16	0.0	0.08	0.0	0.041	1.0
				/*	5:child_number	*/	0
			/*	4:name	*/	3_4_0-1/3_4下垫粱上下两层连接螺栓阵列-2/下垫粱上下两层连接螺栓组合-7
			/*	4:type	*/	基本组合\下垫粱上下两层连接螺栓组合.SLDASM
			/*	4:location	*/	1.0	0.0	-2.46519E-32	0.0	0.0	1.0	-2.62743E-46	0.0	0.0	-3.50325E-46	1.0	0.0	-0.0634407	5.24646	-0.04	1.0
			/*	4:child_number	*/	8
				/*	5:name	*/	3_4_0-1/3_4下垫粱上下两层连接螺栓阵列-2/下垫粱上下两层连接螺栓组合-7/M80螺栓-32
				/*	5:type	*/	基本器材\M80螺栓.SLDPRT
				/*	5:location	*/	1.0	0.0	-2.46519E-32	0.0	0.0	1.0	-2.62743E-46	0.0	0.0	-3.50325E-46	1.0	0.0	0.0	0.0	1.77636E-15	1.0
				/*	5:child_number	*/	0
				/*	5:name	*/	3_4_0-1/3_4下垫粱上下两层连接螺栓阵列-2/下垫粱上下两层连接螺栓组合-7/M80螺栓-33
				/*	5:type	*/	基本器材\M80螺栓.SLDPRT
				/*	5:location	*/	1.0	0.0	-2.46519E-32	0.0	0.0	1.0	-2.62743E-46	0.0	0.0	-3.50325E-46	1.0	0.0	0.08	0.08	1.77636E-15	1.0
				/*	5:child_number	*/	0
				/*	5:name	*/	3_4_0-1/3_4下垫粱上下两层连接螺栓阵列-2/下垫粱上下两层连接螺栓组合-7/M80螺栓-34
				/*	5:type	*/	基本器材\M80螺栓.SLDPRT
				/*	5:location	*/	1.0	0.0	-2.46519E-32	0.0	0.0	1.0	-2.62743E-46	0.0	0.0	-3.50325E-46	1.0	0.0	-4.44089E-16	0.08	1.77636E-15	1.0
				/*	5:child_number	*/	0
				/*	5:name	*/	3_4_0-1/3_4下垫粱上下两层连接螺栓阵列-2/下垫粱上下两层连接螺栓组合-7/M80螺栓-35
				/*	5:type	*/	基本器材\M80螺栓.SLDPRT
				/*	5:location	*/	1.0	0.0	-2.46519E-32	0.0	0.0	1.0	-2.62743E-46	0.0	0.0	-3.50325E-46	1.0	0.0	0.08	4.44089E-16	1.77636E-15	1.0
				/*	5:child_number	*/	0
				/*	5:name	*/	3_4_0-1/3_4下垫粱上下两层连接螺栓阵列-2/下垫粱上下两层连接螺栓组合-7/六五墩螺母-1
				/*	5:type	*/	基本器材\六五墩螺母.SLDPRT
				/*	5:location	*/	0.844007	-0.536332	-1.38778E-17	0.0	1.14056E-16	2.20502E-16	1.0	0.0	-0.536332	-0.844007	2.22045E-16	0.0	-4.44089E-16	0.08	0.041	1.0
				/*	5:child_number	*/	0
				/*	5:name	*/	3_4_0-1/3_4下垫粱上下两层连接螺栓阵列-2/下垫粱上下两层连接螺栓组合-7/六五墩螺母-2
				/*	5:type	*/	基本器材\六五墩螺母.SLDPRT
				/*	5:location	*/	0.844007	-0.536332	-1.38778E-17	0.0	1.14056E-16	2.20502E-16	1.0	0.0	-0.536332	-0.844007	2.22045E-16	0.0	0.0	0.0	0.041	1.0
				/*	5:child_number	*/	0
				/*	5:name	*/	3_4_0-1/3_4下垫粱上下两层连接螺栓阵列-2/下垫粱上下两层连接螺栓组合-7/六五墩螺母-3
				/*	5:type	*/	基本器材\六五墩螺母.SLDPRT
				/*	5:location	*/	0.844007	-0.536332	-1.38778E-17	0.0	1.14056E-16	2.20502E-16	1.0	0.0	-0.536332	-0.844007	2.22045E-16	0.0	0.08	0.08	0.041	1.0
				/*	5:child_number	*/	0
				/*	5:name	*/	3_4_0-1/3_4下垫粱上下两层连接螺栓阵列-2/下垫粱上下两层连接螺栓组合-7/六五墩螺母-4
				/*	5:type	*/	基本器材\六五墩螺母.SLDPRT
				/*	5:location	*/	0.844007	-0.536332	-1.38778E-17	0.0	1.14056E-16	2.20502E-16	1.0	0.0	-0.536332	-0.844007	2.22045E-16	0.0	0.08	0.0	0.041	1.0
				/*	5:child_number	*/	0
			/*	4:name	*/	3_4_0-1/3_4下垫粱上下两层连接螺栓阵列-2/下垫粱上下两层连接螺栓组合-8
			/*	4:type	*/	基本组合\下垫粱上下两层连接螺栓组合.SLDASM
			/*	4:location	*/	1.0	0.0	-2.46519E-32	0.0	0.0	1.0	-2.62743E-46	0.0	0.0	-3.50325E-46	1.0	0.0	-0.0634407	5.54646	-0.04	1.0
			/*	4:child_number	*/	8
				/*	5:name	*/	3_4_0-1/3_4下垫粱上下两层连接螺栓阵列-2/下垫粱上下两层连接螺栓组合-8/M80螺栓-32
				/*	5:type	*/	基本器材\M80螺栓.SLDPRT
				/*	5:location	*/	1.0	0.0	-2.46519E-32	0.0	0.0	1.0	-2.62743E-46	0.0	0.0	-3.50325E-46	1.0	0.0	0.0	0.0	1.77636E-15	1.0
				/*	5:child_number	*/	0
				/*	5:name	*/	3_4_0-1/3_4下垫粱上下两层连接螺栓阵列-2/下垫粱上下两层连接螺栓组合-8/M80螺栓-33
				/*	5:type	*/	基本器材\M80螺栓.SLDPRT
				/*	5:location	*/	1.0	0.0	-2.46519E-32	0.0	0.0	1.0	-2.62743E-46	0.0	0.0	-3.50325E-46	1.0	0.0	0.08	0.08	1.77636E-15	1.0
				/*	5:child_number	*/	0
				/*	5:name	*/	3_4_0-1/3_4下垫粱上下两层连接螺栓阵列-2/下垫粱上下两层连接螺栓组合-8/M80螺栓-34
				/*	5:type	*/	基本器材\M80螺栓.SLDPRT
				/*	5:location	*/	1.0	0.0	-2.46519E-32	0.0	0.0	1.0	-2.62743E-46	0.0	0.0	-3.50325E-46	1.0	0.0	0.0	0.08	1.77636E-15	1.0
				/*	5:child_number	*/	0
				/*	5:name	*/	3_4_0-1/3_4下垫粱上下两层连接螺栓阵列-2/下垫粱上下两层连接螺栓组合-8/M80螺栓-35
				/*	5:type	*/	基本器材\M80螺栓.SLDPRT
				/*	5:location	*/	1.0	0.0	-2.46519E-32	0.0	0.0	1.0	-2.62743E-46	0.0	0.0	-3.50325E-46	1.0	0.0	0.08	4.44089E-16	1.77636E-15	1.0
				/*	5:child_number	*/	0
				/*	5:name	*/	3_4_0-1/3_4下垫粱上下两层连接螺栓阵列-2/下垫粱上下两层连接螺栓组合-8/六五墩螺母-1
				/*	5:type	*/	基本器材\六五墩螺母.SLDPRT
				/*	5:location	*/	0.844007	-0.536332	-1.38778E-17	0.0	1.14056E-16	2.20502E-16	1.0	0.0	-0.536332	-0.844007	2.22045E-16	0.0	0.0	0.08	0.041	1.0
				/*	5:child_number	*/	0
				/*	5:name	*/	3_4_0-1/3_4下垫粱上下两层连接螺栓阵列-2/下垫粱上下两层连接螺栓组合-8/六五墩螺母-2
				/*	5:type	*/	基本器材\六五墩螺母.SLDPRT
				/*	5:location	*/	0.844007	-0.536332	-1.38778E-17	0.0	1.14056E-16	2.20502E-16	1.0	0.0	-0.536332	-0.844007	2.22045E-16	0.0	0.0	0.0	0.041	1.0
				/*	5:child_number	*/	0
				/*	5:name	*/	3_4_0-1/3_4下垫粱上下两层连接螺栓阵列-2/下垫粱上下两层连接螺栓组合-8/六五墩螺母-3
				/*	5:type	*/	基本器材\六五墩螺母.SLDPRT
				/*	5:location	*/	0.844007	-0.536332	-1.38778E-17	0.0	1.14056E-16	2.20502E-16	1.0	0.0	-0.536332	-0.844007	2.22045E-16	0.0	0.08	0.08	0.041	1.0
				/*	5:child_number	*/	0
				/*	5:name	*/	3_4_0-1/3_4下垫粱上下两层连接螺栓阵列-2/下垫粱上下两层连接螺栓组合-8/六五墩螺母-4
				/*	5:type	*/	基本器材\六五墩螺母.SLDPRT
				/*	5:location	*/	0.844007	-0.536332	-1.38778E-17	0.0	1.14056E-16	2.20502E-16	1.0	0.0	-0.536332	-0.844007	2.22045E-16	0.0	0.08	0.0	0.041	1.0
				/*	5:child_number	*/	0
		/*	3:name	*/	3_4_0-1/3_4下垫粱上下两层连接螺栓阵列-3
		/*	3:type	*/	3_4\3_4_ASM\3_4下垫粱上下两层连接螺栓阵列.SLDASM
		/*	3:location	*/	2.38698E-15	2.22045E-16	1.0	0.0	-1.0	-3.46945E-17	2.38698E-15	0.0	3.46945E-17	-1.0	2.22045E-16	0.0	2.66462	-0.32589	-1.82656	1.0
		/*	3:child_number	*/	8
			/*	4:name	*/	3_4_0-1/3_4下垫粱上下两层连接螺栓阵列-3/下垫粱上下两层连接螺栓组合-1
			/*	4:type	*/	基本组合\下垫粱上下两层连接螺栓组合.SLDASM
			/*	4:location	*/	1.0	0.0	-2.46519E-32	0.0	0.0	1.0	-2.62743E-46	0.0	0.0	-3.50325E-46	1.0	0.0	-0.0634407	-0.0535418	-0.04	1.0
			/*	4:child_number	*/	8
				/*	5:name	*/	3_4_0-1/3_4下垫粱上下两层连接螺栓阵列-3/下垫粱上下两层连接螺栓组合-1/M80螺栓-32
				/*	5:type	*/	基本器材\M80螺栓.SLDPRT
				/*	5:location	*/	1.0	0.0	-2.46519E-32	0.0	0.0	1.0	-2.62743E-46	0.0	0.0	-3.50325E-46	1.0	0.0	-2.22045E-16	0.0	1.77636E-15	1.0
				/*	5:child_number	*/	0
				/*	5:name	*/	3_4_0-1/3_4下垫粱上下两层连接螺栓阵列-3/下垫粱上下两层连接螺栓组合-1/M80螺栓-33
				/*	5:type	*/	基本器材\M80螺栓.SLDPRT
				/*	5:location	*/	1.0	0.0	-2.46519E-32	0.0	0.0	1.0	-2.62743E-46	0.0	0.0	-3.50325E-46	1.0	0.0	0.08	0.08	1.77636E-15	1.0
				/*	5:child_number	*/	0
				/*	5:name	*/	3_4_0-1/3_4下垫粱上下两层连接螺栓阵列-3/下垫粱上下两层连接螺栓组合-1/M80螺栓-34
