/*	1:name	*/	3_5_15
/*	1:type	*/	3_5\3_5_15.SLDASM
/*	1:location	*/	1.0	0.0	0.0	0.0	0.0	1.0	0.0	0.0	0.0	0.0	1.0	0.0	0.0	0.0	0.0	1.0
/*	1:child_number	*/	33
	/*	2:name	*/	3_5_base-1
	/*	2:type	*/	3_5\3_5_ASM\3_5_base.SLDASM
	/*	2:location	*/	1.0	0.0	0.0	0.0	0.0	1.0	0.0	0.0	0.0	0.0	1.0	0.0	0.134673	-14.4117	4.44089E-16	1.0
	/*	2:child_number	*/	40
		/*	3:name	*/	3_5_base-1/3_5_0-1
		/*	3:type	*/	3_5\3_5_ASM\3_5_0.SLDASM
		/*	3:location	*/	1.0	0.0	0.0	0.0	0.0	1.0	0.0	0.0	0.0	0.0	1.0	0.0	-0.0922956	-0.923402	4.0	1.0
		/*	3:child_number	*/	21
			/*	4:name	*/	3_5_base-1/3_5_0-1/3_5下垫粱上下两层连接螺栓阵列-1
			/*	4:type	*/	3_5\3_5_ASM\3_5下垫粱上下两层连接螺栓阵列.SLDASM
			/*	4:location	*/	1.44329E-15	-1.38778E-16	1.0	0.0	-1.0	-3.88578E-16	1.44329E-15	0.0	3.88578E-16	-1.0	-1.38778E-16	0.0	2.74281	-0.0769215	0.15681	1.0
			/*	4:child_number	*/	8
				/*	5:name	*/	3_5_base-1/3_5_0-1/3_5下垫粱上下两层连接螺栓阵列-1/下垫粱上下两层连接螺栓组合-1
				/*	5:type	*/	基本组合\下垫粱上下两层连接螺栓组合.SLDASM
				/*	5:location	*/	1.0	0.0	0.0	0.0	0.0	1.0	4.62223E-32	0.0	0.0	-3.08149E-33	1.0	0.0	-0.0468105	-0.0548088	-0.04	1.0
				/*	5:child_number	*/	8
					/*	6:name	*/	3_5_base-1/3_5_0-1/3_5下垫粱上下两层连接螺栓阵列-1/下垫粱上下两层连接螺栓组合-1/M80螺栓-32
					/*	6:type	*/	基本器材\M80螺栓.SLDPRT
					/*	6:location	*/	1.0	0.0	0.0	0.0	0.0	1.0	4.62223E-32	0.0	0.0	-3.08149E-33	1.0	0.0	0.0	0.0	1.77636E-15	1.0
					/*	6:child_number	*/	0
					/*	6:name	*/	3_5_base-1/3_5_0-1/3_5下垫粱上下两层连接螺栓阵列-1/下垫粱上下两层连接螺栓组合-1/M80螺栓-33
					/*	6:type	*/	基本器材\M80螺栓.SLDPRT
					/*	6:location	*/	1.0	0.0	0.0	0.0	0.0	1.0	4.62223E-32	0.0	0.0	-3.08149E-33	1.0	0.0	0.08	0.08	1.77636E-15	1.0
					/*	6:child_number	*/	0
					/*	6:name	*/	3_5_base-1/3_5_0-1/3_5下垫粱上下两层连接螺栓阵列-1/下垫粱上下两层连接螺栓组合-1/M80螺栓-34
					/*	6:type	*/	基本器材\M80螺栓.SLDPRT
					/*	6:location	*/	1.0	0.0	0.0	0.0	0.0	1.0	4.62223E-32	0.0	0.0	-3.08149E-33	1.0	0.0	0.0	0.08	1.77636E-15	1.0
					/*	6:child_number	*/	0
					/*	6:name	*/	3_5_base-1/3_5_0-1/3_5下垫粱上下两层连接螺栓阵列-1/下垫粱上下两层连接螺栓组合-1/M80螺栓-35
					/*	6:type	*/	基本器材\M80螺栓.SLDPRT
					/*	6:location	*/	1.0	0.0	0.0	0.0	0.0	1.0	4.62223E-32	0.0	0.0	-3.08149E-33	1.0	0.0	0.08	4.44089E-16	1.77636E-15	1.0
					/*	6:child_number	*/	0
					/*	6:name	*/	3_5_base-1/3_5_0-1/3_5下垫粱上下两层连接螺栓阵列-1/下垫粱上下两层连接螺栓组合-1/六五墩螺母-1
					/*	6:type	*/	基本器材\六五墩螺母.SLDPRT
					/*	6:location	*/	0.844007	-0.536332	-1.38778E-17	0.0	1.44335E-16	2.0126E-16	1.0	0.0	-0.536332	-0.844007	2.47277E-16	0.0	0.0	0.08	0.041	1.0
					/*	6:child_number	*/	0
					/*	6:name	*/	3_5_base-1/3_5_0-1/3_5下垫粱上下两层连接螺栓阵列-1/下垫粱上下两层连接螺栓组合-1/六五墩螺母-2
					/*	6:type	*/	基本器材\六五墩螺母.SLDPRT
					/*	6:location	*/	0.844007	-0.536332	-1.38778E-17	0.0	1.44335E-16	2.0126E-16	1.0	0.0	-0.536332	-0.844007	2.47277E-16	0.0	0.0	0.0	0.041	1.0
					/*	6:child_number	*/	0
					/*	6:name	*/	3_5_base-1/3_5_0-1/3_5下垫粱上下两层连接螺栓阵列-1/下垫粱上下两层连接螺栓组合-1/六五墩螺母-3
					/*	6:type	*/	基本器材\六五墩螺母.SLDPRT
					/*	6:location	*/	0.844007	-0.536332	-1.38778E-17	0.0	1.44335E-16	2.0126E-16	1.0	0.0	-0.536332	-0.844007	2.47277E-16	0.0	0.08	0.08	0.041	1.0
					/*	6:child_number	*/	0
					/*	6:name	*/	3_5_base-1/3_5_0-1/3_5下垫粱上下两层连接螺栓阵列-1/下垫粱上下两层连接螺栓组合-1/六五墩螺母-4
					/*	6:type	*/	基本器材\六五墩螺母.SLDPRT
					/*	6:location	*/	0.844007	-0.536332	-1.38778E-17	0.0	1.44335E-16	2.0126E-16	1.0	0.0	-0.536332	-0.844007	2.47277E-16	0.0	0.08	4.44089E-16	0.041	1.0
					/*	6:child_number	*/	0
				/*	5:name	*/	3_5_base-1/3_5_0-1/3_5下垫粱上下两层连接螺栓阵列-1/下垫粱上下两层连接螺栓组合-2
				/*	5:type	*/	基本组合\下垫粱上下两层连接螺栓组合.SLDASM
				/*	5:location	*/	1.0	0.0	0.0	0.0	0.0	1.0	4.62223E-32	0.0	0.0	-3.08149E-33	1.0	0.0	-0.0468105	0.245191	-0.04	1.0
				/*	5:child_number	*/	8
					/*	6:name	*/	3_5_base-1/3_5_0-1/3_5下垫粱上下两层连接螺栓阵列-1/下垫粱上下两层连接螺栓组合-2/M80螺栓-32
					/*	6:type	*/	基本器材\M80螺栓.SLDPRT
					/*	6:location	*/	1.0	0.0	0.0	0.0	0.0	1.0	4.62223E-32	0.0	0.0	-3.08149E-33	1.0	0.0	8.88178E-16	0.0	1.77636E-15	1.0
					/*	6:child_number	*/	0
					/*	6:name	*/	3_5_base-1/3_5_0-1/3_5下垫粱上下两层连接螺栓阵列-1/下垫粱上下两层连接螺栓组合-2/M80螺栓-33
					/*	6:type	*/	基本器材\M80螺栓.SLDPRT
					/*	6:location	*/	1.0	0.0	0.0	0.0	0.0	1.0	4.62223E-32	0.0	0.0	-3.08149E-33	1.0	0.0	0.08	0.08	1.77636E-15	1.0
					/*	6:child_number	*/	0
					/*	6:name	*/	3_5_base-1/3_5_0-1/3_5下垫粱上下两层连接螺栓阵列-1/下垫粱上下两层连接螺栓组合-2/M80螺栓-34
					/*	6:type	*/	基本器材\M80螺栓.SLDPRT
					/*	6:location	*/	1.0	0.0	0.0	0.0	0.0	1.0	4.62223E-32	0.0	0.0	-3.08149E-33	1.0	0.0	0.0	0.08	1.77636E-15	1.0
					/*	6:child_number	*/	0
					/*	6:name	*/	3_5_base-1/3_5_0-1/3_5下垫粱上下两层连接螺栓阵列-1/下垫粱上下两层连接螺栓组合-2/M80螺栓-35
					/*	6:type	*/	基本器材\M80螺栓.SLDPRT
					/*	6:location	*/	1.0	0.0	0.0	0.0	0.0	1.0	4.62223E-32	0.0	0.0	-3.08149E-33	1.0	0.0	0.08	4.44089E-16	1.77636E-15	1.0
					/*	6:child_number	*/	0
					/*	6:name	*/	3_5_base-1/3_5_0-1/3_5下垫粱上下两层连接螺栓阵列-1/下垫粱上下两层连接螺栓组合-2/六五墩螺母-1
					/*	6:type	*/	基本器材\六五墩螺母.SLDPRT
					/*	6:location	*/	0.844007	-0.536332	-1.38778E-17	0.0	1.44335E-16	2.0126E-16	1.0	0.0	-0.536332	-0.844007	2.47277E-16	0.0	0.0	0.08	0.041	1.0
					/*	6:child_number	*/	0
					/*	6:name	*/	3_5_base-1/3_5_0-1/3_5下垫粱上下两层连接螺栓阵列-1/下垫粱上下两层连接螺栓组合-2/六五墩螺母-2
					/*	6:type	*/	基本器材\六五墩螺母.SLDPRT
					/*	6:location	*/	0.844007	-0.536332	-1.38778E-17	0.0	1.44335E-16	2.0126E-16	1.0	0.0	-0.536332	-0.844007	2.47277E-16	0.0	8.88178E-16	0.0	0.041	1.0
					/*	6:child_number	*/	0
					/*	6:name	*/	3_5_base-1/3_5_0-1/3_5下垫粱上下两层连接螺栓阵列-1/下垫粱上下两层连接螺栓组合-2/六五墩螺母-3
					/*	6:type	*/	基本器材\六五墩螺母.SLDPRT
					/*	6:location	*/	0.844007	-0.536332	-1.38778E-17	0.0	1.44335E-16	2.0126E-16	1.0	0.0	-0.536332	-0.844007	2.47277E-16	0.0	0.08	0.08	0.041	1.0
					/*	6:child_number	*/	0
					/*	6:name	*/	3_5_base-1/3_5_0-1/3_5下垫粱上下两层连接螺栓阵列-1/下垫粱上下两层连接螺栓组合-2/六五墩螺母-4
					/*	6:type	*/	基本器材\六五墩螺母.SLDPRT
					/*	6:location	*/	0.844007	-0.536332	-1.38778E-17	0.0	1.44335E-16	2.0126E-16	1.0	0.0	-0.536332	-0.844007	2.47277E-16	0.0	0.08	4.44089E-16	0.041	1.0
					/*	6:child_number	*/	0
				/*	5:name	*/	3_5_base-1/3_5_0-1/3_5下垫粱上下两层连接螺栓阵列-1/下垫粱上下两层连接螺栓组合-3
				/*	5:type	*/	基本组合\下垫粱上下两层连接螺栓组合.SLDASM
				/*	5:location	*/	1.0	0.0	0.0	0.0	0.0	1.0	4.62223E-32	0.0	0.0	-3.08149E-33	1.0	0.0	-0.0468105	1.24519	-0.04	1.0
				/*	5:child_number	*/	8
					/*	6:name	*/	3_5_base-1/3_5_0-1/3_5下垫粱上下两层连接螺栓阵列-1/下垫粱上下两层连接螺栓组合-3/M80螺栓-32
					/*	6:type	*/	基本器材\M80螺栓.SLDPRT
					/*	6:location	*/	1.0	0.0	0.0	0.0	0.0	1.0	4.62223E-32	0.0	0.0	-3.08149E-33	1.0	0.0	0.0	0.0	1.77636E-15	1.0
					/*	6:child_number	*/	0
					/*	6:name	*/	3_5_base-1/3_5_0-1/3_5下垫粱上下两层连接螺栓阵列-1/下垫粱上下两层连接螺栓组合-3/M80螺栓-33
					/*	6:type	*/	基本器材\M80螺栓.SLDPRT
					/*	6:location	*/	1.0	0.0	0.0	0.0	0.0	1.0	4.62223E-32	0.0	0.0	-3.08149E-33	1.0	0.0	0.08	0.08	1.77636E-15	1.0
					/*	6:child_number	*/	0
					/*	6:name	*/	3_5_base-1/3_5_0-1/3_5下垫粱上下两层连接螺栓阵列-1/下垫粱上下两层连接螺栓组合-3/M80螺栓-34
					/*	6:type	*/	基本器材\M80螺栓.SLDPRT
					/*	6:location	*/	1.0	0.0	0.0	0.0	0.0	1.0	4.62223E-32	0.0	0.0	-3.08149E-33	1.0	0.0	0.0	0.08	1.77636E-15	1.0
					/*	6:child_number	*/	0
					/*	6:name	*/	3_5_base-1/3_5_0-1/3_5下垫粱上下两层连接螺栓阵列-1/下垫粱上下两层连接螺栓组合-3/M80螺栓-35
					/*	6:type	*/	基本器材\M80螺栓.SLDPRT
					/*	6:location	*/	1.0	0.0	0.0	0.0	0.0	1.0	4.62223E-32	0.0	0.0	-3.08149E-33	1.0	0.0	0.08	-2.22045E-16	1.77636E-15	1.0
					/*	6:child_number	*/	0
					/*	6:name	*/	3_5_base-1/3_5_0-1/3_5下垫粱上下两层连接螺栓阵列-1/下垫粱上下两层连接螺栓组合-3/六五墩螺母-1
					/*	6:type	*/	基本器材\六五墩螺母.SLDPRT
					/*	6:location	*/	0.844007	-0.536332	-1.38778E-17	0.0	1.44335E-16	2.0126E-16	1.0	0.0	-0.536332	-0.844007	2.47277E-16	0.0	0.0	0.08	0.041	1.0
					/*	6:child_number	*/	0
					/*	6:name	*/	3_5_base-1/3_5_0-1/3_5下垫粱上下两层连接螺栓阵列-1/下垫粱上下两层连接螺栓组合-3/六五墩螺母-2
					/*	6:type	*/	基本器材\六五墩螺母.SLDPRT
					/*	6:location	*/	0.844007	-0.536332	-1.38778E-17	0.0	1.44335E-16	2.0126E-16	1.0	0.0	-0.536332	-0.844007	2.47277E-16	0.0	0.0	0.0	0.041	1.0
					/*	6:child_number	*/	0
					/*	6:name	*/	3_5_base-1/3_5_0-1/3_5下垫粱上下两层连接螺栓阵列-1/下垫粱上下两层连接螺栓组合-3/六五墩螺母-3
					/*	6:type	*/	基本器材\六五墩螺母.SLDPRT
					/*	6:location	*/	0.844007	-0.536332	-1.38778E-17	0.0	1.44335E-16	2.0126E-16	1.0	0.0	-0.536332	-0.844007	2.47277E-16	0.0	0.08	0.08	0.041	1.0
					/*	6:child_number	*/	0
					/*	6:name	*/	3_5_base-1/3_5_0-1/3_5下垫粱上下两层连接螺栓阵列-1/下垫粱上下两层连接螺栓组合-3/六五墩螺母-4
					/*	6:type	*/	基本器材\六五墩螺母.SLDPRT
					/*	6:location	*/	0.844007	-0.536332	-1.38778E-17	0.0	1.44335E-16	2.0126E-16	1.0	0.0	-0.536332	-0.844007	2.47277E-16	0.0	0.08	-2.22045E-16	0.041	1.0
					/*	6:child_number	*/	0
				/*	5:name	*/	3_5_base-1/3_5_0-1/3_5下垫粱上下两层连接螺栓阵列-1/下垫粱上下两层连接螺栓组合-4
				/*	5:type	*/	基本组合\下垫粱上下两层连接螺栓组合.SLDASM
				/*	5:location	*/	1.0	0.0	0.0	0.0	0.0	1.0	4.62223E-32	0.0	0.0	-3.08149E-33	1.0	0.0	-0.0468105	2.24519	-0.04	1.0
				/*	5:child_number	*/	8
					/*	6:name	*/	3_5_base-1/3_5_0-1/3_5下垫粱上下两层连接螺栓阵列-1/下垫粱上下两层连接螺栓组合-4/M80螺栓-32
					/*	6:type	*/	基本器材\M80螺栓.SLDPRT
					/*	6:location	*/	1.0	0.0	0.0	0.0	0.0	1.0	4.62223E-32	0.0	0.0	-3.08149E-33	1.0	0.0	0.0	0.0	1.77636E-15	1.0
					/*	6:child_number	*/	0
					/*	6:name	*/	3_5_base-1/3_5_0-1/3_5下垫粱上下两层连接螺栓阵列-1/下垫粱上下两层连接螺栓组合-4/M80螺栓-33
					/*	6:type	*/	基本器材\M80螺栓.SLDPRT
					/*	6:location	*/	1.0	0.0	0.0	0.0	0.0	1.0	4.62223E-32	0.0	0.0	-3.08149E-33	1.0	0.0	0.08	0.08	1.77636E-15	1.0
					/*	6:child_number	*/	0
					/*	6:name	*/	3_5_base-1/3_5_0-1/3_5下垫粱上下两层连接螺栓阵列-1/下垫粱上下两层连接螺栓组合-4/M80螺栓-34
					/*	6:type	*/	基本器材\M80螺栓.SLDPRT
					/*	6:location	*/	1.0	0.0	0.0	0.0	0.0	1.0	4.62223E-32	0.0	0.0	-3.08149E-33	1.0	0.0	0.0	0.08	1.77636E-15	1.0
					/*	6:child_number	*/	0
					/*	6:name	*/	3_5_base-1/3_5_0-1/3_5下垫粱上下两层连接螺栓阵列-1/下垫粱上下两层连接螺栓组合-4/M80螺栓-35
					/*	6:type	*/	基本器材\M80螺栓.SLDPRT
					/*	6:location	*/	1.0	0.0	0.0	0.0	0.0	1.0	4.62223E-32	0.0	0.0	-3.08149E-33	1.0	0.0	0.08	0.0	1.77636E-15	1.0
					/*	6:child_number	*/	0
					/*	6:name	*/	3_5_base-1/3_5_0-1/3_5下垫粱上下两层连接螺栓阵列-1/下垫粱上下两层连接螺栓组合-4/六五墩螺母-1
					/*	6:type	*/	基本器材\六五墩螺母.SLDPRT
					/*	6:location	*/	0.844007	-0.536332	-1.38778E-17	0.0	1.44335E-16	2.0126E-16	1.0	0.0	-0.536332	-0.844007	2.47277E-16	0.0	0.0	0.08	0.041	1.0
					/*	6:child_number	*/	0
					/*	6:name	*/	3_5_base-1/3_5_0-1/3_5下垫粱上下两层连接螺栓阵列-1/下垫粱上下两层连接螺栓组合-4/六五墩螺母-2
					/*	6:type	*/	基本器材\六五墩螺母.SLDPRT
					/*	6:location	*/	0.844007	-0.536332	-1.38778E-17	0.0	1.44335E-16	2.0126E-16	1.0	0.0	-0.536332	-0.844007	2.47277E-16	0.0	0.0	-1.11022E-16	0.041	1.0
					/*	6:child_number	*/	0
					/*	6:name	*/	3_5_base-1/3_5_0-1/3_5下垫粱上下两层连接螺栓阵列-1/下垫粱上下两层连接螺栓组合-4/六五墩螺母-3
					/*	6:type	*/	基本器材\六五墩螺母.SLDPRT
					/*	6:location	*/	0.844007	-0.536332	-1.38778E-17	0.0	1.44335E-16	2.0126E-16	1.0	0.0	-0.536332	-0.844007	2.47277E-16	0.0	0.08	0.08	0.041	1.0
					/*	6:child_number	*/	0
					/*	6:name	*/	3_5_base-1/3_5_0-1/3_5下垫粱上下两层连接螺栓阵列-1/下垫粱上下两层连接螺栓组合-4/六五墩螺母-4
					/*	6:type	*/	基本器材\六五墩螺母.SLDPRT
					/*	6:location	*/	0.844007	-0.536332	-1.38778E-17	0.0	1.44335E-16	2.0126E-16	1.0	0.0	-0.536332	-0.844007	2.47277E-16	0.0	0.08	-1.11022E-16	0.041	1.0
					/*	6:child_number	*/	0
				/*	5:name	*/	3_5_base-1/3_5_0-1/3_5下垫粱上下两层连接螺栓阵列-1/下垫粱上下两层连接螺栓组合-5
				/*	5:type	*/	基本组合\下垫粱上下两层连接螺栓组合.SLDASM
				/*	5:location	*/	1.0	0.0	0.0	0.0	0.0	1.0	4.62223E-32	0.0	0.0	-3.08149E-33	1.0	0.0	-0.0468105	3.24519	-0.04	1.0
				/*	5:child_number	*/	8
					/*	6:name	*/	3_5_base-1/3_5_0-1/3_5下垫粱上下两层连接螺栓阵列-1/下垫粱上下两层连接螺栓组合-5/M80螺栓-32
					/*	6:type	*/	基本器材\M80螺栓.SLDPRT
					/*	6:location	*/	1.0	0.0	0.0	0.0	0.0	1.0	4.62223E-32	0.0	0.0	-3.08149E-33	1.0	0.0	8.88178E-16	0.0	1.77636E-15	1.0
					/*	6:child_number	*/	0
					/*	6:name	*/	3_5_base-1/3_5_0-1/3_5下垫粱上下两层连接螺栓阵列-1/下垫粱上下两层连接螺栓组合-5/M80螺栓-33
					/*	6:type	*/	基本器材\M80螺栓.SLDPRT
					/*	6:location	*/	1.0	0.0	0.0	0.0	0.0	1.0	4.62223E-32	0.0	0.0	-3.08149E-33	1.0	0.0	0.08	0.08	1.77636E-15	1.0
					/*	6:child_number	*/	0
					/*	6:name	*/	3_5_base-1/3_5_0-1/3_5下垫粱上下两层连接螺栓阵列-1/下垫粱上下两层连接螺栓组合-5/M80螺栓-34
					/*	6:type	*/	基本器材\M80螺栓.SLDPRT
					/*	6:location	*/	1.0	0.0	0.0	0.0	0.0	1.0	4.62223E-32	0.0	0.0	-3.08149E-33	1.0	0.0	8.88178E-16	0.08	1.77636E-15	1.0
					/*	6:child_number	*/	0
					/*	6:name	*/	3_5_base-1/3_5_0-1/3_5下垫粱上下两层连接螺栓阵列-1/下垫粱上下两层连接螺栓组合-5/M80螺栓-35
					/*	6:type	*/	基本器材\M80螺栓.SLDPRT
					/*	6:location	*/	1.0	0.0	0.0	0.0	0.0	1.0	4.62223E-32	0.0	0.0	-3.08149E-33	1.0	0.0	0.08	0.0	1.77636E-15	1.0
					/*	6:child_number	*/	0
					/*	6:name	*/	3_5_base-1/3_5_0-1/3_5下垫粱上下两层连接螺栓阵列-1/下垫粱上下两层连接螺栓组合-5/六五墩螺母-1
					/*	6:type	*/	基本器材\六五墩螺母.SLDPRT
					/*	6:location	*/	0.844007	-0.536332	-1.38778E-17	0.0	1.44335E-16	2.0126E-16	1.0	0.0	-0.536332	-0.844007	2.47277E-16	0.0	8.88178E-16	0.08	0.041	1.0
					/*	6:child_number	*/	0
					/*	6:name	*/	3_5_base-1/3_5_0-1/3_5下垫粱上下两层连接螺栓阵列-1/下垫粱上下两层连接螺栓组合-5/六五墩螺母-2
					/*	6:type	*/	基本器材\六五墩螺母.SLDPRT
					/*	6:location	*/	0.844007	-0.536332	-1.38778E-17	0.0	1.44335E-16	2.0126E-16	1.0	0.0	-0.536332	-0.844007	2.47277E-16	0.0	8.88178E-16	-1.11022E-16	0.041	1.0
					/*	6:child_number	*/	0
					/*	6:name	*/	3_5_base-1/3_5_0-1/3_5下垫粱上下两层连接螺栓阵列-1/下垫粱上下两层连接螺栓组合-5/六五墩螺母-3
					/*	6:type	*/	基本器材\六五墩螺母.SLDPRT
					/*	6:location	*/	0.844007	-0.536332	-1.38778E-17	0.0	1.44335E-16	2.0126E-16	1.0	0.0	-0.536332	-0.844007	2.47277E-16	0.0	0.08	0.08	0.041	1.0
					/*	6:child_number	*/	0
					/*	6:name	*/	3_5_base-1/3_5_0-1/3_5下垫粱上下两层连接螺栓阵列-1/下垫粱上下两层连接螺栓组合-5/六五墩螺母-4
					/*	6:type	*/	基本器材\六五墩螺母.SLDPRT
					/*	6:location	*/	0.844007	-0.536332	-1.38778E-17	0.0	1.44335E-16	2.0126E-16	1.0	0.0	-0.536332	-0.844007	2.47277E-16	0.0	0.08	-1.11022E-16	0.041	1.0
					/*	6:child_number	*/	0
				/*	5:name	*/	3_5_base-1/3_5_0-1/3_5下垫粱上下两层连接螺栓阵列-1/下垫粱上下两层连接螺栓组合-6
				/*	5:type	*/	基本组合\下垫粱上下两层连接螺栓组合.SLDASM
				/*	5:location	*/	1.0	0.0	0.0	0.0	0.0	1.0	4.62223E-32	0.0	0.0	-3.08149E-33	1.0	0.0	-0.0468105	4.24519	-0.04	1.0
				/*	5:child_number	*/	8
					/*	6:name	*/	3_5_base-1/3_5_0-1/3_5下垫粱上下两层连接螺栓阵列-1/下垫粱上下两层连接螺栓组合-6/M80螺栓-32
					/*	6:type	*/	基本器材\M80螺栓.SLDPRT
					/*	6:location	*/	1.0	0.0	0.0	0.0	0.0	1.0	4.62223E-32	0.0	0.0	-3.08149E-33	1.0	0.0	0.0	0.0	1.77636E-15	1.0
					/*	6:child_number	*/	0
					/*	6:name	*/	3_5_base-1/3_5_0-1/3_5下垫粱上下两层连接螺栓阵列-1/下垫粱上下两层连接螺栓组合-6/M80螺栓-33
					/*	6:type	*/	基本器材\M80螺栓.SLDPRT
					/*	6:location	*/	1.0	0.0	0.0	0.0	0.0	1.0	4.62223E-32	0.0	0.0	-3.08149E-33	1.0	0.0	0.08	0.08	1.77636E-15	1.0
					/*	6:child_number	*/	0
					/*	6:name	*/	3_5_base-1/3_5_0-1/3_5下垫粱上下两层连接螺栓阵列-1/下垫粱上下两层连接螺栓组合-6/M80螺栓-34
					/*	6:type	*/	基本器材\M80螺栓.SLDPRT
					/*	6:location	*/	1.0	0.0	0.0	0.0	0.0	1.0	4.62223E-32	0.0	0.0	-3.08149E-33	1.0	0.0	0.0	0.08	1.77636E-15	1.0
					/*	6:child_number	*/	0
					/*	6:name	*/	3_5_base-1/3_5_0-1/3_5下垫粱上下两层连接螺栓阵列-1/下垫粱上下两层连接螺栓组合-6/M80螺栓-35
					/*	6:type	*/	基本器材\M80螺栓.SLDPRT
					/*	6:location	*/	1.0	0.0	0.0	0.0	0.0	1.0	4.62223E-32	0.0	0.0	-3.08149E-33	1.0	0.0	0.08	-2.22045E-16	1.77636E-15	1.0
					/*	6:child_number	*/	0
					/*	6:name	*/	3_5_base-1/3_5_0-1/3_5下垫粱上下两层连接螺栓阵列-1/下垫粱上下两层连接螺栓组合-6/六五墩螺母-1
					/*	6:type	*/	基本器材\六五墩螺母.SLDPRT
					/*	6:location	*/	0.844007	-0.536332	-1.38778E-17	0.0	1.44335E-16	2.0126E-16	1.0	0.0	-0.536332	-0.844007	2.47277E-16	0.0	0.0	0.08	0.041	1.0
					/*	6:child_number	*/	0
					/*	6:name	*/	3_5_base-1/3_5_0-1/3_5下垫粱上下两层连接螺栓阵列-1/下垫粱上下两层连接螺栓组合-6/六五墩螺母-2
					/*	6:type	*/	基本器材\六五墩螺母.SLDPRT
					/*	6:location	*/	0.844007	-0.536332	-1.38778E-17	0.0	1.44335E-16	2.0126E-16	1.0	0.0	-0.536332	-0.844007	2.47277E-16	0.0	0.0	0.0	0.041	1.0
					/*	6:child_number	*/	0
					/*	6:name	*/	3_5_base-1/3_5_0-1/3_5下垫粱上下两层连接螺栓阵列-1/下垫粱上下两层连接螺栓组合-6/六五墩螺母-3
					/*	6:type	*/	基本器材\六五墩螺母.SLDPRT
					/*	6:location	*/	0.844007	-0.536332	-1.38778E-17	0.0	1.44335E-16	2.0126E-16	1.0	0.0	-0.536332	-0.844007	2.47277E-16	0.0	0.08	0.08	0.041	1.0
					/*	6:child_number	*/	0
					/*	6:name	*/	3_5_base-1/3_5_0-1/3_5下垫粱上下两层连接螺栓阵列-1/下垫粱上下两层连接螺栓组合-6/六五墩螺母-4
					/*	6:type	*/	基本器材\六五墩螺母.SLDPRT
					/*	6:location	*/	0.844007	-0.536332	-1.38778E-17	0.0	1.44335E-16	2.0126E-16	1.0	0.0	-0.536332	-0.844007	2.47277E-16	0.0	0.08	-2.22045E-16	0.041	1.0
					/*	6:child_number	*/	0
				/*	5:name	*/	3_5_base-1/3_5_0-1/3_5下垫粱上下两层连接螺栓阵列-1/下垫粱上下两层连接螺栓组合-7
				/*	5:type	*/	基本组合\下垫粱上下两层连接螺栓组合.SLDASM
				/*	5:location	*/	1.0	0.0	0.0	0.0	0.0	1.0	4.62223E-32	0.0	0.0	-3.08149E-33	1.0	0.0	-0.0468105	5.24519	-0.04	1.0
				/*	5:child_number	*/	8
					/*	6:name	*/	3_5_base-1/3_5_0-1/3_5下垫粱上下两层连接螺栓阵列-1/下垫粱上下两层连接螺栓组合-7/M80螺栓-32
					/*	6:type	*/	基本器材\M80螺栓.SLDPRT
					/*	6:location	*/	1.0	0.0	0.0	0.0	0.0	1.0	4.62223E-32	0.0	0.0	-3.08149E-33	1.0	0.0	0.0	0.0	1.77636E-15	1.0
					/*	6:child_number	*/	0
					/*	6:name	*/	3_5_base-1/3_5_0-1/3_5下垫粱上下两层连接螺栓阵列-1/下垫粱上下两层连接螺栓组合-7/M80螺栓-33
					/*	6:type	*/	基本器材\M80螺栓.SLDPRT
					/*	6:location	*/	1.0	0.0	0.0	0.0	0.0	1.0	4.62223E-32	0.0	0.0	-3.08149E-33	1.0	0.0	0.08	0.08	1.77636E-15	1.0
					/*	6:child_number	*/	0
					/*	6:name	*/	3_5_base-1/3_5_0-1/3_5下垫粱上下两层连接螺栓阵列-1/下垫粱上下两层连接螺栓组合-7/M80螺栓-34
					/*	6:type	*/	基本器材\M80螺栓.SLDPRT
					/*	6:location	*/	1.0	0.0	0.0	0.0	0.0	1.0	4.62223E-32	0.0	0.0	-3.08149E-33	1.0	0.0	0.0	0.08	1.77636E-15	1.0
					/*	6:child_number	*/	0
					/*	6:name	*/	3_5_base-1/3_5_0-1/3_5下垫粱上下两层连接螺栓阵列-1/下垫粱上下两层连接螺栓组合-7/M80螺栓-35
					/*	6:type	*/	基本器材\M80螺栓.SLDPRT
					/*	6:location	*/	1.0	0.0	0.0	0.0	0.0	1.0	4.62223E-32	0.0	0.0	-3.08149E-33	1.0	0.0	0.08	4.44089E-16	1.77636E-15	1.0
					/*	6:child_number	*/	0
					/*	6:name	*/	3_5_base-1/3_5_0-1/3_5下垫粱上下两层连接螺栓阵列-1/下垫粱上下两层连接螺栓组合-7/六五墩螺母-1
					/*	6:type	*/	基本器材\六五墩螺母.SLDPRT
					/*	6:location	*/	0.844007	-0.536332	-1.38778E-17	0.0	1.44335E-16	2.0126E-16	1.0	0.0	-0.536332	-0.844007	2.47277E-16	0.0	0.0	0.08	0.041	1.0
					/*	6:child_number	*/	0
					/*	6:name	*/	3_5_base-1/3_5_0-1/3_5下垫粱上下两层连接螺栓阵列-1/下垫粱上下两层连接螺栓组合-7/六五墩螺母-2
					/*	6:type	*/	基本器材\六五墩螺母.SLDPRT
					/*	6:location	*/	0.844007	-0.536332	-1.38778E-17	0.0	1.44335E-16	2.0126E-16	1.0	0.0	-0.536332	-0.844007	2.47277E-16	0.0	0.0	0.0	0.041	1.0
					/*	6:child_number	*/	0
					/*	6:name	*/	3_5_base-1/3_5_0-1/3_5下垫粱上下两层连接螺栓阵列-1/下垫粱上下两层连接螺栓组合-7/六五墩螺母-3
					/*	6:type	*/	基本器材\六五墩螺母.SLDPRT
					/*	6:location	*/	0.844007	-0.536332	-1.38778E-17	0.0	1.44335E-16	2.0126E-16	1.0	0.0	-0.536332	-0.844007	2.47277E-16	0.0	0.08	0.08	0.041	1.0
					/*	6:child_number	*/	0
					/*	6:name	*/	3_5_base-1/3_5_0-1/3_5下垫粱上下两层连接螺栓阵列-1/下垫粱上下两层连接螺栓组合-7/六五墩螺母-4
					/*	6:type	*/	基本器材\六五墩螺母.SLDPRT
					/*	6:location	*/	0.844007	-0.536332	-1.38778E-17	0.0	1.44335E-16	2.0126E-16	1.0	0.0	-0.536332	-0.844007	2.47277E-16	0.0	0.08	4.44089E-16	0.041	1.0
					/*	6:child_number	*/	0
				/*	5:name	*/	3_5_base-1/3_5_0-1/3_5下垫粱上下两层连接螺栓阵列-1/下垫粱上下两层连接螺栓组合-8
				/*	5:type	*/	基本组合\下垫粱上下两层连接螺栓组合.SLDASM
				/*	5:location	*/	1.0	0.0	0.0	0.0	0.0	1.0	4.62223E-32	0.0	0.0	-3.08149E-33	1.0	0.0	-0.0468105	5.54519	-0.04	1.0
				/*	5:child_number	*/	8
					/*	6:name	*/	3_5_base-1/3_5_0-1/3_5下垫粱上下两层连接螺栓阵列-1/下垫粱上下两层连接螺栓组合-8/M80螺栓-32
					/*	6:type	*/	基本器材\M80螺栓.SLDPRT
					/*	6:location	*/	1.0	0.0	0.0	0.0	0.0	1.0	4.62223E-32	0.0	0.0	-3.08149E-33	1.0	0.0	0.0	0.0	1.77636E-15	1.0
					/*	6:child_number	*/	0
					/*	6:name	*/	3_5_base-1/3_5_0-1/3_5下垫粱上下两层连接螺栓阵列-1/下垫粱上下两层连接螺栓组合-8/M80螺栓-33
					/*	6:type	*/	基本器材\M80螺栓.SLDPRT
					/*	6:location	*/	1.0	0.0	0.0	0.0	0.0	1.0	4.62223E-32	0.0	0.0	-3.08149E-33	1.0	0.0	0.08	0.08	1.77636E-15	1.0
					/*	6:child_number	*/	0
					/*	6:name	*/	3_5_base-1/3_5_0-1/3_5下垫粱上下两层连接螺栓阵列-1/下垫粱上下两层连接螺栓组合-8/M80螺栓-34
					/*	6:type	*/	基本器材\M80螺栓.SLDPRT
					/*	6:location	*/	1.0	0.0	0.0	0.0	0.0	1.0	4.62223E-32	0.0	0.0	-3.08149E-33	1.0	0.0	0.0	0.08	1.77636E-15	1.0
					/*	6:child_number	*/	0
					/*	6:name	*/	3_5_base-1/3_5_0-1/3_5下垫粱上下两层连接螺栓阵列-1/下垫粱上下两层连接螺栓组合-8/M80螺栓-35
					/*	6:type	*/	基本器材\M80螺栓.SLDPRT
					/*	6:location	*/	1.0	0.0	0.0	0.0	0.0	1.0	4.62223E-32	0.0	0.0	-3.08149E-33	1.0	0.0	0.08	4.44089E-16	1.77636E-15	1.0
					/*	6:child_number	*/	0
					/*	6:name	*/	3_5_base-1/3_5_0-1/3_5下垫粱上下两层连接螺栓阵列-1/下垫粱上下两层连接螺栓组合-8/六五墩螺母-1
					/*	6:type	*/	基本器材\六五墩螺母.SLDPRT
					/*	6:location	*/	0.844007	-0.536332	-1.38778E-17	0.0	1.44335E-16	2.0126E-16	1.0	0.0	-0.536332	-0.844007	2.47277E-16	0.0	0.0	0.08	0.041	1.0
					/*	6:child_number	*/	0
					/*	6:name	*/	3_5_base-1/3_5_0-1/3_5下垫粱上下两层连接螺栓阵列-1/下垫粱上下两层连接螺栓组合-8/六五墩螺母-2
					/*	6:type	*/	基本器材\六五墩螺母.SLDPRT
					/*	6:location	*/	0.844007	-0.536332	-1.38778E-17	0.0	1.44335E-16	2.0126E-16	1.0	0.0	-0.536332	-0.844007	2.47277E-16	0.0	0.0	0.0	0.041	1.0
					/*	6:child_number	*/	0
					/*	6:name	*/	3_5_base-1/3_5_0-1/3_5下垫粱上下两层连接螺栓阵列-1/下垫粱上下两层连接螺栓组合-8/六五墩螺母-3
					/*	6:type	*/	基本器材\六五墩螺母.SLDPRT
					/*	6:location	*/	0.844007	-0.536332	-1.38778E-17	0.0	1.44335E-16	2.0126E-16	1.0	0.0	-0.536332	-0.844007	2.47277E-16	0.0	0.08	0.08	0.041	1.0
					/*	6:child_number	*/	0
					/*	6:name	*/	3_5_base-1/3_5_0-1/3_5下垫粱上下两层连接螺栓阵列-1/下垫粱上下两层连接螺栓组合-8/六五墩螺母-4
					/*	6:type	*/	基本器材\六五墩螺母.SLDPRT
					/*	6:location	*/	0.844007	-0.536332	-1.38778E-17	0.0	1.44335E-16	2.0126E-16	1.0	0.0	-0.536332	-0.844007	2.47277E-16	0.0	0.08	4.44089E-16	0.041	1.0
					/*	6:child_number	*/	0
			/*	4:name	*/	3_5_base-1/3_5_0-1/3_5下垫粱上下两层连接螺栓阵列-10
			/*	4:type	*/	3_5\3_5_ASM\3_5下垫粱上下两层连接螺栓阵列.SLDASM
			/*	4:location	*/	1.44329E-15	-1.38778E-16	1.0	0.0	-1.0	-3.88578E-16	1.44329E-15	0.0	3.88578E-16	-1.0	-1.38778E-16	0.0	2.74281	-0.0769215	-8.14319	1.0
			/*	4:child_number	*/	8
				/*	5:name	*/	3_5_base-1/3_5_0-1/3_5下垫粱上下两层连接螺栓阵列-10/下垫粱上下两层连接螺栓组合-1
				/*	5:type	*/	基本组合\下垫粱上下两层连接螺栓组合.SLDASM
				/*	5:location	*/	1.0	0.0	0.0	0.0	0.0	1.0	4.62223E-32	0.0	0.0	-3.08149E-33	1.0	0.0	-0.0468105	-0.0548088	-0.04	1.0
				/*	5:child_number	*/	8
					/*	6:name	*/	3_5_base-1/3_5_0-1/3_5下垫粱上下两层连接螺栓阵列-10/下垫粱上下两层连接螺栓组合-1/M80螺栓-32
					/*	6:type	*/	基本器材\M80螺栓.SLDPRT
					/*	6:location	*/	1.0	0.0	0.0	0.0	0.0	1.0	4.62223E-32	0.0	0.0	-3.08149E-33	1.0	0.0	0.0	0.0	1.77636E-15	1.0
					/*	6:child_number	*/	0
					/*	6:name	*/	3_5_base-1/3_5_0-1/3_5下垫粱上下两层连接螺栓阵列-10/下垫粱上下两层连接螺栓组合-1/M80螺栓-33
					/*	6:type	*/	基本器材\M80螺栓.SLDPRT
					/*	6:location	*/	1.0	0.0	0.0	0.0	0.0	1.0	4.62223E-32	0.0	0.0	-3.08149E-33	1.0	0.0	0.08	0.08	1.77636E-15	1.0
					/*	6:child_number	*/	0
					/*	6:name	*/	3_5_base-1/3_5_0-1/3_5下垫粱上下两层连接螺栓阵列-10/下垫粱上下两层连接螺栓组合-1/M80螺栓-34
					/*	6:type	*/	基本器材\M80螺栓.SLDPRT
					/*	6:location	*/	1.0	0.0	0.0	0.0	0.0	1.0	4.62223E-32	0.0	0.0	-3.08149E-33	1.0	0.0	0.0	0.08	1.77636E-15	1.0
					/*	6:child_number	*/	0
					/*	6:name	*/	3_5_base-1/3_5_0-1/3_5下垫粱上下两层连接螺栓阵列-10/下垫粱上下两层连接螺栓组合-1/M80螺栓-35
					/*	6:type	*/	基本器材\M80螺栓.SLDPRT
					/*	6:location	*/	1.0	0.0	0.0	0.0	0.0	1.0	4.62223E-32	0.0	0.0	-3.08149E-33	1.0	0.0	0.08	4.44089E-16	1.77636E-15	1.0
					/*	6:child_number	*/	0
					/*	6:name	*/	3_5_base-1/3_5_0-1/3_5下垫粱上下两层连接螺栓阵列-10/下垫粱上下两层连接螺栓组合-1/六五墩螺母-1
					/*	6:type	*/	基本器材\六五墩螺母.SLDPRT
					/*	6:location	*/	0.844007	-0.536332	-1.38778E-17	0.0	1.44335E-16	2.0126E-16	1.0	0.0	-0.536332	-0.844007	2.47277E-16	0.0	0.0	0.08	0.041	1.0
					/*	6:child_number	*/	0
					/*	6:name	*/	3_5_base-1/3_5_0-1/3_5下垫粱上下两层连接螺栓阵列-10/下垫粱上下两层连接螺栓组合-1/六五墩螺母-2
					/*	6:type	*/	基本器材\六五墩螺母.SLDPRT
					/*	6:location	*/	0.844007	-0.536332	-1.38778E-17	0.0	1.44335E-16	2.0126E-16	1.0	0.0	-0.536332	-0.844007	2.47277E-16	0.0	0.0	0.0	0.041	1.0
					/*	6:child_number	*/	0
					/*	6:name	*/	3_5_base-1/3_5_0-1/3_5下垫粱上下两层连接螺栓阵列-10/下垫粱上下两层连接螺栓组合-1/六五墩螺母-3
					/*	6:type	*/	基本器材\六五墩螺母.SLDPRT
					/*	6:location	*/	0.844007	-0.536332	-1.38778E-17	0.0	1.44335E-16	2.0126E-16	1.0	0.0	-0.536332	-0.844007	2.47277E-16	0.0	0.08	0.08	0.041	1.0
					/*	6:child_number	*/	0
					/*	6:name	*/	3_5_base-1/3_5_0-1/3_5下垫粱上下两层连接螺栓阵列-10/下垫粱上下两层连接螺栓组合-1/六五墩螺母-4
					/*	6:type	*/	基本器材\六五墩螺母.SLDPRT
					/*	6:location	*/	0.844007	-0.536332	-1.38778E-17	0.0	1.44335E-16	2.0126E-16	1.0	0.0	-0.536332	-0.844007	2.47277E-16	0.0	0.08	4.44089E-16	0.041	1.0
					/*	6:child_number	*/	0
				/*	5:name	*/	3_5_base-1/3_5_0-1/3_5下垫粱上下两层连接螺栓阵列-10/下垫粱上下两层连接螺栓组合-2
				/*	5:type	*/	基本组合\下垫粱上下两层连接螺栓组合.SLDASM
				/*	5:location	*/	1.0	0.0	0.0	0.0	0.0	1.0	4.62223E-32	0.0	0.0	-3.08149E-33	1.0	0.0	-0.0468105	0.245191	-0.04	1.0
				/*	5:child_number	*/	8
					/*	6:name	*/	3_5_base-1/3_5_0-1/3_5下垫粱上下两层连接螺栓阵列-10/下垫粱上下两层连接螺栓组合-2/M80螺栓-32
					/*	6:type	*/	基本器材\M80螺栓.SLDPRT
					/*	6:location	*/	1.0	0.0	0.0	0.0	0.0	1.0	4.62223E-32	0.0	0.0	-3.08149E-33	1.0	0.0	8.88178E-16	0.0	1.77636E-15	1.0
					/*	6:child_number	*/	0
					/*	6:name	*/	3_5_base-1/3_5_0-1/3_5下垫粱上下两层连接螺栓阵列-10/下垫粱上下两层连接螺栓组合-2/M80螺栓-33
					/*	6:type	*/	基本器材\M80螺栓.SLDPRT
					/*	6:location	*/	1.0	0.0	0.0	0.0	0.0	1.0	4.62223E-32	0.0	0.0	-3.08149E-33	1.0	0.0	0.08	0.08	1.77636E-15	1.0
					/*	6:child_number	*/	0
					/*	6:name	*/	3_5_base-1/3_5_0-1/3_5下垫粱上下两层连接螺栓阵列-10/下垫粱上下两层连接螺栓组合-2/M80螺栓-34
					/*	6:type	*/	基本器材\M80螺栓.SLDPRT
					/*	6:location	*/	1.0	0.0	0.0	0.0	0.0	1.0	4.62223E-32	0.0	0.0	-3.08149E-33	1.0	0.0	0.0	0.08	1.77636E-15	1.0
					/*	6:child_number	*/	0
					/*	6:name	*/	3_5_base-1/3_5_0-1/3_5下垫粱上下两层连接螺栓阵列-10/下垫粱上下两层连接螺栓组合-2/M80螺栓-35
					/*	6:type	*/	基本器材\M80螺栓.SLDPRT
					/*	6:location	*/	1.0	0.0	0.0	0.0	0.0	1.0	4.62223E-32	0.0	0.0	-3.08149E-33	1.0	0.0	0.08	4.44089E-16	1.77636E-15	1.0
					/*	6:child_number	*/	0
					/*	6:name	*/	3_5_base-1/3_5_0-1/3_5下垫粱上下两层连接螺栓阵列-10/下垫粱上下两层连接螺栓组合-2/六五墩螺母-1
					/*	6:type	*/	基本器材\六五墩螺母.SLDPRT
					/*	6:location	*/	0.844007	-0.536332	-1.38778E-17	0.0	1.44335E-16	2.0126E-16	1.0	0.0	-0.536332	-0.844007	2.47277E-16	0.0	0.0	0.08	0.041	1.0
					/*	6:child_number	*/	0
					/*	6:name	*/	3_5_base-1/3_5_0-1/3_5下垫粱上下两层连接螺栓阵列-10/下垫粱上下两层连接螺栓组合-2/六五墩螺母-2
					/*	6:type	*/	基本器材\六五墩螺母.SLDPRT
					/*	6:location	*/	0.844007	-0.536332	-1.38778E-17	0.0	1.44335E-16	2.0126E-16	1.0	0.0	-0.536332	-0.844007	2.47277E-16	0.0	8.88178E-16	0.0	0.041	1.0
					/*	6:child_number	*/	0
					/*	6:name	*/	3_5_base-1/3_5_0-1/3_5下垫粱上下两层连接螺栓阵列-10/下垫粱上下两层连接螺栓组合-2/六五墩螺母-3
					/*	6:type	*/	基本器材\六五墩螺母.SLDPRT
					/*	6:location	*/	0.844007	-0.536332	-1.38778E-17	0.0	1.44335E-16	2.0126E-16	1.0	0.0	-0.536332	-0.844007	2.47277E-16	0.0	0.08	0.08	0.041	1.0
					/*	6:child_number	*/	0
					/*	6:name	*/	3_5_base-1/3_5_0-1/3_5下垫粱上下两层连接螺栓阵列-10/下垫粱上下两层连接螺栓组合-2/六五墩螺母-4
					/*	6:type	*/	基本器材\六五墩螺母.SLDPRT
					/*	6:location	*/	0.844007	-0.536332	-1.38778E-17	0.0	1.44335E-16	2.0126E-16	1.0	0.0	-0.536332	-0.844007	2.47277E-16	0.0	0.08	4.44089E-16	0.041	1.0
					/*	6:child_number	*/	0
				/*	5:name	*/	3_5_base-1/3_5_0-1/3_5下垫粱上下两层连接螺栓阵列-10/下垫粱上下两层连接螺栓组合-3
				/*	5:type	*/	基本组合\下垫粱上下两层连接螺栓组合.SLDASM
				/*	5:location	*/	1.0	0.0	0.0	0.0	0.0	1.0	4.62223E-32	0.0	0.0	-3.08149E-33	1.0	0.0	-0.0468105	1.24519	-0.04	1.0
				/*	5:child_number	*/	8
					/*	6:name	*/	3_5_base-1/3_5_0-1/3_5下垫粱上下两层连接螺栓阵列-10/下垫粱上下两层连接螺栓组合-3/M80螺栓-32
					/*	6:type	*/	基本器材\M80螺栓.SLDPRT
					/*	6:location	*/	1.0	0.0	0.0	0.0	0.0	1.0	4.62223E-32	0.0	0.0	-3.08149E-33	1.0	0.0	0.0	0.0	1.77636E-15	1.0
					/*	6:child_number	*/	0
					/*	6:name	*/	3_5_base-1/3_5_0-1/3_5下垫粱上下两层连接螺栓阵列-10/下垫粱上下两层连接螺栓组合-3/M80螺栓-33
					/*	6:type	*/	基本器材\M80螺栓.SLDPRT
					/*	6:location	*/	1.0	0.0	0.0	0.0	0.0	1.0	4.62223E-32	0.0	0.0	-3.08149E-33	1.0	0.0	0.08	0.08	1.77636E-15	1.0
					/*	6:child_number	*/	0
					/*	6:name	*/	3_5_base-1/3_5_0-1/3_5下垫粱上下两层连接螺栓阵列-10/下垫粱上下两层连接螺栓组合-3/M80螺栓-34
					/*	6:type	*/	基本器材\M80螺栓.SLDPRT
					/*	6:location	*/	1.0	0.0	0.0	0.0	0.0	1.0	4.62223E-32	0.0	0.0	-3.08149E-33	1.0	0.0	0.0	0.08	1.77636E-15	1.0
					/*	6:child_number	*/	0
					/*	6:name	*/	3_5_base-1/3_5_0-1/3_5下垫粱上下两层连接螺栓阵列-10/下垫粱上下两层连接螺栓组合-3/M80螺栓-35
					/*	6:type	*/	基本器材\M80螺栓.SLDPRT
					/*	6:location	*/	1.0	0.0	0.0	0.0	0.0	1.0	4.62223E-32	0.0	0.0	-3.08149E-33	1.0	0.0	0.08	-2.22045E-16	1.77636E-15	1.0
					/*	6:child_number	*/	0
					/*	6:name	*/	3_5_base-1/3_5_0-1/3_5下垫粱上下两层连接螺栓阵列-10/下垫粱上下两层连接螺栓组合-3/六五墩螺母-1
					/*	6:type	*/	基本器材\六五墩螺母.SLDPRT
					/*	6:location	*/	0.844007	-0.536332	-1.38778E-17	0.0	1.44335E-16	2.0126E-16	1.0	0.0	-0.536332	-0.844007	2.47277E-16	0.0	0.0	0.08	0.041	1.0
					/*	6:child_number	*/	0
					/*	6:name	*/	3_5_base-1/3_5_0-1/3_5下垫粱上下两层连接螺栓阵列-10/下垫粱上下两层连接螺栓组合-3/六五墩螺母-2
					/*	6:type	*/	基本器材\六五墩螺母.SLDPRT
					/*	6:location	*/	0.844007	-0.536332	-1.38778E-17	0.0	1.44335E-16	2.0126E-16	1.0	0.0	-0.536332	-0.844007	2.47277E-16	0.0	0.0	0.0	0.041	1.0
					/*	6:child_number	*/	0
					/*	6:name	*/	3_5_base-1/3_5_0-1/3_5下垫粱上下两层连接螺栓阵列-10/下垫粱上下两层连接螺栓组合-3/六五墩螺母-3
					/*	6:type	*/	基本器材\六五墩螺母.SLDPRT
					/*	6:location	*/	0.844007	-0.536332	-1.38778E-17	0.0	1.44335E-16	2.0126E-16	1.0	0.0	-0.536332	-0.844007	2.47277E-16	0.0	0.08	0.08	0.041	1.0
					/*	6:child_number	*/	0
					/*	6:name	*/	3_5_base-1/3_5_0-1/3_5下垫粱上下两层连接螺栓阵列-10/下垫粱上下两层连接螺栓组合-3/六五墩螺母-4
					/*	6:type	*/	基本器材\六五墩螺母.SLDPRT
					/*	6:location	*/	0.844007	-0.536332	-1.38778E-17	0.0	1.44335E-16	2.0126E-16	1.0	0.0	-0.536332	-0.844007	2.47277E-16	0.0	0.08	-2.22045E-16	0.041	1.0
					/*	6:child_number	*/	0
				/*	5:name	*/	3_5_base-1/3_5_0-1/3_5下垫粱上下两层连接螺栓阵列-10/下垫粱上下两层连接螺栓组合-4
				/*	5:type	*/	基本组合\下垫粱上下两层连接螺栓组合.SLDASM
				/*	5:location	*/	1.0	0.0	0.0	0.0	0.0	1.0	4.62223E-32	0.0	0.0	-3.08149E-33	1.0	0.0	-0.0468105	2.24519	-0.04	1.0
				/*	5:child_number	*/	8
					/*	6:name	*/	3_5_base-1/3_5_0-1/3_5下垫粱上下两层连接螺栓阵列-10/下垫粱上下两层连接螺栓组合-4/M80螺栓-32
					/*	6:type	*/	基本器材\M80螺栓.SLDPRT
					/*	6:location	*/	1.0	0.0	0.0	0.0	0.0	1.0	4.62223E-32	0.0	0.0	-3.08149E-33	1.0	0.0	0.0	0.0	1.77636E-15	1.0
					/*	6:child_number	*/	0
					/*	6:name	*/	3_5_base-1/3_5_0-1/3_5下垫粱上下两层连接螺栓阵列-10/下垫粱上下两层连接螺栓组合-4/M80螺栓-33
					/*	6:type	*/	基本器材\M80螺栓.SLDPRT
					/*	6:location	*/	1.0	0.0	0.0	0.0	0.0	1.0	4.62223E-32	0.0	0.0	-3.08149E-33	1.0	0.0	0.08	0.08	1.77636E-15	1.0
					/*	6:child_number	*/	0
					/*	6:name	*/	3_5_base-1/3_5_0-1/3_5下垫粱上下两层连接螺栓阵列-10/下垫粱上下两层连接螺栓组合-4/M80螺栓-34
					/*	6:type	*/	基本器材\M80螺栓.SLDPRT
					/*	6:location	*/	1.0	0.0	0.0	0.0	0.0	1.0	4.62223E-32	0.0	0.0	-3.08149E-33	1.0	0.0	0.0	0.08	1.77636E-15	1.0
					/*	6:child_number	*/	0
					/*	6:name	*/	3_5_base-1/3_5_0-1/3_5下垫粱上下两层连接螺栓阵列-10/下垫粱上下两层连接螺栓组合-4/M80螺栓-35
					/*	6:type	*/	基本器材\M80螺栓.SLDPRT
					/*	6:location	*/	1.0	0.0	0.0	0.0	0.0	1.0	4.62223E-32	0.0	0.0	-3.08149E-33	1.0	0.0	0.08	0.0	1.77636E-15	1.0
					/*	6:child_number	*/	0
					/*	6:name	*/	3_5_base-1/3_5_0-1/3_5下垫粱上下两层连接螺栓阵列-10/下垫粱上下两层连接螺栓组合-4/六五墩螺母-1
					/*	6:type	*/	基本器材\六五墩螺母.SLDPRT
					/*	6:location	*/	0.844007	-0.536332	-1.38778E-17	0.0	1.44335E-16	2.0126E-16	1.0	0.0	-0.536332	-0.844007	2.47277E-16	0.0	0.0	0.08	0.041	1.0
					/*	6:child_number	*/	0
					/*	6:name	*/	3_5_base-1/3_5_0-1/3_5下垫粱上下两层连接螺栓阵列-10/下垫粱上下两层连接螺栓组合-4/六五墩螺母-2
					/*	6:type	*/	基本器材\六五墩螺母.SLDPRT
					/*	6:location	*/	0.844007	-0.536332	-1.38778E-17	0.0	1.44335E-16	2.0126E-16	1.0	0.0	-0.536332	-0.844007	2.47277E-16	0.0	0.0	-1.11022E-16	0.041	1.0
					/*	6:child_number	*/	0
					/*	6:name	*/	3_5_base-1/3_5_0-1/3_5下垫粱上下两层连接螺栓阵列-10/下垫粱上下两层连接螺栓组合-4/六五墩螺母-3
					/*	6:type	*/	基本器材\六五墩螺母.SLDPRT
					/*	6:location	*/	0.844007	-0.536332	-1.38778E-17	0.0	1.44335E-16	2.0126E-16	1.0	0.0	-0.536332	-0.844007	2.47277E-16	0.0	0.08	0.08	0.041	1.0
					/*	6:child_number	*/	0
					/*	6:name	*/	3_5_base-1/3_5_0-1/3_5下垫粱上下两层连接螺栓阵列-10/下垫粱上下两层连接螺栓组合-4/六五墩螺母-4
					/*	6:type	*/	基本器材\六五墩螺母.SLDPRT
					/*	6:location	*/	0.844007	-0.536332	-1.38778E-17	0.0	1.44335E-16	2.0126E-16	1.0	0.0	-0.536332	-0.844007	2.47277E-16	0.0	0.08	-1.11022E-16	0.041	1.0
					/*	6:child_number	*/	0
				/*	5:name	*/	3_5_base-1/3_5_0-1/3_5下垫粱上下两层连接螺栓阵列-10/下垫粱上下两层连接螺栓组合-5
				/*	5:type	*/	基本组合\下垫粱上下两层连接螺栓组合.SLDASM
				/*	5:location	*/	1.0	0.0	0.0	0.0	0.0	1.0	4.62223E-32	0.0	0.0	-3.08149E-33	1.0	0.0	-0.0468105	3.24519	-0.04	1.0
				/*	5:child_number	*/	8
					/*	6:name	*/	3_5_base-1/3_5_0-1/3_5下垫粱上下两层连接螺栓阵列-10/下垫粱上下两层连接螺栓组合-5/M80螺栓-32
					/*	6:type	*/	基本器材\M80螺栓.SLDPRT
					/*	6:location	*/	1.0	0.0	0.0	0.0	0.0	1.0	4.62223E-32	0.0	0.0	-3.08149E-33	1.0	0.0	8.88178E-16	0.0	1.77636E-15	1.0
					/*	6:child_number	*/	0
					/*	6:name	*/	3_5_base-1/3_5_0-1/3_5下垫粱上下两层连接螺栓阵列-10/下垫粱上下两层连接螺栓组合-5/M80螺栓-33
					/*	6:type	*/	基本器材\M80螺栓.SLDPRT
					/*	6:location	*/	1.0	0.0	0.0	0.0	0.0	1.0	4.62223E-32	0.0	0.0	-3.08149E-33	1.0	0.0	0.08	0.08	1.77636E-15	1.0
					/*	6:child_number	*/	0
					/*	6:name	*/	3_5_base-1/3_5_0-1/3_5下垫粱上下两层连接螺栓阵列-10/下垫粱上下两层连接螺栓组合-5/M80螺栓-34
					/*	6:type	*/	基本器材\M80螺栓.SLDPRT
					/*	6:location	*/	1.0	0.0	0.0	0.0	0.0	1.0	4.62223E-32	0.0	0.0	-3.08149E-33	1.0	0.0	8.88178E-16	0.08	1.77636E-15	1.0
					/*	6:child_number	*/	0
					/*	6:name	*/	3_5_base-1/3_5_0-1/3_5下垫粱上下两层连接螺栓阵列-10/下垫粱上下两层连接螺栓组合-5/M80螺栓-35
					/*	6:type	*/	基本器材\M80螺栓.SLDPRT
					/*	6:location	*/	1.0	0.0	0.0	0.0	0.0	1.0	4.62223E-32	0.0	0.0	-3.08149E-33	1.0	0.0	0.08	0.0	1.77636E-15	1.0
					/*	6:child_number	*/	0
					/*	6:name	*/	3_5_base-1/3_5_0-1/3_5下垫粱上下两层连接螺栓阵列-10/下垫粱上下两层连接螺栓组合-5/六五墩螺母-1
					/*	6:type	*/	基本器材\六五墩螺母.SLDPRT
					/*	6:location	*/	0.844007	-0.536332	-1.38778E-17	0.0	1.44335E-16	2.0126E-16	1.0	0.0	-0.536332	-0.844007	2.47277E-16	0.0	8.88178E-16	0.08	0.041	1.0
					/*	6:child_number	*/	0
					/*	6:name	*/	3_5_base-1/3_5_0-1/3_5下垫粱上下两层连接螺栓阵列-10/下垫粱上下两层连接螺栓组合-5/六五墩螺母-2
					/*	6:type	*/	基本器材\六五墩螺母.SLDPRT
					/*	6:location	*/	0.844007	-0.536332	-1.38778E-17	0.0	1.44335E-16	2.0126E-16	1.0	0.0	-0.536332	-0.844007	2.47277E-16	0.0	8.88178E-16	-1.11022E-16	0.041	1.0
					/*	6:child_number	*/	0
					/*	6:name	*/	3_5_base-1/3_5_0-1/3_5下垫粱上下两层连接螺栓阵列-10/下垫粱上下两层连接螺栓组合-5/六五墩螺母-3
					/*	6:type	*/	基本器材\六五墩螺母.SLDPRT
					/*	6:location	*/	0.844007	-0.536332	-1.38778E-17	0.0	1.44335E-16	2.0126E-16	1.0	0.0	-0.536332	-0.844007	2.47277E-16	0.0	0.08	0.08	0.041	1.0
					/*	6:child_number	*/	0
					/*	6:name	*/	3_5_base-1/3_5_0-1/3_5下垫粱上下两层连接螺栓阵列-10/下垫粱上下两层连接螺栓组合-5/六五墩螺母-4
					/*	6:type	*/	基本器材\六五墩螺母.SLDPRT
					/*	6:location	*/	0.844007	-0.536332	-1.38778E-17	0.0	1.44335E-16	2.0126E-16	1.0	0.0	-0.536332	-0.844007	2.47277E-16	0.0	0.08	-1.11022E-16	0.041	1.0
					/*	6:child_number	*/	0
				/*	5:name	*/	3_5_base-1/3_5_0-1/3_5下垫粱上下两层连接螺栓阵列-10/下垫粱上下两层连接螺栓组合-6
				/*	5:type	*/	基本组合\下垫粱上下两层连接螺栓组合.SLDASM
				/*	5:location	*/	1.0	0.0	0.0	0.0	0.0	1.0	4.62223E-32	0.0	0.0	-3.08149E-33	1.0	0.0	-0.0468105	4.24519	-0.04	1.0
				/*	5:child_number	*/	8
					/*	6:name	*/	3_5_base-1/3_5_0-1/3_5下垫粱上下两层连接螺栓阵列-10/下垫粱上下两层连接螺栓组合-6/M80螺栓-32
					/*	6:type	*/	基本器材\M80螺栓.SLDPRT
					/*	6:location	*/	1.0	0.0	0.0	0.0	0.0	1.0	4.62223E-32	0.0	0.0	-3.08149E-33	1.0	0.0	0.0	0.0	1.77636E-15	1.0
					/*	6:child_number	*/	0
					/*	6:name	*/	3_5_base-1/3_5_0-1/3_5下垫粱上下两层连接螺栓阵列-10/下垫粱上下两层连接螺栓组合-6/M80螺栓-33
					/*	6:type	*/	基本器材\M80螺栓.SLDPRT
					/*	6:location	*/	1.0	0.0	0.0	0.0	0.0	1.0	4.62223E-32	0.0	0.0	-3.08149E-33	1.0	0.0	0.08	0.08	1.77636E-15	1.0
					/*	6:child_number	*/	0
					/*	6:name	*/	3_5_base-1/3_5_0-1/3_5下垫粱上下两层连接螺栓阵列-10/下垫粱上下两层连接螺栓组合-6/M80螺栓-34
					/*	6:type	*/	基本器材\M80螺栓.SLDPRT
					/*	6:location	*/	1.0	0.0	0.0	0.0	0.0	1.0	4.62223E-32	0.0	0.0	-3.08149E-33	1.0	0.0	0.0	0.08	1.77636E-15	1.0
					/*	6:child_number	*/	0
					/*	6:name	*/	3_5_base-1/3_5_0-1/3_5下垫粱上下两层连接螺栓阵列-10/下垫粱上下两层连接螺栓组合-6/M80螺栓-35
					/*	6:type	*/	基本器材\M80螺栓.SLDPRT
					/*	6:location	*/	1.0	0.0	0.0	0.0	0.0	1.0	4.62223E-32	0.0	0.0	-3.08149E-33	1.0	0.0	0.08	-2.22045E-16	1.77636E-15	1.0
					/*	6:child_number	*/	0
					/*	6:name	*/	3_5_base-1/3_5_0-1/3_5下垫粱上下两层连接螺栓阵列-10/下垫粱上下两层连接螺栓组合-6/六五墩螺母-1
					/*	6:type	*/	基本器材\六五墩螺母.SLDPRT
					/*	6:location	*/	0.844007	-0.536332	-1.38778E-17	0.0	1.44335E-16	2.0126E-16	1.0	0.0	-0.536332	-0.844007	2.47277E-16	0.0	0.0	0.08	0.041	1.0
					/*	6:child_number	*/	0
					/*	6:name	*/	3_5_base-1/3_5_0-1/3_5下垫粱上下两层连接螺栓阵列-10/下垫粱上下两层连接螺栓组合-6/六五墩螺母-2
					/*	6:type	*/	基本器材\六五墩螺母.SLDPRT
					/*	6:location	*/	0.844007	-0.536332	-1.38778E-17	0.0	1.44335E-16	2.0126E-16	1.0	0.0	-0.536332	-0.844007	2.47277E-16	0.0	0.0	0.0	0.041	1.0
					/*	6:child_number	*/	0
					/*	6:name	*/	3_5_base-1/3_5_0-1/3_5下垫粱上下两层连接螺栓阵列-10/下垫粱上下两层连接螺栓组合-6/六五墩螺母-3
					/*	6:type	*/	基本器材\六五墩螺母.SLDPRT
					/*	6:location	*/	0.844007	-0.536332	-1.38778E-17	0.0	1.44335E-16	2.0126E-16	1.0	0.0	-0.536332	-0.844007	2.47277E-16	0.0	0.08	0.08	0.041	1.0
					/*	6:child_number	*/	0
					/*	6:name	*/	3_5_base-1/3_5_0-1/3_5下垫粱上下两层连接螺栓阵列-10/下垫粱上下两层连接螺栓组合-6/六五墩螺母-4
					/*	6:type	*/	基本器材\六五墩螺母.SLDPRT
					/*	6:location	*/	0.844007	-0.536332	-1.38778E-17	0.0	1.44335E-16	2.0126E-16	1.0	0.0	-0.536332	-0.844007	2.47277E-16	0.0	0.08	-2.22045E-16	0.041	1.0
					/*	6:child_number	*/	0
				/*	5:name	*/	3_5_base-1/3_5_0-1/3_5下垫粱上下两层连接螺栓阵列-10/下垫粱上下两层连接螺栓组合-7
				/*	5:type	*/	基本组合\下垫粱上下两层连接螺栓组合.SLDASM
				/*	5:location	*/	1.0	0.0	0.0	0.0	0.0	1.0	4.62223E-32	0.0	0.0	-3.08149E-33	1.0	0.0	-0.0468105	5.24519	-0.04	1.0
				/*	5:child_number	*/	8
					/*	6:name	*/	3_5_base-1/3_5_0-1/3_5下垫粱上下两层连接螺栓阵列-10/下垫粱上下两层连接螺栓组合-7/M80螺栓-32
					/*	6:type	*/	基本器材\M80螺栓.SLDPRT
					/*	6:location	*/	1.0	0.0	0.0	0.0	0.0	1.0	4.62223E-32	0.0	0.0	-3.08149E-33	1.0	0.0	0.0	0.0	1.77636E-15	1.0
					/*	6:child_number	*/	0
					/*	6:name	*/	3_5_base-1/3_5_0-1/3_5下垫粱上下两层连接螺栓阵列-10/下垫粱上下两层连接螺栓组合-7/M80螺栓-33
					/*	6:type	*/	基本器材\M80螺栓.SLDPRT
					/*	6:location	*/	1.0	0.0	0.0	0.0	0.0	1.0	4.62223E-32	0.0	0.0	-3.08149E-33	1.0	0.0	0.08	0.08	1.77636E-15	1.0
					/*	6:child_number	*/	0
					/*	6:name	*/	3_5_base-1/3_5_0-1/3_5下垫粱上下两层连接螺栓阵列-10/下垫粱上下两层连接螺栓组合-7/M80螺栓-34
					/*	6:type	*/	基本器材\M80螺栓.SLDPRT
					/*	6:location	*/	1.0	0.0	0.0	0.0	0.0	1.0	4.62223E-32	0.0	0.0	-3.08149E-33	1.0	0.0	0.0	0.08	1.77636E-15	1.0
					/*	6:child_number	*/	0
					/*	6:name	*/	3_5_base-1/3_5_0-1/3_5下垫粱上下两层连接螺栓阵列-10/下垫粱上下两层连接螺栓组合-7/M80螺栓-35
					/*	6:type	*/	基本器材\M80螺栓.SLDPRT
					/*	6:location	*/	1.0	0.0	0.0	0.0	0.0	1.0	4.62223E-32	0.0	0.0	-3.08149E-33	1.0	0.0	0.08	4.44089E-16	1.77636E-15	1.0
					/*	6:child_number	*/	0
					/*	6:name	*/	3_5_base-1/3_5_0-1/3_5下垫粱上下两层连接螺栓阵列-10/下垫粱上下两层连接螺栓组合-7/六五墩螺母-1
					/*	6:type	*/	基本器材\六五墩螺母.SLDPRT
					/*	6:location	*/	0.844007	-0.536332	-1.38778E-17	0.0	1.44335E-16	2.0126E-16	1.0	0.0	-0.536332	-0.844007	2.47277E-16	0.0	0.0	0.08	0.041	1.0
					/*	6:child_number	*/	0
					/*	6:name	*/	3_5_base-1/3_5_0-1/3_5下垫粱上下两层连接螺栓阵列-10/下垫粱上下两层连接螺栓组合-7/六五墩螺母-2
					/*	6:type	*/	基本器材\六五墩螺母.SLDPRT
					/*	6:location	*/	0.844007	-0.536332	-1.38778E-17	0.0	1.44335E-16	2.0126E-16	1.0	0.0	-0.536332	-0.844007	2.47277E-16	0.0	0.0	0.0	0.041	1.0
					/*	6:child_number	*/	0
					/*	6:name	*/	3_5_base-1/3_5_0-1/3_5下垫粱上下两层连接螺栓阵列-10/下垫粱上下两层连接螺栓组合-7/六五墩螺母-3
					/*	6:type	*/	基本器材\六五墩螺母.SLDPRT
					/*	6:location	*/	0.844007	-0.536332	-1.38778E-17	0.0	1.44335E-16	2.0126E-16	1.0	0.0	-0.536332	-0.844007	2.47277E-16	0.0	0.08	0.08	0.041	1.0
					/*	6:child_number	*/	0
					/*	6:name	*/	3_5_base-1/3_5_0-1/3_5下垫粱上下两层连接螺栓阵列-10/下垫粱上下两层连接螺栓组合-7/六五墩螺母-4
					/*	6:type	*/	基本器材\六五墩螺母.SLDPRT
					/*	6:location	*/	0.844007	-0.536332	-1.38778E-17	0.0	1.44335E-16	2.0126E-16	1.0	0.0	-0.536332	-0.844007	2.47277E-16	0.0	0.08	4.44089E-16	0.041	1.0
					/*	6:child_number	*/	0
				/*	5:name	*/	3_5_base-1/3_5_0-1/3_5下垫粱上下两层连接螺栓阵列-10/下垫粱上下两层连接螺栓组合-8
				/*	5:type	*/	基本组合\下垫粱上下两层连接螺栓组合.SLDASM
				/*	5:location	*/	1.0	0.0	0.0	0.0	0.0	1.0	4.62223E-32	0.0	0.0	-3.08149E-33	1.0	0.0	-0.0468105	5.54519	-0.04	1.0
				/*	5:child_number	*/	8
					/*	6:name	*/	3_5_base-1/3_5_0-1/3_5下垫粱上下两层连接螺栓阵列-10/下垫粱上下两层连接螺栓组合-8/M80螺栓-32
					/*	6:type	*/	基本器材\M80螺栓.SLDPRT
					/*	6:location	*/	1.0	0.0	0.0	0.0	0.0	1.0	4.62223E-32	0.0	0.0	-3.08149E-33	1.0	0.0	0.0	0.0	1.77636E-15	1.0
					/*	6:child_number	*/	0
					/*	6:name	*/	3_5_base-1/3_5_0-1/3_5下垫粱上下两层连接螺栓阵列-10/下垫粱上下两层连接螺栓组合-8/M80螺栓-33
					/*	6:type	*/	基本器材\M80螺栓.SLDPRT
					/*	6:location	*/	1.0	0.0	0.0	0.0	0.0	1.0	4.62223E-32	0.0	0.0	-3.08149E-33	1.0	0.0	0.08	0.08	1.77636E-15	1.0
					/*	6:child_number	*/	0
					/*	6:name	*/	3_5_base-1/3_5_0-1/3_5下垫粱上下两层连接螺栓阵列-10/下垫粱上下两层连接螺栓组合-8/M80螺栓-34
					/*	6:type	*/	基本器材\M80螺栓.SLDPRT
					/*	6:location	*/	1.0	0.0	0.0	0.0	0.0	1.0	4.62223E-32	0.0	0.0	-3.08149E-33	1.0	0.0	0.0	0.08	1.77636E-15	1.0
					/*	6:child_number	*/	0
					/*	6:name	*/	3_5_base-1/3_5_0-1/3_5下垫粱上下两层连接螺栓阵列-10/下垫粱上下两层连接螺栓组合-8/M80螺栓-35
					/*	6:type	*/	基本器材\M80螺栓.SLDPRT
					/*	6:location	*/	1.0	0.0	0.0	0.0	0.0	1.0	4.62223E-32	0.0	0.0	-3.08149E-33	1.0	0.0	0.08	4.44089E-16	1.77636E-15	1.0
					/*	6:child_number	*/	0
					/*	6:name	*/	3_5_base-1/3_5_0-1/3_5下垫粱上下两层连接螺栓阵列-10/下垫粱上下两层连接螺栓组合-8/六五墩螺母-1
					/*	6:type	*/	基本器材\六五墩螺母.SLDPRT
					/*	6:location	*/	0.844007	-0.536332	-1.38778E-17	0.0	1.44335E-16	2.0126E-16	1.0	0.0	-0.536332	-0.844007	2.47277E-16	0.0	0.0	0.08	0.041	1.0
					/*	6:child_number	*/	0
					/*	6:name	*/	3_5_base-1/3_5_0-1/3_5下垫粱上下两层连接螺栓阵列-10/下垫粱上下两层连接螺栓组合-8/六五墩螺母-2
					/*	6:type	*/	基本器材\六五墩螺母.SLDPRT
					/*	6:location	*/	0.844007	-0.536332	-1.38778E-17	0.0	1.44335E-16	2.0126E-16	1.0	0.0	-0.536332	-0.844007	2.47277E-16	0.0	0.0	0.0	0.041	1.0
					/*	6:child_number	*/	0
