/*	1:name	*/	16.5米带1.5米和3米辅助端构架的标准三角六片梁
/*	1:type	*/	16.5米带1.5米和3米辅助端构架的标准三角六片梁.SLDASM
/*	1:location	*/	1.0	0.0	0.0	0.0	0.0	1.0	0.0	0.0	0.0	0.0	1.0	0.0	0.0	0.0	0.0	1.0
/*	1:child_number	*/	21
	/*	2:name	*/	六片三角上的一个钢枕及一号U型螺栓-1
	/*	2:type	*/	钢枕单元\六片三角上的一个钢枕及一号U型螺栓.SLDASM
	/*	2:location	*/	-3.46945E-17	6.07324E-17	-1.0	0.0	1.04653E-16	1.0	1.50117E-16	0.0	1.0	-4.93104E-17	0.0	0.0	-8.31903	-0.263605	0.261878	1.0
	/*	2:child_number	*/	9
		/*	3:name	*/	六片三角上的一个钢枕及一号U型螺栓-1/一号U型螺栓单元-10
		/*	3:type	*/	U型螺栓单元\一号U型螺栓单元.SLDASM
		/*	3:location	*/	0.696203	9.39041E-17	-0.717845	0.0	-0.717845	1.02183E-16	-0.696203	0.0	7.97513E-18	1.0	1.38549E-16	0.0	1.11116	1.55713	-0.164824	1.0
		/*	3:child_number	*/	4
			/*	4:name	*/	六片三角上的一个钢枕及一号U型螺栓-1/一号U型螺栓单元-10/一号U型螺栓-1
			/*	4:type	*/	基本杆件\一号U型螺栓.SLDPRT
			/*	4:location	*/	1.0	-1.11022E-16	1.2326E-32	0.0	5.55112E-17	1.0	1.84889E-32	0.0	0.0	1.2326E-32	1.0	0.0	0.0188503	-0.108956	-0.188	1.0
			/*	4:child_number	*/	0
			/*	4:name	*/	六片三角上的一个钢枕及一号U型螺栓-1/一号U型螺栓单元-10/一号U型螺栓垫片-1
			/*	4:type	*/	基本杆件\一号U型螺栓垫片.SLDPRT
			/*	4:location	*/	-5.55112E-17	-1.0	-3.08149E-32	0.0	1.0	-1.11022E-16	1.2326E-32	0.0	0.0	1.2326E-32	1.0	0.0	-0.0111497	0.0790441	0.143	1.0
			/*	4:child_number	*/	0
			/*	4:name	*/	六片三角上的一个钢枕及一号U型螺栓-1/一号U型螺栓单元-10/六四梁螺母-1
			/*	4:type	*/	基本杆件\六四梁螺母.SLDPRT
			/*	4:location	*/	1.0	-1.11022E-16	1.2326E-32	0.0	5.55112E-17	1.0	1.84889E-32	0.0	0.0	1.2326E-32	1.0	0.0	0.0188503	0.0490441	0.159	1.0
			/*	4:child_number	*/	0
			/*	4:name	*/	六片三角上的一个钢枕及一号U型螺栓-1/一号U型螺栓单元-10/六四梁螺母-2
			/*	4:type	*/	基本杆件\六四梁螺母.SLDPRT
			/*	4:location	*/	1.0	-1.11022E-16	1.2326E-32	0.0	5.55112E-17	1.0	1.84889E-32	0.0	0.0	1.2326E-32	1.0	0.0	0.0188503	-0.108956	0.159	1.0
			/*	4:child_number	*/	0
		/*	3:name	*/	六片三角上的一个钢枕及一号U型螺栓-1/一号U型螺栓单元-11
		/*	3:type	*/	U型螺栓单元\一号U型螺栓单元.SLDASM
		/*	3:location	*/	0.696203	1.68194E-16	-0.717845	0.0	-0.717845	3.30226E-16	-0.696203	0.0	2.09339E-16	1.0	2.95299E-16	0.0	-0.517417	1.55713	-0.164824	1.0
		/*	3:child_number	*/	4
			/*	4:name	*/	六片三角上的一个钢枕及一号U型螺栓-1/一号U型螺栓单元-11/一号U型螺栓-1
			/*	4:type	*/	基本杆件\一号U型螺栓.SLDPRT
			/*	4:location	*/	1.0	-1.11022E-16	-1.84889E-32	0.0	5.55112E-17	1.0	0.0	0.0	-7.39557E-32	1.2326E-32	1.0	0.0	0.0188503	-0.108956	-0.188	1.0
			/*	4:child_number	*/	0
			/*	4:name	*/	六片三角上的一个钢枕及一号U型螺栓-1/一号U型螺栓单元-11/一号U型螺栓垫片-1
			/*	4:type	*/	基本杆件\一号U型螺栓垫片.SLDPRT
			/*	4:location	*/	-5.55112E-17	-1.0	0.0	0.0	1.0	-1.11022E-16	-1.84889E-32	0.0	-7.39557E-32	1.2326E-32	1.0	0.0	-0.0111497	0.0790441	0.143	1.0
			/*	4:child_number	*/	0
			/*	4:name	*/	六片三角上的一个钢枕及一号U型螺栓-1/一号U型螺栓单元-11/六四梁螺母-1
			/*	4:type	*/	基本杆件\六四梁螺母.SLDPRT
			/*	4:location	*/	1.0	-1.11022E-16	-1.84889E-32	0.0	5.55112E-17	1.0	0.0	0.0	-7.39557E-32	1.2326E-32	1.0	0.0	0.0188503	0.0490441	0.159	1.0
			/*	4:child_number	*/	0
			/*	4:name	*/	六片三角上的一个钢枕及一号U型螺栓-1/一号U型螺栓单元-11/六四梁螺母-2
			/*	4:type	*/	基本杆件\六四梁螺母.SLDPRT
			/*	4:location	*/	1.0	-1.11022E-16	-1.84889E-32	0.0	5.55112E-17	1.0	0.0	0.0	-7.39557E-32	1.2326E-32	1.0	0.0	0.0188503	-0.108956	0.159	1.0
			/*	4:child_number	*/	0
		/*	3:name	*/	六片三角上的一个钢枕及一号U型螺栓-1/一号U型螺栓单元-12
		/*	3:type	*/	U型螺栓单元\一号U型螺栓单元.SLDASM
		/*	3:location	*/	0.696203	-1.09997E-15	0.717845	0.0	0.717845	1.73159E-15	-0.696203	0.0	-4.77211E-16	1.0	1.99515E-15	0.0	-0.0458297	1.55713	-0.191887	1.0
		/*	3:child_number	*/	4
			/*	4:name	*/	六片三角上的一个钢枕及一号U型螺栓-1/一号U型螺栓单元-12/一号U型螺栓-1
			/*	4:type	*/	基本杆件\一号U型螺栓.SLDPRT
			/*	4:location	*/	1.0	1.11022E-16	0.0	0.0	-1.11022E-16	1.0	9.86076E-32	0.0	4.93038E-32	0.0	1.0	0.0	0.0188503	-0.108956	-0.188	1.0
			/*	4:child_number	*/	0
			/*	4:name	*/	六片三角上的一个钢枕及一号U型螺栓-1/一号U型螺栓单元-12/一号U型螺栓垫片-1
			/*	4:type	*/	基本杆件\一号U型螺栓垫片.SLDPRT
			/*	4:location	*/	1.11022E-16	-1.0	-9.86076E-32	0.0	1.0	1.11022E-16	0.0	0.0	4.93038E-32	0.0	1.0	0.0	-0.0111497	0.0790441	0.143	1.0
			/*	4:child_number	*/	0
			/*	4:name	*/	六片三角上的一个钢枕及一号U型螺栓-1/一号U型螺栓单元-12/六四梁螺母-1
			/*	4:type	*/	基本杆件\六四梁螺母.SLDPRT
			/*	4:location	*/	1.0	1.11022E-16	0.0	0.0	-1.11022E-16	1.0	9.86076E-32	0.0	4.93038E-32	0.0	1.0	0.0	0.0188503	0.0490441	0.159	1.0
			/*	4:child_number	*/	0
			/*	4:name	*/	六片三角上的一个钢枕及一号U型螺栓-1/一号U型螺栓单元-12/六四梁螺母-2
			/*	4:type	*/	基本杆件\六四梁螺母.SLDPRT
			/*	4:location	*/	1.0	1.11022E-16	0.0	0.0	-1.11022E-16	1.0	9.86076E-32	0.0	4.93038E-32	0.0	1.0	0.0	0.0188503	-0.108956	0.159	1.0
			/*	4:child_number	*/	0
		/*	3:name	*/	六片三角上的一个钢枕及一号U型螺栓-1/一号U型螺栓单元-13
		/*	3:type	*/	U型螺栓单元\一号U型螺栓单元.SLDASM
		/*	3:location	*/	0.696203	-2.4527E-16	0.717845	0.0	0.717845	1.76651E-16	-0.696203	0.0	4.39493E-17	1.0	2.99051E-16	0.0	0.12559	1.55713	-0.191887	1.0
		/*	3:child_number	*/	4
			/*	4:name	*/	六片三角上的一个钢枕及一号U型螺栓-1/一号U型螺栓单元-13/一号U型螺栓-1
			/*	4:type	*/	基本杆件\一号U型螺栓.SLDPRT
			/*	4:location	*/	1.0	0.0	-2.92741E-32	0.0	1.66533E-16	1.0	4.93038E-32	0.0	-1.2326E-32	-3.69779E-32	1.0	0.0	0.0188503	-0.108956	-0.188	1.0
			/*	4:child_number	*/	0
			/*	4:name	*/	六片三角上的一个钢枕及一号U型螺栓-1/一号U型螺栓单元-13/一号U型螺栓垫片-1
			/*	4:type	*/	基本杆件\一号U型螺栓垫片.SLDPRT
			/*	4:location	*/	-1.66533E-16	-1.0	-4.93038E-32	0.0	1.0	0.0	-2.92741E-32	0.0	-1.2326E-32	-3.69779E-32	1.0	0.0	-0.0111497	0.0790441	0.143	1.0
			/*	4:child_number	*/	0
			/*	4:name	*/	六片三角上的一个钢枕及一号U型螺栓-1/一号U型螺栓单元-13/六四梁螺母-1
			/*	4:type	*/	基本杆件\六四梁螺母.SLDPRT
			/*	4:location	*/	1.0	0.0	-2.92741E-32	0.0	1.66533E-16	1.0	4.93038E-32	0.0	-1.2326E-32	-3.69779E-32	1.0	0.0	0.0188503	0.0490441	0.159	1.0
			/*	4:child_number	*/	0
			/*	4:name	*/	六片三角上的一个钢枕及一号U型螺栓-1/一号U型螺栓单元-13/六四梁螺母-2
			/*	4:type	*/	基本杆件\六四梁螺母.SLDPRT
			/*	4:location	*/	1.0	0.0	-2.92741E-32	0.0	1.66533E-16	1.0	4.93038E-32	0.0	-1.2326E-32	-3.69779E-32	1.0	0.0	0.0188503	-0.108956	0.159	1.0
			/*	4:child_number	*/	0
		/*	3:name	*/	六片三角上的一个钢枕及一号U型螺栓-1/一号U型螺栓单元-14
		/*	3:type	*/	U型螺栓单元\一号U型螺栓单元.SLDASM
		/*	3:location	*/	0.696203	-3.0268E-16	0.717845	0.0	0.717845	1.72407E-16	-0.696203	0.0	9.75782E-17	1.0	2.77556E-16	0.0	2.35417	1.55713	-0.191887	1.0
		/*	3:child_number	*/	4
			/*	4:name	*/	六片三角上的一个钢枕及一号U型螺栓-1/一号U型螺栓单元-14/一号U型螺栓-1
			/*	4:type	*/	基本杆件\一号U型螺栓.SLDPRT
			/*	4:location	*/	1.0	5.55112E-17	9.24446E-33	0.0	-1.66533E-16	1.0	2.46519E-32	0.0	1.04771E-31	3.69779E-32	1.0	0.0	0.0188503	-0.108956	-0.188	1.0
			/*	4:child_number	*/	0
			/*	4:name	*/	六片三角上的一个钢枕及一号U型螺栓-1/一号U型螺栓单元-14/一号U型螺栓垫片-1
			/*	4:type	*/	基本杆件\一号U型螺栓垫片.SLDPRT
			/*	4:location	*/	1.66533E-16	-1.0	-2.46519E-32	0.0	1.0	5.55112E-17	9.24446E-33	0.0	1.04771E-31	3.69779E-32	1.0	0.0	-0.0111497	0.0790441	0.143	1.0
			/*	4:child_number	*/	0
			/*	4:name	*/	六片三角上的一个钢枕及一号U型螺栓-1/一号U型螺栓单元-14/六四梁螺母-1
			/*	4:type	*/	基本杆件\六四梁螺母.SLDPRT
			/*	4:location	*/	1.0	5.55112E-17	9.24446E-33	0.0	-1.66533E-16	1.0	2.46519E-32	0.0	1.04771E-31	3.69779E-32	1.0	0.0	0.0188503	0.0490441	0.159	1.0
			/*	4:child_number	*/	0
			/*	4:name	*/	六片三角上的一个钢枕及一号U型螺栓-1/一号U型螺栓单元-14/六四梁螺母-2
			/*	4:type	*/	基本杆件\六四梁螺母.SLDPRT
			/*	4:location	*/	1.0	5.55112E-17	9.24446E-33	0.0	-1.66533E-16	1.0	2.46519E-32	0.0	1.04771E-31	3.69779E-32	1.0	0.0	0.0188503	-0.108956	0.159	1.0
			/*	4:child_number	*/	0
		/*	3:name	*/	六片三角上的一个钢枕及一号U型螺栓-1/一号U型螺栓单元-15
		/*	3:type	*/	U型螺栓单元\一号U型螺栓单元.SLDASM
		/*	3:location	*/	0.696203	-2.83138E-16	0.717845	0.0	0.717845	1.70875E-16	-0.696203	0.0	1.63844E-16	1.0	2.66871E-16	0.0	2.52559	1.55713	-0.191887	1.0
		/*	3:child_number	*/	4
			/*	4:name	*/	六片三角上的一个钢枕及一号U型螺栓-1/一号U型螺栓单元-15/一号U型螺栓-1
			/*	4:type	*/	基本杆件\一号U型螺栓.SLDPRT
			/*	4:location	*/	1.0	0.0	-1.07852E-32	0.0	-5.55112E-17	1.0	1.2326E-32	0.0	3.08149E-32	1.54074E-33	1.0	0.0	0.0188503	-0.108956	-0.188	1.0
			/*	4:child_number	*/	0
			/*	4:name	*/	六片三角上的一个钢枕及一号U型螺栓-1/一号U型螺栓单元-15/一号U型螺栓垫片-1
			/*	4:type	*/	基本杆件\一号U型螺栓垫片.SLDPRT
			/*	4:location	*/	5.55112E-17	-1.0	-1.2326E-32	0.0	1.0	0.0	-1.07852E-32	0.0	3.08149E-32	1.54074E-33	1.0	0.0	-0.0111497	0.0790441	0.143	1.0
			/*	4:child_number	*/	0
			/*	4:name	*/	六片三角上的一个钢枕及一号U型螺栓-1/一号U型螺栓单元-15/六四梁螺母-1
			/*	4:type	*/	基本杆件\六四梁螺母.SLDPRT
			/*	4:location	*/	1.0	0.0	-1.07852E-32	0.0	-5.55112E-17	1.0	1.2326E-32	0.0	3.08149E-32	1.54074E-33	1.0	0.0	0.0188503	0.0490441	0.159	1.0
			/*	4:child_number	*/	0
			/*	4:name	*/	六片三角上的一个钢枕及一号U型螺栓-1/一号U型螺栓单元-15/六四梁螺母-2
			/*	4:type	*/	基本杆件\六四梁螺母.SLDPRT
			/*	4:location	*/	1.0	0.0	-1.07852E-32	0.0	-5.55112E-17	1.0	1.2326E-32	0.0	3.08149E-32	1.54074E-33	1.0	0.0	0.0188503	-0.108956	0.159	1.0
			/*	4:child_number	*/	0
		/*	3:name	*/	六片三角上的一个钢枕及一号U型螺栓-1/一号U型螺栓单元-8
		/*	3:type	*/	U型螺栓单元\一号U型螺栓单元.SLDASM
		/*	3:location	*/	0.696203	2.00554E-16	-0.717845	0.0	-0.717845	2.30202E-16	-0.696203	0.0	2.56233E-17	1.0	3.04234E-16	0.0	2.91116	1.55713	-0.164824	1.0
		/*	3:child_number	*/	4
			/*	4:name	*/	六片三角上的一个钢枕及一号U型螺栓-1/一号U型螺栓单元-8/一号U型螺栓-1
			/*	4:type	*/	基本杆件\一号U型螺栓.SLDPRT
			/*	4:location	*/	1.0	-1.11022E-16	6.16298E-33	0.0	0.0	1.0	-2.46519E-32	0.0	-7.39557E-32	0.0	1.0	0.0	0.0188503	-0.108956	-0.188	1.0
			/*	4:child_number	*/	0
			/*	4:name	*/	六片三角上的一个钢枕及一号U型螺栓-1/一号U型螺栓单元-8/一号U型螺栓垫片-1
			/*	4:type	*/	基本杆件\一号U型螺栓垫片.SLDPRT
			/*	4:location	*/	0.0	-1.0	2.46519E-32	0.0	1.0	-1.11022E-16	6.16298E-33	0.0	-7.39557E-32	0.0	1.0	0.0	-0.0111497	0.0790441	0.143	1.0
			/*	4:child_number	*/	0
			/*	4:name	*/	六片三角上的一个钢枕及一号U型螺栓-1/一号U型螺栓单元-8/六四梁螺母-1
			/*	4:type	*/	基本杆件\六四梁螺母.SLDPRT
			/*	4:location	*/	1.0	-1.11022E-16	6.16298E-33	0.0	0.0	1.0	-2.46519E-32	0.0	-7.39557E-32	0.0	1.0	0.0	0.0188503	0.0490441	0.159	1.0
			/*	4:child_number	*/	0
			/*	4:name	*/	六片三角上的一个钢枕及一号U型螺栓-1/一号U型螺栓单元-8/六四梁螺母-2
			/*	4:type	*/	基本杆件\六四梁螺母.SLDPRT
			/*	4:location	*/	1.0	-1.11022E-16	6.16298E-33	0.0	0.0	1.0	-2.46519E-32	0.0	-7.39557E-32	0.0	1.0	0.0	0.0188503	-0.108956	0.159	1.0
			/*	4:child_number	*/	0
		/*	3:name	*/	六片三角上的一个钢枕及一号U型螺栓-1/一号U型螺栓单元-9
		/*	3:type	*/	U型螺栓单元\一号U型螺栓单元.SLDASM
		/*	3:location	*/	0.696203	3.62259E-16	-0.717845	0.0	-0.717845	3.12097E-16	-0.696203	0.0	-2.81682E-17	1.0	4.77329E-16	0.0	1.28258	1.55713	-0.164824	1.0
		/*	3:child_number	*/	4
			/*	4:name	*/	六片三角上的一个钢枕及一号U型螺栓-1/一号U型螺栓单元-9/一号U型螺栓-1
			/*	4:type	*/	基本杆件\一号U型螺栓.SLDPRT
			/*	4:location	*/	1.0	0.0	2.46519E-32	0.0	-1.66533E-16	1.0	-3.69779E-32	0.0	0.0	2.46519E-32	1.0	0.0	0.0188503	-0.108956	-0.188	1.0
			/*	4:child_number	*/	0
			/*	4:name	*/	六片三角上的一个钢枕及一号U型螺栓-1/一号U型螺栓单元-9/一号U型螺栓垫片-1
			/*	4:type	*/	基本杆件\一号U型螺栓垫片.SLDPRT
			/*	4:location	*/	1.66533E-16	-1.0	3.69779E-32	0.0	1.0	0.0	2.46519E-32	0.0	0.0	2.46519E-32	1.0	0.0	-0.0111497	0.0790441	0.143	1.0
			/*	4:child_number	*/	0
			/*	4:name	*/	六片三角上的一个钢枕及一号U型螺栓-1/一号U型螺栓单元-9/六四梁螺母-1
			/*	4:type	*/	基本杆件\六四梁螺母.SLDPRT
			/*	4:location	*/	1.0	0.0	2.46519E-32	0.0	-1.66533E-16	1.0	-3.69779E-32	0.0	0.0	2.46519E-32	1.0	0.0	0.0188503	0.0490441	0.159	1.0
			/*	4:child_number	*/	0
			/*	4:name	*/	六片三角上的一个钢枕及一号U型螺栓-1/一号U型螺栓单元-9/六四梁螺母-2
			/*	4:type	*/	基本杆件\六四梁螺母.SLDPRT
			/*	4:location	*/	1.0	0.0	2.46519E-32	0.0	-1.66533E-16	1.0	-3.69779E-32	0.0	0.0	2.46519E-32	1.0	0.0	0.0188503	-0.108956	0.159	1.0
			/*	4:child_number	*/	0
		/*	3:name	*/	六片三角上的一个钢枕及一号U型螺栓-1/钢枕-1
		/*	3:type	*/	基本杆件\钢枕.SLDPRT
		/*	3:location	*/	1.11022E-16	1.1672E-17	-1.0	0.0	7.67615E-17	1.0	-4.36705E-17	0.0	1.0	1.26232E-17	1.45717E-16	0.0	-0.9185	1.54013	-0.1135	1.0
		/*	3:child_number	*/	0
	/*	2:name	*/	六片三角上的一个钢枕及一号U型螺栓-10
	/*	2:type	*/	钢枕单元\六片三角上的一个钢枕及一号U型螺栓.SLDASM
	/*	2:location	*/	-2.77556E-17	1.9331E-16	-1.0	0.0	-2.89659E-16	1.0	1.9331E-16	0.0	1.0	2.89659E-16	-2.77556E-17	0.0	-9.20703	-0.263605	0.261878	1.0
	/*	2:child_number	*/	9
		/*	3:name	*/	六片三角上的一个钢枕及一号U型螺栓-10/一号U型螺栓单元-10
		/*	3:type	*/	U型螺栓单元\一号U型螺栓单元.SLDASM
		/*	3:location	*/	0.696203	9.39041E-17	-0.717845	0.0	-0.717845	1.02183E-16	-0.696203	0.0	7.97513E-18	1.0	1.38549E-16	0.0	1.11116	1.55713	-0.164824	1.0
		/*	3:child_number	*/	4
			/*	4:name	*/	六片三角上的一个钢枕及一号U型螺栓-10/一号U型螺栓单元-10/一号U型螺栓-1
			/*	4:type	*/	基本杆件\一号U型螺栓.SLDPRT
			/*	4:location	*/	1.0	0.0	2.46519E-32	0.0	5.55112E-17	1.0	2.46519E-32	0.0	0.0	4.93038E-32	1.0	0.0	0.0188503	-0.108956	-0.188	1.0
			/*	4:child_number	*/	0
			/*	4:name	*/	六片三角上的一个钢枕及一号U型螺栓-10/一号U型螺栓单元-10/一号U型螺栓垫片-1
			/*	4:type	*/	基本杆件\一号U型螺栓垫片.SLDPRT
			/*	4:location	*/	-5.55112E-17	-1.0	-2.46519E-32	0.0	1.0	0.0	2.46519E-32	0.0	0.0	4.93038E-32	1.0	0.0	-0.0111497	0.0790441	0.143	1.0
			/*	4:child_number	*/	0
			/*	4:name	*/	六片三角上的一个钢枕及一号U型螺栓-10/一号U型螺栓单元-10/六四梁螺母-1
			/*	4:type	*/	基本杆件\六四梁螺母.SLDPRT
			/*	4:location	*/	1.0	0.0	2.46519E-32	0.0	5.55112E-17	1.0	2.46519E-32	0.0	0.0	4.93038E-32	1.0	0.0	0.0188503	0.0490441	0.159	1.0
			/*	4:child_number	*/	0
			/*	4:name	*/	六片三角上的一个钢枕及一号U型螺栓-10/一号U型螺栓单元-10/六四梁螺母-2
			/*	4:type	*/	基本杆件\六四梁螺母.SLDPRT
			/*	4:location	*/	1.0	0.0	2.46519E-32	0.0	5.55112E-17	1.0	2.46519E-32	0.0	0.0	4.93038E-32	1.0	0.0	0.0188503	-0.108956	0.159	1.0
			/*	4:child_number	*/	0
		/*	3:name	*/	六片三角上的一个钢枕及一号U型螺栓-10/一号U型螺栓单元-11
		/*	3:type	*/	U型螺栓单元\一号U型螺栓单元.SLDASM
		/*	3:location	*/	0.696203	1.68194E-16	-0.717845	0.0	-0.717845	3.30226E-16	-0.696203	0.0	1.19954E-16	1.0	3.50642E-16	0.0	-0.517417	1.55713	-0.164824	1.0
		/*	3:child_number	*/	4
			/*	4:name	*/	六片三角上的一个钢枕及一号U型螺栓-10/一号U型螺栓单元-11/一号U型螺栓-1
			/*	4:type	*/	基本杆件\一号U型螺栓.SLDPRT
			/*	4:location	*/	1.0	0.0	6.16298E-33	0.0	0.0	1.0	6.16298E-33	0.0	0.0	-6.16298E-33	1.0	0.0	0.0188503	-0.108956	-0.188	1.0
			/*	4:child_number	*/	0
			/*	4:name	*/	六片三角上的一个钢枕及一号U型螺栓-10/一号U型螺栓单元-11/一号U型螺栓垫片-1
			/*	4:type	*/	基本杆件\一号U型螺栓垫片.SLDPRT
			/*	4:location	*/	0.0	-1.0	-1.2326E-32	0.0	1.0	0.0	6.16298E-33	0.0	0.0	-6.16298E-33	1.0	0.0	-0.0111497	0.0790441	0.143	1.0
			/*	4:child_number	*/	0
			/*	4:name	*/	六片三角上的一个钢枕及一号U型螺栓-10/一号U型螺栓单元-11/六四梁螺母-1
			/*	4:type	*/	基本杆件\六四梁螺母.SLDPRT
			/*	4:location	*/	1.0	0.0	6.16298E-33	0.0	0.0	1.0	6.16298E-33	0.0	0.0	-6.16298E-33	1.0	0.0	0.0188503	0.0490441	0.159	1.0
			/*	4:child_number	*/	0
			/*	4:name	*/	六片三角上的一个钢枕及一号U型螺栓-10/一号U型螺栓单元-11/六四梁螺母-2
			/*	4:type	*/	基本杆件\六四梁螺母.SLDPRT
			/*	4:location	*/	1.0	0.0	6.16298E-33	0.0	0.0	1.0	6.16298E-33	0.0	0.0	-6.16298E-33	1.0	0.0	0.0188503	-0.108956	0.159	1.0
			/*	4:child_number	*/	0
		/*	3:name	*/	六片三角上的一个钢枕及一号U型螺栓-10/一号U型螺栓单元-12
		/*	3:type	*/	U型螺栓单元\一号U型螺栓单元.SLDASM
		/*	3:location	*/	0.696203	-1.09997E-15	0.717845	0.0	0.717845	1.73159E-15	-0.696203	0.0	-4.77211E-16	1.0	1.99515E-15	0.0	-0.0458297	1.55713	-0.191887	1.0
		/*	3:child_number	*/	4
			/*	4:name	*/	六片三角上的一个钢枕及一号U型螺栓-10/一号U型螺栓单元-12/一号U型螺栓-1
			/*	4:type	*/	基本杆件\一号U型螺栓.SLDPRT
			/*	4:location	*/	1.0	0.0	0.0	0.0	-1.11022E-16	1.0	9.86076E-32	0.0	9.86076E-32	-9.86076E-32	1.0	0.0	0.0188503	-0.108956	-0.188	1.0
			/*	4:child_number	*/	0
			/*	4:name	*/	六片三角上的一个钢枕及一号U型螺栓-10/一号U型螺栓单元-12/一号U型螺栓垫片-1
			/*	4:type	*/	基本杆件\一号U型螺栓垫片.SLDPRT
			/*	4:location	*/	1.11022E-16	-1.0	-9.86076E-32	0.0	1.0	0.0	-9.86076E-32	0.0	9.86076E-32	-9.86076E-32	1.0	0.0	-0.0111497	0.0790441	0.143	1.0
			/*	4:child_number	*/	0
			/*	4:name	*/	六片三角上的一个钢枕及一号U型螺栓-10/一号U型螺栓单元-12/六四梁螺母-1
			/*	4:type	*/	基本杆件\六四梁螺母.SLDPRT
			/*	4:location	*/	1.0	0.0	0.0	0.0	-1.11022E-16	1.0	9.86076E-32	0.0	9.86076E-32	-9.86076E-32	1.0	0.0	0.0188503	0.0490441	0.159	1.0
			/*	4:child_number	*/	0
			/*	4:name	*/	六片三角上的一个钢枕及一号U型螺栓-10/一号U型螺栓单元-12/六四梁螺母-2
			/*	4:type	*/	基本杆件\六四梁螺母.SLDPRT
			/*	4:location	*/	1.0	0.0	0.0	0.0	-1.11022E-16	1.0	9.86076E-32	0.0	9.86076E-32	-9.86076E-32	1.0	0.0	0.0188503	-0.108956	0.159	1.0
			/*	4:child_number	*/	0
		/*	3:name	*/	六片三角上的一个钢枕及一号U型螺栓-10/一号U型螺栓单元-13
		/*	3:type	*/	U型螺栓单元\一号U型螺栓单元.SLDASM
		/*	3:location	*/	0.696203	-2.4527E-16	0.717845	0.0	0.717845	1.76651E-16	-0.696203	0.0	4.39493E-17	1.0	2.99051E-16	0.0	0.12559	1.55713	-0.191887	1.0
		/*	3:child_number	*/	4
			/*	4:name	*/	六片三角上的一个钢枕及一号U型螺栓-10/一号U型螺栓单元-13/一号U型螺栓-1
			/*	4:type	*/	基本杆件\一号U型螺栓.SLDPRT
			/*	4:location	*/	1.0	0.0	0.0	0.0	0.0	1.0	-2.46519E-32	0.0	-1.2326E-32	-1.2326E-32	1.0	0.0	0.0188503	-0.108956	-0.188	1.0
			/*	4:child_number	*/	0
			/*	4:name	*/	六片三角上的一个钢枕及一号U型螺栓-10/一号U型螺栓单元-13/一号U型螺栓垫片-1
			/*	4:type	*/	基本杆件\一号U型螺栓垫片.SLDPRT
			/*	4:location	*/	0.0	-1.0	2.46519E-32	0.0	1.0	0.0	0.0	0.0	-1.2326E-32	-1.2326E-32	1.0	0.0	-0.0111497	0.0790441	0.143	1.0
			/*	4:child_number	*/	0
			/*	4:name	*/	六片三角上的一个钢枕及一号U型螺栓-10/一号U型螺栓单元-13/六四梁螺母-1
			/*	4:type	*/	基本杆件\六四梁螺母.SLDPRT
			/*	4:location	*/	1.0	0.0	0.0	0.0	0.0	1.0	-2.46519E-32	0.0	-1.2326E-32	-1.2326E-32	1.0	0.0	0.0188503	0.0490441	0.159	1.0
			/*	4:child_number	*/	0
			/*	4:name	*/	六片三角上的一个钢枕及一号U型螺栓-10/一号U型螺栓单元-13/六四梁螺母-2
			/*	4:type	*/	基本杆件\六四梁螺母.SLDPRT
			/*	4:location	*/	1.0	0.0	0.0	0.0	0.0	1.0	-2.46519E-32	0.0	-1.2326E-32	-1.2326E-32	1.0	0.0	0.0188503	-0.108956	0.159	1.0
			/*	4:child_number	*/	0
		/*	3:name	*/	六片三角上的一个钢枕及一号U型螺栓-10/一号U型螺栓单元-14
		/*	3:type	*/	U型螺栓单元\一号U型螺栓单元.SLDASM
		/*	3:location	*/	0.696203	-3.0268E-16	0.717845	0.0	0.717845	1.72407E-16	-0.696203	0.0	9.75782E-17	1.0	2.77556E-16	0.0	2.35417	1.55713	-0.191887	1.0
		/*	3:child_number	*/	4
			/*	4:name	*/	六片三角上的一个钢枕及一号U型螺栓-10/一号U型螺栓单元-14/一号U型螺栓-1
			/*	4:type	*/	基本杆件\一号U型螺栓.SLDPRT
			/*	4:location	*/	1.0	0.0	0.0	0.0	-1.66533E-16	1.0	0.0	0.0	0.0	0.0	1.0	0.0	0.0188503	-0.108956	-0.188	1.0
			/*	4:child_number	*/	0
			/*	4:name	*/	六片三角上的一个钢枕及一号U型螺栓-10/一号U型螺栓单元-14/一号U型螺栓垫片-1
			/*	4:type	*/	基本杆件\一号U型螺栓垫片.SLDPRT
			/*	4:location	*/	1.66533E-16	-1.0	0.0	0.0	1.0	0.0	-1.2326E-32	0.0	0.0	0.0	1.0	0.0	-0.0111497	0.0790441	0.143	1.0
			/*	4:child_number	*/	0
			/*	4:name	*/	六片三角上的一个钢枕及一号U型螺栓-10/一号U型螺栓单元-14/六四梁螺母-1
			/*	4:type	*/	基本杆件\六四梁螺母.SLDPRT
			/*	4:location	*/	1.0	0.0	0.0	0.0	-1.66533E-16	1.0	0.0	0.0	0.0	0.0	1.0	0.0	0.0188503	0.0490441	0.159	1.0
			/*	4:child_number	*/	0
			/*	4:name	*/	六片三角上的一个钢枕及一号U型螺栓-10/一号U型螺栓单元-14/六四梁螺母-2
			/*	4:type	*/	基本杆件\六四梁螺母.SLDPRT
			/*	4:location	*/	1.0	0.0	0.0	0.0	-1.66533E-16	1.0	0.0	0.0	0.0	0.0	1.0	0.0	0.0188503	-0.108956	0.159	1.0
			/*	4:child_number	*/	0
		/*	3:name	*/	六片三角上的一个钢枕及一号U型螺栓-10/一号U型螺栓单元-15
		/*	3:type	*/	U型螺栓单元\一号U型螺栓单元.SLDASM
		/*	3:location	*/	0.696203	-2.83138E-16	0.717845	0.0	0.717845	1.70875E-16	-0.696203	0.0	7.44594E-17	1.0	3.22213E-16	0.0	2.52559	1.55713	-0.191887	1.0
		/*	3:child_number	*/	4
			/*	4:name	*/	六片三角上的一个钢枕及一号U型螺栓-10/一号U型螺栓单元-15/一号U型螺栓-1
			/*	4:type	*/	基本杆件\一号U型螺栓.SLDPRT
			/*	4:location	*/	1.0	5.55112E-17	1.2326E-32	0.0	0.0	1.0	-1.2326E-32	0.0	0.0	1.2326E-32	1.0	0.0	0.0188503	-0.108956	-0.188	1.0
			/*	4:child_number	*/	0
			/*	4:name	*/	六片三角上的一个钢枕及一号U型螺栓-10/一号U型螺栓单元-15/一号U型螺栓垫片-1
			/*	4:type	*/	基本杆件\一号U型螺栓垫片.SLDPRT
			/*	4:location	*/	0.0	-1.0	1.2326E-32	0.0	1.0	5.55112E-17	1.2326E-32	0.0	0.0	1.2326E-32	1.0	0.0	-0.0111497	0.0790441	0.143	1.0
			/*	4:child_number	*/	0
			/*	4:name	*/	六片三角上的一个钢枕及一号U型螺栓-10/一号U型螺栓单元-15/六四梁螺母-1
			/*	4:type	*/	基本杆件\六四梁螺母.SLDPRT
			/*	4:location	*/	1.0	5.55112E-17	1.2326E-32	0.0	0.0	1.0	-1.2326E-32	0.0	0.0	1.2326E-32	1.0	0.0	0.0188503	0.0490441	0.159	1.0
			/*	4:child_number	*/	0
			/*	4:name	*/	六片三角上的一个钢枕及一号U型螺栓-10/一号U型螺栓单元-15/六四梁螺母-2
			/*	4:type	*/	基本杆件\六四梁螺母.SLDPRT
			/*	4:location	*/	1.0	5.55112E-17	1.2326E-32	0.0	0.0	1.0	-1.2326E-32	0.0	0.0	1.2326E-32	1.0	0.0	0.0188503	-0.108956	0.159	1.0
			/*	4:child_number	*/	0
		/*	3:name	*/	六片三角上的一个钢枕及一号U型螺栓-10/一号U型螺栓单元-8
		/*	3:type	*/	U型螺栓单元\一号U型螺栓单元.SLDASM
		/*	3:location	*/	0.696203	2.00554E-16	-0.717845	0.0	-0.717845	2.30202E-16	-0.696203	0.0	2.56233E-17	1.0	3.04234E-16	0.0	2.91116	1.55713	-0.164824	1.0
		/*	3:child_number	*/	4
			/*	4:name	*/	六片三角上的一个钢枕及一号U型螺栓-10/一号U型螺栓单元-8/一号U型螺栓-1
			/*	4:type	*/	基本杆件\一号U型螺栓.SLDPRT
			/*	4:location	*/	1.0	0.0	0.0	0.0	0.0	1.0	2.46519E-32	0.0	0.0	0.0	1.0	0.0	0.0188503	-0.108956	-0.188	1.0
			/*	4:child_number	*/	0
			/*	4:name	*/	六片三角上的一个钢枕及一号U型螺栓-10/一号U型螺栓单元-8/一号U型螺栓垫片-1
			/*	4:type	*/	基本杆件\一号U型螺栓垫片.SLDPRT
			/*	4:location	*/	0.0	-1.0	-2.46519E-32	0.0	1.0	0.0	0.0	0.0	0.0	0.0	1.0	0.0	-0.0111497	0.0790441	0.143	1.0
			/*	4:child_number	*/	0
			/*	4:name	*/	六片三角上的一个钢枕及一号U型螺栓-10/一号U型螺栓单元-8/六四梁螺母-1
			/*	4:type	*/	基本杆件\六四梁螺母.SLDPRT
			/*	4:location	*/	1.0	0.0	0.0	0.0	0.0	1.0	2.46519E-32	0.0	0.0	0.0	1.0	0.0	0.0188503	0.0490441	0.159	1.0
			/*	4:child_number	*/	0
			/*	4:name	*/	六片三角上的一个钢枕及一号U型螺栓-10/一号U型螺栓单元-8/六四梁螺母-2
			/*	4:type	*/	基本杆件\六四梁螺母.SLDPRT
			/*	4:location	*/	1.0	0.0	0.0	0.0	0.0	1.0	2.46519E-32	0.0	0.0	0.0	1.0	0.0	0.0188503	-0.108956	0.159	1.0
			/*	4:child_number	*/	0
		/*	3:name	*/	六片三角上的一个钢枕及一号U型螺栓-10/一号U型螺栓单元-9
		/*	3:type	*/	U型螺栓单元\一号U型螺栓单元.SLDASM
		/*	3:location	*/	0.696203	3.62259E-16	-0.717845	0.0	-0.717845	3.12097E-16	-0.696203	0.0	-2.81682E-17	1.0	4.77329E-16	0.0	1.28258	1.55713	-0.164824	1.0
		/*	3:child_number	*/	4
			/*	4:name	*/	六片三角上的一个钢枕及一号U型螺栓-10/一号U型螺栓单元-9/一号U型螺栓-1
			/*	4:type	*/	基本杆件\一号U型螺栓.SLDPRT
			/*	4:location	*/	1.0	0.0	0.0	0.0	0.0	1.0	4.93038E-32	0.0	-2.46519E-32	0.0	1.0	0.0	0.0188503	-0.108956	-0.188	1.0
			/*	4:child_number	*/	0
			/*	4:name	*/	六片三角上的一个钢枕及一号U型螺栓-10/一号U型螺栓单元-9/一号U型螺栓垫片-1
			/*	4:type	*/	基本杆件\一号U型螺栓垫片.SLDPRT
			/*	4:location	*/	0.0	-1.0	-4.93038E-32	0.0	1.0	0.0	0.0	0.0	-2.46519E-32	0.0	1.0	0.0	-0.0111497	0.0790441	0.143	1.0
			/*	4:child_number	*/	0
			/*	4:name	*/	六片三角上的一个钢枕及一号U型螺栓-10/一号U型螺栓单元-9/六四梁螺母-1
			/*	4:type	*/	基本杆件\六四梁螺母.SLDPRT
			/*	4:location	*/	1.0	0.0	0.0	0.0	0.0	1.0	4.93038E-32	0.0	-2.46519E-32	0.0	1.0	0.0	0.0188503	0.0490441	0.159	1.0
			/*	4:child_number	*/	0
			/*	4:name	*/	六片三角上的一个钢枕及一号U型螺栓-10/一号U型螺栓单元-9/六四梁螺母-2
			/*	4:type	*/	基本杆件\六四梁螺母.SLDPRT
			/*	4:location	*/	1.0	0.0	0.0	0.0	0.0	1.0	4.93038E-32	0.0	-2.46519E-32	0.0	1.0	0.0	0.0188503	-0.108956	0.159	1.0
			/*	4:child_number	*/	0
		/*	3:name	*/	六片三角上的一个钢枕及一号U型螺栓-10/钢枕-1
		/*	3:type	*/	基本杆件\钢枕.SLDPRT
		/*	3:location	*/	1.11022E-16	1.1672E-17	-1.0	0.0	7.67615E-17	1.0	-3.23486E-33	0.0	1.0	-2.51935E-17	0.0	0.0	-0.9185	1.54013	-0.1135	1.0
		/*	3:child_number	*/	0
	/*	2:name	*/	六片三角上的一个钢枕及一号U型螺栓-11
	/*	2:type	*/	钢枕单元\六片三角上的一个钢枕及一号U型螺栓.SLDASM
	/*	2:location	*/	-2.77556E-17	1.9331E-16	-1.0	0.0	-2.89659E-16	1.0	1.9331E-16	0.0	1.0	2.89659E-16	-2.77556E-17	0.0	-8.67703	-0.263605	0.261878	1.0
	/*	2:child_number	*/	9
		/*	3:name	*/	六片三角上的一个钢枕及一号U型螺栓-11/一号U型螺栓单元-10
		/*	3:type	*/	U型螺栓单元\一号U型螺栓单元.SLDASM
		/*	3:location	*/	0.696203	9.39041E-17	-0.717845	0.0	-0.717845	1.02183E-16	-0.696203	0.0	7.97513E-18	1.0	1.38549E-16	0.0	1.11116	1.55713	-0.164824	1.0
		/*	3:child_number	*/	4
			/*	4:name	*/	六片三角上的一个钢枕及一号U型螺栓-11/一号U型螺栓单元-10/一号U型螺栓-1
			/*	4:type	*/	基本杆件\一号U型螺栓.SLDPRT
			/*	4:location	*/	1.0	0.0	2.46519E-32	0.0	5.55112E-17	1.0	2.46519E-32	0.0	0.0	4.93038E-32	1.0	0.0	0.0188503	-0.108956	-0.188	1.0
			/*	4:child_number	*/	0
			/*	4:name	*/	六片三角上的一个钢枕及一号U型螺栓-11/一号U型螺栓单元-10/一号U型螺栓垫片-1
			/*	4:type	*/	基本杆件\一号U型螺栓垫片.SLDPRT
			/*	4:location	*/	-5.55112E-17	-1.0	-2.46519E-32	0.0	1.0	0.0	2.46519E-32	0.0	0.0	4.93038E-32	1.0	0.0	-0.0111497	0.0790441	0.143	1.0
			/*	4:child_number	*/	0
			/*	4:name	*/	六片三角上的一个钢枕及一号U型螺栓-11/一号U型螺栓单元-10/六四梁螺母-1
			/*	4:type	*/	基本杆件\六四梁螺母.SLDPRT
			/*	4:location	*/	1.0	0.0	2.46519E-32	0.0	5.55112E-17	1.0	2.46519E-32	0.0	0.0	4.93038E-32	1.0	0.0	0.0188503	0.0490441	0.159	1.0
			/*	4:child_number	*/	0
			/*	4:name	*/	六片三角上的一个钢枕及一号U型螺栓-11/一号U型螺栓单元-10/六四梁螺母-2
			/*	4:type	*/	基本杆件\六四梁螺母.SLDPRT
			/*	4:location	*/	1.0	0.0	2.46519E-32	0.0	5.55112E-17	1.0	2.46519E-32	0.0	0.0	4.93038E-32	1.0	0.0	0.0188503	-0.108956	0.159	1.0
			/*	4:child_number	*/	0
		/*	3:name	*/	六片三角上的一个钢枕及一号U型螺栓-11/一号U型螺栓单元-11
		/*	3:type	*/	U型螺栓单元\一号U型螺栓单元.SLDASM
		/*	3:location	*/	0.696203	1.68194E-16	-0.717845	0.0	-0.717845	3.30226E-16	-0.696203	0.0	1.19954E-16	1.0	3.50642E-16	0.0	-0.517417	1.55713	-0.164824	1.0
		/*	3:child_number	*/	4
			/*	4:name	*/	六片三角上的一个钢枕及一号U型螺栓-11/一号U型螺栓单元-11/一号U型螺栓-1
			/*	4:type	*/	基本杆件\一号U型螺栓.SLDPRT
			/*	4:location	*/	1.0	0.0	6.16298E-33	0.0	0.0	1.0	6.16298E-33	0.0	0.0	-6.16298E-33	1.0	0.0	0.0188503	-0.108956	-0.188	1.0
			/*	4:child_number	*/	0
			/*	4:name	*/	六片三角上的一个钢枕及一号U型螺栓-11/一号U型螺栓单元-11/一号U型螺栓垫片-1
			/*	4:type	*/	基本杆件\一号U型螺栓垫片.SLDPRT
			/*	4:location	*/	0.0	-1.0	-1.2326E-32	0.0	1.0	0.0	6.16298E-33	0.0	0.0	-6.16298E-33	1.0	0.0	-0.0111497	0.0790441	0.143	1.0
			/*	4:child_number	*/	0
			/*	4:name	*/	六片三角上的一个钢枕及一号U型螺栓-11/一号U型螺栓单元-11/六四梁螺母-1
			/*	4:type	*/	基本杆件\六四梁螺母.SLDPRT
			/*	4:location	*/	1.0	0.0	6.16298E-33	0.0	0.0	1.0	6.16298E-33	0.0	0.0	-6.16298E-33	1.0	0.0	0.0188503	0.0490441	0.159	1.0
			/*	4:child_number	*/	0
			/*	4:name	*/	六片三角上的一个钢枕及一号U型螺栓-11/一号U型螺栓单元-11/六四梁螺母-2
			/*	4:type	*/	基本杆件\六四梁螺母.SLDPRT
			/*	4:location	*/	1.0	0.0	6.16298E-33	0.0	0.0	1.0	6.16298E-33	0.0	0.0	-6.16298E-33	1.0	0.0	0.0188503	-0.108956	0.159	1.0
			/*	4:child_number	*/	0
		/*	3:name	*/	六片三角上的一个钢枕及一号U型螺栓-11/一号U型螺栓单元-12
		/*	3:type	*/	U型螺栓单元\一号U型螺栓单元.SLDASM
		/*	3:location	*/	0.696203	-1.09997E-15	0.717845	0.0	0.717845	1.73159E-15	-0.696203	0.0	-4.77211E-16	1.0	1.99515E-15	0.0	-0.0458297	1.55713	-0.191887	1.0
		/*	3:child_number	*/	4
			/*	4:name	*/	六片三角上的一个钢枕及一号U型螺栓-11/一号U型螺栓单元-12/一号U型螺栓-1
			/*	4:type	*/	基本杆件\一号U型螺栓.SLDPRT
			/*	4:location	*/	1.0	0.0	0.0	0.0	-1.11022E-16	1.0	9.86076E-32	0.0	9.86076E-32	-9.86076E-32	1.0	0.0	0.0188503	-0.108956	-0.188	1.0
			/*	4:child_number	*/	0
			/*	4:name	*/	六片三角上的一个钢枕及一号U型螺栓-11/一号U型螺栓单元-12/一号U型螺栓垫片-1
			/*	4:type	*/	基本杆件\一号U型螺栓垫片.SLDPRT
			/*	4:location	*/	1.11022E-16	-1.0	-9.86076E-32	0.0	1.0	0.0	-9.86076E-32	0.0	9.86076E-32	-9.86076E-32	1.0	0.0	-0.0111497	0.0790441	0.143	1.0
			/*	4:child_number	*/	0
			/*	4:name	*/	六片三角上的一个钢枕及一号U型螺栓-11/一号U型螺栓单元-12/六四梁螺母-1
			/*	4:type	*/	基本杆件\六四梁螺母.SLDPRT
			/*	4:location	*/	1.0	0.0	0.0	0.0	-1.11022E-16	1.0	9.86076E-32	0.0	9.86076E-32	-9.86076E-32	1.0	0.0	0.0188503	0.0490441	0.159	1.0
			/*	4:child_number	*/	0
			/*	4:name	*/	六片三角上的一个钢枕及一号U型螺栓-11/一号U型螺栓单元-12/六四梁螺母-2
			/*	4:type	*/	基本杆件\六四梁螺母.SLDPRT
			/*	4:location	*/	1.0	0.0	0.0	0.0	-1.11022E-16	1.0	9.86076E-32	0.0	9.86076E-32	-9.86076E-32	1.0	0.0	0.0188503	-0.108956	0.159	1.0
			/*	4:child_number	*/	0
		/*	3:name	*/	六片三角上的一个钢枕及一号U型螺栓-11/一号U型螺栓单元-13
		/*	3:type	*/	U型螺栓单元\一号U型螺栓单元.SLDASM
		/*	3:location	*/	0.696203	-2.4527E-16	0.717845	0.0	0.717845	1.76651E-16	-0.696203	0.0	4.39493E-17	1.0	2.99051E-16	0.0	0.12559	1.55713	-0.191887	1.0
		/*	3:child_number	*/	4
			/*	4:name	*/	六片三角上的一个钢枕及一号U型螺栓-11/一号U型螺栓单元-13/一号U型螺栓-1
			/*	4:type	*/	基本杆件\一号U型螺栓.SLDPRT
			/*	4:location	*/	1.0	0.0	0.0	0.0	0.0	1.0	-2.46519E-32	0.0	-1.2326E-32	-1.2326E-32	1.0	0.0	0.0188503	-0.108956	-0.188	1.0
			/*	4:child_number	*/	0
			/*	4:name	*/	六片三角上的一个钢枕及一号U型螺栓-11/一号U型螺栓单元-13/一号U型螺栓垫片-1
			/*	4:type	*/	基本杆件\一号U型螺栓垫片.SLDPRT
			/*	4:location	*/	0.0	-1.0	2.46519E-32	0.0	1.0	0.0	0.0	0.0	-1.2326E-32	-1.2326E-32	1.0	0.0	-0.0111497	0.0790441	0.143	1.0
			/*	4:child_number	*/	0
			/*	4:name	*/	六片三角上的一个钢枕及一号U型螺栓-11/一号U型螺栓单元-13/六四梁螺母-1
			/*	4:type	*/	基本杆件\六四梁螺母.SLDPRT
			/*	4:location	*/	1.0	0.0	0.0	0.0	0.0	1.0	-2.46519E-32	0.0	-1.2326E-32	-1.2326E-32	1.0	0.0	0.0188503	0.0490441	0.159	1.0
			/*	4:child_number	*/	0
			/*	4:name	*/	六片三角上的一个钢枕及一号U型螺栓-11/一号U型螺栓单元-13/六四梁螺母-2
			/*	4:type	*/	基本杆件\六四梁螺母.SLDPRT
			/*	4:location	*/	1.0	0.0	0.0	0.0	0.0	1.0	-2.46519E-32	0.0	-1.2326E-32	-1.2326E-32	1.0	0.0	0.0188503	-0.108956	0.159	1.0
			/*	4:child_number	*/	0
		/*	3:name	*/	六片三角上的一个钢枕及一号U型螺栓-11/一号U型螺栓单元-14
		/*	3:type	*/	U型螺栓单元\一号U型螺栓单元.SLDASM
		/*	3:location	*/	0.696203	-3.0268E-16	0.717845	0.0	0.717845	1.72407E-16	-0.696203	0.0	9.75782E-17	1.0	2.77556E-16	0.0	2.35417	1.55713	-0.191887	1.0
		/*	3:child_number	*/	4
			/*	4:name	*/	六片三角上的一个钢枕及一号U型螺栓-11/一号U型螺栓单元-14/一号U型螺栓-1
			/*	4:type	*/	基本杆件\一号U型螺栓.SLDPRT
			/*	4:location	*/	1.0	0.0	0.0	0.0	-1.66533E-16	1.0	0.0	0.0	0.0	0.0	1.0	0.0	0.0188503	-0.108956	-0.188	1.0
			/*	4:child_number	*/	0
			/*	4:name	*/	六片三角上的一个钢枕及一号U型螺栓-11/一号U型螺栓单元-14/一号U型螺栓垫片-1
			/*	4:type	*/	基本杆件\一号U型螺栓垫片.SLDPRT
			/*	4:location	*/	1.66533E-16	-1.0	0.0	0.0	1.0	0.0	-1.2326E-32	0.0	0.0	0.0	1.0	0.0	-0.0111497	0.0790441	0.143	1.0
			/*	4:child_number	*/	0
			/*	4:name	*/	六片三角上的一个钢枕及一号U型螺栓-11/一号U型螺栓单元-14/六四梁螺母-1
			/*	4:type	*/	基本杆件\六四梁螺母.SLDPRT
			/*	4:location	*/	1.0	0.0	0.0	0.0	-1.66533E-16	1.0	0.0	0.0	0.0	0.0	1.0	0.0	0.0188503	0.0490441	0.159	1.0
			/*	4:child_number	*/	0
			/*	4:name	*/	六片三角上的一个钢枕及一号U型螺栓-11/一号U型螺栓单元-14/六四梁螺母-2
			/*	4:type	*/	基本杆件\六四梁螺母.SLDPRT
			/*	4:location	*/	1.0	0.0	0.0	0.0	-1.66533E-16	1.0	0.0	0.0	0.0	0.0	1.0	0.0	0.0188503	-0.108956	0.159	1.0
			/*	4:child_number	*/	0
		/*	3:name	*/	六片三角上的一个钢枕及一号U型螺栓-11/一号U型螺栓单元-15
		/*	3:type	*/	U型螺栓单元\一号U型螺栓单元.SLDASM
		/*	3:location	*/	0.696203	-2.83138E-16	0.717845	0.0	0.717845	1.70875E-16	-0.696203	0.0	7.44594E-17	1.0	3.22213E-16	0.0	2.52559	1.55713	-0.191887	1.0
		/*	3:child_number	*/	4
			/*	4:name	*/	六片三角上的一个钢枕及一号U型螺栓-11/一号U型螺栓单元-15/一号U型螺栓-1
			/*	4:type	*/	基本杆件\一号U型螺栓.SLDPRT
			/*	4:location	*/	1.0	5.55112E-17	1.2326E-32	0.0	0.0	1.0	-1.2326E-32	0.0	0.0	1.2326E-32	1.0	0.0	0.0188503	-0.108956	-0.188	1.0
			/*	4:child_number	*/	0
			/*	4:name	*/	六片三角上的一个钢枕及一号U型螺栓-11/一号U型螺栓单元-15/一号U型螺栓垫片-1
			/*	4:type	*/	基本杆件\一号U型螺栓垫片.SLDPRT
			/*	4:location	*/	0.0	-1.0	1.2326E-32	0.0	1.0	5.55112E-17	1.2326E-32	0.0	0.0	1.2326E-32	1.0	0.0	-0.0111497	0.0790441	0.143	1.0
			/*	4:child_number	*/	0
			/*	4:name	*/	六片三角上的一个钢枕及一号U型螺栓-11/一号U型螺栓单元-15/六四梁螺母-1
			/*	4:type	*/	基本杆件\六四梁螺母.SLDPRT
			/*	4:location	*/	1.0	5.55112E-17	1.2326E-32	0.0	0.0	1.0	-1.2326E-32	0.0	0.0	1.2326E-32	1.0	0.0	0.0188503	0.0490441	0.159	1.0
			/*	4:child_number	*/	0
			/*	4:name	*/	六片三角上的一个钢枕及一号U型螺栓-11/一号U型螺栓单元-15/六四梁螺母-2
			/*	4:type	*/	基本杆件\六四梁螺母.SLDPRT
			/*	4:location	*/	1.0	5.55112E-17	1.2326E-32	0.0	0.0	1.0	-1.2326E-32	0.0	0.0	1.2326E-32	1.0	0.0	0.0188503	-0.108956	0.159	1.0
			/*	4:child_number	*/	0
		/*	3:name	*/	六片三角上的一个钢枕及一号U型螺栓-11/一号U型螺栓单元-8
		/*	3:type	*/	U型螺栓单元\一号U型螺栓单元.SLDASM
		/*	3:location	*/	0.696203	2.00554E-16	-0.717845	0.0	-0.717845	2.30202E-16	-0.696203	0.0	2.56233E-17	1.0	3.04234E-16	0.0	2.91116	1.55713	-0.164824	1.0
		/*	3:child_number	*/	4
			/*	4:name	*/	六片三角上的一个钢枕及一号U型螺栓-11/一号U型螺栓单元-8/一号U型螺栓-1
			/*	4:type	*/	基本杆件\一号U型螺栓.SLDPRT
			/*	4:location	*/	1.0	0.0	0.0	0.0	0.0	1.0	2.46519E-32	0.0	0.0	0.0	1.0	0.0	0.0188503	-0.108956	-0.188	1.0
			/*	4:child_number	*/	0
			/*	4:name	*/	六片三角上的一个钢枕及一号U型螺栓-11/一号U型螺栓单元-8/一号U型螺栓垫片-1
			/*	4:type	*/	基本杆件\一号U型螺栓垫片.SLDPRT
			/*	4:location	*/	0.0	-1.0	-2.46519E-32	0.0	1.0	0.0	0.0	0.0	0.0	0.0	1.0	0.0	-0.0111497	0.0790441	0.143	1.0
			/*	4:child_number	*/	0
			/*	4:name	*/	六片三角上的一个钢枕及一号U型螺栓-11/一号U型螺栓单元-8/六四梁螺母-1
			/*	4:type	*/	基本杆件\六四梁螺母.SLDPRT
			/*	4:location	*/	1.0	0.0	0.0	0.0	0.0	1.0	2.46519E-32	0.0	0.0	0.0	1.0	0.0	0.0188503	0.0490441	0.159	1.0
			/*	4:child_number	*/	0
			/*	4:name	*/	六片三角上的一个钢枕及一号U型螺栓-11/一号U型螺栓单元-8/六四梁螺母-2
			/*	4:type	*/	基本杆件\六四梁螺母.SLDPRT
			/*	4:location	*/	1.0	0.0	0.0	0.0	0.0	1.0	2.46519E-32	0.0	0.0	0.0	1.0	0.0	0.0188503	-0.108956	0.159	1.0
			/*	4:child_number	*/	0
		/*	3:name	*/	六片三角上的一个钢枕及一号U型螺栓-11/一号U型螺栓单元-9
		/*	3:type	*/	U型螺栓单元\一号U型螺栓单元.SLDASM
		/*	3:location	*/	0.696203	3.62259E-16	-0.717845	0.0	-0.717845	3.12097E-16	-0.696203	0.0	-2.81682E-17	1.0	4.77329E-16	0.0	1.28258	1.55713	-0.164824	1.0
		/*	3:child_number	*/	4
			/*	4:name	*/	六片三角上的一个钢枕及一号U型螺栓-11/一号U型螺栓单元-9/一号U型螺栓-1
			/*	4:type	*/	基本杆件\一号U型螺栓.SLDPRT
			/*	4:location	*/	1.0	0.0	0.0	0.0	0.0	1.0	4.93038E-32	0.0	-2.46519E-32	0.0	1.0	0.0	0.0188503	-0.108956	-0.188	1.0
			/*	4:child_number	*/	0
			/*	4:name	*/	六片三角上的一个钢枕及一号U型螺栓-11/一号U型螺栓单元-9/一号U型螺栓垫片-1
			/*	4:type	*/	基本杆件\一号U型螺栓垫片.SLDPRT
			/*	4:location	*/	0.0	-1.0	-4.93038E-32	0.0	1.0	0.0	0.0	0.0	-2.46519E-32	0.0	1.0	0.0	-0.0111497	0.0790441	0.143	1.0
			/*	4:child_number	*/	0
			/*	4:name	*/	六片三角上的一个钢枕及一号U型螺栓-11/一号U型螺栓单元-9/六四梁螺母-1
			/*	4:type	*/	基本杆件\六四梁螺母.SLDPRT
			/*	4:location	*/	1.0	0.0	0.0	0.0	0.0	1.0	4.93038E-32	0.0	-2.46519E-32	0.0	1.0	0.0	0.0188503	0.0490441	0.159	1.0
			/*	4:child_number	*/	0
			/*	4:name	*/	六片三角上的一个钢枕及一号U型螺栓-11/一号U型螺栓单元-9/六四梁螺母-2
			/*	4:type	*/	基本杆件\六四梁螺母.SLDPRT
			/*	4:location	*/	1.0	0.0	0.0	0.0	0.0	1.0	4.93038E-32	0.0	-2.46519E-32	0.0	1.0	0.0	0.0188503	-0.108956	0.159	1.0
			/*	4:child_number	*/	0
		/*	3:name	*/	六片三角上的一个钢枕及一号U型螺栓-11/钢枕-1
		/*	3:type	*/	基本杆件\钢枕.SLDPRT
		/*	3:location	*/	1.11022E-16	1.1672E-17	-1.0	0.0	7.67615E-17	1.0	-3.23486E-33	0.0	1.0	-2.51935E-17	0.0	0.0	-0.9185	1.54013	-0.1135	1.0
		/*	3:child_number	*/	0
	/*	2:name	*/	六片三角上的一个钢枕及一号U型螺栓-9
	/*	2:type	*/	钢枕单元\六片三角上的一个钢枕及一号U型螺栓.SLDASM
	/*	2:location	*/	-2.77556E-17	1.9331E-16	-1.0	0.0	-2.89659E-16	1.0	1.9331E-16	0.0	1.0	2.89659E-16	-2.77556E-17	0.0	-9.61903	-0.263605	0.261878	1.0
	/*	2:child_number	*/	9
		/*	3:name	*/	六片三角上的一个钢枕及一号U型螺栓-9/一号U型螺栓单元-10
		/*	3:type	*/	U型螺栓单元\一号U型螺栓单元.SLDASM
		/*	3:location	*/	0.696203	9.39041E-17	-0.717845	0.0	-0.717845	1.02183E-16	-0.696203	0.0	7.97513E-18	1.0	1.38549E-16	0.0	1.11116	1.55713	-0.164824	1.0
		/*	3:child_number	*/	4
			/*	4:name	*/	六片三角上的一个钢枕及一号U型螺栓-9/一号U型螺栓单元-10/一号U型螺栓-1
			/*	4:type	*/	基本杆件\一号U型螺栓.SLDPRT
			/*	4:location	*/	1.0	0.0	2.46519E-32	0.0	5.55112E-17	1.0	2.46519E-32	0.0	0.0	4.93038E-32	1.0	0.0	0.0188503	-0.108956	-0.188	1.0
			/*	4:child_number	*/	0
			/*	4:name	*/	六片三角上的一个钢枕及一号U型螺栓-9/一号U型螺栓单元-10/一号U型螺栓垫片-1
			/*	4:type	*/	基本杆件\一号U型螺栓垫片.SLDPRT
			/*	4:location	*/	-5.55112E-17	-1.0	-2.46519E-32	0.0	1.0	0.0	2.46519E-32	0.0	0.0	4.93038E-32	1.0	0.0	-0.0111497	0.0790441	0.143	1.0
			/*	4:child_number	*/	0
			/*	4:name	*/	六片三角上的一个钢枕及一号U型螺栓-9/一号U型螺栓单元-10/六四梁螺母-1
			/*	4:type	*/	基本杆件\六四梁螺母.SLDPRT
			/*	4:location	*/	1.0	0.0	2.46519E-32	0.0	5.55112E-17	1.0	2.46519E-32	0.0	0.0	4.93038E-32	1.0	0.0	0.0188503	0.0490441	0.159	1.0
			/*	4:child_number	*/	0
			/*	4:name	*/	六片三角上的一个钢枕及一号U型螺栓-9/一号U型螺栓单元-10/六四梁螺母-2
			/*	4:type	*/	基本杆件\六四梁螺母.SLDPRT
			/*	4:location	*/	1.0	0.0	2.46519E-32	0.0	5.55112E-17	1.0	2.46519E-32	0.0	0.0	4.93038E-32	1.0	0.0	0.0188503	-0.108956	0.159	1.0
			/*	4:child_number	*/	0
		/*	3:name	*/	六片三角上的一个钢枕及一号U型螺栓-9/一号U型螺栓单元-11
		/*	3:type	*/	U型螺栓单元\一号U型螺栓单元.SLDASM
		/*	3:location	*/	0.696203	1.68194E-16	-0.717845	0.0	-0.717845	3.30226E-16	-0.696203	0.0	1.19954E-16	1.0	3.50642E-16	0.0	-0.517417	1.55713	-0.164824	1.0
		/*	3:child_number	*/	4
			/*	4:name	*/	六片三角上的一个钢枕及一号U型螺栓-9/一号U型螺栓单元-11/一号U型螺栓-1
			/*	4:type	*/	基本杆件\一号U型螺栓.SLDPRT
			/*	4:location	*/	1.0	0.0	6.16298E-33	0.0	0.0	1.0	6.16298E-33	0.0	0.0	-6.16298E-33	1.0	0.0	0.0188503	-0.108956	-0.188	1.0
			/*	4:child_number	*/	0
			/*	4:name	*/	六片三角上的一个钢枕及一号U型螺栓-9/一号U型螺栓单元-11/一号U型螺栓垫片-1
			/*	4:type	*/	基本杆件\一号U型螺栓垫片.SLDPRT
			/*	4:location	*/	0.0	-1.0	-1.2326E-32	0.0	1.0	0.0	6.16298E-33	0.0	0.0	-6.16298E-33	1.0	0.0	-0.0111497	0.0790441	0.143	1.0
			/*	4:child_number	*/	0
			/*	4:name	*/	六片三角上的一个钢枕及一号U型螺栓-9/一号U型螺栓单元-11/六四梁螺母-1
			/*	4:type	*/	基本杆件\六四梁螺母.SLDPRT
			/*	4:location	*/	1.0	0.0	6.16298E-33	0.0	0.0	1.0	6.16298E-33	0.0	0.0	-6.16298E-33	1.0	0.0	0.0188503	0.0490441	0.159	1.0
			/*	4:child_number	*/	0
			/*	4:name	*/	六片三角上的一个钢枕及一号U型螺栓-9/一号U型螺栓单元-11/六四梁螺母-2
			/*	4:type	*/	基本杆件\六四梁螺母.SLDPRT
			/*	4:location	*/	1.0	0.0	6.16298E-33	0.0	0.0	1.0	6.16298E-33	0.0	0.0	-6.16298E-33	1.0	0.0	0.0188503	-0.108956	0.159	1.0
			/*	4:child_number	*/	0
		/*	3:name	*/	六片三角上的一个钢枕及一号U型螺栓-9/一号U型螺栓单元-12
		/*	3:type	*/	U型螺栓单元\一号U型螺栓单元.SLDASM
		/*	3:location	*/	0.696203	-1.09997E-15	0.717845	0.0	0.717845	1.73159E-15	-0.696203	0.0	-4.77211E-16	1.0	1.99515E-15	0.0	-0.0458297	1.55713	-0.191887	1.0
		/*	3:child_number	*/	4
			/*	4:name	*/	六片三角上的一个钢枕及一号U型螺栓-9/一号U型螺栓单元-12/一号U型螺栓-1
			/*	4:type	*/	基本杆件\一号U型螺栓.SLDPRT
			/*	4:location	*/	1.0	0.0	0.0	0.0	-1.11022E-16	1.0	9.86076E-32	0.0	9.86076E-32	-9.86076E-32	1.0	0.0	0.0188503	-0.108956	-0.188	1.0
			/*	4:child_number	*/	0
			/*	4:name	*/	六片三角上的一个钢枕及一号U型螺栓-9/一号U型螺栓单元-12/一号U型螺栓垫片-1
			/*	4:type	*/	基本杆件\一号U型螺栓垫片.SLDPRT
			/*	4:location	*/	1.11022E-16	-1.0	-9.86076E-32	0.0	1.0	0.0	-9.86076E-32	0.0	9.86076E-32	-9.86076E-32	1.0	0.0	-0.0111497	0.0790441	0.143	1.0
			/*	4:child_number	*/	0
			/*	4:name	*/	六片三角上的一个钢枕及一号U型螺栓-9/一号U型螺栓单元-12/六四梁螺母-1
			/*	4:type	*/	基本杆件\六四梁螺母.SLDPRT
			/*	4:location	*/	1.0	0.0	0.0	0.0	-1.11022E-16	1.0	9.86076E-32	0.0	9.86076E-32	-9.86076E-32	1.0	0.0	0.0188503	0.0490441	0.159	1.0
			/*	4:child_number	*/	0
			/*	4:name	*/	六片三角上的一个钢枕及一号U型螺栓-9/一号U型螺栓单元-12/六四梁螺母-2
			/*	4:type	*/	基本杆件\六四梁螺母.SLDPRT
			/*	4:location	*/	1.0	0.0	0.0	0.0	-1.11022E-16	1.0	9.86076E-32	0.0	9.86076E-32	-9.86076E-32	1.0	0.0	0.0188503	-0.108956	0.159	1.0
			/*	4:child_number	*/	0
		/*	3:name	*/	六片三角上的一个钢枕及一号U型螺栓-9/一号U型螺栓单元-13
		/*	3:type	*/	U型螺栓单元\一号U型螺栓单元.SLDASM
		/*	3:location	*/	0.696203	-2.4527E-16	0.717845	0.0	0.717845	1.76651E-16	-0.696203	0.0	4.39493E-17	1.0	2.99051E-16	0.0	0.12559	1.55713	-0.191887	1.0
		/*	3:child_number	*/	4
			/*	4:name	*/	六片三角上的一个钢枕及一号U型螺栓-9/一号U型螺栓单元-13/一号U型螺栓-1
			/*	4:type	*/	基本杆件\一号U型螺栓.SLDPRT
			/*	4:location	*/	1.0	0.0	0.0	0.0	0.0	1.0	-2.46519E-32	0.0	-1.2326E-32	-1.2326E-32	1.0	0.0	0.0188503	-0.108956	-0.188	1.0
			/*	4:child_number	*/	0
			/*	4:name	*/	六片三角上的一个钢枕及一号U型螺栓-9/一号U型螺栓单元-13/一号U型螺栓垫片-1
			/*	4:type	*/	基本杆件\一号U型螺栓垫片.SLDPRT
			/*	4:location	*/	0.0	-1.0	2.46519E-32	0.0	1.0	0.0	0.0	0.0	-1.2326E-32	-1.2326E-32	1.0	0.0	-0.0111497	0.0790441	0.143	1.0
			/*	4:child_number	*/	0
			/*	4:name	*/	六片三角上的一个钢枕及一号U型螺栓-9/一号U型螺栓单元-13/六四梁螺母-1
			/*	4:type	*/	基本杆件\六四梁螺母.SLDPRT
			/*	4:location	*/	1.0	0.0	0.0	0.0	0.0	1.0	-2.46519E-32	0.0	-1.2326E-32	-1.2326E-32	1.0	0.0	0.0188503	0.0490441	0.159	1.0
			/*	4:child_number	*/	0
			/*	4:name	*/	六片三角上的一个钢枕及一号U型螺栓-9/一号U型螺栓单元-13/六四梁螺母-2
			/*	4:type	*/	基本杆件\六四梁螺母.SLDPRT
			/*	4:location	*/	1.0	0.0	0.0	0.0	0.0	1.0	-2.46519E-32	0.0	-1.2326E-32	-1.2326E-32	1.0	0.0	0.0188503	-0.108956	0.159	1.0
			/*	4:child_number	*/	0
		/*	3:name	*/	六片三角上的一个钢枕及一号U型螺栓-9/一号U型螺栓单元-14
		/*	3:type	*/	U型螺栓单元\一号U型螺栓单元.SLDASM
		/*	3:location	*/	0.696203	-3.0268E-16	0.717845	0.0	0.717845	1.72407E-16	-0.696203	0.0	9.75782E-17	1.0	2.77556E-16	0.0	2.35417	1.55713	-0.191887	1.0
		/*	3:child_number	*/	4
			/*	4:name	*/	六片三角上的一个钢枕及一号U型螺栓-9/一号U型螺栓单元-14/一号U型螺栓-1
			/*	4:type	*/	基本杆件\一号U型螺栓.SLDPRT
			/*	4:location	*/	1.0	0.0	0.0	0.0	-1.66533E-16	1.0	0.0	0.0	0.0	0.0	1.0	0.0	0.0188503	-0.108956	-0.188	1.0
			/*	4:child_number	*/	0
			/*	4:name	*/	六片三角上的一个钢枕及一号U型螺栓-9/一号U型螺栓单元-14/一号U型螺栓垫片-1
			/*	4:type	*/	基本杆件\一号U型螺栓垫片.SLDPRT
			/*	4:location	*/	1.66533E-16	-1.0	0.0	0.0	1.0	0.0	-1.2326E-32	0.0	0.0	0.0	1.0	0.0	-0.0111497	0.0790441	0.143	1.0
			/*	4:child_number	*/	0
			/*	4:name	*/	六片三角上的一个钢枕及一号U型螺栓-9/一号U型螺栓单元-14/六四梁螺母-1
			/*	4:type	*/	基本杆件\六四梁螺母.SLDPRT
			/*	4:location	*/	1.0	0.0	0.0	0.0	-1.66533E-16	1.0	0.0	0.0	0.0	0.0	1.0	0.0	0.0188503	0.0490441	0.159	1.0
			/*	4:child_number	*/	0
			/*	4:name	*/	六片三角上的一个钢枕及一号U型螺栓-9/一号U型螺栓单元-14/六四梁螺母-2
			/*	4:type	*/	基本杆件\六四梁螺母.SLDPRT
			/*	4:location	*/	1.0	0.0	0.0	0.0	-1.66533E-16	1.0	0.0	0.0	0.0	0.0	1.0	0.0	0.0188503	-0.108956	0.159	1.0
			/*	4:child_number	*/	0
		/*	3:name	*/	六片三角上的一个钢枕及一号U型螺栓-9/一号U型螺栓单元-15
		/*	3:type	*/	U型螺栓单元\一号U型螺栓单元.SLDASM
		/*	3:location	*/	0.696203	-2.83138E-16	0.717845	0.0	0.717845	1.70875E-16	-0.696203	0.0	7.44594E-17	1.0	3.22213E-16	0.0	2.52559	1.55713	-0.191887	1.0
		/*	3:child_number	*/	4
			/*	4:name	*/	六片三角上的一个钢枕及一号U型螺栓-9/一号U型螺栓单元-15/一号U型螺栓-1
			/*	4:type	*/	基本杆件\一号U型螺栓.SLDPRT
			/*	4:location	*/	1.0	5.55112E-17	1.2326E-32	0.0	0.0	1.0	-1.2326E-32	0.0	0.0	1.2326E-32	1.0	0.0	0.0188503	-0.108956	-0.188	1.0
			/*	4:child_number	*/	0
			/*	4:name	*/	六片三角上的一个钢枕及一号U型螺栓-9/一号U型螺栓单元-15/一号U型螺栓垫片-1
			/*	4:type	*/	基本杆件\一号U型螺栓垫片.SLDPRT
			/*	4:location	*/	0.0	-1.0	1.2326E-32	0.0	1.0	5.55112E-17	1.2326E-32	0.0	0.0	1.2326E-32	1.0	0.0	-0.0111497	0.0790441	0.143	1.0
			/*	4:child_number	*/	0
			/*	4:name	*/	六片三角上的一个钢枕及一号U型螺栓-9/一号U型螺栓单元-15/六四梁螺母-1
			/*	4:type	*/	基本杆件\六四梁螺母.SLDPRT
			/*	4:location	*/	1.0	5.55112E-17	1.2326E-32	0.0	0.0	1.0	-1.2326E-32	0.0	0.0	1.2326E-32	1.0	0.0	0.0188503	0.0490441	0.159	1.0
			/*	4:child_number	*/	0
			/*	4:name	*/	六片三角上的一个钢枕及一号U型螺栓-9/一号U型螺栓单元-15/六四梁螺母-2
			/*	4:type	*/	基本杆件\六四梁螺母.SLDPRT
			/*	4:location	*/	1.0	5.55112E-17	1.2326E-32	0.0	0.0	1.0	-1.2326E-32	0.0	0.0	1.2326E-32	1.0	0.0	0.0188503	-0.108956	0.159	1.0
			/*	4:child_number	*/	0
		/*	3:name	*/	六片三角上的一个钢枕及一号U型螺栓-9/一号U型螺栓单元-8
		/*	3:type	*/	U型螺栓单元\一号U型螺栓单元.SLDASM
		/*	3:location	*/	0.696203	2.00554E-16	-0.717845	0.0	-0.717845	2.30202E-16	-0.696203	0.0	2.56233E-17	1.0	3.04234E-16	0.0	2.91116	1.55713	-0.164824	1.0
		/*	3:child_number	*/	4
			/*	4:name	*/	六片三角上的一个钢枕及一号U型螺栓-9/一号U型螺栓单元-8/一号U型螺栓-1
			/*	4:type	*/	基本杆件\一号U型螺栓.SLDPRT
			/*	4:location	*/	1.0	0.0	0.0	0.0	0.0	1.0	2.46519E-32	0.0	0.0	0.0	1.0	0.0	0.0188503	-0.108956	-0.188	1.0
			/*	4:child_number	*/	0
			/*	4:name	*/	六片三角上的一个钢枕及一号U型螺栓-9/一号U型螺栓单元-8/一号U型螺栓垫片-1
			/*	4:type	*/	基本杆件\一号U型螺栓垫片.SLDPRT
			/*	4:location	*/	0.0	-1.0	-2.46519E-32	0.0	1.0	0.0	0.0	0.0	0.0	0.0	1.0	0.0	-0.0111497	0.0790441	0.143	1.0
			/*	4:child_number	*/	0
			/*	4:name	*/	六片三角上的一个钢枕及一号U型螺栓-9/一号U型螺栓单元-8/六四梁螺母-1
			/*	4:type	*/	基本杆件\六四梁螺母.SLDPRT
