N17装标准梁节
N17装标准梁节.SLDASM
1.0	0.0	0.0	0.0	0.0	1.0	0.0	0.0	0.0	0.0	1.0	0.0	0.0	0.0	0.0	1.0
10
	钢轨-2
	钢轨.SLDPRT
	1.0	0.0	0.0	0.0	0.0	1.0	0.0	0.0	0.0	0.0	1.0	0.0	-3.57188	2.62774	0.7525	1.0
	0

	绳2-1
	绳2.SLDPRT
	0.617743	0.75626	0.215555	0.0	-0.308767	0.48536	-0.817978	0.0	-0.723226	0.438744	0.533336	0.0	4.52656	2.46923	-1.01983	1.0
	0

	绳2-4
	绳2.SLDPRT
	0.169463	-0.871558	-0.460074	0.0	0.307453	0.490281	-0.815535	0.0	0.936352	-0.00324816	0.351048	0.0	-3.57213	2.47285	-1.0178	1.0
	0

	绳2-2
	绳2.SLDPRT
	0.87311	-0.187704	0.44994	0.0	-0.31494	0.487332	0.814445	0.0	-0.372144	-0.852804	0.366379	0.0	4.53041	2.46875	1.0139	1.0
	0

	绳1-2
	绳1.SLDPRT
	0.0	0.0	1.0	0.0	0.0	1.0	0.0	0.0	-1.0	0.0	0.0	0.0	3.48215	2.61636	-0.00474566	1.0
	0

	绳1-1
	绳1.SLDPRT
	0.0	0.0	1.0	0.0	0.0	1.0	0.0	0.0	-1.0	0.0	0.0	0.0	-2.51762	2.61636	-0.00474566	1.0
	0

	N17-1
	N17.SLDASM
	1.0	0.0	0.0	0.0	0.0	1.0	0.0	0.0	0.0	0.0	1.0	0.0	0.47493	-0.553779	0.0	1.0
	29
		N17-1/侧面销-3
		侧面销.SLDPRT
		1.0	0.0	0.0	0.0	0.0	1.0	0.0	0.0	0.0	0.0	1.0	0.0	-3.99389	1.29208	1.42	1.0
		0

		N17-1/侧面销-4
		侧面销.SLDPRT
		1.0	0.0	0.0	0.0	0.0	1.0	0.0	0.0	0.0	0.0	1.0	0.0	-2.99389	1.29208	1.42	1.0
		0

		N17-1/侧面销-2
		侧面销.SLDPRT
		1.0	0.0	0.0	0.0	0.0	1.0	0.0	0.0	0.0	0.0	1.0	0.0	-4.99389	1.29208	1.42	1.0
		0

		N17-1/侧面销-1
		侧面销.SLDPRT
		1.0	0.0	0.0	0.0	0.0	1.0	0.0	0.0	0.0	0.0	1.0	0.0	-5.99389	1.29208	1.42	1.0
		0

		N17-1/转向架-2
		转向架.SLDASM
		0.0	0.0	1.0	0.0	0.0	1.0	0.0	0.0	-1.0	0.0	0.0	0.0	3.34108	0.8284	-0.0336928	1.0
		4
			N17-1/转向架-2/侧架-2
			侧架.SLDPRT
			0.0	0.0	-1.0	0.0	0.0	1.0	0.0	0.0	1.0	0.0	0.0	0.0	-0.996307	-0.0265513	-0.881952	1.0
			0

			N17-1/转向架-2/侧架-1
			侧架.SLDPRT
			0.0	0.0	-1.0	0.0	0.0	1.0	0.0	0.0	1.0	0.0	0.0	0.0	0.863939	-0.0265513	-0.881952	1.0
			0

			N17-1/转向架-2/轮对-2
			轮对.SLDASM
			1.0	0.0	0.0	0.0	0.0	1.0	0.0	0.0	0.0	0.0	1.0	0.0	0.0623096	-0.0798773	-1.75	1.0
			3
				N17-1/转向架-2/轮对-2/车轴-1
				车轴.SLDPRT
				1.0	0.0	0.0	0.0	0.0	1.0	0.0	0.0	0.0	0.0	1.0	0.0	-0.0272696	0.0255652	0.0	1.0
				0

				N17-1/转向架-2/轮对-2/车轮-1
				车轮.SLDPRT
				0.0	0.0936225	-0.995608	0.0	0.0	0.995608	0.0936225	0.0	1.0	0.0	0.0	0.0	-0.73527	0.0255652	0.0	1.0
				0

				N17-1/转向架-2/轮对-2/车轮-2
				车轮.SLDPRT
				0.0	-0.136888	0.990587	0.0	0.0	0.990587	0.136888	0.0	-1.0	0.0	0.0	0.0	0.68073	0.0255652	0.0	1.0
				0


			N17-1/转向架-2/轮对-1
			轮对.SLDASM
			1.0	0.0	0.0	0.0	0.0	1.0	0.0	0.0	0.0	0.0	1.0	0.0	0.0623096	-0.0798773	0.0	1.0
			3
				N17-1/转向架-2/轮对-1/车轴-1
				车轴.SLDPRT
				1.0	0.0	0.0	0.0	0.0	1.0	0.0	0.0	0.0	0.0	1.0	0.0	-0.0272696	0.0255652	0.0	1.0
				0

				N17-1/转向架-2/轮对-1/车轮-1
				车轮.SLDPRT
				0.0	0.0936225	-0.995608	0.0	0.0	0.995608	0.0936225	0.0	1.0	0.0	0.0	0.0	-0.73527	0.0255652	0.0	1.0
				0

				N17-1/转向架-2/轮对-1/车轮-2
				车轮.SLDPRT
				0.0	-0.136888	0.990587	0.0	0.0	0.990587	0.136888	0.0	-1.0	0.0	0.0	0.0	0.68073	0.0255652	0.0	1.0
				0



		N17-1/转向架-1
		转向架.SLDASM
		0.0	0.0	1.0	0.0	0.0	1.0	0.0	0.0	-1.0	0.0	0.0	0.0	-5.30879	0.8284	-0.0336928	1.0
		4
			N17-1/转向架-1/侧架-2
			侧架.SLDPRT
			0.0	0.0	-1.0	0.0	0.0	1.0	0.0	0.0	1.0	0.0	0.0	0.0	-0.996307	-0.0265513	-0.881952	1.0
			0

			N17-1/转向架-1/侧架-1
			侧架.SLDPRT
			0.0	0.0	-1.0	0.0	0.0	1.0	0.0	0.0	1.0	0.0	0.0	0.0	0.863939	-0.0265513	-0.881952	1.0
			0

			N17-1/转向架-1/轮对-2
			轮对.SLDASM
			1.0	0.0	0.0	0.0	0.0	1.0	0.0	0.0	0.0	0.0	1.0	0.0	0.0623096	-0.0798773	-1.75	1.0
			3
				N17-1/转向架-1/轮对-2/车轴-1
				车轴.SLDPRT
				1.0	0.0	0.0	0.0	0.0	1.0	0.0	0.0	0.0	0.0	1.0	0.0	-0.0272696	0.0255652	0.0	1.0
				0

				N17-1/转向架-1/轮对-2/车轮-1
				车轮.SLDPRT
				0.0	0.0936225	-0.995608	0.0	0.0	0.995608	0.0936225	0.0	1.0	0.0	0.0	0.0	-0.73527	0.0255652	0.0	1.0
				0

				N17-1/转向架-1/轮对-2/车轮-2
				车轮.SLDPRT
				0.0	-0.136888	0.990587	0.0	0.0	0.990587	0.136888	0.0	-1.0	0.0	0.0	0.0	0.68073	0.0255652	0.0	1.0
				0


			N17-1/转向架-1/轮对-1
			轮对.SLDASM
			1.0	0.0	0.0	0.0	0.0	1.0	0.0	0.0	0.0	0.0	1.0	0.0	0.0623096	-0.0798773	0.0	1.0
			3
				N17-1/转向架-1/轮对-1/车轴-1
				车轴.SLDPRT
				1.0	0.0	0.0	0.0	0.0	1.0	0.0	0.0	0.0	0.0	1.0	0.0	-0.0272696	0.0255652	0.0	1.0
				0

				N17-1/转向架-1/轮对-1/车轮-1
				车轮.SLDPRT
				0.0	0.0936225	-0.995608	0.0	0.0	0.995608	0.0936225	0.0	1.0	0.0	0.0	0.0	-0.73527	0.0255652	0.0	1.0
				0

				N17-1/转向架-1/轮对-1/车轮-2
				车轮.SLDPRT
				0.0	-0.136888	0.990587	0.0	0.0	0.990587	0.136888	0.0	-1.0	0.0	0.0	0.0	0.68073	0.0255652	0.0	1.0
				0



		N17-1/底架-1
		底架.SLDPRT
		1.0	0.0	0.0	0.0	0.0	1.0	0.0	0.0	0.0	0.0	1.0	0.0	-0.123895	1.44752	-2.22045E-16	1.0
		0

		N17-1/侧面销-11
		侧面销.SLDPRT
		1.0	0.0	0.0	0.0	0.0	1.0	0.0	0.0	0.0	0.0	1.0	0.0	4.00611	1.29208	1.42	1.0
		0

		N17-1/侧面销-20
		侧面销.SLDPRT
		1.0	-3.2193E-5	3.01893E-10	0.0	-3.2193E-5	-1.0	1.87552E-5	0.0	-3.01893E-10	-1.87552E-5	-1.0	0.0	0.00610511	1.29208	-1.42	1.0
		0

		N17-1/侧面销-5
		侧面销.SLDPRT
		1.0	0.0	0.0	0.0	0.0	1.0	0.0	0.0	0.0	0.0	1.0	0.0	-1.99389	1.29208	1.42	1.0
		0

		N17-1/侧面销-12
		侧面销.SLDPRT
		1.0	0.0	0.0	0.0	0.0	1.0	0.0	0.0	0.0	0.0	1.0	0.0	5.00611	1.29208	1.42	1.0
		0

		N17-1/侧面销-23
		侧面销.SLDPRT
		1.0	-3.2193E-5	3.01893E-10	0.0	-3.2193E-5	-1.0	1.87552E-5	0.0	-3.01893E-10	-1.87552E-5	-1.0	0.0	3.00611	1.29208	-1.42	1.0
		0

		N17-1/侧面销-22
		侧面销.SLDPRT
		1.0	-3.2193E-5	3.01893E-10	0.0	-3.2193E-5	-1.0	1.87552E-5	0.0	-3.01893E-10	-1.87552E-5	-1.0	0.0	2.00611	1.29208	-1.42	1.0
		0

		N17-1/侧面销-21
		侧面销.SLDPRT
		1.0	-3.2193E-5	3.01893E-10	0.0	-3.2193E-5	-1.0	1.87552E-5	0.0	-3.01893E-10	-1.87552E-5	-1.0	0.0	1.00611	1.29208	-1.42	1.0
		0

		N17-1/侧面销-24
		侧面销.SLDPRT
		1.0	-3.2193E-5	3.01893E-10	0.0	-3.2193E-5	-1.0	1.87552E-5	0.0	-3.01893E-10	-1.87552E-5	-1.0	0.0	4.00611	1.29208	-1.42	1.0
		0

		N17-1/侧面销-13
		侧面销.SLDPRT
		1.0	0.0	0.0	0.0	0.0	1.0	0.0	0.0	0.0	0.0	1.0	0.0	6.00611	1.29208	1.42	1.0
		0

		N17-1/侧面销-6
		侧面销.SLDPRT
		1.0	0.0	0.0	0.0	0.0	1.0	0.0	0.0	0.0	0.0	1.0	0.0	-0.993895	1.29208	1.42	1.0
		0

		N17-1/侧面销-10
		侧面销.SLDPRT
		1.0	0.0	0.0	0.0	0.0	1.0	0.0	0.0	0.0	0.0	1.0	0.0	3.00611	1.29208	1.42	1.0
		0

		N17-1/侧面销-9
		侧面销.SLDPRT
		1.0	0.0	0.0	0.0	0.0	1.0	0.0	0.0	0.0	0.0	1.0	0.0	2.00611	1.29208	1.42	1.0
		0

		N17-1/侧面销-19
		侧面销.SLDPRT
		1.0	-3.2193E-5	3.01893E-10	0.0	-3.2193E-5	-1.0	1.87552E-5	0.0	-3.01893E-10	-1.87552E-5	-1.0	0.0	-0.993895	1.29208	-1.42	1.0
		0

		N17-1/侧面销-17
		侧面销.SLDPRT
		1.0	-3.2193E-5	3.01893E-10	0.0	-3.2193E-5	-1.0	1.87552E-5	0.0	-3.01893E-10	-1.87552E-5	-1.0	0.0	-2.99389	1.29208	-1.42	1.0
		0

		N17-1/侧面销-8
		侧面销.SLDPRT
		1.0	0.0	0.0	0.0	0.0	1.0	0.0	0.0	0.0	0.0	1.0	0.0	1.00611	1.29208	1.42	1.0
		0

		N17-1/侧面销-7
		侧面销.SLDPRT
		1.0	0.0	0.0	0.0	0.0	1.0	0.0	0.0	0.0	0.0	1.0	0.0	0.00610511	1.29208	1.42	1.0
		0

		N17-1/侧面销-18
		侧面销.SLDPRT
		1.0	-3.2193E-5	3.01893E-10	0.0	-3.2193E-5	-1.0	1.87552E-5	0.0	-3.01893E-10	-1.87552E-5	-1.0	0.0	-1.99389	1.29208	-1.42	1.0
		0

		N17-1/侧面销-16
		侧面销.SLDPRT
		1.0	-3.2193E-5	3.01893E-10	0.0	-3.2193E-5	-1.0	1.87552E-5	0.0	-3.01893E-10	-1.87552E-5	-1.0	0.0	-3.99389	1.29208	-1.42	1.0
		0

		N17-1/侧面销-15
		侧面销.SLDPRT
		1.0	-3.2193E-5	3.01893E-10	0.0	-3.2193E-5	-1.0	1.87552E-5	0.0	-3.01893E-10	-1.87552E-5	-1.0	0.0	-4.99389	1.29208	-1.42	1.0
		0

		N17-1/侧面销-14
		侧面销.SLDPRT
		1.0	-3.2193E-5	3.01893E-10	0.0	-3.2193E-5	-1.0	1.87552E-5	0.0	-3.01893E-10	-1.87552E-5	-1.0	0.0	-5.99389	1.29208	-1.42	1.0
		0

		N17-1/侧面销-26
		侧面销.SLDPRT
		1.0	-3.2193E-5	3.01893E-10	0.0	-3.2193E-5	-1.0	1.87552E-5	0.0	-3.01893E-10	-1.87552E-5	-1.0	0.0	6.00611	1.29208	-1.42	1.0
		0

		N17-1/侧面销-25
		侧面销.SLDPRT
		1.0	-3.2193E-5	3.01893E-10	0.0	-3.2193E-5	-1.0	1.87552E-5	0.0	-3.01893E-10	-1.87552E-5	-1.0	0.0	5.00611	1.29208	-1.42	1.0
		0


	绳2-3
	绳2.SLDPRT
	0.817941	-0.574568	0.0290745	0.0	0.314149	0.48841	0.814105	0.0	-0.481958	-0.656755	0.57999	0.0	-3.56627	2.46933	1.00988	1.0
	0

	钢轨-1
	钢轨.SLDPRT
	1.0	0.0	0.0	0.0	0.0	1.0	0.0	0.0	0.0	0.0	1.0	0.0	-3.57188	2.62774	-0.7525	1.0
	0

	标准梁节-3
	标准梁节.SLDPRT
	1.0	0.0	0.0	0.0	0.0	1.0	0.0	0.0	0.0	0.0	1.0	0.0	-3.57188	0.97374	0.9825	1.0
	0


