/*	1:name	*/	上承式48.0M梁_齐头式梁端
/*	1:type	*/	上承式梁\齐头式\上承式48.0M梁_齐头式梁端.SLDASM
/*	1:location	*/	1.0	0.0	0.0	0.0	0.0	1.0	0.0	0.0	0.0	0.0	1.0	0.0	0.0	0.0	0.0	1.0
/*	1:child_number	*/	3
	/*	2:name	*/	48M,50M...58M齐头式(左端)-1
	/*	2:type	*/	上承式梁\公共组件\梁端\齐头式梁端\48M,50M...58M齐头式(左端).SLDASM
	/*	2:location	*/	1.0	0.0	0.0	0.0	0.0	1.0	0.0	0.0	0.0	0.0	1.0	0.0	1.60179	2.85114	24.255	1.0
	/*	2:child_number	*/	22
		/*	3:name	*/	48M,50M...58M齐头式(左端)-1/B6+6LM1-10
		/*	3:type	*/	上承式梁\公共组件\梁端\梁端公共组件\带螺栓零件\B6+6LM1.SLDASM
		/*	3:location	*/	2.52609E-17	4.26997E-12	1.0	0.0	1.67533E-16	1.0	-4.26997E-12	0.0	-1.0	1.67533E-16	2.52609E-17	0.0	-4.16179	1.69065	-4.17313	1.0
		/*	3:child_number	*/	7
			/*	4:name	*/	48M,50M...58M齐头式(左端)-1/B6+6LM1-10/B6_弦杆拼接板-1
			/*	4:type	*/	零件\B6_弦杆拼接板.SLDPRT
			/*	4:location	*/	1.0	0.0	0.0	0.0	0.0	1.0	-1.14891E-32	0.0	0.0	-1.14891E-32	1.0	0.0	-0.336963	0.0141885	-0.008	1.0
			/*	4:child_number	*/	0
			/*	4:name	*/	48M,50M...58M齐头式(左端)-1/B6+6LM1-10/螺母1-1
			/*	4:type	*/	零件\螺母1.SLDPRT
			/*	4:location	*/	0.866025	0.5	3.08149E-33	0.0	-0.5	0.866025	2.77334E-32	0.0	0.0	-3.6141E-32	1.0	0.0	-0.331873	0.0682103	0.008	1.0
			/*	4:child_number	*/	0
			/*	4:name	*/	48M,50M...58M齐头式(左端)-1/B6+6LM1-10/螺母1-2
			/*	4:type	*/	零件\螺母1.SLDPRT
			/*	4:location	*/	0.866025	0.5	3.08149E-33	0.0	-0.5	0.866025	2.77334E-32	0.0	0.0	-3.6141E-32	1.0	0.0	-0.231873	0.0682103	0.008	1.0
			/*	4:child_number	*/	0
			/*	4:name	*/	48M,50M...58M齐头式(左端)-1/B6+6LM1-10/螺母1-3
			/*	4:type	*/	零件\螺母1.SLDPRT
			/*	4:location	*/	0.866025	0.5	3.08149E-33	0.0	-0.5	0.866025	2.77334E-32	0.0	0.0	-3.6141E-32	1.0	0.0	-0.131873	0.0682103	0.008	1.0
			/*	4:child_number	*/	0
			/*	4:name	*/	48M,50M...58M齐头式(左端)-1/B6+6LM1-10/螺母1-4
			/*	4:type	*/	零件\螺母1.SLDPRT
			/*	4:location	*/	0.866025	0.5	3.08149E-33	0.0	-0.5	0.866025	2.77334E-32	0.0	0.0	-3.6141E-32	1.0	0.0	0.188127	0.0682103	0.008	1.0
			/*	4:child_number	*/	0
			/*	4:name	*/	48M,50M...58M齐头式(左端)-1/B6+6LM1-10/螺母1-5
			/*	4:type	*/	零件\螺母1.SLDPRT
			/*	4:location	*/	0.866025	0.5	3.08149E-33	0.0	-0.5	0.866025	2.77334E-32	0.0	0.0	-3.6141E-32	1.0	0.0	0.0881274	0.0682103	0.008	1.0
			/*	4:child_number	*/	0
			/*	4:name	*/	48M,50M...58M齐头式(左端)-1/B6+6LM1-10/螺母1-6
			/*	4:type	*/	零件\螺母1.SLDPRT
			/*	4:location	*/	0.866025	0.5	3.08149E-33	0.0	-0.5	0.866025	2.77334E-32	0.0	0.0	-3.6141E-32	1.0	0.0	-0.0118726	0.0682103	0.008	1.0
			/*	4:child_number	*/	0
		/*	3:name	*/	48M,50M...58M齐头式(左端)-1/B6+6LM1-11
		/*	3:type	*/	上承式梁\公共组件\梁端\梁端公共组件\带螺栓零件\B6+6LM1.SLDASM
		/*	3:location	*/	2.52609E-17	3.06427E-12	1.0	0.0	1.67533E-16	1.0	-3.06427E-12	0.0	-1.0	1.67533E-16	2.52609E-17	0.0	-4.16179	1.50065	-4.17313	1.0
		/*	3:child_number	*/	7
			/*	4:name	*/	48M,50M...58M齐头式(左端)-1/B6+6LM1-11/B6_弦杆拼接板-1
			/*	4:type	*/	零件\B6_弦杆拼接板.SLDPRT
			/*	4:location	*/	1.0	0.0	0.0	0.0	0.0	1.0	5.89187E-34	0.0	0.0	5.89187E-34	1.0	0.0	-0.336963	0.0141885	-0.008	1.0
			/*	4:child_number	*/	0
			/*	4:name	*/	48M,50M...58M齐头式(左端)-1/B6+6LM1-11/螺母1-1
			/*	4:type	*/	零件\螺母1.SLDPRT
			/*	4:location	*/	0.866025	0.5	9.24446E-33	0.0	-0.5	0.866025	1.84889E-32	0.0	0.0	-2.40627E-32	1.0	0.0	-0.331873	0.0682103	0.008	1.0
			/*	4:child_number	*/	0
			/*	4:name	*/	48M,50M...58M齐头式(左端)-1/B6+6LM1-11/螺母1-2
			/*	4:type	*/	零件\螺母1.SLDPRT
			/*	4:location	*/	0.866025	0.5	9.24446E-33	0.0	-0.5	0.866025	1.84889E-32	0.0	0.0	-2.40627E-32	1.0	0.0	-0.231873	0.0682103	0.008	1.0
			/*	4:child_number	*/	0
			/*	4:name	*/	48M,50M...58M齐头式(左端)-1/B6+6LM1-11/螺母1-3
			/*	4:type	*/	零件\螺母1.SLDPRT
			/*	4:location	*/	0.866025	0.5	9.24446E-33	0.0	-0.5	0.866025	1.84889E-32	0.0	0.0	-2.40627E-32	1.0	0.0	-0.131873	0.0682103	0.008	1.0
			/*	4:child_number	*/	0
			/*	4:name	*/	48M,50M...58M齐头式(左端)-1/B6+6LM1-11/螺母1-4
			/*	4:type	*/	零件\螺母1.SLDPRT
			/*	4:location	*/	0.866025	0.5	9.24446E-33	0.0	-0.5	0.866025	1.84889E-32	0.0	0.0	-2.40627E-32	1.0	0.0	0.188127	0.0682103	0.008	1.0
			/*	4:child_number	*/	0
			/*	4:name	*/	48M,50M...58M齐头式(左端)-1/B6+6LM1-11/螺母1-5
			/*	4:type	*/	零件\螺母1.SLDPRT
			/*	4:location	*/	0.866025	0.5	9.24446E-33	0.0	-0.5	0.866025	1.84889E-32	0.0	0.0	-2.40627E-32	1.0	0.0	0.0881274	0.0682103	0.008	1.0
			/*	4:child_number	*/	0
			/*	4:name	*/	48M,50M...58M齐头式(左端)-1/B6+6LM1-11/螺母1-6
			/*	4:type	*/	零件\螺母1.SLDPRT
			/*	4:location	*/	0.866025	0.5	9.24446E-33	0.0	-0.5	0.866025	1.84889E-32	0.0	0.0	-2.40627E-32	1.0	0.0	-0.0118726	0.0682103	0.008	1.0
			/*	4:child_number	*/	0
		/*	3:name	*/	48M,50M...58M齐头式(左端)-1/B6+6LM1-12
		/*	3:type	*/	上承式梁\公共组件\梁端\梁端公共组件\带螺栓零件\B6+6LM1.SLDASM
		/*	3:location	*/	-2.2307E-16	-3.06494E-12	-1.0	0.0	1.4814E-16	1.0	-3.06494E-12	0.0	1.0	-1.4814E-16	-2.2307E-16	0.0	-4.46179	1.50065	-4.31687	1.0
		/*	3:child_number	*/	7
			/*	4:name	*/	48M,50M...58M齐头式(左端)-1/B6+6LM1-12/B6_弦杆拼接板-1
			/*	4:type	*/	零件\B6_弦杆拼接板.SLDPRT
			/*	4:location	*/	1.0	0.0	0.0	0.0	0.0	1.0	1.08609E-34	0.0	0.0	1.08609E-34	1.0	0.0	-0.336963	0.0141885	-0.008	1.0
			/*	4:child_number	*/	0
			/*	4:name	*/	48M,50M...58M齐头式(左端)-1/B6+6LM1-12/螺母1-1
			/*	4:type	*/	零件\螺母1.SLDPRT
			/*	4:location	*/	0.866025	0.5	0.0	0.0	-0.5	0.866025	0.0	0.0	-4.93038E-32	2.47605E-32	1.0	0.0	-0.331873	0.0682103	0.008	1.0
			/*	4:child_number	*/	0
			/*	4:name	*/	48M,50M...58M齐头式(左端)-1/B6+6LM1-12/螺母1-2
			/*	4:type	*/	零件\螺母1.SLDPRT
			/*	4:location	*/	0.866025	0.5	0.0	0.0	-0.5	0.866025	0.0	0.0	-4.93038E-32	2.47605E-32	1.0	0.0	-0.231873	0.0682103	0.008	1.0
			/*	4:child_number	*/	0
			/*	4:name	*/	48M,50M...58M齐头式(左端)-1/B6+6LM1-12/螺母1-3
			/*	4:type	*/	零件\螺母1.SLDPRT
			/*	4:location	*/	0.866025	0.5	0.0	0.0	-0.5	0.866025	0.0	0.0	-4.93038E-32	2.47605E-32	1.0	0.0	-0.131873	0.0682103	0.008	1.0
			/*	4:child_number	*/	0
			/*	4:name	*/	48M,50M...58M齐头式(左端)-1/B6+6LM1-12/螺母1-4
			/*	4:type	*/	零件\螺母1.SLDPRT
			/*	4:location	*/	0.866025	0.5	0.0	0.0	-0.5	0.866025	0.0	0.0	-4.93038E-32	2.47605E-32	1.0	0.0	0.188127	0.0682103	0.008	1.0
			/*	4:child_number	*/	0
			/*	4:name	*/	48M,50M...58M齐头式(左端)-1/B6+6LM1-12/螺母1-5
			/*	4:type	*/	零件\螺母1.SLDPRT
			/*	4:location	*/	0.866025	0.5	0.0	0.0	-0.5	0.866025	0.0	0.0	-4.93038E-32	2.47605E-32	1.0	0.0	0.0881274	0.0682103	0.008	1.0
			/*	4:child_number	*/	0
			/*	4:name	*/	48M,50M...58M齐头式(左端)-1/B6+6LM1-12/螺母1-6
			/*	4:type	*/	零件\螺母1.SLDPRT
			/*	4:location	*/	0.866025	0.5	0.0	0.0	-0.5	0.866025	0.0	0.0	-4.93038E-32	2.47605E-32	1.0	0.0	-0.0118726	0.0682103	0.008	1.0
			/*	4:child_number	*/	0
		/*	3:name	*/	48M,50M...58M齐头式(左端)-1/B6+6LM1-13
		/*	3:type	*/	上承式梁\公共组件\梁端\梁端公共组件\带螺栓零件\B6+6LM1.SLDASM
		/*	3:location	*/	-4.37516E-16	-1.66533E-15	1.0	0.0	-2.13429E-16	1.0	1.66533E-15	0.0	-1.0	-2.13429E-16	-4.37516E-16	0.0	-1.26179	1.69065	-4.17313	1.0
		/*	3:child_number	*/	7
			/*	4:name	*/	48M,50M...58M齐头式(左端)-1/B6+6LM1-13/B6_弦杆拼接板-1
			/*	4:type	*/	零件\B6_弦杆拼接板.SLDPRT
			/*	4:location	*/	1.0	0.0	4.93038E-32	0.0	0.0	1.0	3.5598E-32	0.0	0.0	1.09461E-32	1.0	0.0	-0.336963	0.0141885	-0.008	1.0
			/*	4:child_number	*/	0
			/*	4:name	*/	48M,50M...58M齐头式(左端)-1/B6+6LM1-13/螺母1-1
			/*	4:type	*/	零件\螺母1.SLDPRT
			/*	4:location	*/	0.866025	0.5	0.0	0.0	-0.5	0.866025	-2.46519E-32	0.0	0.0	1.09461E-32	1.0	0.0	-0.331873	0.0682103	0.008	1.0
			/*	4:child_number	*/	0
			/*	4:name	*/	48M,50M...58M齐头式(左端)-1/B6+6LM1-13/螺母1-2
			/*	4:type	*/	零件\螺母1.SLDPRT
			/*	4:location	*/	0.866025	0.5	0.0	0.0	-0.5	0.866025	-2.46519E-32	0.0	0.0	1.09461E-32	1.0	0.0	-0.231873	0.0682103	0.008	1.0
			/*	4:child_number	*/	0
			/*	4:name	*/	48M,50M...58M齐头式(左端)-1/B6+6LM1-13/螺母1-3
			/*	4:type	*/	零件\螺母1.SLDPRT
			/*	4:location	*/	0.866025	0.5	0.0	0.0	-0.5	0.866025	-2.46519E-32	0.0	0.0	1.09461E-32	1.0	0.0	-0.131873	0.0682103	0.008	1.0
			/*	4:child_number	*/	0
			/*	4:name	*/	48M,50M...58M齐头式(左端)-1/B6+6LM1-13/螺母1-4
			/*	4:type	*/	零件\螺母1.SLDPRT
			/*	4:location	*/	0.866025	0.5	0.0	0.0	-0.5	0.866025	-2.46519E-32	0.0	0.0	1.09461E-32	1.0	0.0	0.188127	0.0682103	0.008	1.0
			/*	4:child_number	*/	0
			/*	4:name	*/	48M,50M...58M齐头式(左端)-1/B6+6LM1-13/螺母1-5
			/*	4:type	*/	零件\螺母1.SLDPRT
			/*	4:location	*/	0.866025	0.5	0.0	0.0	-0.5	0.866025	-2.46519E-32	0.0	0.0	1.09461E-32	1.0	0.0	0.0881274	0.0682103	0.008	1.0
			/*	4:child_number	*/	0
			/*	4:name	*/	48M,50M...58M齐头式(左端)-1/B6+6LM1-13/螺母1-6
			/*	4:type	*/	零件\螺母1.SLDPRT
			/*	4:location	*/	0.866025	0.5	0.0	0.0	-0.5	0.866025	-2.46519E-32	0.0	0.0	1.09461E-32	1.0	0.0	-0.0118726	0.0682103	0.008	1.0
			/*	4:child_number	*/	0
		/*	3:name	*/	48M,50M...58M齐头式(左端)-1/B6+6LM1-14
		/*	3:type	*/	上承式梁\公共组件\梁端\梁端公共组件\带螺栓零件\B6+6LM1.SLDASM
		/*	3:location	*/	4.03901E-17	-6.27276E-15	-1.0	0.0	4.44353E-17	1.0	-6.27276E-15	0.0	1.0	-4.44353E-17	4.03901E-17	0.0	-1.56179	1.69065	-4.31687	1.0
		/*	3:child_number	*/	7
			/*	4:name	*/	48M,50M...58M齐头式(左端)-1/B6+6LM1-14/B6_弦杆拼接板-1
			/*	4:type	*/	零件\B6_弦杆拼接板.SLDPRT
			/*	4:location	*/	1.0	0.0	0.0	0.0	0.0	1.0	-6.75166E-34	0.0	0.0	-6.75166E-34	1.0	0.0	-0.336963	0.0141885	-0.008	1.0
			/*	4:child_number	*/	0
			/*	4:name	*/	48M,50M...58M齐头式(左端)-1/B6+6LM1-14/螺母1-1
			/*	4:type	*/	零件\螺母1.SLDPRT
			/*	4:location	*/	0.866025	0.5	-1.2326E-32	0.0	-0.5	0.866025	6.16298E-33	0.0	4.31408E-32	1.78138E-32	1.0	0.0	-0.331873	0.0682103	0.008	1.0
			/*	4:child_number	*/	0
			/*	4:name	*/	48M,50M...58M齐头式(左端)-1/B6+6LM1-14/螺母1-2
			/*	4:type	*/	零件\螺母1.SLDPRT
			/*	4:location	*/	0.866025	0.5	-1.2326E-32	0.0	-0.5	0.866025	6.16298E-33	0.0	4.31408E-32	1.78138E-32	1.0	0.0	-0.231873	0.0682103	0.008	1.0
			/*	4:child_number	*/	0
			/*	4:name	*/	48M,50M...58M齐头式(左端)-1/B6+6LM1-14/螺母1-3
			/*	4:type	*/	零件\螺母1.SLDPRT
			/*	4:location	*/	0.866025	0.5	-1.2326E-32	0.0	-0.5	0.866025	6.16298E-33	0.0	4.31408E-32	1.78138E-32	1.0	0.0	-0.131873	0.0682103	0.008	1.0
			/*	4:child_number	*/	0
			/*	4:name	*/	48M,50M...58M齐头式(左端)-1/B6+6LM1-14/螺母1-4
			/*	4:type	*/	零件\螺母1.SLDPRT
			/*	4:location	*/	0.866025	0.5	-1.2326E-32	0.0	-0.5	0.866025	6.16298E-33	0.0	4.31408E-32	1.78138E-32	1.0	0.0	0.188127	0.0682103	0.008	1.0
			/*	4:child_number	*/	0
			/*	4:name	*/	48M,50M...58M齐头式(左端)-1/B6+6LM1-14/螺母1-5
			/*	4:type	*/	零件\螺母1.SLDPRT
			/*	4:location	*/	0.866025	0.5	-1.2326E-32	0.0	-0.5	0.866025	6.16298E-33	0.0	4.31408E-32	1.78138E-32	1.0	0.0	0.0881274	0.0682103	0.008	1.0
			/*	4:child_number	*/	0
			/*	4:name	*/	48M,50M...58M齐头式(左端)-1/B6+6LM1-14/螺母1-6
			/*	4:type	*/	零件\螺母1.SLDPRT
			/*	4:location	*/	0.866025	0.5	-1.2326E-32	0.0	-0.5	0.866025	6.16298E-33	0.0	4.31408E-32	1.78138E-32	1.0	0.0	-0.0118726	0.0682103	0.008	1.0
			/*	4:child_number	*/	0
		/*	3:name	*/	48M,50M...58M齐头式(左端)-1/B6+6LM1-15
		/*	3:type	*/	上承式梁\公共组件\梁端\梁端公共组件\带螺栓零件\B6+6LM1.SLDASM
		/*	3:location	*/	-4.37516E-16	-1.66533E-15	1.0	0.0	-2.13429E-16	1.0	1.66533E-15	0.0	-1.0	-2.13429E-16	-4.37516E-16	0.0	-1.26179	1.50065	-4.17313	1.0
		/*	3:child_number	*/	7
			/*	4:name	*/	48M,50M...58M齐头式(左端)-1/B6+6LM1-15/B6_弦杆拼接板-1
			/*	4:type	*/	零件\B6_弦杆拼接板.SLDPRT
			/*	4:location	*/	1.0	0.0	4.93038E-32	0.0	0.0	1.0	3.5598E-32	0.0	0.0	1.09461E-32	1.0	0.0	-0.336963	0.0141885	-0.008	1.0
			/*	4:child_number	*/	0
			/*	4:name	*/	48M,50M...58M齐头式(左端)-1/B6+6LM1-15/螺母1-1
			/*	4:type	*/	零件\螺母1.SLDPRT
			/*	4:location	*/	0.866025	0.5	0.0	0.0	-0.5	0.866025	-2.46519E-32	0.0	0.0	1.09461E-32	1.0	0.0	-0.331873	0.0682103	0.008	1.0
			/*	4:child_number	*/	0
			/*	4:name	*/	48M,50M...58M齐头式(左端)-1/B6+6LM1-15/螺母1-2
			/*	4:type	*/	零件\螺母1.SLDPRT
			/*	4:location	*/	0.866025	0.5	0.0	0.0	-0.5	0.866025	-2.46519E-32	0.0	0.0	1.09461E-32	1.0	0.0	-0.231873	0.0682103	0.008	1.0
			/*	4:child_number	*/	0
			/*	4:name	*/	48M,50M...58M齐头式(左端)-1/B6+6LM1-15/螺母1-3
			/*	4:type	*/	零件\螺母1.SLDPRT
			/*	4:location	*/	0.866025	0.5	0.0	0.0	-0.5	0.866025	-2.46519E-32	0.0	0.0	1.09461E-32	1.0	0.0	-0.131873	0.0682103	0.008	1.0
			/*	4:child_number	*/	0
			/*	4:name	*/	48M,50M...58M齐头式(左端)-1/B6+6LM1-15/螺母1-4
			/*	4:type	*/	零件\螺母1.SLDPRT
			/*	4:location	*/	0.866025	0.5	0.0	0.0	-0.5	0.866025	-2.46519E-32	0.0	0.0	1.09461E-32	1.0	0.0	0.188127	0.0682103	0.008	1.0
			/*	4:child_number	*/	0
			/*	4:name	*/	48M,50M...58M齐头式(左端)-1/B6+6LM1-15/螺母1-5
			/*	4:type	*/	零件\螺母1.SLDPRT
			/*	4:location	*/	0.866025	0.5	0.0	0.0	-0.5	0.866025	-2.46519E-32	0.0	0.0	1.09461E-32	1.0	0.0	0.0881274	0.0682103	0.008	1.0
			/*	4:child_number	*/	0
			/*	4:name	*/	48M,50M...58M齐头式(左端)-1/B6+6LM1-15/螺母1-6
			/*	4:type	*/	零件\螺母1.SLDPRT
			/*	4:location	*/	0.866025	0.5	0.0	0.0	-0.5	0.866025	-2.46519E-32	0.0	0.0	1.09461E-32	1.0	0.0	-0.0118726	0.0682103	0.008	1.0
			/*	4:child_number	*/	0
		/*	3:name	*/	48M,50M...58M齐头式(左端)-1/B6+6LM1-16
		/*	3:type	*/	上承式梁\公共组件\梁端\梁端公共组件\带螺栓零件\B6+6LM1.SLDASM
		/*	3:location	*/	4.03901E-17	-6.27276E-15	-1.0	0.0	4.44353E-17	1.0	-6.27276E-15	0.0	1.0	-4.44353E-17	4.03901E-17	0.0	-1.56179	1.50065	-4.31687	1.0
		/*	3:child_number	*/	7
			/*	4:name	*/	48M,50M...58M齐头式(左端)-1/B6+6LM1-16/B6_弦杆拼接板-1
			/*	4:type	*/	零件\B6_弦杆拼接板.SLDPRT
			/*	4:location	*/	1.0	0.0	0.0	0.0	0.0	1.0	-6.75166E-34	0.0	0.0	-6.75166E-34	1.0	0.0	-0.336963	0.0141885	-0.008	1.0
			/*	4:child_number	*/	0
			/*	4:name	*/	48M,50M...58M齐头式(左端)-1/B6+6LM1-16/螺母1-1
			/*	4:type	*/	零件\螺母1.SLDPRT
			/*	4:location	*/	0.866025	0.5	-1.2326E-32	0.0	-0.5	0.866025	6.16298E-33	0.0	4.31408E-32	1.78138E-32	1.0	0.0	-0.331873	0.0682103	0.008	1.0
			/*	4:child_number	*/	0
			/*	4:name	*/	48M,50M...58M齐头式(左端)-1/B6+6LM1-16/螺母1-2
			/*	4:type	*/	零件\螺母1.SLDPRT
			/*	4:location	*/	0.866025	0.5	-1.2326E-32	0.0	-0.5	0.866025	6.16298E-33	0.0	4.31408E-32	1.78138E-32	1.0	0.0	-0.231873	0.0682103	0.008	1.0
			/*	4:child_number	*/	0
			/*	4:name	*/	48M,50M...58M齐头式(左端)-1/B6+6LM1-16/螺母1-3
			/*	4:type	*/	零件\螺母1.SLDPRT
			/*	4:location	*/	0.866025	0.5	-1.2326E-32	0.0	-0.5	0.866025	6.16298E-33	0.0	4.31408E-32	1.78138E-32	1.0	0.0	-0.131873	0.0682103	0.008	1.0
			/*	4:child_number	*/	0
			/*	4:name	*/	48M,50M...58M齐头式(左端)-1/B6+6LM1-16/螺母1-4
			/*	4:type	*/	零件\螺母1.SLDPRT
			/*	4:location	*/	0.866025	0.5	-1.2326E-32	0.0	-0.5	0.866025	6.16298E-33	0.0	4.31408E-32	1.78138E-32	1.0	0.0	0.188127	0.0682103	0.008	1.0
			/*	4:child_number	*/	0
			/*	4:name	*/	48M,50M...58M齐头式(左端)-1/B6+6LM1-16/螺母1-5
			/*	4:type	*/	零件\螺母1.SLDPRT
			/*	4:location	*/	0.866025	0.5	-1.2326E-32	0.0	-0.5	0.866025	6.16298E-33	0.0	4.31408E-32	1.78138E-32	1.0	0.0	0.0881274	0.0682103	0.008	1.0
			/*	4:child_number	*/	0
			/*	4:name	*/	48M,50M...58M齐头式(左端)-1/B6+6LM1-16/螺母1-6
			/*	4:type	*/	零件\螺母1.SLDPRT
			/*	4:location	*/	0.866025	0.5	-1.2326E-32	0.0	-0.5	0.866025	6.16298E-33	0.0	4.31408E-32	1.78138E-32	1.0	0.0	-0.0118726	0.0682103	0.008	1.0
			/*	4:child_number	*/	0
		/*	3:name	*/	48M,50M...58M齐头式(左端)-1/B6+6LM1-9
		/*	3:type	*/	上承式梁\公共组件\梁端\梁端公共组件\带螺栓零件\B6+6LM1.SLDASM
		/*	3:location	*/	-2.2307E-16	-4.27064E-12	-1.0	0.0	1.4814E-16	1.0	-4.27064E-12	0.0	1.0	-1.4814E-16	-2.2307E-16	0.0	-4.46179	1.69065	-4.31687	1.0
		/*	3:child_number	*/	7
			/*	4:name	*/	48M,50M...58M齐头式(左端)-1/B6+6LM1-9/B6_弦杆拼接板-1
			/*	4:type	*/	零件\B6_弦杆拼接板.SLDPRT
			/*	4:location	*/	1.0	0.0	0.0	0.0	0.0	1.0	4.01345E-33	0.0	0.0	4.01345E-33	1.0	0.0	-0.336963	0.0141885	-0.008	1.0
			/*	4:child_number	*/	0
			/*	4:name	*/	48M,50M...58M齐头式(左端)-1/B6+6LM1-9/螺母1-1
			/*	4:type	*/	零件\螺母1.SLDPRT
			/*	4:location	*/	0.866025	0.5	-4.93038E-32	0.0	-0.5	0.866025	0.0	0.0	0.0	5.33173E-32	1.0	0.0	-0.331873	0.0682103	0.008	1.0
			/*	4:child_number	*/	0
			/*	4:name	*/	48M,50M...58M齐头式(左端)-1/B6+6LM1-9/螺母1-2
			/*	4:type	*/	零件\螺母1.SLDPRT
			/*	4:location	*/	0.866025	0.5	-4.93038E-32	0.0	-0.5	0.866025	0.0	0.0	0.0	5.33173E-32	1.0	0.0	-0.231873	0.0682103	0.008	1.0
			/*	4:child_number	*/	0
			/*	4:name	*/	48M,50M...58M齐头式(左端)-1/B6+6LM1-9/螺母1-3
			/*	4:type	*/	零件\螺母1.SLDPRT
			/*	4:location	*/	0.866025	0.5	-4.93038E-32	0.0	-0.5	0.866025	0.0	0.0	0.0	5.33173E-32	1.0	0.0	-0.131873	0.0682103	0.008	1.0
			/*	4:child_number	*/	0
			/*	4:name	*/	48M,50M...58M齐头式(左端)-1/B6+6LM1-9/螺母1-4
			/*	4:type	*/	零件\螺母1.SLDPRT
			/*	4:location	*/	0.866025	0.5	-4.93038E-32	0.0	-0.5	0.866025	0.0	0.0	0.0	5.33173E-32	1.0	0.0	0.188127	0.0682103	0.008	1.0
			/*	4:child_number	*/	0
			/*	4:name	*/	48M,50M...58M齐头式(左端)-1/B6+6LM1-9/螺母1-5
			/*	4:type	*/	零件\螺母1.SLDPRT
			/*	4:location	*/	0.866025	0.5	-4.93038E-32	0.0	-0.5	0.866025	0.0	0.0	0.0	5.33173E-32	1.0	0.0	0.0881274	0.0682103	0.008	1.0
			/*	4:child_number	*/	0
			/*	4:name	*/	48M,50M...58M齐头式(左端)-1/B6+6LM1-9/螺母1-6
			/*	4:type	*/	零件\螺母1.SLDPRT
			/*	4:location	*/	0.866025	0.5	-4.93038E-32	0.0	-0.5	0.866025	0.0	0.0	0.0	5.33173E-32	1.0	0.0	-0.0118726	0.0682103	0.008	1.0
			/*	4:child_number	*/	0
		/*	3:name	*/	48M,50M...58M齐头式(左端)-1/L2(配3b)-1
		/*	3:type	*/	上承式梁\公共组件\梁端\齐头式梁端\带螺栓零件\L2(配3b).SLDASM
		/*	3:location	*/	1.31851E-17	1.18239E-14	-1.0	0.0	2.21917E-16	1.0	1.18239E-14	0.0	1.0	-2.21917E-16	1.31851E-17	0.0	-2.86179	-2.54761	3.62593	1.0
		/*	3:child_number	*/	13
			/*	4:name	*/	48M,50M...58M齐头式(左端)-1/L2(配3b)-1/LS1_1号螺栓-10
			/*	4:type	*/	零件\LS1_1号螺栓.SLDPRT
			/*	4:location	*/	0.997812	0.066117	0.0	0.0	0.066117	-0.997812	-5.77779E-34	0.0	-1.84889E-32	-3.26398E-32	-1.0	0.0	0.0309335	-0.0335256	-1.209	1.0
			/*	4:child_number	*/	0
			/*	4:name	*/	48M,50M...58M齐头式(左端)-1/L2(配3b)-1/LS1_1号螺栓-3
			/*	4:type	*/	零件\LS1_1号螺栓.SLDPRT
			/*	4:location	*/	0.997812	-0.066117	-3.08149E-33	0.0	0.066117	0.997812	-1.15556E-32	0.0	2.15704E-32	5.72917E-32	1.0	0.0	-0.224066	0.101474	1.209	1.0
			/*	4:child_number	*/	0
			/*	4:name	*/	48M,50M...58M齐头式(左端)-1/L2(配3b)-1/LS1_1号螺栓-4
			/*	4:type	*/	零件\LS1_1号螺栓.SLDPRT
			/*	4:location	*/	0.997812	-0.066117	-3.08149E-33	0.0	0.066117	0.997812	-1.15556E-32	0.0	2.15704E-32	5.72917E-32	1.0	0.0	-0.0340665	0.101474	1.209	1.0
			/*	4:child_number	*/	0
			/*	4:name	*/	48M,50M...58M齐头式(左端)-1/L2(配3b)-1/LS1_1号螺栓-5
			/*	4:type	*/	零件\LS1_1号螺栓.SLDPRT
			/*	4:location	*/	0.997812	-0.066117	-3.08149E-33	0.0	0.066117	0.997812	-1.15556E-32	0.0	2.15704E-32	5.72917E-32	1.0	0.0	0.0309335	-0.0335256	1.209	1.0
			/*	4:child_number	*/	0
			/*	4:name	*/	48M,50M...58M齐头式(左端)-1/L2(配3b)-1/LS1_1号螺栓-6
			/*	4:type	*/	零件\LS1_1号螺栓.SLDPRT
			/*	4:location	*/	0.997812	-0.066117	-3.08149E-33	0.0	0.066117	0.997812	-1.15556E-32	0.0	2.15704E-32	5.72917E-32	1.0	0.0	-0.0690665	-0.0335256	1.209	1.0
			/*	4:child_number	*/	0
			/*	4:name	*/	48M,50M...58M齐头式(左端)-1/L2(配3b)-1/LS1_1号螺栓-7
			/*	4:type	*/	零件\LS1_1号螺栓.SLDPRT
			/*	4:location	*/	0.997812	0.066117	0.0	0.0	0.066117	-0.997812	-5.77779E-34	0.0	-1.84889E-32	-3.26398E-32	-1.0	0.0	-0.224066	0.101474	-1.209	1.0
			/*	4:child_number	*/	0
			/*	4:name	*/	48M,50M...58M齐头式(左端)-1/L2(配3b)-1/LS1_1号螺栓-8
			/*	4:type	*/	零件\LS1_1号螺栓.SLDPRT
			/*	4:location	*/	0.997812	0.066117	0.0	0.0	0.066117	-0.997812	-5.77779E-34	0.0	-1.84889E-32	-3.26398E-32	-1.0	0.0	-0.0340665	0.101474	-1.209	1.0
			/*	4:child_number	*/	0
			/*	4:name	*/	48M,50M...58M齐头式(左端)-1/L2(配3b)-1/LS1_1号螺栓-9
			/*	4:type	*/	零件\LS1_1号螺栓.SLDPRT
			/*	4:location	*/	0.997812	0.066117	0.0	0.0	0.066117	-0.997812	-5.77779E-34	0.0	-1.84889E-32	-3.26398E-32	-1.0	0.0	-0.0690665	-0.0335256	-1.209	1.0
			/*	4:child_number	*/	0
			/*	4:name	*/	48M,50M...58M齐头式(左端)-1/L2(配3b)-1/LS2_2号螺栓-3
			/*	4:type	*/	零件\LS2_2号螺栓.SLDPRT
			/*	4:location	*/	0.997812	-0.066117	-3.08149E-33	0.0	0.066117	0.997812	-1.15556E-32	0.0	2.15704E-32	5.72917E-32	1.0	0.0	-0.289066	-0.0335256	1.209	1.0
			/*	4:child_number	*/	0
			/*	4:name	*/	48M,50M...58M齐头式(左端)-1/L2(配3b)-1/LS2_2号螺栓-4
			/*	4:type	*/	零件\LS2_2号螺栓.SLDPRT
			/*	4:location	*/	0.997812	-0.066117	-3.08149E-33	0.0	0.066117	0.997812	-1.15556E-32	0.0	2.15704E-32	5.72917E-32	1.0	0.0	-0.189066	-0.0335256	1.209	1.0
			/*	4:child_number	*/	0
			/*	4:name	*/	48M,50M...58M齐头式(左端)-1/L2(配3b)-1/LS2_2号螺栓-5
			/*	4:type	*/	零件\LS2_2号螺栓.SLDPRT
			/*	4:location	*/	0.997812	0.066117	0.0	0.0	0.066117	-0.997812	-5.77779E-34	0.0	-1.84889E-32	-3.26398E-32	-1.0	0.0	-0.289066	-0.0335256	-1.209	1.0
			/*	4:child_number	*/	0
			/*	4:name	*/	48M,50M...58M齐头式(左端)-1/L2(配3b)-1/LS2_2号螺栓-6
			/*	4:type	*/	零件\LS2_2号螺栓.SLDPRT
			/*	4:location	*/	0.997812	0.066117	0.0	0.0	0.066117	-0.997812	-5.77779E-34	0.0	-1.84889E-32	-3.26398E-32	-1.0	0.0	-0.189066	-0.0335256	-1.209	1.0
			/*	4:child_number	*/	0
			/*	4:name	*/	48M,50M...58M齐头式(左端)-1/L2(配3b)-1/l2_直撑-1
			/*	4:type	*/	零件\l2_直撑.SLDPRT
			/*	4:location	*/	1.0	0.0	0.0	0.0	0.0	1.0	7.98794E-33	0.0	0.0	7.98794E-33	1.0	0.0	-0.129066	-0.128526	0.0	1.0
			/*	4:child_number	*/	0
		/*	3:name	*/	48M,50M...58M齐头式(左端)-1/L2(配6b)-1
		/*	3:type	*/	上承式梁\公共组件\畸零节间\4M畸零节间\带螺栓零件\L2(配6b).SLDASM
		/*	3:location	*/	1.14142E-15	-1.38597E-13	-1.0	0.0	-3.00391E-16	1.0	-1.38597E-13	0.0	1.0	3.00391E-16	1.14142E-15	0.0	-2.86179	-2.54091	-0.299864	1.0
		/*	3:child_number	*/	13
			/*	4:name	*/	48M,50M...58M齐头式(左端)-1/L2(配6b)-1/LS1_1号螺栓-1
			/*	4:type	*/	零件\LS1_1号螺栓.SLDPRT
			/*	4:location	*/	0.997812	-0.066117	1.97215E-31	0.0	0.066117	0.997812	-2.46519E-32	0.0	0.0	1.83791E-32	1.0	0.0	-0.214864	-0.0402241	1.209	1.0
			/*	4:child_number	*/	0
			/*	4:name	*/	48M,50M...58M齐头式(左端)-1/L2(配6b)-1/LS1_1号螺栓-2
			/*	4:type	*/	零件\LS1_1号螺栓.SLDPRT
			/*	4:location	*/	0.997812	-0.066117	1.97215E-31	0.0	0.066117	0.997812	-2.46519E-32	0.0	0.0	1.83791E-32	1.0	0.0	-0.114864	-0.0402241	1.209	1.0
			/*	4:child_number	*/	0
			/*	4:name	*/	48M,50M...58M齐头式(左端)-1/L2(配6b)-1/LS1_1号螺栓-3
			/*	4:type	*/	零件\LS1_1号螺栓.SLDPRT
			/*	4:location	*/	0.997812	-0.066117	1.97215E-31	0.0	0.066117	0.997812	-2.46519E-32	0.0	0.0	1.83791E-32	1.0	0.0	0.00513641	-0.0402241	1.209	1.0
			/*	4:child_number	*/	0
			/*	4:name	*/	48M,50M...58M齐头式(左端)-1/L2(配6b)-1/LS1_1号螺栓-4
			/*	4:type	*/	零件\LS1_1号螺栓.SLDPRT
			/*	4:location	*/	0.997812	-0.066117	1.97215E-31	0.0	0.066117	0.997812	-2.46519E-32	0.0	0.0	1.83791E-32	1.0	0.0	0.105136	-0.0402241	1.209	1.0
			/*	4:child_number	*/	0
			/*	4:name	*/	48M,50M...58M齐头式(左端)-1/L2(配6b)-1/LS1_1号螺栓-5
			/*	4:type	*/	零件\LS1_1号螺栓.SLDPRT
			/*	4:location	*/	0.997812	0.066117	0.0	0.0	0.066117	-0.997812	-4.93038E-32	0.0	0.0	-1.83791E-32	-1.0	0.0	-0.214864	-0.0402241	-1.209	1.0
			/*	4:child_number	*/	0
			/*	4:name	*/	48M,50M...58M齐头式(左端)-1/L2(配6b)-1/LS1_1号螺栓-6
			/*	4:type	*/	零件\LS1_1号螺栓.SLDPRT
			/*	4:location	*/	0.997812	0.066117	0.0	0.0	0.066117	-0.997812	-4.93038E-32	0.0	0.0	-1.83791E-32	-1.0	0.0	-0.114864	-0.0402241	-1.209	1.0
			/*	4:child_number	*/	0
			/*	4:name	*/	48M,50M...58M齐头式(左端)-1/L2(配6b)-1/LS1_1号螺栓-7
			/*	4:type	*/	零件\LS1_1号螺栓.SLDPRT
			/*	4:location	*/	0.997812	0.066117	0.0	0.0	0.066117	-0.997812	-4.93038E-32	0.0	0.0	-1.83791E-32	-1.0	0.0	0.00513641	-0.0402241	-1.209	1.0
			/*	4:child_number	*/	0
			/*	4:name	*/	48M,50M...58M齐头式(左端)-1/L2(配6b)-1/LS1_1号螺栓-8
			/*	4:type	*/	零件\LS1_1号螺栓.SLDPRT
			/*	4:location	*/	0.997812	0.066117	0.0	0.0	0.066117	-0.997812	-4.93038E-32	0.0	0.0	-1.83791E-32	-1.0	0.0	0.105136	-0.0402241	-1.209	1.0
			/*	4:child_number	*/	0
			/*	4:name	*/	48M,50M...58M齐头式(左端)-1/L2(配6b)-1/LS2_2号螺栓-1
			/*	4:type	*/	零件\LS2_2号螺栓.SLDPRT
			/*	4:location	*/	0.997812	-0.066117	1.97215E-31	0.0	0.066117	0.997812	-2.46519E-32	0.0	0.0	1.83791E-32	1.0	0.0	-0.149864	0.0947759	1.209	1.0
			/*	4:child_number	*/	0
			/*	4:name	*/	48M,50M...58M齐头式(左端)-1/L2(配6b)-1/LS2_2号螺栓-2
			/*	4:type	*/	零件\LS2_2号螺栓.SLDPRT
			/*	4:location	*/	0.997812	-0.066117	1.97215E-31	0.0	0.066117	0.997812	-2.46519E-32	0.0	0.0	1.83791E-32	1.0	0.0	0.0401364	0.0947759	1.209	1.0
			/*	4:child_number	*/	0
			/*	4:name	*/	48M,50M...58M齐头式(左端)-1/L2(配6b)-1/LS2_2号螺栓-3
			/*	4:type	*/	零件\LS2_2号螺栓.SLDPRT
			/*	4:location	*/	0.997812	0.066117	0.0	0.0	0.066117	-0.997812	-4.93038E-32	0.0	0.0	-1.83791E-32	-1.0	0.0	-0.149864	0.0947759	-1.209	1.0
			/*	4:child_number	*/	0
			/*	4:name	*/	48M,50M...58M齐头式(左端)-1/L2(配6b)-1/LS2_2号螺栓-4
			/*	4:type	*/	零件\LS2_2号螺栓.SLDPRT
			/*	4:location	*/	0.997812	0.066117	0.0	0.0	0.066117	-0.997812	-4.93038E-32	0.0	0.0	-1.83791E-32	-1.0	0.0	0.0401364	0.0947759	-1.209	1.0
			/*	4:child_number	*/	0
			/*	4:name	*/	48M,50M...58M齐头式(左端)-1/L2(配6b)-1/l2_直撑-1
			/*	4:type	*/	零件\l2_直撑.SLDPRT
			/*	4:location	*/	1.0	0.0	0.0	0.0	0.0	1.0	1.83791E-32	0.0	0.0	1.83791E-32	1.0	0.0	-0.0548636	-0.135224	0.0	1.0
			/*	4:child_number	*/	0
		/*	3:name	*/	48M,50M...58M齐头式(左端)-1/Q6+2J1(左端)-1
		/*	3:type	*/	上承式梁\公共组件\纵梁\Q6+2J1(左端).sldasm
		/*	3:location	*/	1.0	0.0	0.0	0.0	0.0	1.0	0.0	0.0	0.0	0.0	1.0	0.0	-1.96179	1.78886	3.9095	1.0
		/*	3:child_number	*/	19
			/*	4:name	*/	48M,50M...58M齐头式(左端)-1/Q6+2J1(左端)-1/J1_1号联结角钢-1
			/*	4:type	*/	零件\J1_1号联结角钢.SLDPRT
			/*	4:location	*/	1.0	0.0	0.0	0.0	0.0	1.0	0.0	0.0	0.0	0.0	1.0	0.0	-0.131	-0.145	-0.1485	1.0
			/*	4:child_number	*/	0
			/*	4:name	*/	48M,50M...58M齐头式(左端)-1/Q6+2J1(左端)-1/J1_1号联结角钢-2
			/*	4:type	*/	零件\J1_1号联结角钢.SLDPRT
			/*	4:location	*/	-1.0	-1.11022E-16	2.77556E-17	0.0	1.11022E-16	-1.0	-7.23033E-15	0.0	2.77556E-17	-7.23033E-15	1.0	0.0	0.131	0.145	-0.1485	1.0
			/*	4:child_number	*/	0
			/*	4:name	*/	48M,50M...58M齐头式(左端)-1/Q6+2J1(左端)-1/LS3_3号螺栓-1
			/*	4:type	*/	零件\LS3_3号螺栓.SLDPRT
			/*	4:location	*/	2.4067E-16	-0.897189	0.441647	0.0	-8.7535E-17	0.441647	0.897189	0.0	-1.0	-2.54586E-16	2.77556E-17	0.0	0.037	-0.1	0.0105	1.0
			/*	4:child_number	*/	0
			/*	4:name	*/	48M,50M...58M齐头式(左端)-1/Q6+2J1(左端)-1/LS3_3号螺栓-10
			/*	4:type	*/	零件\LS3_3号螺栓.SLDPRT
			/*	4:location	*/	0.997812	0.066117	-1.39354E-15	0.0	0.066117	-0.997812	2.10308E-14	0.0	0.0	-2.10769E-14	-1.0	0.0	0.09	0.1	-0.1175	1.0
			/*	4:child_number	*/	0
			/*	4:name	*/	48M,50M...58M齐头式(左端)-1/Q6+2J1(左端)-1/LS3_3号螺栓-11
			/*	4:type	*/	零件\LS3_3号螺栓.SLDPRT
			/*	4:location	*/	0.997812	0.066117	-1.39354E-15	0.0	0.066117	-0.997812	2.10308E-14	0.0	0.0	-2.10769E-14	-1.0	0.0	0.09	-2.66454E-15	-0.1175	1.0
			/*	4:child_number	*/	0
			/*	4:name	*/	48M,50M...58M齐头式(左端)-1/Q6+2J1(左端)-1/LS3_3号螺栓-12
			/*	4:type	*/	零件\LS3_3号螺栓.SLDPRT
			/*	4:location	*/	0.997812	0.066117	-1.39354E-15	0.0	0.066117	-0.997812	2.10308E-14	0.0	0.0	-2.10769E-14	-1.0	0.0	0.09	-0.1	-0.1175	1.0
			/*	4:child_number	*/	0
			/*	4:name	*/	48M,50M...58M齐头式(左端)-1/Q6+2J1(左端)-1/LS3_3号螺栓-2
			/*	4:type	*/	零件\LS3_3号螺栓.SLDPRT
			/*	4:location	*/	2.4067E-16	-0.897189	0.441647	0.0	-8.7535E-17	0.441647	0.897189	0.0	-1.0	-2.54586E-16	2.77556E-17	0.0	0.037	-8.88178E-16	0.0105	1.0
			/*	4:child_number	*/	0
			/*	4:name	*/	48M,50M...58M齐头式(左端)-1/Q6+2J1(左端)-1/LS3_3号螺栓-3
			/*	4:type	*/	零件\LS3_3号螺栓.SLDPRT
			/*	4:location	*/	2.4067E-16	-0.897189	0.441647	0.0	-8.7535E-17	0.441647	0.897189	0.0	-1.0	-2.54586E-16	2.77556E-17	0.0	0.037	0.1	0.0105	1.0
			/*	4:child_number	*/	0
			/*	4:name	*/	48M,50M...58M齐头式(左端)-1/Q6+2J1(左端)-1/LS3_3号螺栓-4
			/*	4:type	*/	零件\LS3_3号螺栓.SLDPRT
			/*	4:location	*/	4.45273E-17	-0.066117	0.997812	0.0	-2.52193E-16	0.997812	0.066117	0.0	-1.0	-2.54586E-16	2.77556E-17	0.0	0.037	-0.05	-0.0695	1.0
			/*	4:child_number	*/	0
			/*	4:name	*/	48M,50M...58M齐头式(左端)-1/Q6+2J1(左端)-1/LS3_3号螺栓-5
			/*	4:type	*/	零件\LS3_3号螺栓.SLDPRT
			/*	4:location	*/	4.45273E-17	-0.066117	0.997812	0.0	-2.52193E-16	0.997812	0.066117	0.0	-1.0	-2.54586E-16	2.77556E-17	0.0	0.037	0.05	-0.0695	1.0
			/*	4:child_number	*/	0
			/*	4:name	*/	48M,50M...58M齐头式(左端)-1/Q6+2J1(左端)-1/LS3_3号螺栓-7
			/*	4:type	*/	零件\LS3_3号螺栓.SLDPRT
			/*	4:location	*/	0.997812	0.066117	-1.39354E-15	0.0	0.066117	-0.997812	2.10308E-14	0.0	0.0	-2.10769E-14	-1.0	0.0	-0.09	0.1	-0.1175	1.0
			/*	4:child_number	*/	0
			/*	4:name	*/	48M,50M...58M齐头式(左端)-1/Q6+2J1(左端)-1/LS3_3号螺栓-8
			/*	4:type	*/	零件\LS3_3号螺栓.SLDPRT
			/*	4:location	*/	0.997812	0.066117	-1.39354E-15	0.0	0.066117	-0.997812	2.10308E-14	0.0	0.0	-2.10769E-14	-1.0	0.0	-0.09	-2.66454E-15	-0.1175	1.0
			/*	4:child_number	*/	0
			/*	4:name	*/	48M,50M...58M齐头式(左端)-1/Q6+2J1(左端)-1/LS3_3号螺栓-9
			/*	4:type	*/	零件\LS3_3号螺栓.SLDPRT
			/*	4:location	*/	0.997812	0.066117	-1.39354E-15	0.0	0.066117	-0.997812	2.10308E-14	0.0	0.0	-2.10769E-14	-1.0	0.0	-0.09	-0.1	-0.1175	1.0
			/*	4:child_number	*/	0
			/*	4:name	*/	48M,50M...58M齐头式(左端)-1/Q6+2J1(左端)-1/Q6_纵梁端头-1
			/*	4:type	*/	零件\Q6_纵梁端头.SLDPRT
			/*	4:location	*/	1.0	0.0	0.0	0.0	0.0	1.0	0.0	0.0	0.0	0.0	1.0	0.0	0.0	0.0	0.0	1.0
			/*	4:child_number	*/	0
			/*	4:name	*/	48M,50M...58M齐头式(左端)-1/Q6+2J1(左端)-1/螺母3-1
			/*	4:type	*/	零件\螺母3.SLDPRT
			/*	4:location	*/	2.34355E-16	-0.866025	0.5	0.0	-1.03256E-16	0.5	0.866025	0.0	-1.0	-2.54586E-16	2.77556E-17	0.0	-0.018	-0.1	0.0105	1.0
			/*	4:child_number	*/	0
			/*	4:name	*/	48M,50M...58M齐头式(左端)-1/Q6+2J1(左端)-1/螺母3-2
			/*	4:type	*/	零件\螺母3.SLDPRT
			/*	4:location	*/	2.77556E-17	2.10804E-14	1.0	0.0	-2.54586E-16	1.0	-2.12191E-14	0.0	-1.0	-2.54586E-16	2.77556E-17	0.0	-0.018	-0.05	-0.0695	1.0
			/*	4:child_number	*/	0
			/*	4:name	*/	48M,50M...58M齐头式(左端)-1/Q6+2J1(左端)-1/螺母3-3
			/*	4:type	*/	零件\螺母3.SLDPRT
			/*	4:location	*/	2.34355E-16	-0.866025	0.5	0.0	-1.03256E-16	0.5	0.866025	0.0	-1.0	-2.54586E-16	2.77556E-17	0.0	-0.018	0.0	0.0105	1.0
			/*	4:child_number	*/	0
			/*	4:name	*/	48M,50M...58M齐头式(左端)-1/Q6+2J1(左端)-1/螺母3-4
			/*	4:type	*/	零件\螺母3.SLDPRT
			/*	4:location	*/	2.34355E-16	-0.866025	0.5	0.0	-1.03256E-16	0.5	0.866025	0.0	-1.0	-2.54586E-16	2.77556E-17	0.0	-0.018	0.1	0.0105	1.0
			/*	4:child_number	*/	0
			/*	4:name	*/	48M,50M...58M齐头式(左端)-1/Q6+2J1(左端)-1/螺母3-5
			/*	4:type	*/	零件\螺母3.SLDPRT
			/*	4:location	*/	2.77556E-17	2.10804E-14	1.0	0.0	-2.54586E-16	1.0	-2.12191E-14	0.0	-1.0	-2.54586E-16	2.77556E-17	0.0	-0.018	0.05	-0.0695	1.0
			/*	4:child_number	*/	0
		/*	3:name	*/	48M,50M...58M齐头式(左端)-1/Q6+2J1(左端)-2
		/*	3:type	*/	上承式梁\公共组件\纵梁\Q6+2J1(左端).sldasm
		/*	3:location	*/	1.0	0.0	0.0	0.0	0.0	1.0	0.0	0.0	0.0	0.0	1.0	0.0	-3.76179	1.78886	3.9095	1.0
		/*	3:child_number	*/	19
			/*	4:name	*/	48M,50M...58M齐头式(左端)-1/Q6+2J1(左端)-2/J1_1号联结角钢-1
			/*	4:type	*/	零件\J1_1号联结角钢.SLDPRT
			/*	4:location	*/	1.0	0.0	0.0	0.0	0.0	1.0	0.0	0.0	0.0	0.0	1.0	0.0	-0.131	-0.145	-0.1485	1.0
			/*	4:child_number	*/	0
			/*	4:name	*/	48M,50M...58M齐头式(左端)-1/Q6+2J1(左端)-2/J1_1号联结角钢-2
			/*	4:type	*/	零件\J1_1号联结角钢.SLDPRT
			/*	4:location	*/	-1.0	-1.11022E-16	2.77556E-17	0.0	1.11022E-16	-1.0	-7.23033E-15	0.0	2.77556E-17	-7.23033E-15	1.0	0.0	0.131	0.145	-0.1485	1.0
			/*	4:child_number	*/	0
			/*	4:name	*/	48M,50M...58M齐头式(左端)-1/Q6+2J1(左端)-2/LS3_3号螺栓-1
			/*	4:type	*/	零件\LS3_3号螺栓.SLDPRT
			/*	4:location	*/	2.4067E-16	-0.897189	0.441647	0.0	-8.7535E-17	0.441647	0.897189	0.0	-1.0	-2.54586E-16	2.77556E-17	0.0	0.037	-0.1	0.0105	1.0
			/*	4:child_number	*/	0
			/*	4:name	*/	48M,50M...58M齐头式(左端)-1/Q6+2J1(左端)-2/LS3_3号螺栓-10
			/*	4:type	*/	零件\LS3_3号螺栓.SLDPRT
			/*	4:location	*/	0.997812	0.066117	-1.39354E-15	0.0	0.066117	-0.997812	2.10308E-14	0.0	0.0	-2.10769E-14	-1.0	0.0	0.09	0.1	-0.1175	1.0
			/*	4:child_number	*/	0
			/*	4:name	*/	48M,50M...58M齐头式(左端)-1/Q6+2J1(左端)-2/LS3_3号螺栓-11
			/*	4:type	*/	零件\LS3_3号螺栓.SLDPRT
			/*	4:location	*/	0.997812	0.066117	-1.39354E-15	0.0	0.066117	-0.997812	2.10308E-14	0.0	0.0	-2.10769E-14	-1.0	0.0	0.09	-2.66454E-15	-0.1175	1.0
			/*	4:child_number	*/	0
			/*	4:name	*/	48M,50M...58M齐头式(左端)-1/Q6+2J1(左端)-2/LS3_3号螺栓-12
			/*	4:type	*/	零件\LS3_3号螺栓.SLDPRT
			/*	4:location	*/	0.997812	0.066117	-1.39354E-15	0.0	0.066117	-0.997812	2.10308E-14	0.0	0.0	-2.10769E-14	-1.0	0.0	0.09	-0.1	-0.1175	1.0
			/*	4:child_number	*/	0
			/*	4:name	*/	48M,50M...58M齐头式(左端)-1/Q6+2J1(左端)-2/LS3_3号螺栓-2
			/*	4:type	*/	零件\LS3_3号螺栓.SLDPRT
			/*	4:location	*/	2.4067E-16	-0.897189	0.441647	0.0	-8.7535E-17	0.441647	0.897189	0.0	-1.0	-2.54586E-16	2.77556E-17	0.0	0.037	-8.88178E-16	0.0105	1.0
			/*	4:child_number	*/	0
			/*	4:name	*/	48M,50M...58M齐头式(左端)-1/Q6+2J1(左端)-2/LS3_3号螺栓-3
			/*	4:type	*/	零件\LS3_3号螺栓.SLDPRT
			/*	4:location	*/	2.4067E-16	-0.897189	0.441647	0.0	-8.7535E-17	0.441647	0.897189	0.0	-1.0	-2.54586E-16	2.77556E-17	0.0	0.037	0.1	0.0105	1.0
			/*	4:child_number	*/	0
			/*	4:name	*/	48M,50M...58M齐头式(左端)-1/Q6+2J1(左端)-2/LS3_3号螺栓-4
			/*	4:type	*/	零件\LS3_3号螺栓.SLDPRT
			/*	4:location	*/	4.45273E-17	-0.066117	0.997812	0.0	-2.52193E-16	0.997812	0.066117	0.0	-1.0	-2.54586E-16	2.77556E-17	0.0	0.037	-0.05	-0.0695	1.0
			/*	4:child_number	*/	0
			/*	4:name	*/	48M,50M...58M齐头式(左端)-1/Q6+2J1(左端)-2/LS3_3号螺栓-5
			/*	4:type	*/	零件\LS3_3号螺栓.SLDPRT
			/*	4:location	*/	4.45273E-17	-0.066117	0.997812	0.0	-2.52193E-16	0.997812	0.066117	0.0	-1.0	-2.54586E-16	2.77556E-17	0.0	0.037	0.05	-0.0695	1.0
			/*	4:child_number	*/	0
			/*	4:name	*/	48M,50M...58M齐头式(左端)-1/Q6+2J1(左端)-2/LS3_3号螺栓-7
			/*	4:type	*/	零件\LS3_3号螺栓.SLDPRT
			/*	4:location	*/	0.997812	0.066117	-1.39354E-15	0.0	0.066117	-0.997812	2.10308E-14	0.0	0.0	-2.10769E-14	-1.0	0.0	-0.09	0.1	-0.1175	1.0
			/*	4:child_number	*/	0
			/*	4:name	*/	48M,50M...58M齐头式(左端)-1/Q6+2J1(左端)-2/LS3_3号螺栓-8
			/*	4:type	*/	零件\LS3_3号螺栓.SLDPRT
			/*	4:location	*/	0.997812	0.066117	-1.39354E-15	0.0	0.066117	-0.997812	2.10308E-14	0.0	0.0	-2.10769E-14	-1.0	0.0	-0.09	-2.66454E-15	-0.1175	1.0
			/*	4:child_number	*/	0
			/*	4:name	*/	48M,50M...58M齐头式(左端)-1/Q6+2J1(左端)-2/LS3_3号螺栓-9
			/*	4:type	*/	零件\LS3_3号螺栓.SLDPRT
			/*	4:location	*/	0.997812	0.066117	-1.39354E-15	0.0	0.066117	-0.997812	2.10308E-14	0.0	0.0	-2.10769E-14	-1.0	0.0	-0.09	-0.1	-0.1175	1.0
			/*	4:child_number	*/	0
			/*	4:name	*/	48M,50M...58M齐头式(左端)-1/Q6+2J1(左端)-2/Q6_纵梁端头-1
			/*	4:type	*/	零件\Q6_纵梁端头.SLDPRT
			/*	4:location	*/	1.0	0.0	0.0	0.0	0.0	1.0	0.0	0.0	0.0	0.0	1.0	0.0	0.0	0.0	0.0	1.0
			/*	4:child_number	*/	0
			/*	4:name	*/	48M,50M...58M齐头式(左端)-1/Q6+2J1(左端)-2/螺母3-1
			/*	4:type	*/	零件\螺母3.SLDPRT
			/*	4:location	*/	2.34355E-16	-0.866025	0.5	0.0	-1.03256E-16	0.5	0.866025	0.0	-1.0	-2.54586E-16	2.77556E-17	0.0	-0.018	-0.1	0.0105	1.0
			/*	4:child_number	*/	0
			/*	4:name	*/	48M,50M...58M齐头式(左端)-1/Q6+2J1(左端)-2/螺母3-2
			/*	4:type	*/	零件\螺母3.SLDPRT
			/*	4:location	*/	2.77556E-17	2.10804E-14	1.0	0.0	-2.54586E-16	1.0	-2.12191E-14	0.0	-1.0	-2.54586E-16	2.77556E-17	0.0	-0.018	-0.05	-0.0695	1.0
			/*	4:child_number	*/	0
			/*	4:name	*/	48M,50M...58M齐头式(左端)-1/Q6+2J1(左端)-2/螺母3-3
			/*	4:type	*/	零件\螺母3.SLDPRT
			/*	4:location	*/	2.34355E-16	-0.866025	0.5	0.0	-1.03256E-16	0.5	0.866025	0.0	-1.0	-2.54586E-16	2.77556E-17	0.0	-0.018	0.0	0.0105	1.0
			/*	4:child_number	*/	0
			/*	4:name	*/	48M,50M...58M齐头式(左端)-1/Q6+2J1(左端)-2/螺母3-4
			/*	4:type	*/	零件\螺母3.SLDPRT
			/*	4:location	*/	2.34355E-16	-0.866025	0.5	0.0	-1.03256E-16	0.5	0.866025	0.0	-1.0	-2.54586E-16	2.77556E-17	0.0	-0.018	0.1	0.0105	1.0
			/*	4:child_number	*/	0
			/*	4:name	*/	48M,50M...58M齐头式(左端)-1/Q6+2J1(左端)-2/螺母3-5
			/*	4:type	*/	零件\螺母3.SLDPRT
			/*	4:location	*/	2.77556E-17	2.10804E-14	1.0	0.0	-2.54586E-16	1.0	-2.12191E-14	0.0	-1.0	-2.54586E-16	2.77556E-17	0.0	-0.018	0.05	-0.0695	1.0
			/*	4:child_number	*/	0
		/*	3:name	*/	48M,50M...58M齐头式(左端)-1/X3(下,4B6)-1
		/*	3:type	*/	上承式梁\公共组件\梁端\梁端公共组件\带螺栓零件\X3(下,4B6).SLDASM
		/*	3:location	*/	1.0	0.0	0.0	0.0	0.0	1.0	0.0	0.0	0.0	0.0	1.0	0.0	-1.37333	-2.64102	-4.245	1.0
		/*	3:child_number	*/	17
			/*	4:name	*/	48M,50M...58M齐头式(左端)-1/X3(下,4B6)-1/B6+6LM1-1
			/*	4:type	*/	上承式梁\公共组件\梁端\梁端公共组件\带螺栓零件\B6+6LM1.SLDASM
			/*	4:location	*/	2.63456E-32	1.62313E-16	-1.0	0.0	1.62313E-16	1.0	1.62313E-16	0.0	1.0	-1.62313E-16	0.0	0.0	-0.18846	-0.00832615	-4.07187	1.0
			/*	4:child_number	*/	7
				/*	5:name	*/	48M,50M...58M齐头式(左端)-1/X3(下,4B6)-1/B6+6LM1-1/B6_弦杆拼接板-1
				/*	5:type	*/	零件\B6_弦杆拼接板.SLDPRT
				/*	5:location	*/	1.0	0.0	0.0	0.0	0.0	1.0	0.0	0.0	0.0	0.0	1.0	0.0	-0.336963	0.0141885	-0.008	1.0
				/*	5:child_number	*/	0
				/*	5:name	*/	48M,50M...58M齐头式(左端)-1/X3(下,4B6)-1/B6+6LM1-1/螺母1-1
				/*	5:type	*/	零件\螺母1.SLDPRT
				/*	5:location	*/	0.866025	0.5	1.2326E-32	0.0	-0.5	0.866025	-2.46519E-32	0.0	0.0	0.0	1.0	0.0	-0.331873	0.0682103	0.008	1.0
				/*	5:child_number	*/	0
				/*	5:name	*/	48M,50M...58M齐头式(左端)-1/X3(下,4B6)-1/B6+6LM1-1/螺母1-2
				/*	5:type	*/	零件\螺母1.SLDPRT
				/*	5:location	*/	0.866025	0.5	1.2326E-32	0.0	-0.5	0.866025	-2.46519E-32	0.0	0.0	0.0	1.0	0.0	-0.231873	0.0682103	0.008	1.0
				/*	5:child_number	*/	0
				/*	5:name	*/	48M,50M...58M齐头式(左端)-1/X3(下,4B6)-1/B6+6LM1-1/螺母1-3
				/*	5:type	*/	零件\螺母1.SLDPRT
				/*	5:location	*/	0.866025	0.5	1.2326E-32	0.0	-0.5	0.866025	-2.46519E-32	0.0	0.0	0.0	1.0	0.0	-0.131873	0.0682103	0.008	1.0
				/*	5:child_number	*/	0
				/*	5:name	*/	48M,50M...58M齐头式(左端)-1/X3(下,4B6)-1/B6+6LM1-1/螺母1-4
				/*	5:type	*/	零件\螺母1.SLDPRT
				/*	5:location	*/	0.866025	0.5	1.2326E-32	0.0	-0.5	0.866025	-2.46519E-32	0.0	0.0	0.0	1.0	0.0	0.188127	0.0682103	0.008	1.0
				/*	5:child_number	*/	0
				/*	5:name	*/	48M,50M...58M齐头式(左端)-1/X3(下,4B6)-1/B6+6LM1-1/螺母1-5
				/*	5:type	*/	零件\螺母1.SLDPRT
				/*	5:location	*/	0.866025	0.5	1.2326E-32	0.0	-0.5	0.866025	-2.46519E-32	0.0	0.0	0.0	1.0	0.0	0.0881274	0.0682103	0.008	1.0
				/*	5:child_number	*/	0
				/*	5:name	*/	48M,50M...58M齐头式(左端)-1/X3(下,4B6)-1/B6+6LM1-1/螺母1-6
				/*	5:type	*/	零件\螺母1.SLDPRT
				/*	5:location	*/	0.866025	0.5	1.2326E-32	0.0	-0.5	0.866025	-2.46519E-32	0.0	0.0	0.0	1.0	0.0	-0.0118726	0.0682103	0.008	1.0
				/*	5:child_number	*/	0
			/*	4:name	*/	48M,50M...58M齐头式(左端)-1/X3(下,4B6)-1/B6+6LM1-2
			/*	4:type	*/	上承式梁\公共组件\梁端\梁端公共组件\带螺栓零件\B6+6LM1.SLDASM
			/*	4:location	*/	2.63456E-32	1.62313E-16	1.0	0.0	1.62313E-16	1.0	-1.62313E-16	0.0	-1.0	1.62313E-16	0.0	0.0	0.11154	-0.00832615	-3.92813	1.0
			/*	4:child_number	*/	7
				/*	5:name	*/	48M,50M...58M齐头式(左端)-1/X3(下,4B6)-1/B6+6LM1-2/B6_弦杆拼接板-1
				/*	5:type	*/	零件\B6_弦杆拼接板.SLDPRT
				/*	5:location	*/	1.0	0.0	0.0	0.0	0.0	1.0	0.0	0.0	0.0	0.0	1.0	0.0	-0.336963	0.0141885	-0.008	1.0
				/*	5:child_number	*/	0
				/*	5:name	*/	48M,50M...58M齐头式(左端)-1/X3(下,4B6)-1/B6+6LM1-2/螺母1-1
				/*	5:type	*/	零件\螺母1.SLDPRT
				/*	5:location	*/	0.866025	0.5	-1.2326E-32	0.0	-0.5	0.866025	2.46519E-32	0.0	0.0	0.0	1.0	0.0	-0.331873	0.0682103	0.008	1.0
				/*	5:child_number	*/	0
				/*	5:name	*/	48M,50M...58M齐头式(左端)-1/X3(下,4B6)-1/B6+6LM1-2/螺母1-2
				/*	5:type	*/	零件\螺母1.SLDPRT
				/*	5:location	*/	0.866025	0.5	-1.2326E-32	0.0	-0.5	0.866025	2.46519E-32	0.0	0.0	0.0	1.0	0.0	-0.231873	0.0682103	0.008	1.0
				/*	5:child_number	*/	0
				/*	5:name	*/	48M,50M...58M齐头式(左端)-1/X3(下,4B6)-1/B6+6LM1-2/螺母1-3
				/*	5:type	*/	零件\螺母1.SLDPRT
				/*	5:location	*/	0.866025	0.5	-1.2326E-32	0.0	-0.5	0.866025	2.46519E-32	0.0	0.0	0.0	1.0	0.0	-0.131873	0.0682103	0.008	1.0
				/*	5:child_number	*/	0
				/*	5:name	*/	48M,50M...58M齐头式(左端)-1/X3(下,4B6)-1/B6+6LM1-2/螺母1-4
				/*	5:type	*/	零件\螺母1.SLDPRT
				/*	5:location	*/	0.866025	0.5	-1.2326E-32	0.0	-0.5	0.866025	2.46519E-32	0.0	0.0	0.0	1.0	0.0	0.188127	0.0682103	0.008	1.0
				/*	5:child_number	*/	0
				/*	5:name	*/	48M,50M...58M齐头式(左端)-1/X3(下,4B6)-1/B6+6LM1-2/螺母1-5
				/*	5:type	*/	零件\螺母1.SLDPRT
				/*	5:location	*/	0.866025	0.5	-1.2326E-32	0.0	-0.5	0.866025	2.46519E-32	0.0	0.0	0.0	1.0	0.0	0.0881274	0.0682103	0.008	1.0
				/*	5:child_number	*/	0
				/*	5:name	*/	48M,50M...58M齐头式(左端)-1/X3(下,4B6)-1/B6+6LM1-2/螺母1-6
				/*	5:type	*/	零件\螺母1.SLDPRT
				/*	5:location	*/	0.866025	0.5	-1.2326E-32	0.0	-0.5	0.866025	2.46519E-32	0.0	0.0	0.0	1.0	0.0	-0.0118726	0.0682103	0.008	1.0
				/*	5:child_number	*/	0
			/*	4:name	*/	48M,50M...58M齐头式(左端)-1/X3(下,4B6)-1/B6+6LM1-3
			/*	4:type	*/	上承式梁\公共组件\梁端\梁端公共组件\带螺栓零件\B6+6LM1.SLDASM
			/*	4:location	*/	2.63456E-32	1.62313E-16	1.0	0.0	1.62313E-16	1.0	-1.62313E-16	0.0	-1.0	1.62313E-16	0.0	0.0	0.11154	-0.198326	-3.92813	1.0
			/*	4:child_number	*/	7
				/*	5:name	*/	48M,50M...58M齐头式(左端)-1/X3(下,4B6)-1/B6+6LM1-3/B6_弦杆拼接板-1
				/*	5:type	*/	零件\B6_弦杆拼接板.SLDPRT
				/*	5:location	*/	1.0	0.0	0.0	0.0	0.0	1.0	0.0	0.0	0.0	0.0	1.0	0.0	-0.336963	0.0141885	-0.008	1.0
				/*	5:child_number	*/	0
				/*	5:name	*/	48M,50M...58M齐头式(左端)-1/X3(下,4B6)-1/B6+6LM1-3/螺母1-1
				/*	5:type	*/	零件\螺母1.SLDPRT
				/*	5:location	*/	0.866025	0.5	-1.2326E-32	0.0	-0.5	0.866025	2.46519E-32	0.0	0.0	0.0	1.0	0.0	-0.331873	0.0682103	0.008	1.0
				/*	5:child_number	*/	0
				/*	5:name	*/	48M,50M...58M齐头式(左端)-1/X3(下,4B6)-1/B6+6LM1-3/螺母1-2
				/*	5:type	*/	零件\螺母1.SLDPRT
				/*	5:location	*/	0.866025	0.5	-1.2326E-32	0.0	-0.5	0.866025	2.46519E-32	0.0	0.0	0.0	1.0	0.0	-0.231873	0.0682103	0.008	1.0
				/*	5:child_number	*/	0
				/*	5:name	*/	48M,50M...58M齐头式(左端)-1/X3(下,4B6)-1/B6+6LM1-3/螺母1-3
				/*	5:type	*/	零件\螺母1.SLDPRT
				/*	5:location	*/	0.866025	0.5	-1.2326E-32	0.0	-0.5	0.866025	2.46519E-32	0.0	0.0	0.0	1.0	0.0	-0.131873	0.0682103	0.008	1.0
				/*	5:child_number	*/	0
				/*	5:name	*/	48M,50M...58M齐头式(左端)-1/X3(下,4B6)-1/B6+6LM1-3/螺母1-4
				/*	5:type	*/	零件\螺母1.SLDPRT
				/*	5:location	*/	0.866025	0.5	-1.2326E-32	0.0	-0.5	0.866025	2.46519E-32	0.0	0.0	0.0	1.0	0.0	0.188127	0.0682103	0.008	1.0
				/*	5:child_number	*/	0
				/*	5:name	*/	48M,50M...58M齐头式(左端)-1/X3(下,4B6)-1/B6+6LM1-3/螺母1-5
				/*	5:type	*/	零件\螺母1.SLDPRT
				/*	5:location	*/	0.866025	0.5	-1.2326E-32	0.0	-0.5	0.866025	2.46519E-32	0.0	0.0	0.0	1.0	0.0	0.0881274	0.0682103	0.008	1.0
