/*	1:name	*/	48
/*	1:type	*/	°ë´©Ê½Áº\48.SLDASM
/*	1:location	*/	1.0	0.0	0.0	0.0	0.0	1.0	0.0	0.0	0.0	0.0	1.0	0.0	0.0	0.0	0.0	1.0
/*	1:child_number	*/	3
	/*	2:name	*/	48M(ÓÒ¶Ë)-1
	/*	2:type	*/	°ë´©Ê½Áº\¹«¹²×é¼þ\Áº¶Ë\ÓÒ¶Ë\48M(ÓÒ¶Ë).SLDASM
	/*	2:location	*/	1.0	0.0	0.0	0.0	0.0	1.0	0.0	0.0	0.0	0.0	1.0	0.0	-0.032	0.005	-19.88	1.0
	/*	2:child_number	*/	13
		/*	3:name	*/	48M(ÓÒ¶Ë)-1/18b'(ÓÒÄÚB1,½ÓF1F2)-2
		/*	3:type	*/	°ë´©Ê½Áº\¹«¹²×é¼þ\Áº¶Ë\ÓÒ¶Ë\´øÂÝË¨Áã¼þ\18b'(ÓÒÄÚB1,½ÓF1F2).SLDASM
		/*	3:location	*/	-1.0	6.38378E-16	2.22045E-16	0.0	2.22045E-16	5.1667E-14	1.0	0.0	6.38378E-16	1.0	-5.1667E-14	0.0	-5.20949	2.34012	-0.123073	1.0
		/*	3:child_number	*/	19
			/*	4:name	*/	48M(ÓÒ¶Ë)-1/18b'(ÓÒÄÚB1,½ÓF1F2)-2/B1_½Úµã°å-11
			/*	4:type	*/	Áã¼þ\B1_½Úµã°å.SLDPRT
			/*	4:location	*/	8.99755E-17	-1.0	4.53302E-15	0.0	-5.173E-16	-4.36648E-15	-1.0	0.0	1.0	8.99755E-17	-5.173E-16	0.0	-0.24949	4.40151	-1.925	1.0
			/*	4:child_number	*/	0
			/*	4:name	*/	48M(ÓÒ¶Ë)-1/18b'(ÓÒÄÚB1,½ÓF1F2)-2/LS1_1ºÅÂÝË¨-27
			/*	4:type	*/	Áã¼þ\LS1_1ºÅÂÝË¨.SLDPRT
			/*	4:location	*/	-4.34974E-17	0.997812	-0.066117	0.0	-2.34944E-16	0.066117	0.997812	0.0	1.0	5.8936E-17	2.31554E-16	0.0	-0.26849	3.75319	-2.265	1.0
			/*	4:child_number	*/	0
			/*	4:name	*/	48M(ÓÒ¶Ë)-1/18b'(ÓÒÄÚB1,½ÓF1F2)-2/LS1_1ºÅÂÝË¨-28
			/*	4:type	*/	Áã¼þ\LS1_1ºÅÂÝË¨.SLDPRT
			/*	4:location	*/	-4.34974E-17	0.997812	-0.066117	0.0	-2.34944E-16	0.066117	0.997812	0.0	1.0	5.8936E-17	2.31554E-16	0.0	-0.26849	3.85319	-2.265	1.0
			/*	4:child_number	*/	0
			/*	4:name	*/	48M(ÓÒ¶Ë)-1/18b'(ÓÒÄÚB1,½ÓF1F2)-2/LS1_1ºÅÂÝË¨-44
			/*	4:type	*/	Áã¼þ\LS1_1ºÅÂÝË¨.SLDPRT
			/*	4:location	*/	-4.34974E-17	0.997812	-0.066117	0.0	-2.34944E-16	0.066117	0.997812	0.0	1.0	5.8936E-17	2.31554E-16	0.0	-0.26849	4.27319	-2.265	1.0
			/*	4:child_number	*/	0
			/*	4:name	*/	48M(ÓÒ¶Ë)-1/18b'(ÓÒÄÚB1,½ÓF1F2)-2/LS1_1ºÅÂÝË¨-45
			/*	4:type	*/	Áã¼þ\LS1_1ºÅÂÝË¨.SLDPRT
			/*	4:location	*/	-4.34974E-17	0.997812	-0.066117	0.0	-2.34944E-16	0.066117	0.997812	0.0	1.0	5.8936E-17	2.31554E-16	0.0	-0.26849	3.75319	-2.075	1.0
			/*	4:child_number	*/	0
			/*	4:name	*/	48M(ÓÒ¶Ë)-1/18b'(ÓÒÄÚB1,½ÓF1F2)-2/LS1_1ºÅÂÝË¨-46
			/*	4:type	*/	Áã¼þ\LS1_1ºÅÂÝË¨.SLDPRT
			/*	4:location	*/	-4.34974E-17	0.997812	-0.066117	0.0	-2.34944E-16	0.066117	0.997812	0.0	1.0	5.8936E-17	2.31554E-16	0.0	-0.26849	4.17319	-2.075	1.0
			/*	4:child_number	*/	0
			/*	4:name	*/	48M(ÓÒ¶Ë)-1/18b'(ÓÒÄÚB1,½ÓF1F2)-2/LS1_1ºÅÂÝË¨-47
			/*	4:type	*/	Áã¼þ\LS1_1ºÅÂÝË¨.SLDPRT
			/*	4:location	*/	-4.34974E-17	0.997812	-0.066117	0.0	-2.34944E-16	0.066117	0.997812	0.0	1.0	5.8936E-17	2.31554E-16	0.0	-0.26849	3.85319	-2.075	1.0
			/*	4:child_number	*/	0
			/*	4:name	*/	48M(ÓÒ¶Ë)-1/18b'(ÓÒÄÚB1,½ÓF1F2)-2/LS1_1ºÅÂÝË¨-48
			/*	4:type	*/	Áã¼þ\LS1_1ºÅÂÝË¨.SLDPRT
			/*	4:location	*/	-4.34974E-17	0.997812	-0.066117	0.0	-2.34944E-16	0.066117	0.997812	0.0	1.0	5.8936E-17	2.31554E-16	0.0	-0.26849	4.27319	-2.075	1.0
			/*	4:child_number	*/	0
			/*	4:name	*/	48M(ÓÒ¶Ë)-1/18b'(ÓÒÄÚB1,½ÓF1F2)-2/LS1_1ºÅÂÝË¨-49
			/*	4:type	*/	Áã¼þ\LS1_1ºÅÂÝË¨.SLDPRT
			/*	4:location	*/	-4.34974E-17	0.997812	-0.066117	0.0	-2.34944E-16	0.066117	0.997812	0.0	1.0	5.8936E-17	2.31554E-16	0.0	-0.26849	4.17319	-2.265	1.0
			/*	4:child_number	*/	0
			/*	4:name	*/	48M(ÓÒ¶Ë)-1/18b'(ÓÒÄÚB1,½ÓF1F2)-2/LS2_2ºÅÂÝË¨-18
			/*	4:type	*/	Áã¼þ\LS2_2ºÅÂÝË¨.SLDPRT
			/*	4:location	*/	-5.18656E-16	0.322743	-0.946487	0.0	8.17941E-17	0.946487	0.322743	0.0	1.0	8.99755E-17	-5.173E-16	0.0	-0.26849	3.66594	-1.9039	1.0
			/*	4:child_number	*/	0
			/*	4:name	*/	48M(ÓÒ¶Ë)-1/18b'(ÓÒÄÚB1,½ÓF1F2)-2/LS2_2ºÅÂÝË¨-19
			/*	4:type	*/	Áã¼þ\LS2_2ºÅÂÝË¨.SLDPRT
			/*	4:location	*/	-5.10219E-16	-0.066117	-0.997812	0.0	-1.23981E-16	0.997812	-0.066117	0.0	1.0	8.99755E-17	-5.173E-16	0.0	-0.26849	3.77624	-1.80225	1.0
			/*	4:child_number	*/	0
			/*	4:name	*/	48M(ÓÒ¶Ë)-1/18b'(ÓÒÄÚB1,½ÓF1F2)-2/LS2_2ºÅÂÝË¨-20
			/*	4:type	*/	Áã¼þ\LS2_2ºÅÂÝË¨.SLDPRT
			/*	4:location	*/	-3.79872E-16	-0.556165	-0.831072	0.0	-3.6248E-16	0.831072	-0.556165	0.0	1.0	8.99755E-17	-5.173E-16	0.0	-0.26849	3.69491	-1.71401	1.0
			/*	4:child_number	*/	0
			/*	4:name	*/	48M(ÓÒ¶Ë)-1/18b'(ÓÒÄÚB1,½ÓF1F2)-2/LS2_2ºÅÂÝË¨-21
			/*	4:type	*/	Áã¼þ\LS2_2ºÅÂÝË¨.SLDPRT
			/*	4:location	*/	-5.10219E-16	-0.066117	-0.997812	0.0	-1.23981E-16	0.997812	-0.066117	0.0	1.0	8.99755E-17	-5.173E-16	0.0	-0.26849	3.58462	-1.81567	1.0
			/*	4:child_number	*/	0
			/*	4:name	*/	48M(ÓÒ¶Ë)-1/18b'(ÓÒÄÚB1,½ÓF1F2)-2/LS2_2ºÅÂÝË¨-23
			/*	4:type	*/	Áã¼þ\LS2_2ºÅÂÝË¨.SLDPRT
			/*	4:location	*/	-5.10219E-16	-0.066117	-0.997812	0.0	-1.23981E-16	0.997812	-0.066117	0.0	1.0	8.99755E-17	-5.173E-16	0.0	-0.26849	4.25013	-1.80225	1.0
			/*	4:child_number	*/	0
			/*	4:name	*/	48M(ÓÒ¶Ë)-1/18b'(ÓÒÄÚB1,½ÓF1F2)-2/LS2_2ºÅÂÝË¨-24
			/*	4:type	*/	Áã¼þ\LS2_2ºÅÂÝË¨.SLDPRT
			/*	4:location	*/	-5.10219E-16	-0.066117	-0.997812	0.0	-1.23981E-16	0.997812	-0.066117	0.0	1.0	8.99755E-17	-5.173E-16	0.0	-0.26849	4.36043	-1.9039	1.0
			/*	4:child_number	*/	0
			/*	4:name	*/	48M(ÓÒ¶Ë)-1/18b'(ÓÒÄÚB1,½ÓF1F2)-2/LS2_2ºÅÂÝË¨-25
			/*	4:type	*/	Áã¼þ\LS2_2ºÅÂÝË¨.SLDPRT
			/*	4:location	*/	-5.10219E-16	-0.066117	-0.997812	0.0	-1.23981E-16	0.997812	-0.066117	0.0	1.0	8.99755E-17	-5.173E-16	0.0	-0.26849	4.33146	-1.71401	1.0
			/*	4:child_number	*/	0
			/*	4:name	*/	48M(ÓÒ¶Ë)-1/18b'(ÓÒÄÚB1,½ÓF1F2)-2/LS2_2ºÅÂÝË¨-26
			/*	4:type	*/	Áã¼þ\LS2_2ºÅÂÝË¨.SLDPRT
			/*	4:location	*/	-5.10219E-16	-0.066117	-0.997812	0.0	-1.23981E-16	0.997812	-0.066117	0.0	1.0	8.99755E-17	-5.173E-16	0.0	-0.26849	4.44176	-1.81567	1.0
			/*	4:child_number	*/	0
			/*	4:name	*/	48M(ÓÒ¶Ë)-1/18b'(ÓÒÄÚB1,½ÓF1F2)-2/LS2_2ºÅÂÝË¨-27
			/*	4:type	*/	Áã¼þ\LS2_2ºÅÂÝË¨.SLDPRT
			/*	4:location	*/	-5.10219E-16	-0.066117	-0.997812	0.0	-1.23981E-16	0.997812	-0.066117	0.0	1.0	8.99755E-17	-5.173E-16	0.0	-0.26849	3.76175	-1.8972	1.0
			/*	4:child_number	*/	0
			/*	4:name	*/	48M(ÓÒ¶Ë)-1/18b'(ÓÒÄÚB1,½ÓF1F2)-2/LS2_2ºÅÂÝË¨-28
			/*	4:type	*/	Áã¼þ\LS2_2ºÅÂÝË¨.SLDPRT
			/*	4:location	*/	-5.10219E-16	-0.066117	-0.997812	0.0	-1.23981E-16	0.997812	-0.066117	0.0	1.0	8.99755E-17	-5.173E-16	0.0	-0.26849	3.68043	-1.80896	1.0
			/*	4:child_number	*/	0
		/*	3:name	*/	48M(ÓÒ¶Ë)-1/18b'(×óÄÚB1,½ÓF1F2)-1
		/*	3:type	*/	°ë´©Ê½Áº\¹«¹²×é¼þ\Áº¶Ë\ÓÒ¶Ë\´øÂÝË¨Áã¼þ\18b'(×óÄÚB1,½ÓF1F2).SLDASM
		/*	3:location	*/	1.0	4.71845E-16	4.44089E-16	0.0	4.44089E-16	5.84463E-14	-1.0	0.0	-4.71845E-16	1.0	5.84463E-14	0.0	0.26549	2.34012	7.9033	1.0
		/*	3:child_number	*/	19
			/*	4:name	*/	48M(ÓÒ¶Ë)-1/18b'(×óÄÚB1,½ÓF1F2)-1/B1_½Úµã°å-11
			/*	4:type	*/	Áã¼þ\B1_½Úµã°å.SLDPRT
			/*	4:location	*/	8.99755E-17	-1.0	4.53302E-15	0.0	-5.173E-16	-4.36648E-15	-1.0	0.0	1.0	8.99755E-17	-5.173E-16	0.0	-0.24949	4.40151	-1.925	1.0
			/*	4:child_number	*/	0
			/*	4:name	*/	48M(ÓÒ¶Ë)-1/18b'(×óÄÚB1,½ÓF1F2)-1/LS1_1ºÅÂÝË¨-27
			/*	4:type	*/	Áã¼þ\LS1_1ºÅÂÝË¨.SLDPRT
			/*	4:location	*/	-4.34974E-17	0.997812	-0.066117	0.0	-2.34944E-16	0.066117	0.997812	0.0	1.0	5.8936E-17	2.31554E-16	0.0	-0.26849	3.75319	-2.265	1.0
			/*	4:child_number	*/	0
			/*	4:name	*/	48M(ÓÒ¶Ë)-1/18b'(×óÄÚB1,½ÓF1F2)-1/LS1_1ºÅÂÝË¨-28
			/*	4:type	*/	Áã¼þ\LS1_1ºÅÂÝË¨.SLDPRT
			/*	4:location	*/	-4.34974E-17	0.997812	-0.066117	0.0	-2.34944E-16	0.066117	0.997812	0.0	1.0	5.8936E-17	2.31554E-16	0.0	-0.26849	3.85319	-2.265	1.0
			/*	4:child_number	*/	0
			/*	4:name	*/	48M(ÓÒ¶Ë)-1/18b'(×óÄÚB1,½ÓF1F2)-1/LS1_1ºÅÂÝË¨-44
			/*	4:type	*/	Áã¼þ\LS1_1ºÅÂÝË¨.SLDPRT
			/*	4:location	*/	-4.34974E-17	0.997812	-0.066117	0.0	-2.34944E-16	0.066117	0.997812	0.0	1.0	5.8936E-17	2.31554E-16	0.0	-0.26849	4.27319	-2.265	1.0
			/*	4:child_number	*/	0
			/*	4:name	*/	48M(ÓÒ¶Ë)-1/18b'(×óÄÚB1,½ÓF1F2)-1/LS1_1ºÅÂÝË¨-45
			/*	4:type	*/	Áã¼þ\LS1_1ºÅÂÝË¨.SLDPRT
			/*	4:location	*/	-4.34974E-17	0.997812	-0.066117	0.0	-2.34944E-16	0.066117	0.997812	0.0	1.0	5.8936E-17	2.31554E-16	0.0	-0.26849	3.75319	-2.075	1.0
			/*	4:child_number	*/	0
			/*	4:name	*/	48M(ÓÒ¶Ë)-1/18b'(×óÄÚB1,½ÓF1F2)-1/LS1_1ºÅÂÝË¨-46
			/*	4:type	*/	Áã¼þ\LS1_1ºÅÂÝË¨.SLDPRT
			/*	4:location	*/	-4.34974E-17	0.997812	-0.066117	0.0	-2.34944E-16	0.066117	0.997812	0.0	1.0	5.8936E-17	2.31554E-16	0.0	-0.26849	4.17319	-2.075	1.0
			/*	4:child_number	*/	0
			/*	4:name	*/	48M(ÓÒ¶Ë)-1/18b'(×óÄÚB1,½ÓF1F2)-1/LS1_1ºÅÂÝË¨-47
			/*	4:type	*/	Áã¼þ\LS1_1ºÅÂÝË¨.SLDPRT
			/*	4:location	*/	-4.34974E-17	0.997812	-0.066117	0.0	-2.34944E-16	0.066117	0.997812	0.0	1.0	5.8936E-17	2.31554E-16	0.0	-0.26849	3.85319	-2.075	1.0
			/*	4:child_number	*/	0
			/*	4:name	*/	48M(ÓÒ¶Ë)-1/18b'(×óÄÚB1,½ÓF1F2)-1/LS1_1ºÅÂÝË¨-48
			/*	4:type	*/	Áã¼þ\LS1_1ºÅÂÝË¨.SLDPRT
			/*	4:location	*/	-4.34974E-17	0.997812	-0.066117	0.0	-2.34944E-16	0.066117	0.997812	0.0	1.0	5.8936E-17	2.31554E-16	0.0	-0.26849	4.27319	-2.075	1.0
			/*	4:child_number	*/	0
			/*	4:name	*/	48M(ÓÒ¶Ë)-1/18b'(×óÄÚB1,½ÓF1F2)-1/LS1_1ºÅÂÝË¨-49
			/*	4:type	*/	Áã¼þ\LS1_1ºÅÂÝË¨.SLDPRT
			/*	4:location	*/	-4.34974E-17	0.997812	-0.066117	0.0	-2.34944E-16	0.066117	0.997812	0.0	1.0	5.8936E-17	2.31554E-16	0.0	-0.26849	4.17319	-2.265	1.0
			/*	4:child_number	*/	0
			/*	4:name	*/	48M(ÓÒ¶Ë)-1/18b'(×óÄÚB1,½ÓF1F2)-1/LS2_2ºÅÂÝË¨-18
			/*	4:type	*/	Áã¼þ\LS2_2ºÅÂÝË¨.SLDPRT
			/*	4:location	*/	-5.18656E-16	0.322743	-0.946487	0.0	8.17941E-17	0.946487	0.322743	0.0	1.0	8.99755E-17	-5.173E-16	0.0	-0.26849	3.66594	-1.9039	1.0
			/*	4:child_number	*/	0
			/*	4:name	*/	48M(ÓÒ¶Ë)-1/18b'(×óÄÚB1,½ÓF1F2)-1/LS2_2ºÅÂÝË¨-19
			/*	4:type	*/	Áã¼þ\LS2_2ºÅÂÝË¨.SLDPRT
			/*	4:location	*/	-5.10219E-16	-0.066117	-0.997812	0.0	-1.23981E-16	0.997812	-0.066117	0.0	1.0	8.99755E-17	-5.173E-16	0.0	-0.26849	3.77624	-1.80225	1.0
			/*	4:child_number	*/	0
			/*	4:name	*/	48M(ÓÒ¶Ë)-1/18b'(×óÄÚB1,½ÓF1F2)-1/LS2_2ºÅÂÝË¨-20
			/*	4:type	*/	Áã¼þ\LS2_2ºÅÂÝË¨.SLDPRT
			/*	4:location	*/	-3.79872E-16	-0.556165	-0.831072	0.0	-3.6248E-16	0.831072	-0.556165	0.0	1.0	8.99755E-17	-5.173E-16	0.0	-0.26849	3.69491	-1.71401	1.0
			/*	4:child_number	*/	0
			/*	4:name	*/	48M(ÓÒ¶Ë)-1/18b'(×óÄÚB1,½ÓF1F2)-1/LS2_2ºÅÂÝË¨-21
			/*	4:type	*/	Áã¼þ\LS2_2ºÅÂÝË¨.SLDPRT
			/*	4:location	*/	-5.10219E-16	-0.066117	-0.997812	0.0	-1.23981E-16	0.997812	-0.066117	0.0	1.0	8.99755E-17	-5.173E-16	0.0	-0.26849	3.58462	-1.81567	1.0
			/*	4:child_number	*/	0
			/*	4:name	*/	48M(ÓÒ¶Ë)-1/18b'(×óÄÚB1,½ÓF1F2)-1/LS2_2ºÅÂÝË¨-23
			/*	4:type	*/	Áã¼þ\LS2_2ºÅÂÝË¨.SLDPRT
			/*	4:location	*/	-5.10219E-16	-0.066117	-0.997812	0.0	-1.23981E-16	0.997812	-0.066117	0.0	1.0	8.99755E-17	-5.173E-16	0.0	-0.26849	4.25013	-1.80225	1.0
			/*	4:child_number	*/	0
			/*	4:name	*/	48M(ÓÒ¶Ë)-1/18b'(×óÄÚB1,½ÓF1F2)-1/LS2_2ºÅÂÝË¨-24
			/*	4:type	*/	Áã¼þ\LS2_2ºÅÂÝË¨.SLDPRT
			/*	4:location	*/	-5.10219E-16	-0.066117	-0.997812	0.0	-1.23981E-16	0.997812	-0.066117	0.0	1.0	8.99755E-17	-5.173E-16	0.0	-0.26849	4.36043	-1.9039	1.0
			/*	4:child_number	*/	0
			/*	4:name	*/	48M(ÓÒ¶Ë)-1/18b'(×óÄÚB1,½ÓF1F2)-1/LS2_2ºÅÂÝË¨-25
			/*	4:type	*/	Áã¼þ\LS2_2ºÅÂÝË¨.SLDPRT
			/*	4:location	*/	-5.10219E-16	-0.066117	-0.997812	0.0	-1.23981E-16	0.997812	-0.066117	0.0	1.0	8.99755E-17	-5.173E-16	0.0	-0.26849	4.33146	-1.71401	1.0
			/*	4:child_number	*/	0
			/*	4:name	*/	48M(ÓÒ¶Ë)-1/18b'(×óÄÚB1,½ÓF1F2)-1/LS2_2ºÅÂÝË¨-26
			/*	4:type	*/	Áã¼þ\LS2_2ºÅÂÝË¨.SLDPRT
			/*	4:location	*/	-5.10219E-16	-0.066117	-0.997812	0.0	-1.23981E-16	0.997812	-0.066117	0.0	1.0	8.99755E-17	-5.173E-16	0.0	-0.26849	4.44176	-1.81567	1.0
			/*	4:child_number	*/	0
			/*	4:name	*/	48M(ÓÒ¶Ë)-1/18b'(×óÄÚB1,½ÓF1F2)-1/LS2_2ºÅÂÝË¨-27
			/*	4:type	*/	Áã¼þ\LS2_2ºÅÂÝË¨.SLDPRT
			/*	4:location	*/	-5.10219E-16	-0.066117	-0.997812	0.0	-1.23981E-16	0.997812	-0.066117	0.0	1.0	8.99755E-17	-5.173E-16	0.0	-0.26849	4.26462	-1.8972	1.0
			/*	4:child_number	*/	0
			/*	4:name	*/	48M(ÓÒ¶Ë)-1/18b'(×óÄÚB1,½ÓF1F2)-1/LS2_2ºÅÂÝË¨-28
			/*	4:type	*/	Áã¼þ\LS2_2ºÅÂÝË¨.SLDPRT
			/*	4:location	*/	-5.10219E-16	-0.066117	-0.997812	0.0	-1.23981E-16	0.997812	-0.066117	0.0	1.0	8.99755E-17	-5.173E-16	0.0	-0.26849	4.34595	-1.80896	1.0
			/*	4:child_number	*/	0
		/*	3:name	*/	48M(ÓÒ¶Ë)-1/18b¡¯(ÓÒÍâB1,½ÓF1F2)-2
		/*	3:type	*/	°ë´©Ê½Áº\¹«¹²×é¼þ\Áº¶Ë\ÓÒ¶Ë\´øÂÝË¨Áã¼þ\18b¡¯(ÓÒÍâB1,½ÓF1F2).SLDASM
		/*	3:location	*/	1.0	3.33067E-16	-3.33067E-16	0.0	-3.33067E-16	-4.32987E-14	-1.0	0.0	-3.20851E-16	1.0	-4.33136E-14	0.0	-5.12251	2.34012	7.9033	1.0
		/*	3:child_number	*/	29
			/*	4:name	*/	48M(ÓÒ¶Ë)-1/18b¡¯(ÓÒÍâB1,½ÓF1F2)-2/B1_½Úµã°å-11
			/*	4:type	*/	Áã¼þ\B1_½Úµã°å.SLDPRT
			/*	4:location	*/	8.99755E-17	-1.0	4.53302E-15	0.0	-5.173E-16	-4.36648E-15	-1.0	0.0	1.0	8.99755E-17	-5.173E-16	0.0	-0.24949	4.40151	-1.925	1.0
			/*	4:child_number	*/	0
			/*	4:name	*/	48M(ÓÒ¶Ë)-1/18b¡¯(ÓÒÍâB1,½ÓF1F2)-2/LS1_1ºÅÂÝË¨-27
			/*	4:type	*/	Áã¼þ\LS1_1ºÅÂÝË¨.SLDPRT
			/*	4:location	*/	-4.34974E-17	0.997812	-0.066117	0.0	-2.34944E-16	0.066117	0.997812	0.0	1.0	5.8936E-17	2.31554E-16	0.0	-0.26849	3.75319	-2.265	1.0
			/*	4:child_number	*/	0
			/*	4:name	*/	48M(ÓÒ¶Ë)-1/18b¡¯(ÓÒÍâB1,½ÓF1F2)-2/LS1_1ºÅÂÝË¨-28
			/*	4:type	*/	Áã¼þ\LS1_1ºÅÂÝË¨.SLDPRT
			/*	4:location	*/	-4.34974E-17	0.997812	-0.066117	0.0	-2.34944E-16	0.066117	0.997812	0.0	1.0	5.8936E-17	2.31554E-16	0.0	-0.26849	3.85319	-2.265	1.0
			/*	4:child_number	*/	0
			/*	4:name	*/	48M(ÓÒ¶Ë)-1/18b¡¯(ÓÒÍâB1,½ÓF1F2)-2/LS1_1ºÅÂÝË¨-29
			/*	4:type	*/	Áã¼þ\LS1_1ºÅÂÝË¨.SLDPRT
			/*	4:location	*/	-4.34974E-17	0.997812	-0.066117	0.0	-2.34944E-16	0.066117	0.997812	0.0	1.0	5.8936E-17	2.31554E-16	0.0	-0.26849	3.95319	-2.265	1.0
			/*	4:child_number	*/	0
			/*	4:name	*/	48M(ÓÒ¶Ë)-1/18b¡¯(ÓÒÍâB1,½ÓF1F2)-2/LS1_1ºÅÂÝË¨-30
			/*	4:type	*/	Áã¼þ\LS1_1ºÅÂÝË¨.SLDPRT
			/*	4:location	*/	-4.34974E-17	0.997812	-0.066117	0.0	-2.34944E-16	0.066117	0.997812	0.0	1.0	5.8936E-17	2.31554E-16	0.0	-0.26849	4.07319	-2.265	1.0
			/*	4:child_number	*/	0
			/*	4:name	*/	48M(ÓÒ¶Ë)-1/18b¡¯(ÓÒÍâB1,½ÓF1F2)-2/LS1_1ºÅÂÝË¨-31
			/*	4:type	*/	Áã¼þ\LS1_1ºÅÂÝË¨.SLDPRT
			/*	4:location	*/	-4.34974E-17	0.997812	-0.066117	0.0	-2.34944E-16	0.066117	0.997812	0.0	1.0	5.8936E-17	2.31554E-16	0.0	-0.26849	4.17319	-2.265	1.0
			/*	4:child_number	*/	0
			/*	4:name	*/	48M(ÓÒ¶Ë)-1/18b¡¯(ÓÒÍâB1,½ÓF1F2)-2/LS1_1ºÅÂÝË¨-32
			/*	4:type	*/	Áã¼þ\LS1_1ºÅÂÝË¨.SLDPRT
			/*	4:location	*/	-4.34974E-17	0.997812	-0.066117	0.0	-2.34944E-16	0.066117	0.997812	0.0	1.0	5.8936E-17	2.31554E-16	0.0	-0.26849	4.27319	-2.265	1.0
			/*	4:child_number	*/	0
			/*	4:name	*/	48M(ÓÒ¶Ë)-1/18b¡¯(ÓÒÍâB1,½ÓF1F2)-2/LS1_1ºÅÂÝË¨-33
			/*	4:type	*/	Áã¼þ\LS1_1ºÅÂÝË¨.SLDPRT
			/*	4:location	*/	-4.34974E-17	0.997812	-0.066117	0.0	-2.34944E-16	0.066117	0.997812	0.0	1.0	5.8936E-17	2.31554E-16	0.0	-0.26849	4.07319	-2.075	1.0
			/*	4:child_number	*/	0
			/*	4:name	*/	48M(ÓÒ¶Ë)-1/18b¡¯(ÓÒÍâB1,½ÓF1F2)-2/LS1_1ºÅÂÝË¨-34
			/*	4:type	*/	Áã¼þ\LS1_1ºÅÂÝË¨.SLDPRT
			/*	4:location	*/	-4.34974E-17	0.997812	-0.066117	0.0	-2.34944E-16	0.066117	0.997812	0.0	1.0	5.8936E-17	2.31554E-16	0.0	-0.26849	4.17319	-2.075	1.0
			/*	4:child_number	*/	0
			/*	4:name	*/	48M(ÓÒ¶Ë)-1/18b¡¯(ÓÒÍâB1,½ÓF1F2)-2/LS1_1ºÅÂÝË¨-35
			/*	4:type	*/	Áã¼þ\LS1_1ºÅÂÝË¨.SLDPRT
			/*	4:location	*/	-4.34974E-17	0.997812	-0.066117	0.0	-2.34944E-16	0.066117	0.997812	0.0	1.0	5.8936E-17	2.31554E-16	0.0	-0.26849	4.27319	-2.075	1.0
			/*	4:child_number	*/	0
			/*	4:name	*/	48M(ÓÒ¶Ë)-1/18b¡¯(ÓÒÍâB1,½ÓF1F2)-2/LS1_1ºÅÂÝË¨-36
			/*	4:type	*/	Áã¼þ\LS1_1ºÅÂÝË¨.SLDPRT
			/*	4:location	*/	-4.34974E-17	0.997812	-0.066117	0.0	-2.34944E-16	0.066117	0.997812	0.0	1.0	5.8936E-17	2.31554E-16	0.0	-0.26849	3.75319	-2.075	1.0
			/*	4:child_number	*/	0
			/*	4:name	*/	48M(ÓÒ¶Ë)-1/18b¡¯(ÓÒÍâB1,½ÓF1F2)-2/LS1_1ºÅÂÝË¨-37
			/*	4:type	*/	Áã¼þ\LS1_1ºÅÂÝË¨.SLDPRT
			/*	4:location	*/	-4.34974E-17	0.997812	-0.066117	0.0	-2.34944E-16	0.066117	0.997812	0.0	1.0	5.8936E-17	2.31554E-16	0.0	-0.26849	3.85319	-2.075	1.0
			/*	4:child_number	*/	0
			/*	4:name	*/	48M(ÓÒ¶Ë)-1/18b¡¯(ÓÒÍâB1,½ÓF1F2)-2/LS1_1ºÅÂÝË¨-38
			/*	4:type	*/	Áã¼þ\LS1_1ºÅÂÝË¨.SLDPRT
			/*	4:location	*/	-4.34974E-17	0.997812	-0.066117	0.0	-2.34944E-16	0.066117	0.997812	0.0	1.0	5.8936E-17	2.31554E-16	0.0	-0.26849	3.95319	-2.075	1.0
			/*	4:child_number	*/	0
			/*	4:name	*/	48M(ÓÒ¶Ë)-1/18b¡¯(ÓÒÍâB1,½ÓF1F2)-2/LS2_2ºÅÂÝË¨-18
			/*	4:type	*/	Áã¼þ\LS2_2ºÅÂÝË¨.SLDPRT
			/*	4:location	*/	-5.18656E-16	0.322743	-0.946487	0.0	8.17941E-17	0.946487	0.322743	0.0	1.0	8.99755E-17	-5.173E-16	0.0	-0.26849	3.66594	-1.9039	1.0
			/*	4:child_number	*/	0
			/*	4:name	*/	48M(ÓÒ¶Ë)-1/18b¡¯(ÓÒÍâB1,½ÓF1F2)-2/LS2_2ºÅÂÝË¨-19
			/*	4:type	*/	Áã¼þ\LS2_2ºÅÂÝË¨.SLDPRT
			/*	4:location	*/	-5.10219E-16	-0.066117	-0.997812	0.0	-1.23981E-16	0.997812	-0.066117	0.0	1.0	8.99755E-17	-5.173E-16	0.0	-0.26849	3.77624	-1.80225	1.0
			/*	4:child_number	*/	0
			/*	4:name	*/	48M(ÓÒ¶Ë)-1/18b¡¯(ÓÒÍâB1,½ÓF1F2)-2/LS2_2ºÅÂÝË¨-20
			/*	4:type	*/	Áã¼þ\LS2_2ºÅÂÝË¨.SLDPRT
			/*	4:location	*/	-3.79872E-16	-0.556165	-0.831072	0.0	-3.6248E-16	0.831072	-0.556165	0.0	1.0	8.99755E-17	-5.29515E-16	0.0	-0.26849	3.69491	-1.71401	1.0
			/*	4:child_number	*/	0
			/*	4:name	*/	48M(ÓÒ¶Ë)-1/18b¡¯(ÓÒÍâB1,½ÓF1F2)-2/LS2_2ºÅÂÝË¨-21
			/*	4:type	*/	Áã¼þ\LS2_2ºÅÂÝË¨.SLDPRT
			/*	4:location	*/	-5.10219E-16	-0.066117	-0.997812	0.0	-1.23981E-16	0.997812	-0.066117	0.0	1.0	8.99755E-17	-5.173E-16	0.0	-0.26849	3.58462	-1.81567	1.0
			/*	4:child_number	*/	0
			/*	4:name	*/	48M(ÓÒ¶Ë)-1/18b¡¯(ÓÒÍâB1,½ÓF1F2)-2/LS2_2ºÅÂÝË¨-23
			/*	4:type	*/	Áã¼þ\LS2_2ºÅÂÝË¨.SLDPRT
			/*	4:location	*/	-5.10219E-16	-0.066117	-0.997812	0.0	-1.23981E-16	0.997812	-0.066117	0.0	1.0	8.99755E-17	-5.173E-16	0.0	-0.26849	4.25013	-1.80225	1.0
			/*	4:child_number	*/	0
			/*	4:name	*/	48M(ÓÒ¶Ë)-1/18b¡¯(ÓÒÍâB1,½ÓF1F2)-2/LS2_2ºÅÂÝË¨-24
			/*	4:type	*/	Áã¼þ\LS2_2ºÅÂÝË¨.SLDPRT
			/*	4:location	*/	-5.10219E-16	-0.066117	-0.997812	0.0	-1.23981E-16	0.997812	-0.066117	0.0	1.0	8.99755E-17	-5.173E-16	0.0	-0.26849	4.36043	-1.9039	1.0
			/*	4:child_number	*/	0
			/*	4:name	*/	48M(ÓÒ¶Ë)-1/18b¡¯(ÓÒÍâB1,½ÓF1F2)-2/LS2_2ºÅÂÝË¨-25
			/*	4:type	*/	Áã¼þ\LS2_2ºÅÂÝË¨.SLDPRT
			/*	4:location	*/	-5.10219E-16	-0.066117	-0.997812	0.0	-1.23981E-16	0.997812	-0.066117	0.0	1.0	8.99755E-17	-5.173E-16	0.0	-0.26849	4.33146	-1.71401	1.0
			/*	4:child_number	*/	0
			/*	4:name	*/	48M(ÓÒ¶Ë)-1/18b¡¯(ÓÒÍâB1,½ÓF1F2)-2/LS2_2ºÅÂÝË¨-26
			/*	4:type	*/	Áã¼þ\LS2_2ºÅÂÝË¨.SLDPRT
			/*	4:location	*/	-5.10219E-16	-0.066117	-0.997812	0.0	-1.23981E-16	0.997812	-0.066117	0.0	1.0	8.99755E-17	-5.173E-16	0.0	-0.26849	4.44176	-1.81567	1.0
			/*	4:child_number	*/	0
			/*	4:name	*/	48M(ÓÒ¶Ë)-1/18b¡¯(ÓÒÍâB1,½ÓF1F2)-2/LS2_2ºÅÂÝË¨-27
			/*	4:type	*/	Áã¼þ\LS2_2ºÅÂÝË¨.SLDPRT
			/*	4:location	*/	-5.10219E-16	-0.066117	-0.997812	0.0	-1.23981E-16	0.997812	-0.066117	0.0	1.0	8.99755E-17	-5.173E-16	0.0	-0.26849	4.26462	-1.8972	1.0
			/*	4:child_number	*/	0
			/*	4:name	*/	48M(ÓÒ¶Ë)-1/18b¡¯(ÓÒÍâB1,½ÓF1F2)-2/LS2_2ºÅÂÝË¨-28
			/*	4:type	*/	Áã¼þ\LS2_2ºÅÂÝË¨.SLDPRT
			/*	4:location	*/	-5.10219E-16	-0.066117	-0.997812	0.0	-1.23981E-16	0.997812	-0.066117	0.0	1.0	8.99755E-17	-5.173E-16	0.0	-0.26849	4.34595	-1.80896	1.0
			/*	4:child_number	*/	0
			/*	4:name	*/	48M(ÓÒ¶Ë)-1/18b¡¯(ÓÒÍâB1,½ÓF1F2)-2/LS3_3ºÅÂÝË¨-12
			/*	4:type	*/	Áã¼þ\LS3_3ºÅÂÝË¨.SLDPRT
			/*	4:location	*/	-5.03853E-16	0.441647	-0.897189	0.0	1.47739E-16	0.897189	0.441647	0.0	1.0	8.99755E-17	-5.173E-16	0.0	-0.26849	3.91819	-1.94	1.0
			/*	4:child_number	*/	0
			/*	4:name	*/	48M(ÓÒ¶Ë)-1/18b¡¯(ÓÒÍâB1,½ÓF1F2)-2/LS3_3ºÅÂÝË¨-13
			/*	4:type	*/	Áã¼þ\LS3_3ºÅÂÝË¨.SLDPRT
			/*	4:location	*/	-5.03853E-16	0.441647	-0.897189	0.0	1.47739E-16	0.897189	0.441647	0.0	1.0	8.99755E-17	-5.173E-16	0.0	-0.26849	4.10819	-1.94	1.0
			/*	4:child_number	*/	0
			/*	4:name	*/	48M(ÓÒ¶Ë)-1/18b¡¯(ÓÒÍâB1,½ÓF1F2)-2/LS3_3ºÅÂÝË¨-36
			/*	4:type	*/	Áã¼þ\LS3_3ºÅÂÝË¨.SLDPRT
			/*	4:location	*/	-5.03853E-16	0.441647	-0.897189	0.0	1.47739E-16	0.897189	0.441647	0.0	1.0	8.99755E-17	-5.173E-16	0.0	-0.26849	3.91819	-1.84	1.0
			/*	4:child_number	*/	0
			/*	4:name	*/	48M(ÓÒ¶Ë)-1/18b¡¯(ÓÒÍâB1,½ÓF1F2)-2/LS3_3ºÅÂÝË¨-37
			/*	4:type	*/	Áã¼þ\LS3_3ºÅÂÝË¨.SLDPRT
			/*	4:location	*/	-5.03853E-16	0.441647	-0.897189	0.0	1.47739E-16	0.897189	0.441647	0.0	1.0	8.99755E-17	-5.173E-16	0.0	-0.26849	3.91819	-1.74	1.0
			/*	4:child_number	*/	0
			/*	4:name	*/	48M(ÓÒ¶Ë)-1/18b¡¯(ÓÒÍâB1,½ÓF1F2)-2/LS3_3ºÅÂÝË¨-38
			/*	4:type	*/	Áã¼þ\LS3_3ºÅÂÝË¨.SLDPRT
			/*	4:location	*/	-5.03853E-16	0.441647	-0.897189	0.0	1.47739E-16	0.897189	0.441647	0.0	1.0	8.99755E-17	-5.173E-16	0.0	-0.26849	4.10819	-1.84	1.0
			/*	4:child_number	*/	0
			/*	4:name	*/	48M(ÓÒ¶Ë)-1/18b¡¯(ÓÒÍâB1,½ÓF1F2)-2/LS3_3ºÅÂÝË¨-39
			/*	4:type	*/	Áã¼þ\LS3_3ºÅÂÝË¨.SLDPRT
			/*	4:location	*/	-5.03853E-16	0.441647	-0.897189	0.0	1.47739E-16	0.897189	0.441647	0.0	1.0	8.99755E-17	-5.173E-16	0.0	-0.26849	4.10819	-1.74	1.0
			/*	4:child_number	*/	0
		/*	3:name	*/	48M(ÓÒ¶Ë)-1/18b¡¯(×óÍâB1,½ÓF1F2)-1
		/*	3:type	*/	°ë´©Ê½Áº\¹«¹²×é¼þ\Áº¶Ë\ÓÒ¶Ë\´øÂÝË¨Áã¼þ\18b¡¯(×óÍâB1,½ÓF1F2).SLDASM
		/*	3:location	*/	-1.0	4.996E-16	-1.66533E-16	0.0	-5.55112E-17	-5.06054E-14	1.0	0.0	5.31798E-16	1.0	5.06262E-14	0.0	0.17851	2.34012	-0.123073	1.0
		/*	3:child_number	*/	29
			/*	4:name	*/	48M(ÓÒ¶Ë)-1/18b¡¯(×óÍâB1,½ÓF1F2)-1/B1_½Úµã°å-11
			/*	4:type	*/	Áã¼þ\B1_½Úµã°å.SLDPRT
			/*	4:location	*/	8.99755E-17	-1.0	4.53302E-15	0.0	-5.173E-16	-4.36648E-15	-1.0	0.0	1.0	8.99755E-17	-5.173E-16	0.0	-0.24949	4.40151	-1.925	1.0
			/*	4:child_number	*/	0
			/*	4:name	*/	48M(ÓÒ¶Ë)-1/18b¡¯(×óÍâB1,½ÓF1F2)-1/LS1_1ºÅÂÝË¨-27
			/*	4:type	*/	Áã¼þ\LS1_1ºÅÂÝË¨.SLDPRT
			/*	4:location	*/	-4.34974E-17	0.997812	-0.066117	0.0	-2.34944E-16	0.066117	0.997812	0.0	1.0	5.8936E-17	2.31554E-16	0.0	-0.26849	3.75319	-2.265	1.0
			/*	4:child_number	*/	0
			/*	4:name	*/	48M(ÓÒ¶Ë)-1/18b¡¯(×óÍâB1,½ÓF1F2)-1/LS1_1ºÅÂÝË¨-28
			/*	4:type	*/	Áã¼þ\LS1_1ºÅÂÝË¨.SLDPRT
			/*	4:location	*/	-4.34974E-17	0.997812	-0.066117	0.0	-2.34944E-16	0.066117	0.997812	0.0	1.0	5.8936E-17	2.31554E-16	0.0	-0.26849	3.85319	-2.265	1.0
			/*	4:child_number	*/	0
			/*	4:name	*/	48M(ÓÒ¶Ë)-1/18b¡¯(×óÍâB1,½ÓF1F2)-1/LS1_1ºÅÂÝË¨-29
			/*	4:type	*/	Áã¼þ\LS1_1ºÅÂÝË¨.SLDPRT
			/*	4:location	*/	-4.34974E-17	0.997812	-0.066117	0.0	-2.34944E-16	0.066117	0.997812	0.0	1.0	5.8936E-17	2.31554E-16	0.0	-0.26849	3.95319	-2.265	1.0
			/*	4:child_number	*/	0
			/*	4:name	*/	48M(ÓÒ¶Ë)-1/18b¡¯(×óÍâB1,½ÓF1F2)-1/LS1_1ºÅÂÝË¨-30
			/*	4:type	*/	Áã¼þ\LS1_1ºÅÂÝË¨.SLDPRT
			/*	4:location	*/	-4.34974E-17	0.997812	-0.066117	0.0	-2.34944E-16	0.066117	0.997812	0.0	1.0	5.8936E-17	2.31554E-16	0.0	-0.26849	4.07319	-2.265	1.0
			/*	4:child_number	*/	0
			/*	4:name	*/	48M(ÓÒ¶Ë)-1/18b¡¯(×óÍâB1,½ÓF1F2)-1/LS1_1ºÅÂÝË¨-31
			/*	4:type	*/	Áã¼þ\LS1_1ºÅÂÝË¨.SLDPRT
			/*	4:location	*/	-4.34974E-17	0.997812	-0.066117	0.0	-2.34944E-16	0.066117	0.997812	0.0	1.0	5.8936E-17	2.31554E-16	0.0	-0.26849	4.17319	-2.265	1.0
			/*	4:child_number	*/	0
			/*	4:name	*/	48M(ÓÒ¶Ë)-1/18b¡¯(×óÍâB1,½ÓF1F2)-1/LS1_1ºÅÂÝË¨-32
			/*	4:type	*/	Áã¼þ\LS1_1ºÅÂÝË¨.SLDPRT
			/*	4:location	*/	-4.34974E-17	0.997812	-0.066117	0.0	-2.34944E-16	0.066117	0.997812	0.0	1.0	5.8936E-17	2.31554E-16	0.0	-0.26849	4.27319	-2.265	1.0
			/*	4:child_number	*/	0
			/*	4:name	*/	48M(ÓÒ¶Ë)-1/18b¡¯(×óÍâB1,½ÓF1F2)-1/LS1_1ºÅÂÝË¨-33
			/*	4:type	*/	Áã¼þ\LS1_1ºÅÂÝË¨.SLDPRT
			/*	4:location	*/	-4.34974E-17	0.997812	-0.066117	0.0	-2.34944E-16	0.066117	0.997812	0.0	1.0	5.8936E-17	2.31554E-16	0.0	-0.26849	4.07319	-2.075	1.0
			/*	4:child_number	*/	0
			/*	4:name	*/	48M(ÓÒ¶Ë)-1/18b¡¯(×óÍâB1,½ÓF1F2)-1/LS1_1ºÅÂÝË¨-34
			/*	4:type	*/	Áã¼þ\LS1_1ºÅÂÝË¨.SLDPRT
			/*	4:location	*/	-4.34974E-17	0.997812	-0.066117	0.0	-2.34944E-16	0.066117	0.997812	0.0	1.0	5.8936E-17	2.31554E-16	0.0	-0.26849	4.17319	-2.075	1.0
			/*	4:child_number	*/	0
			/*	4:name	*/	48M(ÓÒ¶Ë)-1/18b¡¯(×óÍâB1,½ÓF1F2)-1/LS1_1ºÅÂÝË¨-35
			/*	4:type	*/	Áã¼þ\LS1_1ºÅÂÝË¨.SLDPRT
			/*	4:location	*/	-4.34974E-17	0.997812	-0.066117	0.0	-2.34944E-16	0.066117	0.997812	0.0	1.0	5.8936E-17	2.31554E-16	0.0	-0.26849	4.27319	-2.075	1.0
			/*	4:child_number	*/	0
			/*	4:name	*/	48M(ÓÒ¶Ë)-1/18b¡¯(×óÍâB1,½ÓF1F2)-1/LS1_1ºÅÂÝË¨-36
			/*	4:type	*/	Áã¼þ\LS1_1ºÅÂÝË¨.SLDPRT
			/*	4:location	*/	-4.34974E-17	0.997812	-0.066117	0.0	-2.34944E-16	0.066117	0.997812	0.0	1.0	5.8936E-17	2.31554E-16	0.0	-0.26849	3.75319	-2.075	1.0
			/*	4:child_number	*/	0
			/*	4:name	*/	48M(ÓÒ¶Ë)-1/18b¡¯(×óÍâB1,½ÓF1F2)-1/LS1_1ºÅÂÝË¨-37
			/*	4:type	*/	Áã¼þ\LS1_1ºÅÂÝË¨.SLDPRT
			/*	4:location	*/	-4.34974E-17	0.997812	-0.066117	0.0	-2.34944E-16	0.066117	0.997812	0.0	1.0	5.8936E-17	2.31554E-16	0.0	-0.26849	3.85319	-2.075	1.0
			/*	4:child_number	*/	0
			/*	4:name	*/	48M(ÓÒ¶Ë)-1/18b¡¯(×óÍâB1,½ÓF1F2)-1/LS1_1ºÅÂÝË¨-38
			/*	4:type	*/	Áã¼þ\LS1_1ºÅÂÝË¨.SLDPRT
			/*	4:location	*/	-4.34974E-17	0.997812	-0.066117	0.0	-2.34944E-16	0.066117	0.997812	0.0	1.0	5.8936E-17	2.31554E-16	0.0	-0.26849	3.95319	-2.075	1.0
			/*	4:child_number	*/	0
			/*	4:name	*/	48M(ÓÒ¶Ë)-1/18b¡¯(×óÍâB1,½ÓF1F2)-1/LS2_2ºÅÂÝË¨-18
			/*	4:type	*/	Áã¼þ\LS2_2ºÅÂÝË¨.SLDPRT
			/*	4:location	*/	-5.18656E-16	0.322743	-0.946487	0.0	8.17941E-17	0.946487	0.322743	0.0	1.0	8.99755E-17	-5.173E-16	0.0	-0.26849	3.66594	-1.9039	1.0
			/*	4:child_number	*/	0
			/*	4:name	*/	48M(ÓÒ¶Ë)-1/18b¡¯(×óÍâB1,½ÓF1F2)-1/LS2_2ºÅÂÝË¨-19
			/*	4:type	*/	Áã¼þ\LS2_2ºÅÂÝË¨.SLDPRT
			/*	4:location	*/	-5.10219E-16	-0.066117	-0.997812	0.0	-1.23981E-16	0.997812	-0.066117	0.0	1.0	2.00998E-16	-4.85102E-16	0.0	-0.26849	3.77624	-1.80225	1.0
			/*	4:child_number	*/	0
			/*	4:name	*/	48M(ÓÒ¶Ë)-1/18b¡¯(×óÍâB1,½ÓF1F2)-1/LS2_2ºÅÂÝË¨-20
			/*	4:type	*/	Áã¼þ\LS2_2ºÅÂÝË¨.SLDPRT
			/*	4:location	*/	-3.79872E-16	-0.556165	-0.831072	0.0	-3.6248E-16	0.831072	-0.556165	0.0	1.0	2.00998E-16	-4.85102E-16	0.0	-0.26849	3.69491	-1.71401	1.0
			/*	4:child_number	*/	0
			/*	4:name	*/	48M(ÓÒ¶Ë)-1/18b¡¯(×óÍâB1,½ÓF1F2)-1/LS2_2ºÅÂÝË¨-21
			/*	4:type	*/	Áã¼þ\LS2_2ºÅÂÝË¨.SLDPRT
			/*	4:location	*/	-5.10219E-16	-0.066117	-0.997812	0.0	-1.23981E-16	0.997812	-0.066117	0.0	1.0	2.00998E-16	-4.85102E-16	0.0	-0.26849	3.58462	-1.81567	1.0
			/*	4:child_number	*/	0
			/*	4:name	*/	48M(ÓÒ¶Ë)-1/18b¡¯(×óÍâB1,½ÓF1F2)-1/LS2_2ºÅÂÝË¨-23
			/*	4:type	*/	Áã¼þ\LS2_2ºÅÂÝË¨.SLDPRT
			/*	4:location	*/	-5.10219E-16	-0.066117	-0.997812	0.0	-1.23981E-16	0.997812	-0.066117	0.0	1.0	8.99755E-17	-5.173E-16	0.0	-0.26849	4.25013	-1.80225	1.0
			/*	4:child_number	*/	0
			/*	4:name	*/	48M(ÓÒ¶Ë)-1/18b¡¯(×óÍâB1,½ÓF1F2)-1/LS2_2ºÅÂÝË¨-24
			/*	4:type	*/	Áã¼þ\LS2_2ºÅÂÝË¨.SLDPRT
			/*	4:location	*/	-5.10219E-16	-0.066117	-0.997812	0.0	-1.23981E-16	0.997812	-0.066117	0.0	1.0	8.99755E-17	-5.173E-16	0.0	-0.26849	4.36043	-1.9039	1.0
			/*	4:child_number	*/	0
			/*	4:name	*/	48M(ÓÒ¶Ë)-1/18b¡¯(×óÍâB1,½ÓF1F2)-1/LS2_2ºÅÂÝË¨-25
			/*	4:type	*/	Áã¼þ\LS2_2ºÅÂÝË¨.SLDPRT
			/*	4:location	*/	-5.10219E-16	-0.066117	-0.997812	0.0	-1.23981E-16	0.997812	-0.066117	0.0	1.0	8.99755E-17	-5.173E-16	0.0	-0.26849	4.33146	-1.71401	1.0
			/*	4:child_number	*/	0
			/*	4:name	*/	48M(ÓÒ¶Ë)-1/18b¡¯(×óÍâB1,½ÓF1F2)-1/LS2_2ºÅÂÝË¨-26
			/*	4:type	*/	Áã¼þ\LS2_2ºÅÂÝË¨.SLDPRT
			/*	4:location	*/	-5.10219E-16	-0.066117	-0.997812	0.0	-1.23981E-16	0.997812	-0.066117	0.0	1.0	8.99755E-17	-5.173E-16	0.0	-0.26849	4.44176	-1.81567	1.0
			/*	4:child_number	*/	0
			/*	4:name	*/	48M(ÓÒ¶Ë)-1/18b¡¯(×óÍâB1,½ÓF1F2)-1/LS2_2ºÅÂÝË¨-27
			/*	4:type	*/	Áã¼þ\LS2_2ºÅÂÝË¨.SLDPRT
			/*	4:location	*/	-5.10219E-16	-0.066117	-0.997812	0.0	-1.23981E-16	0.997812	-0.066117	0.0	1.0	2.00998E-16	-4.85102E-16	0.0	-0.26849	3.76175	-1.8972	1.0
			/*	4:child_number	*/	0
			/*	4:name	*/	48M(ÓÒ¶Ë)-1/18b¡¯(×óÍâB1,½ÓF1F2)-1/LS2_2ºÅÂÝË¨-28
			/*	4:type	*/	Áã¼þ\LS2_2ºÅÂÝË¨.SLDPRT
			/*	4:location	*/	-5.10219E-16	-0.066117	-0.997812	0.0	-1.23981E-16	0.997812	-0.066117	0.0	1.0	2.00998E-16	-4.85102E-16	0.0	-0.26849	3.68043	-1.80896	1.0
			/*	4:child_number	*/	0
			/*	4:name	*/	48M(ÓÒ¶Ë)-1/18b¡¯(×óÍâB1,½ÓF1F2)-1/LS3_3ºÅÂÝË¨-12
			/*	4:type	*/	Áã¼þ\LS3_3ºÅÂÝË¨.SLDPRT
			/*	4:location	*/	-5.03853E-16	0.441647	-0.897189	0.0	1.47739E-16	0.897189	0.441647	0.0	1.0	8.99755E-17	-5.173E-16	0.0	-0.26849	3.91819	-1.94	1.0
			/*	4:child_number	*/	0
			/*	4:name	*/	48M(ÓÒ¶Ë)-1/18b¡¯(×óÍâB1,½ÓF1F2)-1/LS3_3ºÅÂÝË¨-13
			/*	4:type	*/	Áã¼þ\LS3_3ºÅÂÝË¨.SLDPRT
			/*	4:location	*/	-5.03853E-16	0.441647	-0.897189	0.0	1.47739E-16	0.897189	0.441647	0.0	1.0	8.99755E-17	-5.173E-16	0.0	-0.26849	4.10819	-1.94	1.0
			/*	4:child_number	*/	0
			/*	4:name	*/	48M(ÓÒ¶Ë)-1/18b¡¯(×óÍâB1,½ÓF1F2)-1/LS3_3ºÅÂÝË¨-36
			/*	4:type	*/	Áã¼þ\LS3_3ºÅÂÝË¨.SLDPRT
			/*	4:location	*/	-5.03853E-16	0.441647	-0.897189	0.0	1.47739E-16	0.897189	0.441647	0.0	1.0	8.99755E-17	-5.173E-16	0.0	-0.26849	3.91819	-1.84	1.0
			/*	4:child_number	*/	0
			/*	4:name	*/	48M(ÓÒ¶Ë)-1/18b¡¯(×óÍâB1,½ÓF1F2)-1/LS3_3ºÅÂÝË¨-37
			/*	4:type	*/	Áã¼þ\LS3_3ºÅÂÝË¨.SLDPRT
			/*	4:location	*/	-5.03853E-16	0.441647	-0.897189	0.0	1.47739E-16	0.897189	0.441647	0.0	1.0	8.99755E-17	-5.173E-16	0.0	-0.26849	3.91819	-1.74	1.0
			/*	4:child_number	*/	0
			/*	4:name	*/	48M(ÓÒ¶Ë)-1/18b¡¯(×óÍâB1,½ÓF1F2)-1/LS3_3ºÅÂÝË¨-38
			/*	4:type	*/	Áã¼þ\LS3_3ºÅÂÝË¨.SLDPRT
			/*	4:location	*/	-5.03853E-16	0.441647	-0.897189	0.0	1.47739E-16	0.897189	0.441647	0.0	1.0	8.99755E-17	-5.173E-16	0.0	-0.26849	4.10819	-1.84	1.0
			/*	4:child_number	*/	0
			/*	4:name	*/	48M(ÓÒ¶Ë)-1/18b¡¯(×óÍâB1,½ÓF1F2)-1/LS3_3ºÅÂÝË¨-39
			/*	4:type	*/	Áã¼þ\LS3_3ºÅÂÝË¨.SLDPRT
			/*	4:location	*/	-5.03853E-16	0.441647	-0.897189	0.0	1.47739E-16	0.897189	0.441647	0.0	1.0	8.99755E-17	-5.173E-16	0.0	-0.26849	4.10819	-1.74	1.0
			/*	4:child_number	*/	0
		/*	3:name	*/	48M(ÓÒ¶Ë)-1/F6(ÅäÂÝÄ¸)-1
		/*	3:type	*/	°ë´©Ê½Áº\¹«¹²×é¼þ\Áº¶Ë\ÓÒ¶Ë\´øÂÝË¨Áã¼þ\F6(ÅäÂÝÄ¸).SLDASM
		/*	3:location	*/	1.0	5.55112E-17	-5.55112E-17	0.0	1.11022E-16	-5.9959E-14	1.0	0.0	1.85786E-17	-1.0	-5.99496E-14	0.0	0.24641	2.34012	3.90442	1.0
		/*	3:child_number	*/	31
			/*	4:name	*/	48M(ÓÒ¶Ë)-1/F6(ÅäÂÝÄ¸)-1/F6_¹Ò¸Ë-1
			/*	4:type	*/	Áã¼þ\F6_¹Ò¸Ë.SLDPRT
			/*	4:location	*/	1.0	0.0	3.85186E-34	0.0	0.0	1.0	0.0	0.0	-2.67211E-34	0.0	1.0	0.0	-0.0244104	-0.0143095	0.0	1.0
			/*	4:child_number	*/	0
			/*	4:name	*/	48M(ÓÒ¶Ë)-1/F6(ÅäÂÝÄ¸)-1/LS3_3ºÅÂÝË¨-1
			/*	4:type	*/	Áã¼þ\LS3_3ºÅÂÝË¨.SLDPRT
			/*	4:location	*/	-1.54074E-33	-0.066117	0.997812	0.0	0.0	0.997812	0.066117	0.0	-1.0	0.0	-3.85186E-34	0.0	-0.18541	0.0806905	0.925	1.0
			/*	4:child_number	*/	0
			/*	4:name	*/	48M(ÓÒ¶Ë)-1/F6(ÅäÂÝÄ¸)-1/LS3_3ºÅÂÝË¨-2
			/*	4:type	*/	Áã¼þ\LS3_3ºÅÂÝË¨.SLDPRT
			/*	4:location	*/	-1.54074E-33	-0.066117	0.997812	0.0	0.0	0.997812	0.066117	0.0	-1.0	0.0	-3.85186E-34	0.0	-0.18541	-0.10931	0.925	1.0
			/*	4:child_number	*/	0
			/*	4:name	*/	48M(ÓÒ¶Ë)-1/F6(ÅäÂÝÄ¸)-1/LS3_3ºÅÂÝË¨-3
			/*	4:type	*/	Áã¼þ\LS3_3ºÅÂÝË¨.SLDPRT
			/*	4:location	*/	-1.54074E-33	-0.066117	0.997812	0.0	0.0	0.997812	0.066117	0.0	-1.0	0.0	-3.85186E-34	0.0	-0.18541	0.0806905	0.725	1.0
			/*	4:child_number	*/	0
			/*	4:name	*/	48M(ÓÒ¶Ë)-1/F6(ÅäÂÝÄ¸)-1/LS3_3ºÅÂÝË¨-4
			/*	4:type	*/	Áã¼þ\LS3_3ºÅÂÝË¨.SLDPRT
			/*	4:location	*/	-1.54074E-33	-0.066117	0.997812	0.0	0.0	0.997812	0.066117	0.0	-1.0	0.0	-3.85186E-34	0.0	-0.18541	-0.10931	0.725	1.0
			/*	4:child_number	*/	0
			/*	4:name	*/	48M(ÓÒ¶Ë)-1/F6(ÅäÂÝÄ¸)-1/LS3_3ºÅÂÝË¨-5
			/*	4:type	*/	Áã¼þ\LS3_3ºÅÂÝË¨.SLDPRT
			/*	4:location	*/	-1.54074E-33	-0.066117	0.997812	0.0	0.0	0.997812	0.066117	0.0	-1.0	0.0	-3.85186E-34	0.0	-0.18541	0.0806905	0.525	1.0
			/*	4:child_number	*/	0
			/*	4:name	*/	48M(ÓÒ¶Ë)-1/F6(ÅäÂÝÄ¸)-1/LS3_3ºÅÂÝË¨-6
			/*	4:type	*/	Áã¼þ\LS3_3ºÅÂÝË¨.SLDPRT
			/*	4:location	*/	-1.54074E-33	-0.066117	0.997812	0.0	0.0	0.997812	0.066117	0.0	-1.0	0.0	-3.85186E-34	0.0	-0.18541	-0.10931	0.525	1.0
			/*	4:child_number	*/	0
			/*	4:name	*/	48M(ÓÒ¶Ë)-1/F6(ÅäÂÝÄ¸)-1/ÂÝÄ¸1-23
			/*	4:type	*/	Áã¼þ\ÂÝÄ¸1.SLDPRT
			/*	4:location	*/	0.0	0.5	-0.866025	0.0	0.0	0.866025	0.5	0.0	1.0	0.0	3.85186E-34	0.0	-0.20441	0.0806905	1.94	1.0
			/*	4:child_number	*/	0
			/*	4:name	*/	48M(ÓÒ¶Ë)-1/F6(ÅäÂÝÄ¸)-1/ÂÝÄ¸1-24
			/*	4:type	*/	Áã¼þ\ÂÝÄ¸1.SLDPRT
			/*	4:location	*/	0.0	0.5	-0.866025	0.0	0.0	0.866025	0.5	0.0	1.0	0.0	3.85186E-34	0.0	-0.20441	-0.10931	1.94	1.0
			/*	4:child_number	*/	0
			/*	4:name	*/	48M(ÓÒ¶Ë)-1/F6(ÅäÂÝÄ¸)-1/ÂÝÄ¸1-25
			/*	4:type	*/	Áã¼þ\ÂÝÄ¸1.SLDPRT
			/*	4:location	*/	0.0	0.5	-0.866025	0.0	0.0	0.866025	0.5	0.0	1.0	0.0	3.85186E-34	0.0	-0.20441	0.0806905	1.84	1.0
			/*	4:child_number	*/	0
			/*	4:name	*/	48M(ÓÒ¶Ë)-1/F6(ÅäÂÝÄ¸)-1/ÂÝÄ¸1-26
			/*	4:type	*/	Áã¼þ\ÂÝÄ¸1.SLDPRT
			/*	4:location	*/	0.0	0.5	-0.866025	0.0	0.0	0.866025	0.5	0.0	1.0	0.0	3.85186E-34	0.0	-0.20441	0.0806905	1.74	1.0
			/*	4:child_number	*/	0
			/*	4:name	*/	48M(ÓÒ¶Ë)-1/F6(ÅäÂÝÄ¸)-1/ÂÝÄ¸1-27
			/*	4:type	*/	Áã¼þ\ÂÝÄ¸1.SLDPRT
			/*	4:location	*/	0.0	0.5	-0.866025	0.0	0.0	0.866025	0.5	0.0	1.0	0.0	3.85186E-34	0.0	-0.20441	-0.10931	1.84	1.0
			/*	4:child_number	*/	0
			/*	4:name	*/	48M(ÓÒ¶Ë)-1/F6(ÅäÂÝÄ¸)-1/ÂÝÄ¸1-28
			/*	4:type	*/	Áã¼þ\ÂÝÄ¸1.SLDPRT
			/*	4:location	*/	0.0	0.5	-0.866025	0.0	0.0	0.866025	0.5	0.0	1.0	0.0	3.85186E-34	0.0	-0.20441	-0.10931	1.74	1.0
			/*	4:child_number	*/	0
			/*	4:name	*/	48M(ÓÒ¶Ë)-1/F6(ÅäÂÝÄ¸)-1/ÂÝÄ¸3-1
			/*	4:type	*/	Áã¼þ\ÂÝÄ¸3.SLDPRT
			/*	4:location	*/	6.16298E-33	-0.5	-0.866025	0.0	1.2326E-32	-0.866025	0.5	0.0	-1.0	0.0	-3.85186E-34	0.0	0.15559	0.0806905	-1.74	1.0
			/*	4:child_number	*/	0
			/*	4:name	*/	48M(ÓÒ¶Ë)-1/F6(ÅäÂÝÄ¸)-1/ÂÝÄ¸3-10
			/*	4:type	*/	Áã¼þ\ÂÝÄ¸3.SLDPRT
			/*	4:location	*/	6.16298E-33	-0.5	-0.866025	0.0	1.2326E-32	-0.866025	0.5	0.0	-1.0	0.0	-3.85186E-34	0.0	0.15559	-0.10931	1.84	1.0
			/*	4:child_number	*/	0
			/*	4:name	*/	48M(ÓÒ¶Ë)-1/F6(ÅäÂÝÄ¸)-1/ÂÝÄ¸3-11
			/*	4:type	*/	Áã¼þ\ÂÝÄ¸3.SLDPRT
			/*	4:location	*/	6.16298E-33	-0.5	-0.866025	0.0	1.2326E-32	-0.866025	0.5	0.0	-1.0	0.0	-3.85186E-34	0.0	0.15559	0.0806905	1.74	1.0
			/*	4:child_number	*/	0
			/*	4:name	*/	48M(ÓÒ¶Ë)-1/F6(ÅäÂÝÄ¸)-1/ÂÝÄ¸3-12
			/*	4:type	*/	Áã¼þ\ÂÝÄ¸3.SLDPRT
			/*	4:location	*/	6.16298E-33	-0.5	-0.866025	0.0	1.2326E-32	-0.866025	0.5	0.0	-1.0	0.0	-3.85186E-34	0.0	0.15559	-0.10931	1.74	1.0
			/*	4:child_number	*/	0
			/*	4:name	*/	48M(ÓÒ¶Ë)-1/F6(ÅäÂÝÄ¸)-1/ÂÝÄ¸3-17
			/*	4:type	*/	Áã¼þ\ÂÝÄ¸3.SLDPRT
			/*	4:location	*/	0.0	0.5	-0.866025	0.0	0.0	0.866025	0.5	0.0	1.0	0.0	3.85186E-34	0.0	-0.20441	0.0806905	-1.94	1.0
			/*	4:child_number	*/	0
			/*	4:name	*/	48M(ÓÒ¶Ë)-1/F6(ÅäÂÝÄ¸)-1/ÂÝÄ¸3-18
			/*	4:type	*/	Áã¼þ\ÂÝÄ¸3.SLDPRT
			/*	4:location	*/	0.0	0.5	-0.866025	0.0	0.0	0.866025	0.5	0.0	1.0	0.0	3.85186E-34	0.0	-0.20441	-0.10931	-1.94	1.0
			/*	4:child_number	*/	0
			/*	4:name	*/	48M(ÓÒ¶Ë)-1/F6(ÅäÂÝÄ¸)-1/ÂÝÄ¸3-19
			/*	4:type	*/	Áã¼þ\ÂÝÄ¸3.SLDPRT
			/*	4:location	*/	0.0	0.5	-0.866025	0.0	0.0	0.866025	0.5	0.0	1.0	0.0	3.85186E-34	0.0	-0.20441	0.0806905	-1.84	1.0
			/*	4:child_number	*/	0
			/*	4:name	*/	48M(ÓÒ¶Ë)-1/F6(ÅäÂÝÄ¸)-1/ÂÝÄ¸3-2
			/*	4:type	*/	Áã¼þ\ÂÝÄ¸3.SLDPRT
			/*	4:location	*/	6.16298E-33	-0.5	-0.866025	0.0	1.2326E-32	-0.866025	0.5	0.0	-1.0	0.0	-3.85186E-34	0.0	0.15559	-0.10931	-1.74	1.0
			/*	4:child_number	*/	0
			/*	4:name	*/	48M(ÓÒ¶Ë)-1/F6(ÅäÂÝÄ¸)-1/ÂÝÄ¸3-20
			/*	4:type	*/	Áã¼þ\ÂÝÄ¸3.SLDPRT
			/*	4:location	*/	0.0	0.5	-0.866025	0.0	0.0	0.866025	0.5	0.0	1.0	0.0	3.85186E-34	0.0	-0.20441	-0.10931	-1.84	1.0
			/*	4:child_number	*/	0
			/*	4:name	*/	48M(ÓÒ¶Ë)-1/F6(ÅäÂÝÄ¸)-1/ÂÝÄ¸3-21
			/*	4:type	*/	Áã¼þ\ÂÝÄ¸3.SLDPRT
			/*	4:location	*/	0.0	0.5	-0.866025	0.0	0.0	0.866025	0.5	0.0	1.0	0.0	3.85186E-34	0.0	-0.20441	0.0806905	-1.74	1.0
			/*	4:child_number	*/	0
			/*	4:name	*/	48M(ÓÒ¶Ë)-1/F6(ÅäÂÝÄ¸)-1/ÂÝÄ¸3-22
			/*	4:type	*/	Áã¼þ\ÂÝÄ¸3.SLDPRT
			/*	4:location	*/	0.0	0.5	-0.866025	0.0	0.0	0.866025	0.5	0.0	1.0	0.0	3.85186E-34	0.0	-0.20441	-0.10931	-1.74	1.0
			/*	4:child_number	*/	0
			/*	4:name	*/	48M(ÓÒ¶Ë)-1/F6(ÅäÂÝÄ¸)-1/ÂÝÄ¸3-3
			/*	4:type	*/	Áã¼þ\ÂÝÄ¸3.SLDPRT
			/*	4:location	*/	6.16298E-33	-0.5	-0.866025	0.0	1.2326E-32	-0.866025	0.5	0.0	-1.0	0.0	-3.85186E-34	0.0	0.15559	0.0806905	-1.84	1.0
			/*	4:child_number	*/	0
			/*	4:name	*/	48M(ÓÒ¶Ë)-1/F6(ÅäÂÝÄ¸)-1/ÂÝÄ¸3-4
			/*	4:type	*/	Áã¼þ\ÂÝÄ¸3.SLDPRT
			/*	4:location	*/	6.16298E-33	-0.5	-0.866025	0.0	1.2326E-32	-0.866025	0.5	0.0	-1.0	0.0	-3.85186E-34	0.0	0.15559	-0.10931	-1.84	1.0
			/*	4:child_number	*/	0
			/*	4:name	*/	48M(ÓÒ¶Ë)-1/F6(ÅäÂÝÄ¸)-1/ÂÝÄ¸3-5
			/*	4:type	*/	Áã¼þ\ÂÝÄ¸3.SLDPRT
			/*	4:location	*/	6.16298E-33	-0.5	-0.866025	0.0	1.2326E-32	-0.866025	0.5	0.0	-1.0	0.0	-3.85186E-34	0.0	0.15559	0.0806905	-1.94	1.0
			/*	4:child_number	*/	0
			/*	4:name	*/	48M(ÓÒ¶Ë)-1/F6(ÅäÂÝÄ¸)-1/ÂÝÄ¸3-6
			/*	4:type	*/	Áã¼þ\ÂÝÄ¸3.SLDPRT
			/*	4:location	*/	6.16298E-33	-0.5	-0.866025	0.0	1.2326E-32	-0.866025	0.5	0.0	-1.0	0.0	-3.85186E-34	0.0	0.15559	-0.10931	-1.94	1.0
			/*	4:child_number	*/	0
			/*	4:name	*/	48M(ÓÒ¶Ë)-1/F6(ÅäÂÝÄ¸)-1/ÂÝÄ¸3-7
			/*	4:type	*/	Áã¼þ\ÂÝÄ¸3.SLDPRT
			/*	4:location	*/	6.16298E-33	-0.5	-0.866025	0.0	1.2326E-32	-0.866025	0.5	0.0	-1.0	0.0	-3.85186E-34	0.0	0.15559	0.0806905	1.94	1.0
			/*	4:child_number	*/	0
			/*	4:name	*/	48M(ÓÒ¶Ë)-1/F6(ÅäÂÝÄ¸)-1/ÂÝÄ¸3-8
			/*	4:type	*/	Áã¼þ\ÂÝÄ¸3.SLDPRT
			/*	4:location	*/	6.16298E-33	-0.5	-0.866025	0.0	1.2326E-32	-0.866025	0.5	0.0	-1.0	0.0	-3.85186E-34	0.0	0.15559	-0.10931	1.94	1.0
			/*	4:child_number	*/	0
			/*	4:name	*/	48M(ÓÒ¶Ë)-1/F6(ÅäÂÝÄ¸)-1/ÂÝÄ¸3-9
			/*	4:type	*/	Áã¼þ\ÂÝÄ¸3.SLDPRT
			/*	4:location	*/	6.16298E-33	-0.5	-0.866025	0.0	1.2326E-32	-0.866025	0.5	0.0	-1.0	0.0	-3.85186E-34	0.0	0.15559	0.0806905	1.84	1.0
			/*	4:child_number	*/	0
		/*	3:name	*/	48M(ÓÒ¶Ë)-1/F6(ÅäÂÝÄ¸)-2
		/*	3:type	*/	°ë´©Ê½Áº\¹«¹²×é¼þ\Áº¶Ë\ÓÒ¶Ë\´øÂÝË¨Áã¼þ\F6(ÅäÂÝÄ¸).SLDASM
		/*	3:location	*/	-1.0	-1.11022E-16	-1.66533E-16	0.0	1.66533E-16	-5.66353E-14	-1.0	0.0	1.11022E-16	-1.0	5.66353E-14	0.0	-5.19041	2.34012	3.87581	1.0
		/*	3:child_number	*/	31
			/*	4:name	*/	48M(ÓÒ¶Ë)-1/F6(ÅäÂÝÄ¸)-2/F6_¹Ò¸Ë-1
			/*	4:type	*/	Áã¼þ\F6_¹Ò¸Ë.SLDPRT
			/*	4:location	*/	1.0	0.0	-2.31112E-33	0.0	0.0	1.0	0.0	0.0	-2.31112E-33	0.0	1.0	0.0	-0.0244104	-0.0143095	0.0	1.0
			/*	4:child_number	*/	0
			/*	4:name	*/	48M(ÓÒ¶Ë)-1/F6(ÅäÂÝÄ¸)-2/LS3_3ºÅÂÝË¨-1
			/*	4:type	*/	Áã¼þ\LS3_3ºÅÂÝË¨.SLDPRT
			/*	4:location	*/	-9.24446E-33	-0.066117	0.997812	0.0	2.46519E-32	0.997812	0.066117	0.0	-1.0	0.0	2.31112E-33	0.0	-0.18541	0.0806905	0.925	1.0
			/*	4:child_number	*/	0
			/*	4:name	*/	48M(ÓÒ¶Ë)-1/F6(ÅäÂÝÄ¸)-2/LS3_3ºÅÂÝË¨-2
			/*	4:type	*/	Áã¼þ\LS3_3ºÅÂÝË¨.SLDPRT
			/*	4:location	*/	-9.24446E-33	-0.066117	0.997812	0.0	2.46519E-32	0.997812	0.066117	0.0	-1.0	0.0	2.31112E-33	0.0	-0.18541	-0.10931	0.925	1.0
			/*	4:child_number	*/	0
			/*	4:name	*/	48M(ÓÒ¶Ë)-1/F6(ÅäÂÝÄ¸)-2/LS3_3ºÅÂÝË¨-3
			/*	4:type	*/	Áã¼þ\LS3_3ºÅÂÝË¨.SLDPRT
			/*	4:location	*/	-9.24446E-33	-0.066117	0.997812	0.0	2.46519E-32	0.997812	0.066117	0.0	-1.0	0.0	2.31112E-33	0.0	-0.18541	0.0806905	0.725	1.0
			/*	4:child_number	*/	0
			/*	4:name	*/	48M(ÓÒ¶Ë)-1/F6(ÅäÂÝÄ¸)-2/LS3_3ºÅÂÝË¨-4
			/*	4:type	*/	Áã¼þ\LS3_3ºÅÂÝË¨.SLDPRT
			/*	4:location	*/	-9.24446E-33	-0.066117	0.997812	0.0	2.46519E-32	0.997812	0.066117	0.0	-1.0	0.0	2.31112E-33	0.0	-0.18541	-0.10931	0.725	1.0
			/*	4:child_number	*/	0
			/*	4:name	*/	48M(ÓÒ¶Ë)-1/F6(ÅäÂÝÄ¸)-2/LS3_3ºÅÂÝË¨-5
			/*	4:type	*/	Áã¼þ\LS3_3ºÅÂÝË¨.SLDPRT
			/*	4:location	*/	-9.24446E-33	-0.066117	0.997812	0.0	2.46519E-32	0.997812	0.066117	0.0	-1.0	0.0	2.31112E-33	0.0	-0.18541	0.0806905	0.525	1.0
			/*	4:child_number	*/	0
			/*	4:name	*/	48M(ÓÒ¶Ë)-1/F6(ÅäÂÝÄ¸)-2/LS3_3ºÅÂÝË¨-6
			/*	4:type	*/	Áã¼þ\LS3_3ºÅÂÝË¨.SLDPRT
			/*	4:location	*/	-9.24446E-33	-0.066117	0.997812	0.0	2.46519E-32	0.997812	0.066117	0.0	-1.0	0.0	2.31112E-33	0.0	-0.18541	-0.10931	0.525	1.0
			/*	4:child_number	*/	0
			/*	4:name	*/	48M(ÓÒ¶Ë)-1/F6(ÅäÂÝÄ¸)-2/ÂÝÄ¸1-23
			/*	4:type	*/	Áã¼þ\ÂÝÄ¸1.SLDPRT
			/*	4:location	*/	0.0	0.5	-0.866025	0.0	0.0	0.866025	0.5	0.0	1.0	0.0	-2.31112E-33	0.0	-0.20441	0.0806905	1.94	1.0
			/*	4:child_number	*/	0
			/*	4:name	*/	48M(ÓÒ¶Ë)-1/F6(ÅäÂÝÄ¸)-2/ÂÝÄ¸1-24
			/*	4:type	*/	Áã¼þ\ÂÝÄ¸1.SLDPRT
			/*	4:location	*/	0.0	0.5	-0.866025	0.0	0.0	0.866025	0.5	0.0	1.0	0.0	-2.31112E-33	0.0	-0.20441	-0.10931	1.94	1.0
			/*	4:child_number	*/	0
			/*	4:name	*/	48M(ÓÒ¶Ë)-1/F6(ÅäÂÝÄ¸)-2/ÂÝÄ¸1-25
			/*	4:type	*/	Áã¼þ\ÂÝÄ¸1.SLDPRT
			/*	4:location	*/	0.0	0.5	-0.866025	0.0	0.0	0.866025	0.5	0.0	1.0	0.0	-2.31112E-33	0.0	-0.20441	0.0806905	1.84	1.0
			/*	4:child_number	*/	0
			/*	4:name	*/	48M(ÓÒ¶Ë)-1/F6(ÅäÂÝÄ¸)-2/ÂÝÄ¸1-26
			/*	4:type	*/	Áã¼þ\ÂÝÄ¸1.SLDPRT
			/*	4:location	*/	0.0	0.5	-0.866025	0.0	0.0	0.866025	0.5	0.0	1.0	0.0	-2.31112E-33	0.0	-0.20441	0.0806905	1.74	1.0
			/*	4:child_number	*/	0
			/*	4:name	*/	48M(ÓÒ¶Ë)-1/F6(ÅäÂÝÄ¸)-2/ÂÝÄ¸1-27
			/*	4:type	*/	Áã¼þ\ÂÝÄ¸1.SLDPRT
			/*	4:location	*/	0.0	0.5	-0.866025	0.0	0.0	0.866025	0.5	0.0	1.0	0.0	-2.31112E-33	0.0	-0.20441	-0.10931	1.84	1.0
			/*	4:child_number	*/	0
			/*	4:name	*/	48M(ÓÒ¶Ë)-1/F6(ÅäÂÝÄ¸)-2/ÂÝÄ¸1-28
			/*	4:type	*/	Áã¼þ\ÂÝÄ¸1.SLDPRT
			/*	4:location	*/	0.0	0.5	-0.866025	0.0	0.0	0.866025	0.5	0.0	1.0	0.0	-2.31112E-33	0.0	-0.20441	-0.10931	1.74	1.0
			/*	4:child_number	*/	0
			/*	4:name	*/	48M(ÓÒ¶Ë)-1/F6(ÅäÂÝÄ¸)-2/ÂÝÄ¸3-1
			/*	4:type	*/	Áã¼þ\ÂÝÄ¸3.SLDPRT
