/*	1:name	*/	83墩_4乘4样式上垫梁_64粱_32+32跨度
/*	1:type	*/	4乘4样式83墩\4乘4样式上垫梁\83墩_4乘4样式上垫梁_64粱_32+32跨度.SLDASM
/*	1:location	*/	1.0	0.0	0.0	0.0	0.0	1.0	0.0	0.0	0.0	0.0	1.0	0.0	0.0	0.0	0.0	1.0
/*	1:child_number	*/	1
	/*	2:name	*/	base：83墩_4乘4样式上垫梁_64粱_32+32跨度-1
	/*	2:type	*/	4乘4样式83墩\4乘4样式上垫梁\上垫梁装配体\base：83墩_4乘4样式上垫梁_64粱_32+32跨度.SLDASM
	/*	2:location	*/	1.0	0.0	0.0	0.0	0.0	1.0	0.0	0.0	0.0	0.0	1.0	0.0	0.0	0.0	0.0	1.0
	/*	2:child_number	*/	99
		/*	3:name	*/	base：83墩_4乘4样式上垫梁_64粱_32+32跨度-1/1：基本杆件-1
		/*	3:type	*/	基本杆件\1：基本杆件.SLDPRT
		/*	3:location	*/	0.0	1.66533E-16	1.0	0.0	0.0	1.0	1.66533E-16	0.0	-1.0	0.0	0.0	0.0	1.35	0.786	-1.75	1.0
		/*	3:child_number	*/	0
		/*	3:name	*/	base：83墩_4乘4样式上垫梁_64粱_32+32跨度-1/1：基本杆件-10
		/*	3:type	*/	基本杆件\1：基本杆件.SLDPRT
		/*	3:location	*/	1.0	0.0	0.0	0.0	0.0	1.0	0.0	0.0	0.0	0.0	1.0	0.0	-1.75	1.048	0.025	1.0
		/*	3:child_number	*/	0
		/*	3:name	*/	base：83墩_4乘4样式上垫梁_64粱_32+32跨度-1/1：基本杆件-11
		/*	3:type	*/	基本杆件\1：基本杆件.SLDPRT
		/*	3:location	*/	1.0	0.0	0.0	0.0	0.0	1.0	0.0	0.0	0.0	0.0	1.0	0.0	-1.75	1.048	-0.225	1.0
		/*	3:child_number	*/	0
		/*	3:name	*/	base：83墩_4乘4样式上垫梁_64粱_32+32跨度-1/1：基本杆件-12
		/*	3:type	*/	基本杆件\1：基本杆件.SLDPRT
		/*	3:location	*/	1.0	0.0	0.0	0.0	0.0	1.0	0.0	0.0	0.0	0.0	1.0	0.0	-1.75	1.048	-0.475	1.0
		/*	3:child_number	*/	0
		/*	3:name	*/	base：83墩_4乘4样式上垫梁_64粱_32+32跨度-1/1：基本杆件-13
		/*	3:type	*/	基本杆件\1：基本杆件.SLDPRT
		/*	3:location	*/	1.0	0.0	0.0	0.0	0.0	1.0	0.0	0.0	0.0	0.0	1.0	0.0	-1.75	1.048	-0.725	1.0
		/*	3:child_number	*/	0
		/*	3:name	*/	base：83墩_4乘4样式上垫梁_64粱_32+32跨度-1/1：基本杆件-14
		/*	3:type	*/	基本杆件\1：基本杆件.SLDPRT
		/*	3:location	*/	1.0	0.0	0.0	0.0	0.0	1.0	0.0	0.0	0.0	0.0	1.0	0.0	-1.75	1.048	-0.975	1.0
		/*	3:child_number	*/	0
		/*	3:name	*/	base：83墩_4乘4样式上垫梁_64粱_32+32跨度-1/1：基本杆件-2
		/*	3:type	*/	基本杆件\1：基本杆件.SLDPRT
		/*	3:location	*/	0.0	1.66533E-16	1.0	0.0	0.0	1.0	1.66533E-16	0.0	-1.0	0.0	0.0	0.0	1.1	0.786	-1.75	1.0
		/*	3:child_number	*/	0
		/*	3:name	*/	base：83墩_4乘4样式上垫梁_64粱_32+32跨度-1/1：基本杆件-3
		/*	3:type	*/	基本杆件\1：基本杆件.SLDPRT
		/*	3:location	*/	0.0	1.66533E-16	1.0	0.0	0.0	1.0	1.66533E-16	0.0	-1.0	0.0	0.0	0.0	0.85	0.786	-1.75	1.0
		/*	3:child_number	*/	0
		/*	3:name	*/	base：83墩_4乘4样式上垫梁_64粱_32+32跨度-1/1：基本杆件-4
		/*	3:type	*/	基本杆件\1：基本杆件.SLDPRT
		/*	3:location	*/	0.0	1.66533E-16	1.0	0.0	0.0	1.0	1.66533E-16	0.0	-1.0	0.0	0.0	0.0	-0.65	0.786	-1.75	1.0
		/*	3:child_number	*/	0
		/*	3:name	*/	base：83墩_4乘4样式上垫梁_64粱_32+32跨度-1/1：基本杆件-5
		/*	3:type	*/	基本杆件\1：基本杆件.SLDPRT
		/*	3:location	*/	0.0	1.66533E-16	1.0	0.0	0.0	1.0	1.66533E-16	0.0	-1.0	0.0	0.0	0.0	-0.9	0.786	-1.75	1.0
		/*	3:child_number	*/	0
		/*	3:name	*/	base：83墩_4乘4样式上垫梁_64粱_32+32跨度-1/1：基本杆件-6
		/*	3:type	*/	基本杆件\1：基本杆件.SLDPRT
		/*	3:location	*/	0.0	1.66533E-16	1.0	0.0	0.0	1.0	1.66533E-16	0.0	-1.0	0.0	0.0	0.0	-1.15	0.786	-1.75	1.0
		/*	3:child_number	*/	0
		/*	3:name	*/	base：83墩_4乘4样式上垫梁_64粱_32+32跨度-1/1：基本杆件-7
		/*	3:type	*/	基本杆件\1：基本杆件.SLDPRT
		/*	3:location	*/	1.0	0.0	0.0	0.0	0.0	1.0	0.0	0.0	0.0	0.0	1.0	0.0	-1.75	1.048	0.775	1.0
		/*	3:child_number	*/	0
		/*	3:name	*/	base：83墩_4乘4样式上垫梁_64粱_32+32跨度-1/1：基本杆件-8
		/*	3:type	*/	基本杆件\1：基本杆件.SLDPRT
		/*	3:location	*/	1.0	0.0	0.0	0.0	0.0	1.0	0.0	0.0	0.0	0.0	1.0	0.0	-1.75	1.048	0.525	1.0
		/*	3:child_number	*/	0
		/*	3:name	*/	base：83墩_4乘4样式上垫梁_64粱_32+32跨度-1/1：基本杆件-9
		/*	3:type	*/	基本杆件\1：基本杆件.SLDPRT
		/*	3:location	*/	1.0	0.0	0.0	0.0	0.0	1.0	0.0	0.0	0.0	0.0	1.0	0.0	-1.75	1.048	0.275	1.0
		/*	3:child_number	*/	0
		/*	3:name	*/	base：83墩_4乘4样式上垫梁_64粱_32+32跨度-1/4乘4样式上垫梁下面的三层垫梁-1
		/*	3:type	*/	4乘4样式83墩\4乘4样式上垫梁\上垫梁基本组合\4乘4样式上垫梁下面的三层垫梁.SLDASM
		/*	3:location	*/	1.0	0.0	0.0	0.0	0.0	1.0	0.0	0.0	0.0	0.0	1.0	0.0	-2.525	0.524	2.75	1.0
		/*	3:child_number	*/	55
			/*	4:name	*/	base：83墩_4乘4样式上垫梁_64粱_32+32跨度-1/4乘4样式上垫梁下面的三层垫梁-1/一号3.5立柱连接二号2.0米立柱-1
			/*	4:type	*/	4乘4样式83墩\4乘4样式上垫梁\上垫梁基本组合\一号3.5立柱连接二号2.0米立柱.SLDASM
			/*	4:location	*/	0.0	0.0	-1.0	0.0	0.0	1.0	0.0	0.0	1.0	0.0	0.0	0.0	0.0	0.0	-5.5	1.0
			/*	4:child_number	*/	2
				/*	5:name	*/	base：83墩_4乘4样式上垫梁_64粱_32+32跨度-1/4乘4样式上垫梁下面的三层垫梁-1/一号3.5立柱连接二号2.0米立柱-1/2：辅助杆件-1
				/*	5:type	*/	基本杆件\2：辅助杆件.SLDPRT
				/*	5:location	*/	1.0	0.0	0.0	0.0	0.0	1.0	0.0	0.0	0.0	0.0	1.0	0.0	-2.0	-0.262	-0.2	1.0
				/*	5:child_number	*/	0
				/*	5:name	*/	base：83墩_4乘4样式上垫梁_64粱_32+32跨度-1/4乘4样式上垫梁下面的三层垫梁-1/一号3.5立柱连接二号2.0米立柱-1/带螺栓的一号立柱-1
				/*	5:type	*/	基本组合\带螺栓的一号立柱.SLDASM
				/*	5:location	*/	1.22465E-16	1.0	0.0	0.0	-1.0	1.22465E-16	0.0	0.0	0.0	0.0	1.0	0.0	-2.0	0.0	0.0	1.0
				/*	5:child_number	*/	9
					/*	6:name	*/	base：83墩_4乘4样式上垫梁_64粱_32+32跨度-1/4乘4样式上垫梁下面的三层垫梁-1/一号3.5立柱连接二号2.0米立柱-1/带螺栓的一号立柱-1/11：M50螺栓-1
					/*	6:type	*/	基本杆件\11：M50螺栓.SLDPRT
					/*	6:location	*/	0.866025	1.06058E-16	-0.5	0.0	0.5	6.12323E-17	0.866025	0.0	1.22465E-16	-1.0	0.0	0.0	-0.0685	0.027	-0.0375	1.0
					/*	6:child_number	*/	0
					/*	6:name	*/	base：83墩_4乘4样式上垫梁_64粱_32+32跨度-1/4乘4样式上垫梁下面的三层垫梁-1/一号3.5立柱连接二号2.0米立柱-1/带螺栓的一号立柱-1/11：M50螺栓-2
					/*	6:type	*/	基本杆件\11：M50螺栓.SLDPRT
					/*	6:location	*/	0.866025	1.06058E-16	-0.5	0.0	0.5	6.12323E-17	0.866025	0.0	1.22465E-16	-1.0	0.0	0.0	-0.1935	0.027	-0.0375	1.0
					/*	6:child_number	*/	0
					/*	6:name	*/	base：83墩_4乘4样式上垫梁_64粱_32+32跨度-1/4乘4样式上垫梁下面的三层垫梁-1/一号3.5立柱连接二号2.0米立柱-1/带螺栓的一号立柱-1/11：M50螺栓-3
					/*	6:type	*/	基本杆件\11：M50螺栓.SLDPRT
					/*	6:location	*/	0.866025	1.06058E-16	-0.5	0.0	0.5	6.12323E-17	0.866025	0.0	1.22465E-16	-1.0	0.0	0.0	-0.0685	0.027	-0.1625	1.0
					/*	6:child_number	*/	0
					/*	6:name	*/	base：83墩_4乘4样式上垫梁_64粱_32+32跨度-1/4乘4样式上垫梁下面的三层垫梁-1/一号3.5立柱连接二号2.0米立柱-1/带螺栓的一号立柱-1/11：M50螺栓-4
					/*	6:type	*/	基本杆件\11：M50螺栓.SLDPRT
					/*	6:location	*/	0.866025	1.06058E-16	-0.5	0.0	0.5	6.12323E-17	0.866025	0.0	1.22465E-16	-1.0	0.0	0.0	-0.1935	0.027	-0.1625	1.0
					/*	6:child_number	*/	0
					/*	6:name	*/	base：83墩_4乘4样式上垫梁_64粱_32+32跨度-1/4乘4样式上垫梁下面的三层垫梁-1/一号3.5立柱连接二号2.0米立柱-1/带螺栓的一号立柱-1/12：螺母-1
					/*	6:type	*/	基本杆件\12：螺母.SLDPRT
					/*	6:location	*/	0.866025	2.12115E-16	-0.5	0.0	0.5	1.22465E-16	0.866025	0.0	2.44929E-16	-1.0	0.0	0.0	-0.0685	-0.012	-0.0375	1.0
					/*	6:child_number	*/	0
					/*	6:name	*/	base：83墩_4乘4样式上垫梁_64粱_32+32跨度-1/4乘4样式上垫梁下面的三层垫梁-1/一号3.5立柱连接二号2.0米立柱-1/带螺栓的一号立柱-1/12：螺母-2
					/*	6:type	*/	基本杆件\12：螺母.SLDPRT
					/*	6:location	*/	0.866025	2.12115E-16	-0.5	0.0	0.5	1.22465E-16	0.866025	0.0	2.44929E-16	-1.0	0.0	0.0	-0.1935	-0.012	-0.0375	1.0
					/*	6:child_number	*/	0
					/*	6:name	*/	base：83墩_4乘4样式上垫梁_64粱_32+32跨度-1/4乘4样式上垫梁下面的三层垫梁-1/一号3.5立柱连接二号2.0米立柱-1/带螺栓的一号立柱-1/12：螺母-3
					/*	6:type	*/	基本杆件\12：螺母.SLDPRT
					/*	6:location	*/	0.866025	2.12115E-16	-0.5	0.0	0.5	1.22465E-16	0.866025	0.0	2.44929E-16	-1.0	0.0	0.0	-0.0685	-0.012	-0.1625	1.0
					/*	6:child_number	*/	0
					/*	6:name	*/	base：83墩_4乘4样式上垫梁_64粱_32+32跨度-1/4乘4样式上垫梁下面的三层垫梁-1/一号3.5立柱连接二号2.0米立柱-1/带螺栓的一号立柱-1/12：螺母-4
					/*	6:type	*/	基本杆件\12：螺母.SLDPRT
					/*	6:location	*/	0.866025	2.12115E-16	-0.5	0.0	0.5	1.22465E-16	0.866025	0.0	2.44929E-16	-1.0	0.0	0.0	-0.1935	-0.012	-0.1625	1.0
					/*	6:child_number	*/	0
					/*	6:name	*/	base：83墩_4乘4样式上垫梁_64粱_32+32跨度-1/4乘4样式上垫梁下面的三层垫梁-1/一号3.5立柱连接二号2.0米立柱-1/带螺栓的一号立柱-1/1：基本杆件-1
					/*	6:type	*/	基本杆件\1：基本杆件.SLDPRT
					/*	6:location	*/	1.22465E-16	-1.0	0.0	0.0	1.0	1.22465E-16	0.0	0.0	0.0	0.0	1.0	0.0	-0.262	3.5	-0.2	1.0
					/*	6:child_number	*/	0
			/*	4:name	*/	base：83墩_4乘4样式上垫梁_64粱_32+32跨度-1/4乘4样式上垫梁下面的三层垫梁-1/一号3.5立柱连接二号2.0米立柱-3
			/*	4:type	*/	4乘4样式83墩\4乘4样式上垫梁\上垫梁基本组合\一号3.5立柱连接二号2.0米立柱.SLDASM
			/*	4:location	*/	2.58191E-18	0.0	1.0	0.0	0.0	1.0	0.0	0.0	-1.0	0.0	2.58191E-18	0.0	-0.2	-0.262	0.0	1.0
			/*	4:child_number	*/	2
				/*	5:name	*/	base：83墩_4乘4样式上垫梁_64粱_32+32跨度-1/4乘4样式上垫梁下面的三层垫梁-1/一号3.5立柱连接二号2.0米立柱-3/2：辅助杆件-1
				/*	5:type	*/	基本杆件\2：辅助杆件.SLDPRT
				/*	5:location	*/	1.0	0.0	0.0	0.0	0.0	1.0	0.0	0.0	0.0	0.0	1.0	0.0	-2.0	-0.262	-0.2	1.0
				/*	5:child_number	*/	0
				/*	5:name	*/	base：83墩_4乘4样式上垫梁_64粱_32+32跨度-1/4乘4样式上垫梁下面的三层垫梁-1/一号3.5立柱连接二号2.0米立柱-3/带螺栓的一号立柱-1
				/*	5:type	*/	基本组合\带螺栓的一号立柱.SLDASM
				/*	5:location	*/	1.22465E-16	1.0	0.0	0.0	-1.0	1.22465E-16	0.0	0.0	0.0	0.0	1.0	0.0	-2.0	0.0	0.0	1.0
				/*	5:child_number	*/	9
					/*	6:name	*/	base：83墩_4乘4样式上垫梁_64粱_32+32跨度-1/4乘4样式上垫梁下面的三层垫梁-1/一号3.5立柱连接二号2.0米立柱-3/带螺栓的一号立柱-1/11：M50螺栓-1
					/*	6:type	*/	基本杆件\11：M50螺栓.SLDPRT
					/*	6:location	*/	0.866025	1.06058E-16	-0.5	0.0	0.5	6.12323E-17	0.866025	0.0	1.22465E-16	-1.0	0.0	0.0	-0.0685	0.027	-0.0375	1.0
					/*	6:child_number	*/	0
					/*	6:name	*/	base：83墩_4乘4样式上垫梁_64粱_32+32跨度-1/4乘4样式上垫梁下面的三层垫梁-1/一号3.5立柱连接二号2.0米立柱-3/带螺栓的一号立柱-1/11：M50螺栓-2
					/*	6:type	*/	基本杆件\11：M50螺栓.SLDPRT
					/*	6:location	*/	0.866025	1.06058E-16	-0.5	0.0	0.5	6.12323E-17	0.866025	0.0	1.22465E-16	-1.0	0.0	0.0	-0.1935	0.027	-0.0375	1.0
					/*	6:child_number	*/	0
					/*	6:name	*/	base：83墩_4乘4样式上垫梁_64粱_32+32跨度-1/4乘4样式上垫梁下面的三层垫梁-1/一号3.5立柱连接二号2.0米立柱-3/带螺栓的一号立柱-1/11：M50螺栓-3
					/*	6:type	*/	基本杆件\11：M50螺栓.SLDPRT
					/*	6:location	*/	0.866025	1.06058E-16	-0.5	0.0	0.5	6.12323E-17	0.866025	0.0	1.22465E-16	-1.0	0.0	0.0	-0.0685	0.027	-0.1625	1.0
					/*	6:child_number	*/	0
					/*	6:name	*/	base：83墩_4乘4样式上垫梁_64粱_32+32跨度-1/4乘4样式上垫梁下面的三层垫梁-1/一号3.5立柱连接二号2.0米立柱-3/带螺栓的一号立柱-1/11：M50螺栓-4
					/*	6:type	*/	基本杆件\11：M50螺栓.SLDPRT
					/*	6:location	*/	0.866025	1.06058E-16	-0.5	0.0	0.5	6.12323E-17	0.866025	0.0	1.22465E-16	-1.0	0.0	0.0	-0.1935	0.027	-0.1625	1.0
					/*	6:child_number	*/	0
					/*	6:name	*/	base：83墩_4乘4样式上垫梁_64粱_32+32跨度-1/4乘4样式上垫梁下面的三层垫梁-1/一号3.5立柱连接二号2.0米立柱-3/带螺栓的一号立柱-1/12：螺母-1
					/*	6:type	*/	基本杆件\12：螺母.SLDPRT
					/*	6:location	*/	0.866025	2.12115E-16	-0.5	0.0	0.5	1.22465E-16	0.866025	0.0	2.44929E-16	-1.0	0.0	0.0	-0.0685	-0.012	-0.0375	1.0
					/*	6:child_number	*/	0
					/*	6:name	*/	base：83墩_4乘4样式上垫梁_64粱_32+32跨度-1/4乘4样式上垫梁下面的三层垫梁-1/一号3.5立柱连接二号2.0米立柱-3/带螺栓的一号立柱-1/12：螺母-2
					/*	6:type	*/	基本杆件\12：螺母.SLDPRT
					/*	6:location	*/	0.866025	2.12115E-16	-0.5	0.0	0.5	1.22465E-16	0.866025	0.0	2.44929E-16	-1.0	0.0	0.0	-0.1935	-0.012	-0.0375	1.0
					/*	6:child_number	*/	0
					/*	6:name	*/	base：83墩_4乘4样式上垫梁_64粱_32+32跨度-1/4乘4样式上垫梁下面的三层垫梁-1/一号3.5立柱连接二号2.0米立柱-3/带螺栓的一号立柱-1/12：螺母-3
					/*	6:type	*/	基本杆件\12：螺母.SLDPRT
					/*	6:location	*/	0.866025	2.12115E-16	-0.5	0.0	0.5	1.22465E-16	0.866025	0.0	2.44929E-16	-1.0	0.0	0.0	-0.0685	-0.012	-0.1625	1.0
					/*	6:child_number	*/	0
					/*	6:name	*/	base：83墩_4乘4样式上垫梁_64粱_32+32跨度-1/4乘4样式上垫梁下面的三层垫梁-1/一号3.5立柱连接二号2.0米立柱-3/带螺栓的一号立柱-1/12：螺母-4
					/*	6:type	*/	基本杆件\12：螺母.SLDPRT
					/*	6:location	*/	0.866025	2.12115E-16	-0.5	0.0	0.5	1.22465E-16	0.866025	0.0	2.44929E-16	-1.0	0.0	0.0	-0.1935	-0.012	-0.1625	1.0
					/*	6:child_number	*/	0
					/*	6:name	*/	base：83墩_4乘4样式上垫梁_64粱_32+32跨度-1/4乘4样式上垫梁下面的三层垫梁-1/一号3.5立柱连接二号2.0米立柱-3/带螺栓的一号立柱-1/1：基本杆件-1
					/*	6:type	*/	基本杆件\1：基本杆件.SLDPRT
					/*	6:location	*/	1.22465E-16	-1.0	0.0	0.0	1.0	1.22465E-16	0.0	0.0	0.0	0.0	1.0	0.0	-0.262	3.5	-0.2	1.0
					/*	6:child_number	*/	0
			/*	4:name	*/	base：83墩_4乘4样式上垫梁_64粱_32+32跨度-1/4乘4样式上垫梁下面的三层垫梁-1/一号3.5立柱连接二号2.0米立柱-4
			/*	4:type	*/	4乘4样式83墩\4乘4样式上垫梁\上垫梁基本组合\一号3.5立柱连接二号2.0米立柱.SLDASM
			/*	4:location	*/	2.58191E-18	0.0	1.0	0.0	0.0	1.0	0.0	0.0	-1.0	0.0	2.58191E-18	0.0	1.55	-0.262	0.0	1.0
			/*	4:child_number	*/	2
				/*	5:name	*/	base：83墩_4乘4样式上垫梁_64粱_32+32跨度-1/4乘4样式上垫梁下面的三层垫梁-1/一号3.5立柱连接二号2.0米立柱-4/2：辅助杆件-1
				/*	5:type	*/	基本杆件\2：辅助杆件.SLDPRT
				/*	5:location	*/	1.0	0.0	0.0	0.0	0.0	1.0	0.0	0.0	0.0	0.0	1.0	0.0	-2.0	-0.262	-0.2	1.0
				/*	5:child_number	*/	0
				/*	5:name	*/	base：83墩_4乘4样式上垫梁_64粱_32+32跨度-1/4乘4样式上垫梁下面的三层垫梁-1/一号3.5立柱连接二号2.0米立柱-4/带螺栓的一号立柱-1
				/*	5:type	*/	基本组合\带螺栓的一号立柱.SLDASM
				/*	5:location	*/	1.22465E-16	1.0	0.0	0.0	-1.0	1.22465E-16	0.0	0.0	0.0	0.0	1.0	0.0	-2.0	0.0	0.0	1.0
				/*	5:child_number	*/	9
					/*	6:name	*/	base：83墩_4乘4样式上垫梁_64粱_32+32跨度-1/4乘4样式上垫梁下面的三层垫梁-1/一号3.5立柱连接二号2.0米立柱-4/带螺栓的一号立柱-1/11：M50螺栓-1
					/*	6:type	*/	基本杆件\11：M50螺栓.SLDPRT
					/*	6:location	*/	0.866025	1.06058E-16	-0.5	0.0	0.5	6.12323E-17	0.866025	0.0	1.22465E-16	-1.0	0.0	0.0	-0.0685	0.027	-0.0375	1.0
					/*	6:child_number	*/	0
					/*	6:name	*/	base：83墩_4乘4样式上垫梁_64粱_32+32跨度-1/4乘4样式上垫梁下面的三层垫梁-1/一号3.5立柱连接二号2.0米立柱-4/带螺栓的一号立柱-1/11：M50螺栓-2
					/*	6:type	*/	基本杆件\11：M50螺栓.SLDPRT
					/*	6:location	*/	0.866025	1.06058E-16	-0.5	0.0	0.5	6.12323E-17	0.866025	0.0	1.22465E-16	-1.0	0.0	0.0	-0.1935	0.027	-0.0375	1.0
					/*	6:child_number	*/	0
					/*	6:name	*/	base：83墩_4乘4样式上垫梁_64粱_32+32跨度-1/4乘4样式上垫梁下面的三层垫梁-1/一号3.5立柱连接二号2.0米立柱-4/带螺栓的一号立柱-1/11：M50螺栓-3
					/*	6:type	*/	基本杆件\11：M50螺栓.SLDPRT
					/*	6:location	*/	0.866025	1.06058E-16	-0.5	0.0	0.5	6.12323E-17	0.866025	0.0	1.22465E-16	-1.0	0.0	0.0	-0.0685	0.027	-0.1625	1.0
					/*	6:child_number	*/	0
					/*	6:name	*/	base：83墩_4乘4样式上垫梁_64粱_32+32跨度-1/4乘4样式上垫梁下面的三层垫梁-1/一号3.5立柱连接二号2.0米立柱-4/带螺栓的一号立柱-1/11：M50螺栓-4
					/*	6:type	*/	基本杆件\11：M50螺栓.SLDPRT
					/*	6:location	*/	0.866025	1.06058E-16	-0.5	0.0	0.5	6.12323E-17	0.866025	0.0	1.22465E-16	-1.0	0.0	0.0	-0.1935	0.027	-0.1625	1.0
					/*	6:child_number	*/	0
					/*	6:name	*/	base：83墩_4乘4样式上垫梁_64粱_32+32跨度-1/4乘4样式上垫梁下面的三层垫梁-1/一号3.5立柱连接二号2.0米立柱-4/带螺栓的一号立柱-1/12：螺母-1
					/*	6:type	*/	基本杆件\12：螺母.SLDPRT
					/*	6:location	*/	0.866025	2.12115E-16	-0.5	0.0	0.5	1.22465E-16	0.866025	0.0	2.44929E-16	-1.0	0.0	0.0	-0.0685	-0.012	-0.0375	1.0
					/*	6:child_number	*/	0
					/*	6:name	*/	base：83墩_4乘4样式上垫梁_64粱_32+32跨度-1/4乘4样式上垫梁下面的三层垫梁-1/一号3.5立柱连接二号2.0米立柱-4/带螺栓的一号立柱-1/12：螺母-2
					/*	6:type	*/	基本杆件\12：螺母.SLDPRT
					/*	6:location	*/	0.866025	2.12115E-16	-0.5	0.0	0.5	1.22465E-16	0.866025	0.0	2.44929E-16	-1.0	0.0	0.0	-0.1935	-0.012	-0.0375	1.0
					/*	6:child_number	*/	0
					/*	6:name	*/	base：83墩_4乘4样式上垫梁_64粱_32+32跨度-1/4乘4样式上垫梁下面的三层垫梁-1/一号3.5立柱连接二号2.0米立柱-4/带螺栓的一号立柱-1/12：螺母-3
					/*	6:type	*/	基本杆件\12：螺母.SLDPRT
					/*	6:location	*/	0.866025	2.12115E-16	-0.5	0.0	0.5	1.22465E-16	0.866025	0.0	2.44929E-16	-1.0	0.0	0.0	-0.0685	-0.012	-0.1625	1.0
					/*	6:child_number	*/	0
					/*	6:name	*/	base：83墩_4乘4样式上垫梁_64粱_32+32跨度-1/4乘4样式上垫梁下面的三层垫梁-1/一号3.5立柱连接二号2.0米立柱-4/带螺栓的一号立柱-1/12：螺母-4
					/*	6:type	*/	基本杆件\12：螺母.SLDPRT
					/*	6:location	*/	0.866025	2.12115E-16	-0.5	0.0	0.5	1.22465E-16	0.866025	0.0	2.44929E-16	-1.0	0.0	0.0	-0.1935	-0.012	-0.1625	1.0
					/*	6:child_number	*/	0
					/*	6:name	*/	base：83墩_4乘4样式上垫梁_64粱_32+32跨度-1/4乘4样式上垫梁下面的三层垫梁-1/一号3.5立柱连接二号2.0米立柱-4/带螺栓的一号立柱-1/1：基本杆件-1
					/*	6:type	*/	基本杆件\1：基本杆件.SLDPRT
					/*	6:location	*/	1.22465E-16	-1.0	0.0	0.0	1.0	1.22465E-16	0.0	0.0	0.0	0.0	1.0	0.0	-0.262	3.5	-0.2	1.0
					/*	6:child_number	*/	0
			/*	4:name	*/	base：83墩_4乘4样式上垫梁_64粱_32+32跨度-1/4乘4样式上垫梁下面的三层垫梁-1/一号3.5立柱连接二号2.0米立柱-5
			/*	4:type	*/	4乘4样式83墩\4乘4样式上垫梁\上垫梁基本组合\一号3.5立柱连接二号2.0米立柱.SLDASM
			/*	4:location	*/	2.58191E-18	0.0	1.0	0.0	0.0	1.0	0.0	0.0	-1.0	0.0	2.58191E-18	0.0	3.3	-0.262	0.0	1.0
			/*	4:child_number	*/	2
				/*	5:name	*/	base：83墩_4乘4样式上垫梁_64粱_32+32跨度-1/4乘4样式上垫梁下面的三层垫梁-1/一号3.5立柱连接二号2.0米立柱-5/2：辅助杆件-1
				/*	5:type	*/	基本杆件\2：辅助杆件.SLDPRT
				/*	5:location	*/	1.0	0.0	0.0	0.0	0.0	1.0	0.0	0.0	0.0	0.0	1.0	0.0	-2.0	-0.262	-0.2	1.0
				/*	5:child_number	*/	0
				/*	5:name	*/	base：83墩_4乘4样式上垫梁_64粱_32+32跨度-1/4乘4样式上垫梁下面的三层垫梁-1/一号3.5立柱连接二号2.0米立柱-5/带螺栓的一号立柱-1
				/*	5:type	*/	基本组合\带螺栓的一号立柱.SLDASM
				/*	5:location	*/	1.22465E-16	1.0	0.0	0.0	-1.0	1.22465E-16	0.0	0.0	0.0	0.0	1.0	0.0	-2.0	0.0	0.0	1.0
				/*	5:child_number	*/	9
					/*	6:name	*/	base：83墩_4乘4样式上垫梁_64粱_32+32跨度-1/4乘4样式上垫梁下面的三层垫梁-1/一号3.5立柱连接二号2.0米立柱-5/带螺栓的一号立柱-1/11：M50螺栓-1
					/*	6:type	*/	基本杆件\11：M50螺栓.SLDPRT
					/*	6:location	*/	0.866025	1.06058E-16	-0.5	0.0	0.5	6.12323E-17	0.866025	0.0	1.22465E-16	-1.0	0.0	0.0	-0.0685	0.027	-0.0375	1.0
					/*	6:child_number	*/	0
					/*	6:name	*/	base：83墩_4乘4样式上垫梁_64粱_32+32跨度-1/4乘4样式上垫梁下面的三层垫梁-1/一号3.5立柱连接二号2.0米立柱-5/带螺栓的一号立柱-1/11：M50螺栓-2
					/*	6:type	*/	基本杆件\11：M50螺栓.SLDPRT
					/*	6:location	*/	0.866025	1.06058E-16	-0.5	0.0	0.5	6.12323E-17	0.866025	0.0	1.22465E-16	-1.0	0.0	0.0	-0.1935	0.027	-0.0375	1.0
					/*	6:child_number	*/	0
					/*	6:name	*/	base：83墩_4乘4样式上垫梁_64粱_32+32跨度-1/4乘4样式上垫梁下面的三层垫梁-1/一号3.5立柱连接二号2.0米立柱-5/带螺栓的一号立柱-1/11：M50螺栓-3
					/*	6:type	*/	基本杆件\11：M50螺栓.SLDPRT
					/*	6:location	*/	0.866025	1.06058E-16	-0.5	0.0	0.5	6.12323E-17	0.866025	0.0	1.22465E-16	-1.0	0.0	0.0	-0.0685	0.027	-0.1625	1.0
					/*	6:child_number	*/	0
					/*	6:name	*/	base：83墩_4乘4样式上垫梁_64粱_32+32跨度-1/4乘4样式上垫梁下面的三层垫梁-1/一号3.5立柱连接二号2.0米立柱-5/带螺栓的一号立柱-1/11：M50螺栓-4
					/*	6:type	*/	基本杆件\11：M50螺栓.SLDPRT
					/*	6:location	*/	0.866025	1.06058E-16	-0.5	0.0	0.5	6.12323E-17	0.866025	0.0	1.22465E-16	-1.0	0.0	0.0	-0.1935	0.027	-0.1625	1.0
					/*	6:child_number	*/	0
					/*	6:name	*/	base：83墩_4乘4样式上垫梁_64粱_32+32跨度-1/4乘4样式上垫梁下面的三层垫梁-1/一号3.5立柱连接二号2.0米立柱-5/带螺栓的一号立柱-1/12：螺母-1
					/*	6:type	*/	基本杆件\12：螺母.SLDPRT
					/*	6:location	*/	0.866025	2.12115E-16	-0.5	0.0	0.5	1.22465E-16	0.866025	0.0	2.44929E-16	-1.0	0.0	0.0	-0.0685	-0.012	-0.0375	1.0
					/*	6:child_number	*/	0
					/*	6:name	*/	base：83墩_4乘4样式上垫梁_64粱_32+32跨度-1/4乘4样式上垫梁下面的三层垫梁-1/一号3.5立柱连接二号2.0米立柱-5/带螺栓的一号立柱-1/12：螺母-2
					/*	6:type	*/	基本杆件\12：螺母.SLDPRT
					/*	6:location	*/	0.866025	2.12115E-16	-0.5	0.0	0.5	1.22465E-16	0.866025	0.0	2.44929E-16	-1.0	0.0	0.0	-0.1935	-0.012	-0.0375	1.0
					/*	6:child_number	*/	0
					/*	6:name	*/	base：83墩_4乘4样式上垫梁_64粱_32+32跨度-1/4乘4样式上垫梁下面的三层垫梁-1/一号3.5立柱连接二号2.0米立柱-5/带螺栓的一号立柱-1/12：螺母-3
					/*	6:type	*/	基本杆件\12：螺母.SLDPRT
					/*	6:location	*/	0.866025	2.12115E-16	-0.5	0.0	0.5	1.22465E-16	0.866025	0.0	2.44929E-16	-1.0	0.0	0.0	-0.0685	-0.012	-0.1625	1.0
					/*	6:child_number	*/	0
					/*	6:name	*/	base：83墩_4乘4样式上垫梁_64粱_32+32跨度-1/4乘4样式上垫梁下面的三层垫梁-1/一号3.5立柱连接二号2.0米立柱-5/带螺栓的一号立柱-1/12：螺母-4
					/*	6:type	*/	基本杆件\12：螺母.SLDPRT
					/*	6:location	*/	0.866025	2.12115E-16	-0.5	0.0	0.5	1.22465E-16	0.866025	0.0	2.44929E-16	-1.0	0.0	0.0	-0.1935	-0.012	-0.1625	1.0
					/*	6:child_number	*/	0
					/*	6:name	*/	base：83墩_4乘4样式上垫梁_64粱_32+32跨度-1/4乘4样式上垫梁下面的三层垫梁-1/一号3.5立柱连接二号2.0米立柱-5/带螺栓的一号立柱-1/1：基本杆件-1
					/*	6:type	*/	基本杆件\1：基本杆件.SLDPRT
					/*	6:location	*/	1.22465E-16	-1.0	0.0	0.0	1.0	1.22465E-16	0.0	0.0	0.0	0.0	1.0	0.0	-0.262	3.5	-0.2	1.0
					/*	6:child_number	*/	0
			/*	4:name	*/	base：83墩_4乘4样式上垫梁_64粱_32+32跨度-1/4乘4样式上垫梁下面的三层垫梁-1/一号3.5立柱连接二号2.0米立柱-6
			/*	4:type	*/	4乘4样式83墩\4乘4样式上垫梁\上垫梁基本组合\一号3.5立柱连接二号2.0米立柱.SLDASM
			/*	4:location	*/	2.58191E-18	0.0	1.0	0.0	0.0	1.0	0.0	0.0	-1.0	0.0	2.58191E-18	0.0	5.05	-0.262	0.0	1.0
			/*	4:child_number	*/	2
				/*	5:name	*/	base：83墩_4乘4样式上垫梁_64粱_32+32跨度-1/4乘4样式上垫梁下面的三层垫梁-1/一号3.5立柱连接二号2.0米立柱-6/2：辅助杆件-1
				/*	5:type	*/	基本杆件\2：辅助杆件.SLDPRT
				/*	5:location	*/	1.0	0.0	0.0	0.0	0.0	1.0	0.0	0.0	0.0	0.0	1.0	0.0	-2.0	-0.262	-0.2	1.0
				/*	5:child_number	*/	0
				/*	5:name	*/	base：83墩_4乘4样式上垫梁_64粱_32+32跨度-1/4乘4样式上垫梁下面的三层垫梁-1/一号3.5立柱连接二号2.0米立柱-6/带螺栓的一号立柱-1
				/*	5:type	*/	基本组合\带螺栓的一号立柱.SLDASM
				/*	5:location	*/	1.22465E-16	1.0	0.0	0.0	-1.0	1.22465E-16	0.0	0.0	0.0	0.0	1.0	0.0	-2.0	0.0	0.0	1.0
				/*	5:child_number	*/	9
					/*	6:name	*/	base：83墩_4乘4样式上垫梁_64粱_32+32跨度-1/4乘4样式上垫梁下面的三层垫梁-1/一号3.5立柱连接二号2.0米立柱-6/带螺栓的一号立柱-1/11：M50螺栓-1
					/*	6:type	*/	基本杆件\11：M50螺栓.SLDPRT
					/*	6:location	*/	0.866025	1.06058E-16	-0.5	0.0	0.5	6.12323E-17	0.866025	0.0	1.22465E-16	-1.0	0.0	0.0	-0.0685	0.027	-0.0375	1.0
					/*	6:child_number	*/	0
					/*	6:name	*/	base：83墩_4乘4样式上垫梁_64粱_32+32跨度-1/4乘4样式上垫梁下面的三层垫梁-1/一号3.5立柱连接二号2.0米立柱-6/带螺栓的一号立柱-1/11：M50螺栓-2
					/*	6:type	*/	基本杆件\11：M50螺栓.SLDPRT
					/*	6:location	*/	0.866025	1.06058E-16	-0.5	0.0	0.5	6.12323E-17	0.866025	0.0	1.22465E-16	-1.0	0.0	0.0	-0.1935	0.027	-0.0375	1.0
					/*	6:child_number	*/	0
					/*	6:name	*/	base：83墩_4乘4样式上垫梁_64粱_32+32跨度-1/4乘4样式上垫梁下面的三层垫梁-1/一号3.5立柱连接二号2.0米立柱-6/带螺栓的一号立柱-1/11：M50螺栓-3
					/*	6:type	*/	基本杆件\11：M50螺栓.SLDPRT
					/*	6:location	*/	0.866025	1.06058E-16	-0.5	0.0	0.5	6.12323E-17	0.866025	0.0	1.22465E-16	-1.0	0.0	0.0	-0.0685	0.027	-0.1625	1.0
					/*	6:child_number	*/	0
					/*	6:name	*/	base：83墩_4乘4样式上垫梁_64粱_32+32跨度-1/4乘4样式上垫梁下面的三层垫梁-1/一号3.5立柱连接二号2.0米立柱-6/带螺栓的一号立柱-1/11：M50螺栓-4
					/*	6:type	*/	基本杆件\11：M50螺栓.SLDPRT
					/*	6:location	*/	0.866025	1.06058E-16	-0.5	0.0	0.5	6.12323E-17	0.866025	0.0	1.22465E-16	-1.0	0.0	0.0	-0.1935	0.027	-0.1625	1.0
					/*	6:child_number	*/	0
					/*	6:name	*/	base：83墩_4乘4样式上垫梁_64粱_32+32跨度-1/4乘4样式上垫梁下面的三层垫梁-1/一号3.5立柱连接二号2.0米立柱-6/带螺栓的一号立柱-1/12：螺母-1
					/*	6:type	*/	基本杆件\12：螺母.SLDPRT
					/*	6:location	*/	0.866025	2.12115E-16	-0.5	0.0	0.5	1.22465E-16	0.866025	0.0	2.44929E-16	-1.0	0.0	0.0	-0.0685	-0.012	-0.0375	1.0
					/*	6:child_number	*/	0
					/*	6:name	*/	base：83墩_4乘4样式上垫梁_64粱_32+32跨度-1/4乘4样式上垫梁下面的三层垫梁-1/一号3.5立柱连接二号2.0米立柱-6/带螺栓的一号立柱-1/12：螺母-2
					/*	6:type	*/	基本杆件\12：螺母.SLDPRT
					/*	6:location	*/	0.866025	2.12115E-16	-0.5	0.0	0.5	1.22465E-16	0.866025	0.0	2.44929E-16	-1.0	0.0	0.0	-0.1935	-0.012	-0.0375	1.0
					/*	6:child_number	*/	0
					/*	6:name	*/	base：83墩_4乘4样式上垫梁_64粱_32+32跨度-1/4乘4样式上垫梁下面的三层垫梁-1/一号3.5立柱连接二号2.0米立柱-6/带螺栓的一号立柱-1/12：螺母-3
					/*	6:type	*/	基本杆件\12：螺母.SLDPRT
					/*	6:location	*/	0.866025	2.12115E-16	-0.5	0.0	0.5	1.22465E-16	0.866025	0.0	2.44929E-16	-1.0	0.0	0.0	-0.0685	-0.012	-0.1625	1.0
					/*	6:child_number	*/	0
					/*	6:name	*/	base：83墩_4乘4样式上垫梁_64粱_32+32跨度-1/4乘4样式上垫梁下面的三层垫梁-1/一号3.5立柱连接二号2.0米立柱-6/带螺栓的一号立柱-1/12：螺母-4
					/*	6:type	*/	基本杆件\12：螺母.SLDPRT
					/*	6:location	*/	0.866025	2.12115E-16	-0.5	0.0	0.5	1.22465E-16	0.866025	0.0	2.44929E-16	-1.0	0.0	0.0	-0.1935	-0.012	-0.1625	1.0
					/*	6:child_number	*/	0
					/*	6:name	*/	base：83墩_4乘4样式上垫梁_64粱_32+32跨度-1/4乘4样式上垫梁下面的三层垫梁-1/一号3.5立柱连接二号2.0米立柱-6/带螺栓的一号立柱-1/1：基本杆件-1
					/*	6:type	*/	基本杆件\1：基本杆件.SLDPRT
					/*	6:location	*/	1.22465E-16	-1.0	0.0	0.0	1.0	1.22465E-16	0.0	0.0	0.0	0.0	1.0	0.0	-0.262	3.5	-0.2	1.0
					/*	6:child_number	*/	0
			/*	4:name	*/	base：83墩_4乘4样式上垫梁_64粱_32+32跨度-1/4乘4样式上垫梁下面的三层垫梁-1/一号3.5立柱连接二号2.0米立柱-7
			/*	4:type	*/	4乘4样式83墩\4乘4样式上垫梁\上垫梁基本组合\一号3.5立柱连接二号2.0米立柱.SLDASM
			/*	4:location	*/	0.0	0.0	-1.0	0.0	0.0	1.0	0.0	0.0	1.0	0.0	0.0	0.0	1.75	0.0	-5.5	1.0
			/*	4:child_number	*/	2
				/*	5:name	*/	base：83墩_4乘4样式上垫梁_64粱_32+32跨度-1/4乘4样式上垫梁下面的三层垫梁-1/一号3.5立柱连接二号2.0米立柱-7/2：辅助杆件-1
				/*	5:type	*/	基本杆件\2：辅助杆件.SLDPRT
				/*	5:location	*/	1.0	0.0	0.0	0.0	0.0	1.0	0.0	0.0	0.0	0.0	1.0	0.0	-2.0	-0.262	-0.2	1.0
				/*	5:child_number	*/	0
				/*	5:name	*/	base：83墩_4乘4样式上垫梁_64粱_32+32跨度-1/4乘4样式上垫梁下面的三层垫梁-1/一号3.5立柱连接二号2.0米立柱-7/带螺栓的一号立柱-1
				/*	5:type	*/	基本组合\带螺栓的一号立柱.SLDASM
				/*	5:location	*/	1.22465E-16	1.0	0.0	0.0	-1.0	1.22465E-16	0.0	0.0	0.0	0.0	1.0	0.0	-2.0	0.0	0.0	1.0
				/*	5:child_number	*/	9
					/*	6:name	*/	base：83墩_4乘4样式上垫梁_64粱_32+32跨度-1/4乘4样式上垫梁下面的三层垫梁-1/一号3.5立柱连接二号2.0米立柱-7/带螺栓的一号立柱-1/11：M50螺栓-1
					/*	6:type	*/	基本杆件\11：M50螺栓.SLDPRT
					/*	6:location	*/	0.866025	1.06058E-16	-0.5	0.0	0.5	6.12323E-17	0.866025	0.0	1.22465E-16	-1.0	0.0	0.0	-0.0685	0.027	-0.0375	1.0
					/*	6:child_number	*/	0
					/*	6:name	*/	base：83墩_4乘4样式上垫梁_64粱_32+32跨度-1/4乘4样式上垫梁下面的三层垫梁-1/一号3.5立柱连接二号2.0米立柱-7/带螺栓的一号立柱-1/11：M50螺栓-2
					/*	6:type	*/	基本杆件\11：M50螺栓.SLDPRT
					/*	6:location	*/	0.866025	1.06058E-16	-0.5	0.0	0.5	6.12323E-17	0.866025	0.0	1.22465E-16	-1.0	0.0	0.0	-0.1935	0.027	-0.0375	1.0
					/*	6:child_number	*/	0
					/*	6:name	*/	base：83墩_4乘4样式上垫梁_64粱_32+32跨度-1/4乘4样式上垫梁下面的三层垫梁-1/一号3.5立柱连接二号2.0米立柱-7/带螺栓的一号立柱-1/11：M50螺栓-3
					/*	6:type	*/	基本杆件\11：M50螺栓.SLDPRT
					/*	6:location	*/	0.866025	1.06058E-16	-0.5	0.0	0.5	6.12323E-17	0.866025	0.0	1.22465E-16	-1.0	0.0	0.0	-0.0685	0.027	-0.1625	1.0
					/*	6:child_number	*/	0
					/*	6:name	*/	base：83墩_4乘4样式上垫梁_64粱_32+32跨度-1/4乘4样式上垫梁下面的三层垫梁-1/一号3.5立柱连接二号2.0米立柱-7/带螺栓的一号立柱-1/11：M50螺栓-4
					/*	6:type	*/	基本杆件\11：M50螺栓.SLDPRT
					/*	6:location	*/	0.866025	1.06058E-16	-0.5	0.0	0.5	6.12323E-17	0.866025	0.0	1.22465E-16	-1.0	0.0	0.0	-0.1935	0.027	-0.1625	1.0
					/*	6:child_number	*/	0
					/*	6:name	*/	base：83墩_4乘4样式上垫梁_64粱_32+32跨度-1/4乘4样式上垫梁下面的三层垫梁-1/一号3.5立柱连接二号2.0米立柱-7/带螺栓的一号立柱-1/12：螺母-1
					/*	6:type	*/	基本杆件\12：螺母.SLDPRT
					/*	6:location	*/	0.866025	2.12115E-16	-0.5	0.0	0.5	1.22465E-16	0.866025	0.0	2.44929E-16	-1.0	0.0	0.0	-0.0685	-0.012	-0.0375	1.0
					/*	6:child_number	*/	0
					/*	6:name	*/	base：83墩_4乘4样式上垫梁_64粱_32+32跨度-1/4乘4样式上垫梁下面的三层垫梁-1/一号3.5立柱连接二号2.0米立柱-7/带螺栓的一号立柱-1/12：螺母-2
					/*	6:type	*/	基本杆件\12：螺母.SLDPRT
					/*	6:location	*/	0.866025	2.12115E-16	-0.5	0.0	0.5	1.22465E-16	0.866025	0.0	2.44929E-16	-1.0	0.0	0.0	-0.1935	-0.012	-0.0375	1.0
					/*	6:child_number	*/	0
					/*	6:name	*/	base：83墩_4乘4样式上垫梁_64粱_32+32跨度-1/4乘4样式上垫梁下面的三层垫梁-1/一号3.5立柱连接二号2.0米立柱-7/带螺栓的一号立柱-1/12：螺母-3
					/*	6:type	*/	基本杆件\12：螺母.SLDPRT
					/*	6:location	*/	0.866025	2.12115E-16	-0.5	0.0	0.5	1.22465E-16	0.866025	0.0	2.44929E-16	-1.0	0.0	0.0	-0.0685	-0.012	-0.1625	1.0
					/*	6:child_number	*/	0
					/*	6:name	*/	base：83墩_4乘4样式上垫梁_64粱_32+32跨度-1/4乘4样式上垫梁下面的三层垫梁-1/一号3.5立柱连接二号2.0米立柱-7/带螺栓的一号立柱-1/12：螺母-4
					/*	6:type	*/	基本杆件\12：螺母.SLDPRT
					/*	6:location	*/	0.866025	2.12115E-16	-0.5	0.0	0.5	1.22465E-16	0.866025	0.0	2.44929E-16	-1.0	0.0	0.0	-0.1935	-0.012	-0.1625	1.0
					/*	6:child_number	*/	0
					/*	6:name	*/	base：83墩_4乘4样式上垫梁_64粱_32+32跨度-1/4乘4样式上垫梁下面的三层垫梁-1/一号3.5立柱连接二号2.0米立柱-7/带螺栓的一号立柱-1/1：基本杆件-1
					/*	6:type	*/	基本杆件\1：基本杆件.SLDPRT
					/*	6:location	*/	1.22465E-16	-1.0	0.0	0.0	1.0	1.22465E-16	0.0	0.0	0.0	0.0	1.0	0.0	-0.262	3.5	-0.2	1.0
					/*	6:child_number	*/	0
			/*	4:name	*/	base：83墩_4乘4样式上垫梁_64粱_32+32跨度-1/4乘4样式上垫梁下面的三层垫梁-1/一号3.5立柱连接二号2.0米立柱-8
			/*	4:type	*/	4乘4样式83墩\4乘4样式上垫梁\上垫梁基本组合\一号3.5立柱连接二号2.0米立柱.SLDASM
			/*	4:location	*/	0.0	0.0	-1.0	0.0	0.0	1.0	0.0	0.0	1.0	0.0	0.0	0.0	3.5	0.0	-5.5	1.0
			/*	4:child_number	*/	2
				/*	5:name	*/	base：83墩_4乘4样式上垫梁_64粱_32+32跨度-1/4乘4样式上垫梁下面的三层垫梁-1/一号3.5立柱连接二号2.0米立柱-8/2：辅助杆件-1
				/*	5:type	*/	基本杆件\2：辅助杆件.SLDPRT
				/*	5:location	*/	1.0	0.0	0.0	0.0	0.0	1.0	0.0	0.0	0.0	0.0	1.0	0.0	-2.0	-0.262	-0.2	1.0
				/*	5:child_number	*/	0
				/*	5:name	*/	base：83墩_4乘4样式上垫梁_64粱_32+32跨度-1/4乘4样式上垫梁下面的三层垫梁-1/一号3.5立柱连接二号2.0米立柱-8/带螺栓的一号立柱-1
				/*	5:type	*/	基本组合\带螺栓的一号立柱.SLDASM
				/*	5:location	*/	1.22465E-16	1.0	0.0	0.0	-1.0	1.22465E-16	0.0	0.0	0.0	0.0	1.0	0.0	-2.0	0.0	0.0	1.0
				/*	5:child_number	*/	9
					/*	6:name	*/	base：83墩_4乘4样式上垫梁_64粱_32+32跨度-1/4乘4样式上垫梁下面的三层垫梁-1/一号3.5立柱连接二号2.0米立柱-8/带螺栓的一号立柱-1/11：M50螺栓-1
					/*	6:type	*/	基本杆件\11：M50螺栓.SLDPRT
					/*	6:location	*/	0.866025	1.06058E-16	-0.5	0.0	0.5	6.12323E-17	0.866025	0.0	1.22465E-16	-1.0	0.0	0.0	-0.0685	0.027	-0.0375	1.0
					/*	6:child_number	*/	0
					/*	6:name	*/	base：83墩_4乘4样式上垫梁_64粱_32+32跨度-1/4乘4样式上垫梁下面的三层垫梁-1/一号3.5立柱连接二号2.0米立柱-8/带螺栓的一号立柱-1/11：M50螺栓-2
					/*	6:type	*/	基本杆件\11：M50螺栓.SLDPRT
					/*	6:location	*/	0.866025	1.06058E-16	-0.5	0.0	0.5	6.12323E-17	0.866025	0.0	1.22465E-16	-1.0	0.0	0.0	-0.1935	0.027	-0.0375	1.0
					/*	6:child_number	*/	0
					/*	6:name	*/	base：83墩_4乘4样式上垫梁_64粱_32+32跨度-1/4乘4样式上垫梁下面的三层垫梁-1/一号3.5立柱连接二号2.0米立柱-8/带螺栓的一号立柱-1/11：M50螺栓-3
					/*	6:type	*/	基本杆件\11：M50螺栓.SLDPRT
					/*	6:location	*/	0.866025	1.06058E-16	-0.5	0.0	0.5	6.12323E-17	0.866025	0.0	1.22465E-16	-1.0	0.0	0.0	-0.0685	0.027	-0.1625	1.0
					/*	6:child_number	*/	0
					/*	6:name	*/	base：83墩_4乘4样式上垫梁_64粱_32+32跨度-1/4乘4样式上垫梁下面的三层垫梁-1/一号3.5立柱连接二号2.0米立柱-8/带螺栓的一号立柱-1/11：M50螺栓-4
					/*	6:type	*/	基本杆件\11：M50螺栓.SLDPRT
					/*	6:location	*/	0.866025	1.06058E-16	-0.5	0.0	0.5	6.12323E-17	0.866025	0.0	1.22465E-16	-1.0	0.0	0.0	-0.1935	0.027	-0.1625	1.0
					/*	6:child_number	*/	0
					/*	6:name	*/	base：83墩_4乘4样式上垫梁_64粱_32+32跨度-1/4乘4样式上垫梁下面的三层垫梁-1/一号3.5立柱连接二号2.0米立柱-8/带螺栓的一号立柱-1/12：螺母-1
					/*	6:type	*/	基本杆件\12：螺母.SLDPRT
					/*	6:location	*/	0.866025	2.12115E-16	-0.5	0.0	0.5	1.22465E-16	0.866025	0.0	2.44929E-16	-1.0	0.0	0.0	-0.0685	-0.012	-0.0375	1.0
					/*	6:child_number	*/	0
					/*	6:name	*/	base：83墩_4乘4样式上垫梁_64粱_32+32跨度-1/4乘4样式上垫梁下面的三层垫梁-1/一号3.5立柱连接二号2.0米立柱-8/带螺栓的一号立柱-1/12：螺母-2
					/*	6:type	*/	基本杆件\12：螺母.SLDPRT
					/*	6:location	*/	0.866025	2.12115E-16	-0.5	0.0	0.5	1.22465E-16	0.866025	0.0	2.44929E-16	-1.0	0.0	0.0	-0.1935	-0.012	-0.0375	1.0
					/*	6:child_number	*/	0
					/*	6:name	*/	base：83墩_4乘4样式上垫梁_64粱_32+32跨度-1/4乘4样式上垫梁下面的三层垫梁-1/一号3.5立柱连接二号2.0米立柱-8/带螺栓的一号立柱-1/12：螺母-3
					/*	6:type	*/	基本杆件\12：螺母.SLDPRT
					/*	6:location	*/	0.866025	2.12115E-16	-0.5	0.0	0.5	1.22465E-16	0.866025	0.0	2.44929E-16	-1.0	0.0	0.0	-0.0685	-0.012	-0.1625	1.0
					/*	6:child_number	*/	0
					/*	6:name	*/	base：83墩_4乘4样式上垫梁_64粱_32+32跨度-1/4乘4样式上垫梁下面的三层垫梁-1/一号3.5立柱连接二号2.0米立柱-8/带螺栓的一号立柱-1/12：螺母-4
					/*	6:type	*/	基本杆件\12：螺母.SLDPRT
					/*	6:location	*/	0.866025	2.12115E-16	-0.5	0.0	0.5	1.22465E-16	0.866025	0.0	2.44929E-16	-1.0	0.0	0.0	-0.1935	-0.012	-0.1625	1.0
					/*	6:child_number	*/	0
					/*	6:name	*/	base：83墩_4乘4样式上垫梁_64粱_32+32跨度-1/4乘4样式上垫梁下面的三层垫梁-1/一号3.5立柱连接二号2.0米立柱-8/带螺栓的一号立柱-1/1：基本杆件-1
					/*	6:type	*/	基本杆件\1：基本杆件.SLDPRT
					/*	6:location	*/	1.22465E-16	-1.0	0.0	0.0	1.0	1.22465E-16	0.0	0.0	0.0	0.0	1.0	0.0	-0.262	3.5	-0.2	1.0
					/*	6:child_number	*/	0
			/*	4:name	*/	base：83墩_4乘4样式上垫梁_64粱_32+32跨度-1/4乘4样式上垫梁下面的三层垫梁-1/一号3.5立柱连接二号2.0米立柱-9
			/*	4:type	*/	4乘4样式83墩\4乘4样式上垫梁\上垫梁基本组合\一号3.5立柱连接二号2.0米立柱.SLDASM
			/*	4:location	*/	0.0	0.0	-1.0	0.0	0.0	1.0	0.0	0.0	1.0	0.0	0.0	0.0	5.25	0.0	-5.5	1.0
			/*	4:child_number	*/	2
				/*	5:name	*/	base：83墩_4乘4样式上垫梁_64粱_32+32跨度-1/4乘4样式上垫梁下面的三层垫梁-1/一号3.5立柱连接二号2.0米立柱-9/2：辅助杆件-1
				/*	5:type	*/	基本杆件\2：辅助杆件.SLDPRT
				/*	5:location	*/	1.0	0.0	0.0	0.0	0.0	1.0	0.0	0.0	0.0	0.0	1.0	0.0	-2.0	-0.262	-0.2	1.0
				/*	5:child_number	*/	0
				/*	5:name	*/	base：83墩_4乘4样式上垫梁_64粱_32+32跨度-1/4乘4样式上垫梁下面的三层垫梁-1/一号3.5立柱连接二号2.0米立柱-9/带螺栓的一号立柱-1
				/*	5:type	*/	基本组合\带螺栓的一号立柱.SLDASM
				/*	5:location	*/	1.22465E-16	1.0	0.0	0.0	-1.0	1.22465E-16	0.0	0.0	0.0	0.0	1.0	0.0	-2.0	0.0	0.0	1.0
				/*	5:child_number	*/	9
					/*	6:name	*/	base：83墩_4乘4样式上垫梁_64粱_32+32跨度-1/4乘4样式上垫梁下面的三层垫梁-1/一号3.5立柱连接二号2.0米立柱-9/带螺栓的一号立柱-1/11：M50螺栓-1
					/*	6:type	*/	基本杆件\11：M50螺栓.SLDPRT
					/*	6:location	*/	0.866025	1.06058E-16	-0.5	0.0	0.5	6.12323E-17	0.866025	0.0	1.22465E-16	-1.0	0.0	0.0	-0.0685	0.027	-0.0375	1.0
					/*	6:child_number	*/	0
					/*	6:name	*/	base：83墩_4乘4样式上垫梁_64粱_32+32跨度-1/4乘4样式上垫梁下面的三层垫梁-1/一号3.5立柱连接二号2.0米立柱-9/带螺栓的一号立柱-1/11：M50螺栓-2
					/*	6:type	*/	基本杆件\11：M50螺栓.SLDPRT
					/*	6:location	*/	0.866025	1.06058E-16	-0.5	0.0	0.5	6.12323E-17	0.866025	0.0	1.22465E-16	-1.0	0.0	0.0	-0.1935	0.027	-0.0375	1.0
					/*	6:child_number	*/	0
					/*	6:name	*/	base：83墩_4乘4样式上垫梁_64粱_32+32跨度-1/4乘4样式上垫梁下面的三层垫梁-1/一号3.5立柱连接二号2.0米立柱-9/带螺栓的一号立柱-1/11：M50螺栓-3
					/*	6:type	*/	基本杆件\11：M50螺栓.SLDPRT
					/*	6:location	*/	0.866025	1.06058E-16	-0.5	0.0	0.5	6.12323E-17	0.866025	0.0	1.22465E-16	-1.0	0.0	0.0	-0.0685	0.027	-0.1625	1.0
					/*	6:child_number	*/	0
					/*	6:name	*/	base：83墩_4乘4样式上垫梁_64粱_32+32跨度-1/4乘4样式上垫梁下面的三层垫梁-1/一号3.5立柱连接二号2.0米立柱-9/带螺栓的一号立柱-1/11：M50螺栓-4
					/*	6:type	*/	基本杆件\11：M50螺栓.SLDPRT
					/*	6:location	*/	0.866025	1.06058E-16	-0.5	0.0	0.5	6.12323E-17	0.866025	0.0	1.22465E-16	-1.0	0.0	0.0	-0.1935	0.027	-0.1625	1.0
					/*	6:child_number	*/	0
					/*	6:name	*/	base：83墩_4乘4样式上垫梁_64粱_32+32跨度-1/4乘4样式上垫梁下面的三层垫梁-1/一号3.5立柱连接二号2.0米立柱-9/带螺栓的一号立柱-1/12：螺母-1
					/*	6:type	*/	基本杆件\12：螺母.SLDPRT
					/*	6:location	*/	0.866025	2.12115E-16	-0.5	0.0	0.5	1.22465E-16	0.866025	0.0	2.44929E-16	-1.0	0.0	0.0	-0.0685	-0.012	-0.0375	1.0
					/*	6:child_number	*/	0
					/*	6:name	*/	base：83墩_4乘4样式上垫梁_64粱_32+32跨度-1/4乘4样式上垫梁下面的三层垫梁-1/一号3.5立柱连接二号2.0米立柱-9/带螺栓的一号立柱-1/12：螺母-2
					/*	6:type	*/	基本杆件\12：螺母.SLDPRT
					/*	6:location	*/	0.866025	2.12115E-16	-0.5	0.0	0.5	1.22465E-16	0.866025	0.0	2.44929E-16	-1.0	0.0	0.0	-0.1935	-0.012	-0.0375	1.0
					/*	6:child_number	*/	0
					/*	6:name	*/	base：83墩_4乘4样式上垫梁_64粱_32+32跨度-1/4乘4样式上垫梁下面的三层垫梁-1/一号3.5立柱连接二号2.0米立柱-9/带螺栓的一号立柱-1/12：螺母-3
					/*	6:type	*/	基本杆件\12：螺母.SLDPRT
					/*	6:location	*/	0.866025	2.12115E-16	-0.5	0.0	0.5	1.22465E-16	0.866025	0.0	2.44929E-16	-1.0	0.0	0.0	-0.0685	-0.012	-0.1625	1.0
					/*	6:child_number	*/	0
					/*	6:name	*/	base：83墩_4乘4样式上垫梁_64粱_32+32跨度-1/4乘4样式上垫梁下面的三层垫梁-1/一号3.5立柱连接二号2.0米立柱-9/带螺栓的一号立柱-1/12：螺母-4
					/*	6:type	*/	基本杆件\12：螺母.SLDPRT
					/*	6:location	*/	0.866025	2.12115E-16	-0.5	0.0	0.5	1.22465E-16	0.866025	0.0	2.44929E-16	-1.0	0.0	0.0	-0.1935	-0.012	-0.1625	1.0
					/*	6:child_number	*/	0
					/*	6:name	*/	base：83墩_4乘4样式上垫梁_64粱_32+32跨度-1/4乘4样式上垫梁下面的三层垫梁-1/一号3.5立柱连接二号2.0米立柱-9/带螺栓的一号立柱-1/1：基本杆件-1
					/*	6:type	*/	基本杆件\1：基本杆件.SLDPRT
					/*	6:location	*/	1.22465E-16	-1.0	0.0	0.0	1.0	1.22465E-16	0.0	0.0	0.0	0.0	1.0	0.0	-0.262	3.5	-0.2	1.0
					/*	6:child_number	*/	0
			/*	4:name	*/	base：83墩_4乘4样式上垫梁_64粱_32+32跨度-1/4乘4样式上垫梁下面的三层垫梁-1/固定单层节点板的四个螺栓螺母-1
			/*	4:type	*/	基本组合\固定单层节点板的四个螺栓螺母.SLDASM
			/*	4:location	*/	0.5	0.0	-0.866025	0.0	0.866025	0.0	0.5	0.0	0.0	-1.0	0.0	0.0	-0.1625	-0.497	-0.4375	1.0
			/*	4:child_number	*/	8
				/*	5:name	*/	base：83墩_4乘4样式上垫梁_64粱_32+32跨度-1/4乘4样式上垫梁下面的三层垫梁-1/固定单层节点板的四个螺栓螺母-1/11：M50螺栓-5
				/*	5:type	*/	基本杆件\11：M50螺栓.SLDPRT
				/*	5:location	*/	1.0	5.55112E-17	0.0	0.0	-1.11022E-16	1.0	0.0	0.0	0.0	0.0	1.0	0.0	0.0	2.22045E-16	0.0	1.0
				/*	5:child_number	*/	0
				/*	5:name	*/	base：83墩_4乘4样式上垫梁_64粱_32+32跨度-1/4乘4样式上垫梁下面的三层垫梁-1/固定单层节点板的四个螺栓螺母-1/11：M50螺栓-6
				/*	5:type	*/	基本杆件\11：M50螺栓.SLDPRT
				/*	5:location	*/	1.0	5.55112E-17	0.0	0.0	-1.11022E-16	1.0	0.0	0.0	0.0	0.0	1.0	0.0	0.108253	-0.0625	0.0	1.0
				/*	5:child_number	*/	0
				/*	5:name	*/	base：83墩_4乘4样式上垫梁_64粱_32+32跨度-1/4乘4样式上垫梁下面的三层垫梁-1/固定单层节点板的四个螺栓螺母-1/11：M50螺栓-7
				/*	5:type	*/	基本杆件\11：M50螺栓.SLDPRT
				/*	5:location	*/	1.0	5.55112E-17	0.0	0.0	-1.11022E-16	1.0	0.0	0.0	0.0	0.0	1.0	0.0	0.0625	0.108253	0.0	1.0
				/*	5:child_number	*/	0
				/*	5:name	*/	base：83墩_4乘4样式上垫梁_64粱_32+32跨度-1/4乘4样式上垫梁下面的三层垫梁-1/固定单层节点板的四个螺栓螺母-1/11：M50螺栓-8
				/*	5:type	*/	基本杆件\11：M50螺栓.SLDPRT
				/*	5:location	*/	1.0	5.55112E-17	0.0	0.0	-1.11022E-16	1.0	0.0	0.0	0.0	0.0	1.0	0.0	0.170753	0.0457532	0.0	1.0
				/*	5:child_number	*/	0
				/*	5:name	*/	base：83墩_4乘4样式上垫梁_64粱_32+32跨度-1/4乘4样式上垫梁下面的三层垫梁-1/固定单层节点板的四个螺栓螺母-1/12：螺母-1
				/*	5:type	*/	基本杆件\12：螺母.SLDPRT
				/*	5:location	*/	1.0	5.55112E-17	0.0	0.0	-1.11022E-16	1.0	0.0	0.0	0.0	0.0	1.0	0.0	0.0	2.22045E-16	0.039	1.0
				/*	5:child_number	*/	0
				/*	5:name	*/	base：83墩_4乘4样式上垫梁_64粱_32+32跨度-1/4乘4样式上垫梁下面的三层垫梁-1/固定单层节点板的四个螺栓螺母-1/12：螺母-5
				/*	5:type	*/	基本杆件\12：螺母.SLDPRT
				/*	5:location	*/	1.0	5.55112E-17	0.0	0.0	-1.11022E-16	1.0	0.0	0.0	0.0	0.0	1.0	0.0	0.108253	-0.0625	0.039	1.0
				/*	5:child_number	*/	0
				/*	5:name	*/	base：83墩_4乘4样式上垫梁_64粱_32+32跨度-1/4乘4样式上垫梁下面的三层垫梁-1/固定单层节点板的四个螺栓螺母-1/12：螺母-6
				/*	5:type	*/	基本杆件\12：螺母.SLDPRT
				/*	5:location	*/	1.0	5.55112E-17	0.0	0.0	-1.11022E-16	1.0	0.0	0.0	0.0	0.0	1.0	0.0	0.0625	0.108253	0.039	1.0
				/*	5:child_number	*/	0
				/*	5:name	*/	base：83墩_4乘4样式上垫梁_64粱_32+32跨度-1/4乘4样式上垫梁下面的三层垫梁-1/固定单层节点板的四个螺栓螺母-1/12：螺母-7
				/*	5:type	*/	基本杆件\12：螺母.SLDPRT
				/*	5:location	*/	1.0	5.55112E-17	0.0	0.0	-1.11022E-16	1.0	0.0	0.0	0.0	0.0	1.0	0.0	0.170753	0.0457532	0.039	1.0
				/*	5:child_number	*/	0
			/*	4:name	*/	base：83墩_4乘4样式上垫梁_64粱_32+32跨度-1/4乘4样式上垫梁下面的三层垫梁-1/固定单层节点板的四个螺栓螺母-10
			/*	4:type	*/	基本组合\固定单层节点板的四个螺栓螺母.SLDASM
			/*	4:location	*/	0.5	0.0	-0.866025	0.0	0.866025	0.0	0.5	0.0	0.0	-1.0	0.0	0.0	3.3375	-0.497	-0.4375	1.0
			/*	4:child_number	*/	8
				/*	5:name	*/	base：83墩_4乘4样式上垫梁_64粱_32+32跨度-1/4乘4样式上垫梁下面的三层垫梁-1/固定单层节点板的四个螺栓螺母-10/11：M50螺栓-5
				/*	5:type	*/	基本杆件\11：M50螺栓.SLDPRT
				/*	5:location	*/	1.0	5.55112E-17	0.0	0.0	-1.11022E-16	1.0	0.0	0.0	0.0	0.0	1.0	0.0	-4.44089E-16	0.0	0.0	1.0
				/*	5:child_number	*/	0
				/*	5:name	*/	base：83墩_4乘4样式上垫梁_64粱_32+32跨度-1/4乘4样式上垫梁下面的三层垫梁-1/固定单层节点板的四个螺栓螺母-10/11：M50螺栓-6
				/*	5:type	*/	基本杆件\11：M50螺栓.SLDPRT
				/*	5:location	*/	1.0	5.55112E-17	0.0	0.0	-1.11022E-16	1.0	0.0	0.0	0.0	0.0	1.0	0.0	0.108253	-0.0625	0.0	1.0
				/*	5:child_number	*/	0
				/*	5:name	*/	base：83墩_4乘4样式上垫梁_64粱_32+32跨度-1/4乘4样式上垫梁下面的三层垫梁-1/固定单层节点板的四个螺栓螺母-10/11：M50螺栓-7
				/*	5:type	*/	基本杆件\11：M50螺栓.SLDPRT
				/*	5:location	*/	1.0	5.55112E-17	0.0	0.0	-1.11022E-16	1.0	0.0	0.0	0.0	0.0	1.0	0.0	0.0625	0.108253	0.0	1.0
				/*	5:child_number	*/	0
				/*	5:name	*/	base：83墩_4乘4样式上垫梁_64粱_32+32跨度-1/4乘4样式上垫梁下面的三层垫梁-1/固定单层节点板的四个螺栓螺母-10/11：M50螺栓-8
				/*	5:type	*/	基本杆件\11：M50螺栓.SLDPRT
				/*	5:location	*/	1.0	5.55112E-17	0.0	0.0	-1.11022E-16	1.0	0.0	0.0	0.0	0.0	1.0	0.0	0.170753	0.0457532	0.0	1.0
				/*	5:child_number	*/	0
				/*	5:name	*/	base：83墩_4乘4样式上垫梁_64粱_32+32跨度-1/4乘4样式上垫梁下面的三层垫梁-1/固定单层节点板的四个螺栓螺母-10/12：螺母-1
				/*	5:type	*/	基本杆件\12：螺母.SLDPRT
				/*	5:location	*/	1.0	5.55112E-17	0.0	0.0	-1.11022E-16	1.0	0.0	0.0	0.0	0.0	1.0	0.0	-4.44089E-16	0.0	0.039	1.0
				/*	5:child_number	*/	0
				/*	5:name	*/	base：83墩_4乘4样式上垫梁_64粱_32+32跨度-1/4乘4样式上垫梁下面的三层垫梁-1/固定单层节点板的四个螺栓螺母-10/12：螺母-5
				/*	5:type	*/	基本杆件\12：螺母.SLDPRT
				/*	5:location	*/	1.0	5.55112E-17	0.0	0.0	-1.11022E-16	1.0	0.0	0.0	0.0	0.0	1.0	0.0	0.108253	-0.0625	0.039	1.0
				/*	5:child_number	*/	0
				/*	5:name	*/	base：83墩_4乘4样式上垫梁_64粱_32+32跨度-1/4乘4样式上垫梁下面的三层垫梁-1/固定单层节点板的四个螺栓螺母-10/12：螺母-6
				/*	5:type	*/	基本杆件\12：螺母.SLDPRT
				/*	5:location	*/	1.0	5.55112E-17	0.0	0.0	-1.11022E-16	1.0	0.0	0.0	0.0	0.0	1.0	0.0	0.0625	0.108253	0.039	1.0
				/*	5:child_number	*/	0
				/*	5:name	*/	base：83墩_4乘4样式上垫梁_64粱_32+32跨度-1/4乘4样式上垫梁下面的三层垫梁-1/固定单层节点板的四个螺栓螺母-10/12：螺母-7
				/*	5:type	*/	基本杆件\12：螺母.SLDPRT
				/*	5:location	*/	1.0	5.55112E-17	0.0	0.0	-1.11022E-16	1.0	0.0	0.0	0.0	0.0	1.0	0.0	0.170753	0.0457532	0.039	1.0
				/*	5:child_number	*/	0
			/*	4:name	*/	base：83墩_4乘4样式上垫梁_64粱_32+32跨度-1/4乘4样式上垫梁下面的三层垫梁-1/固定单层节点板的四个螺栓螺母-11
			/*	4:type	*/	基本组合\固定单层节点板的四个螺栓螺母.SLDASM
			/*	4:location	*/	0.5	0.0	-0.866025	0.0	0.866025	0.0	0.5	0.0	0.0	-1.0	0.0	0.0	5.0875	-0.497	-0.4375	1.0
			/*	4:child_number	*/	8
				/*	5:name	*/	base：83墩_4乘4样式上垫梁_64粱_32+32跨度-1/4乘4样式上垫梁下面的三层垫梁-1/固定单层节点板的四个螺栓螺母-11/11：M50螺栓-5
				/*	5:type	*/	基本杆件\11：M50螺栓.SLDPRT
				/*	5:location	*/	1.0	5.55112E-17	0.0	0.0	-1.11022E-16	1.0	0.0	0.0	0.0	0.0	1.0	0.0	-4.44089E-16	0.0	0.0	1.0
				/*	5:child_number	*/	0
				/*	5:name	*/	base：83墩_4乘4样式上垫梁_64粱_32+32跨度-1/4乘4样式上垫梁下面的三层垫梁-1/固定单层节点板的四个螺栓螺母-11/11：M50螺栓-6
				/*	5:type	*/	基本杆件\11：M50螺栓.SLDPRT
				/*	5:location	*/	1.0	5.55112E-17	0.0	0.0	-1.11022E-16	1.0	0.0	0.0	0.0	0.0	1.0	0.0	0.108253	-0.0625	0.0	1.0
				/*	5:child_number	*/	0
				/*	5:name	*/	base：83墩_4乘4样式上垫梁_64粱_32+32跨度-1/4乘4样式上垫梁下面的三层垫梁-1/固定单层节点板的四个螺栓螺母-11/11：M50螺栓-7
				/*	5:type	*/	基本杆件\11：M50螺栓.SLDPRT
				/*	5:location	*/	1.0	5.55112E-17	0.0	0.0	-1.11022E-16	1.0	0.0	0.0	0.0	0.0	1.0	0.0	0.0625	0.108253	0.0	1.0
				/*	5:child_number	*/	0
				/*	5:name	*/	base：83墩_4乘4样式上垫梁_64粱_32+32跨度-1/4乘4样式上垫梁下面的三层垫梁-1/固定单层节点板的四个螺栓螺母-11/11：M50螺栓-8
				/*	5:type	*/	基本杆件\11：M50螺栓.SLDPRT
				/*	5:location	*/	1.0	5.55112E-17	0.0	0.0	-1.11022E-16	1.0	0.0	0.0	0.0	0.0	1.0	0.0	0.170753	0.0457532	0.0	1.0
				/*	5:child_number	*/	0
				/*	5:name	*/	base：83墩_4乘4样式上垫梁_64粱_32+32跨度-1/4乘4样式上垫梁下面的三层垫梁-1/固定单层节点板的四个螺栓螺母-11/12：螺母-1
				/*	5:type	*/	基本杆件\12：螺母.SLDPRT
				/*	5:location	*/	1.0	5.55112E-17	0.0	0.0	-1.11022E-16	1.0	0.0	0.0	0.0	0.0	1.0	0.0	-4.44089E-16	0.0	0.039	1.0
				/*	5:child_number	*/	0
				/*	5:name	*/	base：83墩_4乘4样式上垫梁_64粱_32+32跨度-1/4乘4样式上垫梁下面的三层垫梁-1/固定单层节点板的四个螺栓螺母-11/12：螺母-5
				/*	5:type	*/	基本杆件\12：螺母.SLDPRT
				/*	5:location	*/	1.0	5.55112E-17	0.0	0.0	-1.11022E-16	1.0	0.0	0.0	0.0	0.0	1.0	0.0	0.108253	-0.0625	0.039	1.0
				/*	5:child_number	*/	0
				/*	5:name	*/	base：83墩_4乘4样式上垫梁_64粱_32+32跨度-1/4乘4样式上垫梁下面的三层垫梁-1/固定单层节点板的四个螺栓螺母-11/12：螺母-6
				/*	5:type	*/	基本杆件\12：螺母.SLDPRT
				/*	5:location	*/	1.0	5.55112E-17	0.0	0.0	-1.11022E-16	1.0	0.0	0.0	0.0	0.0	1.0	0.0	0.0625	0.108253	0.039	1.0
				/*	5:child_number	*/	0
				/*	5:name	*/	base：83墩_4乘4样式上垫梁_64粱_32+32跨度-1/4乘4样式上垫梁下面的三层垫梁-1/固定单层节点板的四个螺栓螺母-11/12：螺母-7
				/*	5:type	*/	基本杆件\12：螺母.SLDPRT
				/*	5:location	*/	1.0	5.55112E-17	0.0	0.0	-1.11022E-16	1.0	0.0	0.0	0.0	0.0	1.0	0.0	0.170753	0.0457532	0.039	1.0
				/*	5:child_number	*/	0
			/*	4:name	*/	base：83墩_4乘4样式上垫梁_64粱_32+32跨度-1/4乘4样式上垫梁下面的三层垫梁-1/固定单层节点板的四个螺栓螺母-12
			/*	4:type	*/	基本组合\固定单层节点板的四个螺栓螺母.SLDASM
			/*	4:location	*/	0.5	0.0	-0.866025	0.0	0.866025	0.0	0.5	0.0	0.0	-1.0	0.0	0.0	-0.1625	0.027	-1.9375	1.0
			/*	4:child_number	*/	8
				/*	5:name	*/	base：83墩_4乘4样式上垫梁_64粱_32+32跨度-1/4乘4样式上垫梁下面的三层垫梁-1/固定单层节点板的四个螺栓螺母-12/11：M50螺栓-5
				/*	5:type	*/	基本杆件\11：M50螺栓.SLDPRT
				/*	5:location	*/	1.0	5.55112E-17	0.0	0.0	-1.11022E-16	1.0	0.0	0.0	0.0	0.0	1.0	0.0	-4.44089E-16	2.22045E-16	0.0	1.0
				/*	5:child_number	*/	0
				/*	5:name	*/	base：83墩_4乘4样式上垫梁_64粱_32+32跨度-1/4乘4样式上垫梁下面的三层垫梁-1/固定单层节点板的四个螺栓螺母-12/11：M50螺栓-6
				/*	5:type	*/	基本杆件\11：M50螺栓.SLDPRT
				/*	5:location	*/	1.0	5.55112E-17	0.0	0.0	-1.11022E-16	1.0	0.0	0.0	0.0	0.0	1.0	0.0	0.108253	-0.0625	0.0	1.0
				/*	5:child_number	*/	0
				/*	5:name	*/	base：83墩_4乘4样式上垫梁_64粱_32+32跨度-1/4乘4样式上垫梁下面的三层垫梁-1/固定单层节点板的四个螺栓螺母-12/11：M50螺栓-7
