

1:名称         29.44中间
1:类型         middle\中间段\29.44中间.SLDASM
1:位置         1    0    0    0    0    1    0    0    0    0    1    0    0    0    0    1    
1:子节点数     5

        2:名称         501号+501号+507号+8号+507号-1
        2:类型         middle\4M段\501号+501号+507号+8号+507号.SLDASM
        2:位置         1    0    0    0    0    1    0    0    0    0    1    0    12.2443    0.3    0.0715    1    
        2:子节点数     27

                3:名称         501号+501号+507号+8号+507号-1/10号甲带螺栓-3
                3:类型         basic_double\10号甲带螺栓.SLDASM
                3:位置         -0.707107    7.08437e-015    0.707107    0    0.707107    -6.73424e-015    0.707107    0    9.77123e-015    1    -2.47583e-016    0    -7.29212    0.0276995    -0.973314    1    
                3:子节点数     5

                        4:名称         501号+501号+507号+8号+507号-1/10号甲带螺栓-3/_10号甲-1
                        4:类型         basic\_10号甲.SLDPRT
                        4:位置         1    0    2.46519e-032    0    0    1    2.46519e-032    0    2.21867e-031    2.21867e-031    1    0    -0.0956806    -0.0607614    0.0038005    1    
                        4:子节点数     0

                        4:名称         501号+501号+507号+8号+507号-1/10号甲带螺栓-3/_29甲螺栓-1
                        4:类型         basic\_29甲螺栓.SLDPRT
                        4:位置         -0.886481    -0.462766    5.55112e-017    0    -0.462766    0.886481    1.60237e-030    0    -4.92096e-017    -2.56887e-017    -1    0    -1.26568    -0.0207614    0.0288005    1    
                        4:子节点数     0

                        4:名称         501号+501号+507号+8号+507号-1/10号甲带螺栓-3/_29甲螺栓-2
                        4:类型         basic\_29甲螺栓.SLDPRT
                        4:位置         -0.886481    -0.462766    5.55112e-017    0    -0.462766    0.886481    1.60237e-030    0    -4.92096e-017    -2.56887e-017    -1    0    -1.18568    -0.0207614    0.0288005    1    
                        4:子节点数     0

                        4:名称         501号+501号+507号+8号+507号-1/10号甲带螺栓-3/_29甲螺栓-3
                        4:类型         basic\_29甲螺栓.SLDPRT
                        4:位置         -0.886481    -0.462766    5.55112e-017    0    -0.462766    0.886481    1.60237e-030    0    -4.92096e-017    -2.56887e-017    -1    0    0.994319    -0.0207614    0.0288005    1    
                        4:子节点数     0

                        4:名称         501号+501号+507号+8号+507号-1/10号甲带螺栓-3/_29甲螺栓-4
                        4:类型         basic\_29甲螺栓.SLDPRT
                        4:位置         -0.886481    -0.462766    5.55112e-017    0    -0.462766    0.886481    1.60237e-030    0    -4.92096e-017    -2.56887e-017    -1    0    1.07432    -0.0207614    0.0288005    1    
                        4:子节点数     0

                3:名称         501号+501号+507号+8号+507号-1/10号甲带螺栓-4
                3:类型         basic_double\10号甲带螺栓.SLDASM
                3:位置         -0.707107    6.65908e-015    -0.707107    0    -0.707107    7.03546e-015    0.707107    0    9.6835e-015    1    -2.66143e-016    0    -5.32179    0.0276995    -1.10863    1    
                3:子节点数     5

                        4:名称         501号+501号+507号+8号+507号-1/10号甲带螺栓-4/_10号甲-1
                        4:类型         basic\_10号甲.SLDPRT
                        4:位置         1    0    7.39557e-031    0    0    1    8.13513e-031    0    2.46519e-031    5.42342e-031    1    0    -0.0956806    -0.0607614    0.0038005    1    
                        4:子节点数     0

                        4:名称         501号+501号+507号+8号+507号-1/10号甲带螺栓-4/_29甲螺栓-1
                        4:类型         basic\_29甲螺栓.SLDPRT
                        4:位置         -0.886481    -0.462766    5.55112e-017    0    -0.462766    0.886481    -9.86076e-032    0    -4.92096e-017    -2.56887e-017    -1    0    -1.26568    -0.0207614    0.0288005    1    
                        4:子节点数     0

                        4:名称         501号+501号+507号+8号+507号-1/10号甲带螺栓-4/_29甲螺栓-2
                        4:类型         basic\_29甲螺栓.SLDPRT
                        4:位置         -0.886481    -0.462766    5.55112e-017    0    -0.462766    0.886481    -9.86076e-032    0    -4.92096e-017    -2.56887e-017    -1    0    -1.18568    -0.0207614    0.0288005    1    
                        4:子节点数     0

                        4:名称         501号+501号+507号+8号+507号-1/10号甲带螺栓-4/_29甲螺栓-3
                        4:类型         basic\_29甲螺栓.SLDPRT
                        4:位置         -0.886481    -0.462766    5.55112e-017    0    -0.462766    0.886481    -9.86076e-032    0    -4.92096e-017    -2.56887e-017    -1    0    0.994319    -0.0207614    0.0288005    1    
                        4:子节点数     0

                        4:名称         501号+501号+507号+8号+507号-1/10号甲带螺栓-4/_29甲螺栓-4
                        4:类型         basic\_29甲螺栓.SLDPRT
                        4:位置         -0.886481    -0.462766    5.55112e-017    0    -0.462766    0.886481    -9.86076e-032    0    -4.92096e-017    -2.56887e-017    -1    0    1.07432    -0.0207614    0.0288005    1    
                        4:子节点数     0

                3:名称         501号+501号+507号+8号+507号-1/10甲#2+253号上带螺栓-2
                3:类型         basic_double\10甲#2+253号上带螺栓.SLDASM
                3:位置         1    -1.03875e-014    1.55639e-014    0    1.55639e-014    -1.86916e-016    -1    0    1.04083e-014    1    -2.77556e-016    0    -8.68314    2.188    -1.21065    1    
                3:子节点数     21

                        4:名称         501号+501号+507号+8号+507号-1/10甲#2+253号上带螺栓-2/_10号甲-1
                        4:类型         basic\_10号甲.SLDPRT
                        4:位置         0.707107    0.707107    3.74087e-016    0    -0.707107    0.707107    3.53271e-016    0    -3.55363e-017    -6.04959e-016    1    0    1.47227    -0.183284    -0.008    1    
                        4:子节点数     0

                        4:名称         501号+501号+507号+8号+507号-1/10甲#2+253号上带螺栓-2/_10号甲-2
                        4:类型         basic\_10号甲.SLDPRT
                        4:位置         0.707107    -0.707107    1.60207e-016    0    -0.707107    -0.707107    -7.5715e-017    0    1.87639e-016    3.08942e-017    -1    0    1.47227    -0.126716    -0.022    1    
                        4:子节点数     0

                        4:名称         501号+501号+507号+8号+507号-1/10甲#2+253号上带螺栓-2/_253号-1
                        4:类型         basic\_253号.SLDPRT
                        4:位置         1    0    2.46287e-031    0    0    1    0    0    4.13305e-031    0    1    0    1.44399    -0.155    -0.022    1    
                        4:子节点数     0

                        4:名称         501号+501号+507号+8号+507号-1/10甲#2+253号上带螺栓-2/_29甲螺栓-1
                        4:类型         basic\_29甲螺栓.SLDPRT
                        4:位置         -0.976047    -0.217559    6.6558e-017    0    -0.217559    0.976047    -7.38725e-016    0    1.1657e-016    -6.44872e-016    -1    0    1.33085    -0.0418629    0.009    1    
                        4:子节点数     0

                        4:名称         501号+501号+507号+8号+507号-1/10甲#2+253号上带螺栓-2/_29甲螺栓-2
                        4:类型         basic\_29甲螺栓.SLDPRT
                        4:位置         -0.976047    -0.217559    6.6558e-017    0    -0.217559    0.976047    -7.38725e-016    0    1.1657e-016    -6.44872e-016    -1    0    1.55713    -0.0418629    0.017    1    
                        4:子节点数     0

                        4:名称         501号+501号+507号+8号+507号-1/10甲#2+253号上带螺栓-2/_29甲螺栓-3
                        4:类型         basic\_29甲螺栓.SLDPRT
                        4:位置         -0.976047    -0.217559    6.6558e-017    0    -0.217559    0.976047    -7.38725e-016    0    1.1657e-016    -6.44872e-016    -1    0    1.55713    -0.268137    0.009    1    
                        4:子节点数     0

                        4:名称         501号+501号+507号+8号+507号-1/10甲#2+253号上带螺栓-2/_29甲螺栓-4
                        4:类型         basic\_29甲螺栓.SLDPRT
                        4:位置         -0.976047    -0.217559    6.6558e-017    0    -0.217559    0.976047    -7.38725e-016    0    1.1657e-016    -6.44872e-016    -1    0    1.44399    -0.155    0.017    1    
                        4:子节点数     0

                        4:名称         501号+501号+507号+8号+507号-1/10甲#2+253号上带螺栓-2/_29甲螺栓-5
                        4:类型         basic\_29甲螺栓.SLDPRT
                        4:位置         -0.976047    -0.217559    6.6558e-017    0    -0.217559    0.976047    -7.38725e-016    0    1.1657e-016    -6.44872e-016    -1    0    1.33085    -0.268137    0.017    1    
                        4:子节点数     0

                        4:名称         501号+501号+507号+8号+507号-1/10甲#2+253号上带螺栓-2/_29甲螺栓-6
                        4:类型         basic\_29甲螺栓.SLDPRT
                        4:位置         -0.976047    -0.217559    2.26986e-016    0    -0.217559    0.976047    -7.04032e-016    0    -4.75632e-017    -6.45912e-016    -1    0    0.673243    -0.925746    0.017    1    
                        4:子节点数     0

                        4:名称         501号+501号+507号+8号+507号-1/10甲#2+253号上带螺栓-2/_29甲螺栓-7
                        4:类型         basic\_29甲螺栓.SLDPRT
                        4:位置         -0.976047    -0.217559    2.26986e-016    0    -0.217559    0.976047    -7.04032e-016    0    -4.75632e-017    -6.45912e-016    -1    0    0.616674    -0.982315    0.017    1    
                        4:子节点数     0

                        4:名称         501号+501号+507号+8号+507号-1/10甲#2+253号上带螺栓-2/_29甲螺栓-8
                        4:类型         basic\_29甲螺栓.SLDPRT
                        4:位置         -0.976047    -0.217559    2.26986e-016    0    -0.217559    0.976047    -7.04032e-016    0    -4.75632e-017    -6.45912e-016    -1    0    2.2713    0.672315    0.017    1    
                        4:子节点数     0

                        4:名称         501号+501号+507号+8号+507号-1/10甲#2+253号上带螺栓-2/_29甲螺栓-9
                        4:类型         basic\_29甲螺栓.SLDPRT
                        4:位置         -0.976047    -0.217559    2.26986e-016    0    -0.217559    0.976047    -7.04032e-016    0    -4.75632e-017    -6.45912e-016    -1    0    2.21474    0.615746    0.017    1    
                        4:子节点数     0

                        4:名称         501号+501号+507号+8号+507号-1/10甲#2+253号上带螺栓-2/_螺母1-1
                        4:类型         basic\_螺母1.SLDPRT
                        4:位置         0.954061    -0.299612    -7.27231e-031    0    0.299612    0.954061    -2.95823e-031    0    -2.08167e-017    -9.06393e-017    1    0    1.44399    -0.155    -0.09    1    
                        4:子节点数     0

                        4:名称         501号+501号+507号+8号+507号-1/10甲#2+253号上带螺栓-2/_螺母1-2
                        4:类型         basic\_螺母1.SLDPRT
                        4:位置         0.954061    -0.299612    -7.27231e-031    0    0.299612    0.954061    -2.95823e-031    0    -2.08167e-017    -9.06393e-017    1    0    1.33085    -0.0418629    -0.09    1    
                        4:子节点数     0

                        4:名称         501号+501号+507号+8号+507号-1/10甲#2+253号上带螺栓-2/_螺母1-3
                        4:类型         basic\_螺母1.SLDPRT
                        4:位置         0.954061    -0.299612    -7.27231e-031    0    0.299612    0.954061    -2.95823e-031    0    -2.08167e-017    -9.06393e-017    1    0    1.55713    -0.0418629    -0.082    1    
                        4:子节点数     0

                        4:名称         501号+501号+507号+8号+507号-1/10甲#2+253号上带螺栓-2/_螺母1-4
                        4:类型         basic\_螺母1.SLDPRT
                        4:位置         0.954061    -0.299612    -7.27231e-031    0    0.299612    0.954061    -2.95823e-031    0    -2.08167e-017    -9.06393e-017    1    0    1.55713    -0.268137    -0.09    1    
                        4:子节点数     0

                        4:名称         501号+501号+507号+8号+507号-1/10甲#2+253号上带螺栓-2/_螺母1-5
                        4:类型         basic\_螺母1.SLDPRT
                        4:位置         0.954061    -0.299612    -7.27231e-031    0    0.299612    0.954061    -2.95823e-031    0    -2.08167e-017    -9.06393e-017    1    0    1.33085    -0.268137    -0.082    1    
                        4:子节点数     0

                        4:名称         501号+501号+507号+8号+507号-1/10甲#2+253号上带螺栓-2/_螺母1-6
                        4:类型         basic\_螺母1.SLDPRT
                        4:位置         0.976047    0.217559    3.58265e-017    0    -0.217559    0.976047    -4.2441e-017    0    -6.50185e-017    -5.70093e-017    1    0    2.21474    -0.925746    -0.09    1    
                        4:子节点数     0

                        4:名称         501号+501号+507号+8号+507号-1/10甲#2+253号上带螺栓-2/_螺母1-7
                        4:类型         basic\_螺母1.SLDPRT
                        4:位置         0.676435    -0.736502    -1.92028e-016    0    0.736502    0.676435    6.92503e-017    0    5.80748e-017    -2.78912e-016    1    0    2.2713    -0.982315    -0.09    1    
                        4:子节点数     0

                        4:名称         501号+501号+507号+8号+507号-1/10甲#2+253号上带螺栓-2/_螺母1-8
                        4:类型         basic\_螺母1.SLDPRT
                        4:位置         0.976047    0.217559    -4.12919e-031    0    -0.217559    0.976047    -2.95823e-031    0    -2.08167e-017    -9.06393e-017    1    0    0.616674    0.672315    -0.09    1    
                        4:子节点数     0

                        4:名称         501号+501号+507号+8号+507号-1/10甲#2+253号上带螺栓-2/_螺母1-9
                        4:类型         basic\_螺母1.SLDPRT
                        4:位置         0.976047    0.217559    3.58265e-017    0    -0.217559    0.976047    -4.2441e-017    0    -6.50185e-017    -5.70093e-017    1    0    0.673243    0.615746    -0.09    1    
                        4:子节点数     0

                3:名称         501号+501号+507号+8号+507号-1/10甲#2+253号上带螺栓-3
                3:类型         basic_double\10甲#2+253号上带螺栓.SLDASM
                3:位置         1    -1.04708e-014    4.34583e-014    0    4.34913e-014    9.20162e-016    -1    0    1.04569e-014    1    1.05471e-015    0    -10.6831    2.188    -1.21065    1    
                3:子节点数     21

                        4:名称         501号+501号+507号+8号+507号-1/10甲#2+253号上带螺栓-3/_10号甲-1
                        4:类型         basic\_10号甲.SLDPRT
                        4:位置         0.707107    0.707107    3.74087e-016    0    -0.707107    0.707107    3.53271e-016    0    -3.53496e-020    -4.91361e-016    1    0    1.47227    -0.183284    -0.008    1    
                        4:子节点数     0

                        4:名称         501号+501号+507号+8号+507号-1/10甲#2+253号上带螺栓-3/_10号甲-2
                        4:类型         basic\_10号甲.SLDPRT
                        4:位置         0.707107    -0.707107    1.60207e-016    0    -0.707107    -0.707107    -7.5715e-017    0    1.74828e-016    1.83923e-016    -1    0    1.47227    -0.126716    -0.022    1    
                        4:子节点数     0

                        4:名称         501号+501号+507号+8号+507号-1/10甲#2+253号上带螺栓-3/_253号-1
                        4:类型         basic\_253号.SLDPRT
                        4:位置         1    0    5.45641e-031    0    0    1    0    0    1.16808e-031    0    1    0    1.44399    -0.155    -0.022    1    
                        4:子节点数     0

                        4:名称         501号+501号+507号+8号+507号-1/10甲#2+253号上带螺栓-3/_29甲螺栓-1
                        4:类型         basic\_29甲螺栓.SLDPRT
                        4:位置         -0.976047    -0.217559    6.6558e-017    0    -0.217559    0.976047    -7.38725e-016    0    9.02056e-017    -7.86318e-016    -1    0    1.33085    -0.0418629    0.009    1    
                        4:子节点数     0

                        4:名称         501号+501号+507号+8号+507号-1/10甲#2+253号上带螺栓-3/_29甲螺栓-2
                        4:类型         basic\_29甲螺栓.SLDPRT
                        4:位置         -0.976047    -0.217559    6.6558e-017    0    -0.217559    0.976047    -7.38725e-016    0    9.57529e-017    -7.35511e-016    -1    0    1.55713    -0.0418629    0.017    1    
                        4:子节点数     0

                        4:名称         501号+501号+507号+8号+507号-1/10甲#2+253号上带螺栓-3/_29甲螺栓-3
                        4:类型         basic\_29甲螺栓.SLDPRT
                        4:位置         -0.976047    -0.217559    6.6558e-017    0    -0.217559    0.976047    -7.38725e-016    0    9.57529e-017    -7.35511e-016    -1    0    1.55713    -0.268137    0.009    1    
                        4:子节点数     0

                        4:名称         501号+501号+507号+8号+507号-1/10甲#2+253号上带螺栓-3/_29甲螺栓-4
                        4:类型         basic\_29甲螺栓.SLDPRT
                        4:位置         -0.976047    -0.217559    6.6558e-017    0    -0.217559    0.976047    -7.38725e-016    0    9.57529e-017    -7.35511e-016    -1    0    1.44399    -0.155    0.017    1    
                        4:子节点数     0

                        4:名称         501号+501号+507号+8号+507号-1/10甲#2+253号上带螺栓-3/_29甲螺栓-5
                        4:类型         basic\_29甲螺栓.SLDPRT
                        4:位置         -0.976047    -0.217559    6.6558e-017    0    -0.217559    0.976047    -7.38725e-016    0    9.57529e-017    -7.35511e-016    -1    0    1.33085    -0.268137    0.017    1    
                        4:子节点数     0

                        4:名称         501号+501号+507号+8号+507号-1/10甲#2+253号上带螺栓-3/_29甲螺栓-6
                        4:类型         basic\_29甲螺栓.SLDPRT
                        4:位置         -0.976047    -0.217559    2.26986e-016    0    -0.217559    0.976047    -7.04032e-016    0    -6.83799e-017    -7.36551e-016    -1    0    0.673243    -0.925746    0.017    1    
                        4:子节点数     0

                        4:名称         501号+501号+507号+8号+507号-1/10甲#2+253号上带螺栓-3/_29甲螺栓-7
                        4:类型         basic\_29甲螺栓.SLDPRT
                        4:位置         -0.976047    -0.217559    2.26986e-016    0    -0.217559    0.976047    -7.04032e-016    0    -6.83799e-017    -7.36551e-016    -1    0    0.616674    -0.982315    0.017    1    
                        4:子节点数     0

                        4:名称         501号+501号+507号+8号+507号-1/10甲#2+253号上带螺栓-3/_29甲螺栓-8
                        4:类型         basic\_29甲螺栓.SLDPRT
                        4:位置         -0.976047    -0.217559    2.26986e-016    0    -0.217559    0.976047    -7.04032e-016    0    -6.83799e-017    -7.36551e-016    -1    0    2.2713    0.672315    0.017    1    
                        4:子节点数     0

                        4:名称         501号+501号+507号+8号+507号-1/10甲#2+253号上带螺栓-3/_29甲螺栓-9
                        4:类型         basic\_29甲螺栓.SLDPRT
                        4:位置         -0.976047    -0.217559    2.26986e-016    0    -0.217559    0.976047    -7.04032e-016    0    -6.83799e-017    -7.36551e-016    -1    0    2.21474    0.615746    0.017    1    
                        4:子节点数     0

                        4:名称         501号+501号+507号+8号+507号-1/10甲#2+253号上带螺栓-3/_螺母1-1
                        4:类型         basic\_螺母1.SLDPRT
                        4:位置         0.954061    -0.299612    6.90253e-031    0    0.299612    0.954061    -3.9443e-031    0    1.16808e-031    0    1    0    1.44399    -0.155    -0.09    1    
                        4:子节点数     0

                        4:名称         501号+501号+507号+8号+507号-1/10甲#2+253号上带螺栓-3/_螺母1-2
                        4:类型         basic\_螺母1.SLDPRT
                        4:位置         0.954061    -0.299612    6.90253e-031    0    0.299612    0.954061    -3.9443e-031    0    1.16808e-031    0    1    0    1.33085    -0.0418629    -0.09    1    
                        4:子节点数     0

                        4:名称         501号+501号+507号+8号+507号-1/10甲#2+253号上带螺栓-3/_螺母1-3
                        4:类型         basic\_螺母1.SLDPRT
                        4:位置         0.954061    -0.299612    6.90253e-031    0    0.299612    0.954061    -3.9443e-031    0    1.16808e-031    0    1    0    1.55713    -0.0418629    -0.082    1    
                        4:子节点数     0

                        4:名称         501号+501号+507号+8号+507号-1/10甲#2+253号上带螺栓-3/_螺母1-4
                        4:类型         basic\_螺母1.SLDPRT
                        4:位置         0.954061    -0.299612    6.90253e-031    0    0.299612    0.954061    -3.9443e-031    0    1.16808e-031    0    1    0    1.55713    -0.268137    -0.09    1    
                        4:子节点数     0

                        4:名称         501号+501号+507号+8号+507号-1/10甲#2+253号上带螺栓-3/_螺母1-5
                        4:类型         basic\_螺母1.SLDPRT
                        4:位置         0.954061    -0.299612    6.90253e-031    0    0.299612    0.954061    -3.9443e-031    0    1.16808e-031    0    1    0    1.33085    -0.268137    -0.082    1    
                        4:子节点数     0

                        4:名称         501号+501号+507号+8号+507号-1/10甲#2+253号上带螺栓-3/_螺母1-6
                        4:类型         basic\_螺母1.SLDPRT
                        4:位置         0.976047    0.217559    3.58265e-017    0    -0.217559    0.976047    -4.2441e-017    0    -4.42018e-017    3.363e-017    1    0    2.21474    -0.925746    -0.09    1    
                        4:子节点数     0

                        4:名称         501号+501号+507号+8号+507号-1/10甲#2+253号上带螺栓-3/_螺母1-7
                        4:类型         basic\_螺母1.SLDPRT
                        4:位置         0.676435    -0.736502    -1.92028e-016    0    0.736502    0.676435    6.92503e-017    0    7.88915e-017    -1.88272e-016    1    0    2.2713    -0.982315    -0.09    1    
                        4:子节点数     0

                        4:名称         501号+501号+507号+8号+507号-1/10甲#2+253号上带螺栓-3/_螺母1-8
                        4:类型         basic\_螺母1.SLDPRT
                        4:位置         0.976047    0.217559    1.47911e-031    0    -0.217559    0.976047    0    0    1.16808e-031    0    1    0    0.616674    0.672315    -0.09    1    
                        4:子节点数     0

                        4:名称         501号+501号+507号+8号+507号-1/10甲#2+253号上带螺栓-3/_螺母1-9
                        4:类型         basic\_螺母1.SLDPRT
                        4:位置         0.976047    0.217559    3.58265e-017    0    -0.217559    0.976047    -4.2441e-017    0    -4.42018e-017    3.363e-017    1    0    0.673243    0.615746    -0.09    1    
                        4:子节点数     0

                3:名称         501号+501号+507号+8号+507号-1/11号#2+253号带螺栓-1
                3:类型         basic_double\11号#2+253号带螺栓.SLDASM
                3:位置         -1.68615e-015    -0.0581933    -0.998305    0    -1.15463e-014    0.998305    -0.0581933    0    1    1.14286e-014    -2.35521e-015    0    -8.02971    1.32461    0.265688    1    
                3:子节点数     21

                        4:名称         501号+501号+507号+8号+507号-1/11号#2+253号带螺栓-1/_11号-1
                        4:类型         basic\_11号.SLDPRT
                        4:位置         -0.619513    -0.784986    -2.88569e-015    0    -0.784986    0.619513    2.27152e-015    0    1.74123e-017    3.66417e-015    -1    0    1.36343    -0.172392    -0.216588    1    
                        4:子节点数     0

                        4:名称         501号+501号+507号+8号+507号-1/11号#2+253号带螺栓-1/_11号-2
                        4:类型         basic\_11号.SLDPRT
                        4:位置         0.706816    -0.707398    -2.54967e-015    0    0.707398    0.706816    2.596e-015    0    -3.4258e-017    -3.63852e-015    1    0    1.30374    -0.175884    -0.202588    1    
                        4:子节点数     0

                        4:名称         501号+501号+507号+8号+507号-1/11号#2+253号带螺栓-1/_253号-2
                        4:类型         basic\_253号.SLDPRT
                        4:位置         -0.117007    0.993131    3.60952e-015    0    -0.993131    -0.117007    -4.59756e-016    0    -3.4258e-017    -3.63852e-015    1    0    1.33203    -0.147612    -0.216588    1    
                        4:子节点数     0

                        4:名称         501号+501号+507号+8号+507号-1/11号#2+253号带螺栓-1/_29甲螺栓-10
                        4:类型         basic\_29甲螺栓.SLDPRT
                        4:位置         -0.73678    -0.676132    -2.57826e-015    0    -0.676132    0.73678    2.55891e-015    0    1.11022e-016    3.68802e-015    -1    0    1.40272    -0.218351    -0.177588    1    
                        4:子节点数     0

                        4:名称         501号+501号+507号+8号+507号-1/11号#2+253号带螺栓-1/_29甲螺栓-11
                        4:类型         basic\_29甲螺栓.SLDPRT
                        4:位置         -0.953938    0.300004    9.97646e-016    0    0.300004    0.953938    3.46817e-015    0    1.11022e-016    3.68802e-015    -1    0    1.39399    -0.0691131    -0.185588    1    
                        4:子节点数     0

                        4:名称         501号+501号+507号+8号+507号-1/11号#2+253号带螺栓-1/_29甲螺栓-12
                        4:类型         basic\_29甲螺栓.SLDPRT
                        4:位置         -0.953938    0.300004    9.95518e-016    0    0.300004    0.953938    3.46634e-015    0    1.12505e-016    3.68564e-015    -1    0    0.420243    0.764931    -0.177588    1    
                        4:子节点数     0

                        4:名称         501号+501号+507号+8号+507号-1/11号#2+253号带螺栓-1/_29甲螺栓-13
                        4:类型         basic\_29甲螺栓.SLDPRT
                        4:位置         -0.73678    -0.676132    -2.57826e-015    0    -0.676132    0.73678    2.55891e-015    0    1.11022e-016    3.68802e-015    -1    0    1.26135    -0.0768719    -0.177588    1    
                        4:子节点数     0

                        4:名称         501号+501号+507号+8号+507号-1/11号#2+253号带螺栓-1/_29甲螺栓-14
                        4:类型         basic\_29甲螺栓.SLDPRT
                        4:位置         -0.953938    0.300004    9.95518e-016    0    0.300004    0.953938    3.46634e-015    0    1.12505e-016    3.68564e-015    -1    0    2.18728    -1.00356    -0.177588    1    
                        4:子节点数     0

                        4:名称         501号+501号+507号+8号+507号-1/11号#2+253号带螺栓-1/_29甲螺栓-15
                        4:类型         basic\_29甲螺栓.SLDPRT
                        4:位置         -0.953938    0.300004    9.95518e-016    0    0.300004    0.953938    3.46634e-015    0    1.12505e-016    3.68564e-015    -1    0    2.24383    -1.06015    -0.177588    1    
                        4:子节点数     0

                        4:名称         501号+501号+507号+8号+507号-1/11号#2+253号带螺栓-1/_29甲螺栓-16
                        4:类型         basic\_29甲螺栓.SLDPRT
                        4:位置         -0.953938    0.300004    9.95518e-016    0    0.300004    0.953938    3.46634e-015    0    1.12505e-016    3.68564e-015    -1    0    0.476788    0.70834    -0.177588    1    
                        4:子节点数     0

                        4:名称         501号+501号+507号+8号+507号-1/11号#2+253号带螺栓-1/_29甲螺栓-8
                        4:类型         basic\_29甲螺栓.SLDPRT
                        4:位置         -0.73678    -0.676132    -2.57826e-015    0    -0.676132    0.73678    2.55891e-015    0    1.11022e-016    3.68802e-015    -1    0    1.33203    -0.147612    -0.177588    1    
                        4:子节点数     0

                        4:名称         501号+501号+507号+8号+507号-1/11号#2+253号带螺栓-1/_29甲螺栓-9
                        4:类型         basic\_29甲螺栓.SLDPRT
                        4:位置         -0.953938    0.300004    9.97646e-016    0    0.300004    0.953938    3.46817e-015    0    1.11022e-016    3.68802e-015    -1    0    1.27008    -0.22611    -0.185588    1    
                        4:子节点数     0

                        4:名称         501号+501号+507号+8号+507号-1/11号#2+253号带螺栓-1/_螺母1-1
                        4:类型         basic\_螺母1.SLDPRT
                        4:位置         0.982565    -0.185922    0    0    0.185922    0.982565    5.91646e-031    0    0    -4.68386e-031    1    0    1.39399    -0.0691131    -0.284588    1    
                        4:子节点数     0

                        4:名称         501号+501号+507号+8号+507号-1/11号#2+253号带螺栓-1/_螺母1-2
                        4:类型         basic\_螺母1.SLDPRT
                        4:位置         0.982565    -0.185922    0    0    0.185922    0.982565    5.91646e-031    0    0    -4.68386e-031    1    0    1.40272    -0.218351    -0.276588    1    
                        4:子节点数     0

                        4:名称         501号+501号+507号+8号+507号-1/11号#2+253号带螺栓-1/_螺母1-3
                        4:类型         basic\_螺母1.SLDPRT
                        4:位置         0.982565    -0.185922    0    0    0.185922    0.982565    5.91646e-031    0    0    -4.68386e-031    1    0    1.33203    -0.147612    -0.284588    1    
                        4:子节点数     0

                        4:名称         501号+501号+507号+8号+507号-1/11号#2+253号带螺栓-1/_螺母1-4
                        4:类型         basic\_螺母1.SLDPRT
                        4:位置         0.982565    -0.185922    0    0    0.185922    0.982565    5.91646e-031    0    0    -4.68386e-031    1    0    1.26135    -0.0768719    -0.276588    1    
                        4:子节点数     0

                        4:名称         501号+501号+507号+8号+507号-1/11号#2+253号带螺栓-1/_螺母1-5
                        4:类型         basic\_螺母1.SLDPRT
                        4:位置         0.982565    -0.185922    0    0    0.185922    0.982565    5.91646e-031    0    0    -4.68386e-031    1    0    1.27008    -0.22611    -0.284588    1    
                        4:子节点数     0

                        4:名称         501号+501号+507号+8号+507号-1/11号#2+253号带螺栓-1/_螺母1-6
                        4:类型         basic\_螺母1.SLDPRT
                        4:位置         0.982565    -0.185922    -6.6414e-016    0    0.185922    0.982565    3.60352e-015    0    -1.74123e-017    -3.66417e-015    1    0    0.532863    -1.16024    -0.284588    1    
                        4:子节点数     0

                        4:名称         501号+501号+507号+8号+507号-1/11号#2+253号带螺栓-1/_螺母1-7
                        4:类型         basic\_螺母1.SLDPRT
                        4:位置         0.982565    -0.185922    -6.6414e-016    0    0.185922    0.982565    3.60352e-015    0    -1.74123e-017    -3.66417e-015    1    0    0.582424    -1.09744    -0.284588    1    
                        4:子节点数     0

                        4:名称         501号+501号+507号+8号+507号-1/11号#2+253号带螺栓-1/_螺母1-8
                        4:类型         basic\_螺母1.SLDPRT
                        4:位置         0.982565    -0.185922    -6.6414e-016    0    0.185922    0.982565    3.60352e-015    0    -1.74123e-017    -3.66417e-015    1    0    2.08165    0.802222    -0.284588    1    
                        4:子节点数     0

                        4:名称         501号+501号+507号+8号+507号-1/11号#2+253号带螺栓-1/_螺母1-9
                        4:类型         basic\_螺母1.SLDPRT
                        4:位置         0.982565    -0.185922    -6.6414e-016    0    0.185922    0.982565    3.60352e-015    0    -1.74123e-017    -3.66417e-015    1    0    2.13121    0.865021    -0.284588    1    
                        4:子节点数     0

                3:名称         501号+501号+507号+8号+507号-1/14号甲#2+507号#4+8号甲#2前带螺栓-1
                3:类型         basic_double\14号甲#2+507号#4+8号甲#2前带螺栓.SLDASM
                3:位置         1    0    0    0    0    1    0    0    0    0    1    0    -9.88679    1.13286    -0.592371    1    
                3:子节点数     2

                        4:名称         501号+501号+507号+8号+507号-1/14号甲#2+507号#4+8号甲#2前带螺栓-1/14号甲#2+507号#4带螺栓-1
                        4:类型         basic_double\14号甲#2+507号#4带螺栓.SLDASM
                        4:位置         1    0    0    0    0    1    0    0    0    0    1    0    0.356944    -0.969127    0.403328    1    
                        4:子节点数     3

                                5:名称         501号+501号+507号+8号+507号-1/14号甲#2+507号#4+8号甲#2前带螺栓-1/14号甲#2+507号#4带螺栓-1/14号甲#2带螺栓螺帽-1
                                5:类型         basic_double\14号甲#2带螺栓螺帽.SLDASM
                                5:位置         1    0    0    0    0    1    0    0    0    0    1    0    -0.380011    -0.193869    -0.0729237    1    
                                5:子节点数     6

                                        6:名称         501号+501号+507号+8号+507号-1/14号甲#2+507号#4+8号甲#2前带螺栓-1/14号甲#2+507号#4带螺栓-1/14号甲#2带螺栓螺帽-1/_14号甲-3
                                        6:类型         basic\_14号甲.SLDPRT
                                        6:位置         1    1.05471e-015    6.89049e-018    0    9.99201e-016    -1    1.39934e-016    0    0    -1.50054e-016    -1    0    1.22056    0.410133    0.206467    1    
                                        6:子节点数     0

                                        6:名称         501号+501号+507号+8号+507号-1/14号甲#2+507号#4+8号甲#2前带螺栓-1/14号甲#2+507号#4带螺栓-1/14号甲#2带螺栓螺帽-1/_14号甲-4
                                        6:类型         basic\_14号甲.SLDPRT
                                        6:位置         1    1.44329e-015    -2.70665e-016    0    1.44329e-015    -1    4.76471e-016    0    -2.70665e-016    -4.76471e-016    -1    0    1.22056    0.410133    0.222467    1    
                                        6:子节点数     0

                                        6:名称         501号+501号+507号+8号+507号-1/14号甲#2+507号#4+8号甲#2前带螺栓-1/14号甲#2+507号#4带螺栓-1/14号甲#2带螺栓螺帽-1/_29乙螺栓-3
                                        6:类型         basic\_29乙螺栓.SLDPRT
                                        6:位置         0.844007    -0.536332    -7.03421e-017    0    -0.536332    -0.844007    6.70969e-016    0    -2.77556e-016    -5.96745e-016    -1    0    1.73056    0.100133    0.239467    1    
                                        6:子节点数     0

                                        6:名称         501号+501号+507号+8号+507号-1/14号甲#2+507号#4+8号甲#2前带螺栓-1/14号甲#2+507号#4带螺栓-1/14号甲#2带螺栓螺帽-1/_29乙螺栓-4
                                        6:类型         basic\_29乙螺栓.SLDPRT
                                        6:位置         0.844007    -0.536332    -7.03421e-017    0    -0.536332    -0.844007    6.70969e-016    0    -2.77556e-016    -5.96745e-016    -1    0    1.61056    0.100133    0.239467    1    
                                        6:子节点数     0

                                        6:名称         501号+501号+507号+8号+507号-1/14号甲#2+507号#4+8号甲#2前带螺栓-1/14号甲#2+507号#4带螺栓-1/14号甲#2带螺栓螺帽-1/_29乙螺栓-5
                                        6:类型         basic\_29乙螺栓.SLDPRT
                                        6:位置         0.844007    -0.536332    -7.03421e-017    0    -0.536332    -0.844007    6.70969e-016    0    -2.77556e-016    -5.96745e-016    -1    0    1.53056    0.100133    0.239467    1    
                                        6:子节点数     0

                                        6:名称         501号+501号+507号+8号+507号-1/14号甲#2+507号#4+8号甲#2前带螺栓-1/14号甲#2+507号#4带螺栓-1/14号甲#2带螺栓螺帽-1/_29乙螺栓-6
                                        6:类型         basic\_29乙螺栓.SLDPRT
                                        6:位置         0.844007    -0.536332    -2.18011e-017    0    -0.536332    -0.844007    6.20667e-016    0    -2.09608e-016    -5.80323e-016    -1    0    1.81056    0.100133    0.239467    1    
                                        6:子节点数     0

                                5:名称         501号+501号+507号+8号+507号-1/14号甲#2+507号#4+8号甲#2前带螺栓-1/14号甲#2+507号#4带螺栓-1/507号#2带螺栓-1
                                5:类型         basic_double\507号#2带螺栓.SLDASM
                                5:位置         0.62461    -0.780937    4.73699e-016    0    0.780937    0.62461    -3.251e-017    0    -2.70489e-016    3.90235e-016    1    0    0.557738    0.547246    -0.162984    1    
                                5:子节点数     26

                                        6:名称         501号+501号+507号+8号+507号-1/14号甲#2+507号#4+8号甲#2前带螺栓-1/14号甲#2+507号#4带螺栓-1/507号#2带螺栓-1/520号#2-5
                                        6:类型         basic_double\520号#2.SLDASM
                                        6:位置         1    -1.54e-032    0    0    -1.54e-032    1    0    0    0    1.84889e-032    1    0    -0.839629    0.0110964    0.298479    1    
                                        6:子节点数     2

                                                7:名称         501号+501号+507号+8号+507号-1/14号甲#2+507号#4+8号甲#2前带螺栓-1/14号甲#2+507号#4带螺栓-1/507号#2带螺栓-1/520号#2-5/_520号-1
                                                7:类型         basic\_520号.SLDPRT
                                                7:位置         1    -1.54e-032    0    0    -1.54e-032    1    0    0    0    1.84889e-032    1    0    -0.0112763    0.0234072    -0.0179522    1    
                                                7:子节点数     0

                                                7:名称         501号+501号+507号+8号+507号-1/14号甲#2+507号#4+8号甲#2前带螺栓-1/14号甲#2+507号#4带螺栓-1/507号#2带螺栓-1/520号#2-5/_520号-2
                                                7:类型         basic\_520号.SLDPRT
                                                7:位置         1    -1.54e-032    0    0    -1.54e-032    1    0    0    0    1.84889e-032    1    0    -0.0112763    0.0234072    -0.00195216    1    
                                                7:子节点数     0

                                        6:名称         501号+501号+507号+8号+507号-1/14号甲#2+507号#4+8号甲#2前带螺栓-1/14号甲#2+507号#4带螺栓-1/507号#2带螺栓-1/520号#2-6
                                        6:类型         basic_double\520号#2.SLDASM
                                        6:位置         1    -1.54e-032    0    0    -1.54e-032    1    0    0    0    1.84889e-032    1    0    -0.079629    0.0110964    0.298479    1    
                                        6:子节点数     2

                                                7:名称         501号+501号+507号+8号+507号-1/14号甲#2+507号#4+8号甲#2前带螺栓-1/14号甲#2+507号#4带螺栓-1/507号#2带螺栓-1/520号#2-6/_520号-1
                                                7:类型         basic\_520号.SLDPRT
                                                7:位置         1    -1.54e-032    0    0    -1.54e-032    1    0    0    0    1.84889e-032    1    0    -0.0112763    0.0234072    -0.0179522    1    
                                                7:子节点数     0

                                                7:名称         501号+501号+507号+8号+507号-1/14号甲#2+507号#4+8号甲#2前带螺栓-1/14号甲#2+507号#4带螺栓-1/507号#2带螺栓-1/520号#2-6/_520号-2
                                                7:类型         basic\_520号.SLDPRT
                                                7:位置         1    -1.54e-032    0    0    -1.54e-032    1    0    0    0    1.84889e-032    1    0    -0.0112763    0.0234072    -0.00195216    1    
                                                7:子节点数     0

                                        6:名称         501号+501号+507号+8号+507号-1/14号甲#2+507号#4+8号甲#2前带螺栓-1/14号甲#2+507号#4带螺栓-1/507号#2带螺栓-1/_29乙螺栓-10
                                        6:类型         basic\_29乙螺栓.SLDPRT
                                        6:位置         0.0424734    0.999098    1.76608e-018    0    0.999098    -0.0424734    1.70559e-016    0    1.7048e-016    -5.47974e-018    -1    0    0.749095    0.0345036    0.341527    1    
                                        6:子节点数     0

                                        6:名称         501号+501号+507号+8号+507号-1/14号甲#2+507号#4+8号甲#2前带螺栓-1/14号甲#2+507号#4带螺栓-1/507号#2带螺栓-1/_29乙螺栓-11
                                        6:类型         basic\_29乙螺栓.SLDPRT
                                        6:位置         -0.0424734    -0.999098    -1.76608e-018    0    -0.999098    0.0424734    -1.70559e-016    0    1.7048e-016    -5.47974e-018    -1    0    -0.170905    0.0345036    0.341527    1    
                                        6:子节点数     0

                                        6:名称         501号+501号+507号+8号+507号-1/14号甲#2+507号#4+8号甲#2前带螺栓-1/14号甲#2+507号#4带螺栓-1/507号#2带螺栓-1/_29乙螺栓-12
                                        6:类型         basic\_29乙螺栓.SLDPRT
                                        6:位置         -0.0424734    -0.999098    -1.76608e-018    0    -0.999098    0.0424734    -1.70559e-016    0    1.7048e-016    -5.47974e-018    -1    0    -0.0109053    0.0345036    0.341527    1    
                                        6:子节点数     0

                                        6:名称         501号+501号+507号+8号+507号-1/14号甲#2+507号#4+8号甲#2前带螺栓-1/14号甲#2+507号#4带螺栓-1/507号#2带螺栓-1/_29乙螺栓-13
                                        6:类型         basic\_29乙螺栓.SLDPRT
