低平板装标准舟节
低平板装标准舟节.SLDASM
1.0	0.0	0.0	0.0	0.0	1.0	0.0	0.0	0.0	0.0	1.0	0.0	0.0	0.0	0.0	1.0
8
	绳5-1
	绳5.SLDPRT
	-6.03205E-33	1.14424E-17	-1.0	0.0	1.14424E-17	1.0	1.14424E-17	0.0	1.0	-1.14424E-17	-6.16298E-33	0.0	3.66816	1.84405	0.005	1.0
	0

	组合的标准舟节-1
	组合的标准舟节.SLDASM
	1.0	-8.33112E-17	-2.77111E-17	0.0	2.77111E-17	-1.77636E-16	1.0	0.0	-8.33112E-17	-1.0	-1.77636E-16	0.0	7.41248	0.479901	-1.99437	1.0
	2
		组合的标准舟节-1/带角钢的标准舟节-1
		带角钢的标准舟节.SLDASM
		1.0	0.0	4.92248E-33	0.0	0.0	1.0	0.0	0.0	4.92248E-33	0.0	1.0	0.0	-0.809015	1.03919	0.0	1.0
		3
			组合的标准舟节-1/带角钢的标准舟节-1/联接角钢-2
			联接角钢.SLDPRT
			-1.77987E-16	-1.03433E-16	-1.0	0.0	-3.81272E-16	1.0	-1.03427E-16	0.0	1.0	3.74333E-16	-2.8142E-16	0.0	-4.28314	0.950175	0.4	1.0
			0

			组合的标准舟节-1/带角钢的标准舟节-1/联接角钢-1
			联接角钢.SLDPRT
			-1.77981E-16	0.0	-1.0	0.0	-1.0	-2.58807E-16	1.77987E-16	0.0	-2.51868E-16	1.0	-1.03433E-16	0.0	4.71686	0.950175	0.4	1.0
			0

			组合的标准舟节-1/带角钢的标准舟节-1/标准舟节-2
			标准舟节.SLDASM
			1.0	0.0	4.92248E-33	0.0	0.0	1.0	0.0	0.0	4.92248E-33	0.0	1.0	0.0	0.388408	-0.428091	0.0	1.0
			5
				组合的标准舟节-1/带角钢的标准舟节-1/标准舟节-2/标准舟节-1-1
				标准舟节-1.SLDPRT
				1.0	0.0	4.92248E-33	0.0	0.0	1.0	0.0	0.0	4.92248E-33	0.0	1.0	0.0	-4.67155	0.553266	4.996E-16	1.0
				0

				组合的标准舟节-1/带角钢的标准舟节-1/标准舟节-2/丁钩-2
				丁钩.SLDPRT
				0.999225	-0.039366	-6.93889E-18	0.0	0.039366	0.999225	-1.80411E-16	0.0	1.40356E-17	1.79998E-16	1.0	0.0	4.26345	-0.271734	0.7025	1.0
				0

				组合的标准舟节-1/带角钢的标准舟节-1/标准舟节-2/丙钩-2
				丙钩.SLDPRT
				0.999225	-0.039366	-6.93889E-18	0.0	0.039366	0.999225	-1.80411E-16	0.0	1.40356E-17	1.79998E-16	1.0	0.0	4.26345	-0.271734	-0.7025	1.0
				0

				组合的标准舟节-1/带角钢的标准舟节-1/标准舟节-2/丁钩-1
				丁钩.SLDPRT
				-0.999223	-0.0394141	0.0	0.0	0.0394141	-0.999223	0.0	0.0	4.92248E-33	0.0	1.0	0.0	-4.60843	-0.221773	-0.7025	1.0
				0

				组合的标准舟节-1/带角钢的标准舟节-1/标准舟节-2/丙钩-1
				丙钩.SLDPRT
				-0.999223	-0.0394141	0.0	0.0	0.0394141	-0.999223	0.0	0.0	4.92248E-33	0.0	1.0	0.0	-4.60843	-0.221773	0.7025	1.0
				0



		组合的标准舟节-1/带角钢的标准舟节-2
		带角钢的标准舟节.SLDASM
		-1.0	0.0	5.55112E-17	0.0	0.0	-1.0	0.0	0.0	5.55112E-17	0.0	1.0	0.0	-0.375292	2.93954	2.22045E-16	1.0
		3
			组合的标准舟节-1/带角钢的标准舟节-2/联接角钢-2
			联接角钢.SLDPRT
			-1.77987E-16	-1.03433E-16	-1.0	0.0	-3.81272E-16	1.0	-1.03433E-16	0.0	1.0	3.81272E-16	-1.77987E-16	0.0	-4.28314	0.950175	0.4	1.0
			0

			组合的标准舟节-1/带角钢的标准舟节-2/联接角钢-1
			联接角钢.SLDPRT
			-1.77981E-16	0.0	-1.0	0.0	-1.0	-2.58807E-16	1.77981E-16	0.0	-2.58807E-16	1.0	4.93038E-32	0.0	4.71686	0.950175	0.4	1.0
			0

			组合的标准舟节-1/带角钢的标准舟节-2/标准舟节-2
			标准舟节.SLDASM
			1.0	0.0	1.2405E-33	0.0	0.0	1.0	0.0	0.0	1.2405E-33	0.0	1.0	0.0	0.388408	-0.428091	5.55112E-17	1.0
			5
				组合的标准舟节-1/带角钢的标准舟节-2/标准舟节-2/标准舟节-1-1
				标准舟节-1.SLDPRT
				1.0	0.0	1.2405E-33	0.0	0.0	1.0	0.0	0.0	1.2405E-33	0.0	1.0	0.0	-4.67155	0.553266	3.88578E-16	1.0
				0

				组合的标准舟节-1/带角钢的标准舟节-2/标准舟节-2/丁钩-2
				丁钩.SLDPRT
				0.999225	-0.039366	-6.93889E-18	0.0	0.039366	0.999225	-1.80411E-16	0.0	1.40356E-17	1.79998E-16	1.0	0.0	4.26345	-0.271734	0.7025	1.0
				0

				组合的标准舟节-1/带角钢的标准舟节-2/标准舟节-2/丙钩-2
				丙钩.SLDPRT
				0.999225	-0.039366	-6.93889E-18	0.0	0.039366	0.999225	-1.80411E-16	0.0	1.40356E-17	1.79998E-16	1.0	0.0	4.26345	-0.271734	-0.7025	1.0
				0

				组合的标准舟节-1/带角钢的标准舟节-2/标准舟节-2/丁钩-1
				丁钩.SLDPRT
				-0.999223	-0.0394141	3.08149E-33	0.0	0.0394141	-0.999223	0.0	0.0	1.2405E-33	0.0	1.0	0.0	-4.60843	-0.221773	-0.7025	1.0
				0

				组合的标准舟节-1/带角钢的标准舟节-2/标准舟节-2/丙钩-1
				丙钩.SLDPRT
				-0.999223	-0.0394141	3.08149E-33	0.0	0.0394141	-0.999223	0.0	0.0	1.2405E-33	0.0	1.0	0.0	-4.60843	-0.221773	0.7025	1.0
				0




	20T低平板车-1
	20T低平板车.SLDASM
	1.0	0.0	0.0	0.0	0.0	1.0	0.0	0.0	0.0	0.0	1.0	0.0	-4.89321	-0.796483	-3.70498E-4	1.0
	33
		20T低平板车-1/平板-1
		平板.SLDPRT
		6.16298E-33	0.0	1.0	0.0	1.14424E-17	1.0	0.0	0.0	-1.0	1.14424E-17	6.16298E-33	0.0	3.77706	0.596703	-1.44963	1.0
		0

		20T低平板车-1/牵引-1
		牵引.SLDPRT
		0.0	0.0	1.0	0.0	1.11022E-16	1.0	0.0	0.0	-1.0	-1.11022E-16	0.0	0.0	2.83319	-0.173297	-0.74963	1.0
		0

		20T低平板车-1/轮轴-1
		轮轴.SLDASM
		0.0	0.0	-1.0	0.0	0.0	1.0	0.0	0.0	1.0	0.0	0.0	0.0	3.02438	-0.693232	-1.00102	1.0
		3
			20T低平板车-1/轮轴-1/汽车轮胎-1
			汽车轮胎.SLDPRT
			1.0	0.0	0.0	0.0	0.0	1.0	0.0	0.0	0.0	0.0	1.0	0.0	0.0489793	-0.0599199	0.0	1.0
			0

			20T低平板车-1/轮轴-1/汽车车轴-1
			汽车车轴.SLDPRT
			1.0	0.0	0.0	0.0	0.0	0.856824	-0.515608	0.0	0.0	0.515608	0.856824	0.0	-2.05102	-0.0599199	0.0	1.0
			0

			20T低平板车-1/轮轴-1/汽车轮胎-2
			汽车轮胎.SLDPRT
			-1.0	0.0	0.0	0.0	0.0	0.381849	-0.924225	0.0	0.0	-0.924225	-0.381849	0.0	-2.05102	-0.0599199	0.0	1.0
			0


		20T低平板车-1/车头-1
		车头.SLDASM
		1.0	0.0	0.0	0.0	0.0	1.0	0.0	0.0	0.0	0.0	1.0	0.0	-0.535935	0.0831788	3.70498E-4	1.0
		2
			20T低平板车-1/车头-1/斯太尔车头-1
			斯太尔车头.SLDPRT
			1.0	0.0	0.0	0.0	0.0	1.0	0.0	0.0	0.0	0.0	1.0	0.0	-0.0802277	1.41341	-1.11022E-16	1.0
			0

			20T低平板车-1/车头-1/轮轴-1
			轮轴.SLDASM
			0.0	0.0	-1.0	0.0	0.0	1.0	0.0	0.0	1.0	0.0	0.0	0.0	0.242955	-0.644119	-1.00139	1.0
			3
				20T低平板车-1/车头-1/轮轴-1/汽车轮胎-1
				汽车轮胎.SLDPRT
				1.0	0.0	0.0	0.0	0.0	1.0	0.0	0.0	0.0	0.0	1.0	0.0	0.0489793	-0.0599199	0.0	1.0
				0

				20T低平板车-1/车头-1/轮轴-1/汽车车轴-1
				汽车车轴.SLDPRT
				1.0	0.0	0.0	0.0	0.0	0.856824	-0.515608	0.0	0.0	0.515608	0.856824	0.0	-2.05102	-0.0599199	0.0	1.0
				0

				20T低平板车-1/车头-1/轮轴-1/汽车轮胎-2
				汽车轮胎.SLDPRT
				-1.0	0.0	0.0	0.0	0.0	0.381849	-0.924225	0.0	0.0	-0.924225	-0.381849	0.0	-2.05102	-0.0599199	0.0	1.0
				0



		20T低平板车-1/轮轴-4
		轮轴.SLDASM
		0.0	0.0	-1.0	0.0	0.0	1.0	0.0	0.0	1.0	0.0	0.0	0.0	15.1131	-0.825192	-1.00102	1.0
		3
			20T低平板车-1/轮轴-4/汽车轮胎-1
			汽车轮胎.SLDPRT
			1.0	0.0	0.0	0.0	0.0	1.0	0.0	0.0	0.0	0.0	1.0	0.0	0.0489793	-0.0599199	0.0	1.0
			0

			20T低平板车-1/轮轴-4/汽车车轴-1
			汽车车轴.SLDPRT
			1.0	0.0	0.0	0.0	0.0	0.856824	-0.515608	0.0	0.0	0.515608	0.856824	0.0	-2.05102	-0.0599199	0.0	1.0
			0

			20T低平板车-1/轮轴-4/汽车轮胎-2
			汽车轮胎.SLDPRT
			-1.0	0.0	0.0	0.0	0.0	0.381849	-0.924225	0.0	0.0	-0.924225	-0.381849	0.0	-2.05102	-0.0599199	0.0	1.0
			0


		20T低平板车-1/轮轴-3
		轮轴.SLDASM
		0.0	0.0	1.0	0.0	0.0	1.0	0.0	0.0	-1.0	0.0	0.0	0.0	13.5511	-0.841519	1.00102	1.0
		3
			20T低平板车-1/轮轴-3/汽车轮胎-1
			汽车轮胎.SLDPRT
			1.0	0.0	0.0	0.0	0.0	1.0	0.0	0.0	0.0	0.0	1.0	0.0	0.0489793	-0.0599199	0.0	1.0
			0

			20T低平板车-1/轮轴-3/汽车车轴-1
			汽车车轴.SLDPRT
			1.0	0.0	0.0	0.0	0.0	0.856824	-0.515608	0.0	0.0	0.515608	0.856824	0.0	-2.05102	-0.0599199	0.0	1.0
			0

			20T低平板车-1/轮轴-3/汽车轮胎-2
			汽车轮胎.SLDPRT
			-1.0	0.0	0.0	0.0	0.0	0.381849	-0.924225	0.0	0.0	-0.924225	-0.381849	0.0	-2.05102	-0.0599199	0.0	1.0
			0


		20T低平板车-1/轮轴-2
		轮轴.SLDASM
		0.0	0.0	-1.0	0.0	0.0	1.0	0.0	0.0	1.0	0.0	0.0	0.0	4.49424	-0.713544	-1.00102	1.0
		3
			20T低平板车-1/轮轴-2/汽车轮胎-1
			汽车轮胎.SLDPRT
			1.0	0.0	0.0	0.0	0.0	1.0	0.0	0.0	0.0	0.0	1.0	0.0	0.0489793	-0.0599199	0.0	1.0
			0

			20T低平板车-1/轮轴-2/汽车车轴-1
			汽车车轴.SLDPRT
			1.0	0.0	0.0	0.0	0.0	0.856824	-0.515608	0.0	0.0	0.515608	0.856824	0.0	-2.05102	-0.0599199	0.0	1.0
			0

			20T低平板车-1/轮轴-2/汽车轮胎-2
			汽车轮胎.SLDPRT
			-1.0	0.0	0.0	0.0	0.0	0.381849	-0.924225	0.0	0.0	-0.924225	-0.381849	0.0	-2.05102	-0.0599199	0.0	1.0
			0


		20T低平板车-1/侧面销-3
		侧面销.SLDPRT
		1.0	0.0	0.0	0.0	0.0	1.0	0.0	0.0	0.0	0.0	1.0	0.0	8.56309	-0.308616	1.45037	1.0
		0

		20T低平板车-1/侧面销-2
		侧面销.SLDPRT
		1.0	0.0	0.0	0.0	0.0	1.0	0.0	0.0	0.0	0.0	1.0	0.0	7.76309	-0.308616	1.45037	1.0
		0

		20T低平板车-1/侧面销-1
		侧面销.SLDPRT
		1.0	0.0	0.0	0.0	0.0	1.0	0.0	0.0	0.0	0.0	1.0	0.0	6.96309	-0.308616	1.45037	1.0
		0

		20T低平板车-1/侧面销-5
		侧面销.SLDPRT
		1.0	0.0	0.0	0.0	0.0	1.0	0.0	0.0	0.0	0.0	1.0	0.0	10.1631	-0.308616	1.45037	1.0
		0

		20T低平板车-1/侧面销-4
		侧面销.SLDPRT
		1.0	0.0	0.0	0.0	0.0	1.0	0.0	0.0	0.0	0.0	1.0	0.0	9.36309	-0.308616	1.45037	1.0
		0

		20T低平板车-1/侧面销-8
		侧面销.SLDPRT
		1.0	0.0	0.0	0.0	0.0	1.0	0.0	0.0	0.0	0.0	1.0	0.0	12.5631	-0.308616	1.45037	1.0
		0

		20T低平板车-1/侧面销-7
		侧面销.SLDPRT
		1.0	0.0	0.0	0.0	0.0	1.0	0.0	0.0	0.0	0.0	1.0	0.0	11.7631	-0.308616	1.45037	1.0
		0

		20T低平板车-1/侧面销-6
		侧面销.SLDPRT
		1.0	0.0	0.0	0.0	0.0	1.0	0.0	0.0	0.0	0.0	1.0	0.0	10.9631	-0.308616	1.45037	1.0
		0

		20T低平板车-1/侧面销-10
		侧面销.SLDPRT
		1.0	0.0	0.0	0.0	0.0	1.0	0.0	0.0	0.0	0.0	1.0	0.0	14.1631	-0.308616	1.45037	1.0
		0

		20T低平板车-1/侧面销-9
		侧面销.SLDPRT
		1.0	0.0	0.0	0.0	0.0	1.0	0.0	0.0	0.0	0.0	1.0	0.0	13.3631	-0.308616	1.45037	1.0
		0

		20T低平板车-1/侧面销-13
		侧面销.SLDPRT
		1.0	0.0	0.0	0.0	0.0	1.0	0.0	0.0	0.0	0.0	1.0	0.0	16.5631	-0.308616	1.45037	1.0
		0

		20T低平板车-1/侧面销-12
		侧面销.SLDPRT
		1.0	0.0	0.0	0.0	0.0	1.0	0.0	0.0	0.0	0.0	1.0	0.0	15.7631	-0.308616	1.45037	1.0
		0

		20T低平板车-1/侧面销-11
		侧面销.SLDPRT
		1.0	0.0	0.0	0.0	0.0	1.0	0.0	0.0	0.0	0.0	1.0	0.0	14.9631	-0.308616	1.45037	1.0
		0

		20T低平板车-1/侧面销-15
		侧面销.SLDPRT
		1.0	-3.2193E-5	3.01893E-10	0.0	-3.2193E-5	-1.0	1.87552E-5	0.0	-3.01893E-10	-1.87552E-5	-1.0	0.0	7.76309	-0.308615	-1.45037	1.0
		0

		20T低平板车-1/侧面销-14
		侧面销.SLDPRT
		1.0	-3.2193E-5	3.01893E-10	0.0	-3.2193E-5	-1.0	1.87552E-5	0.0	-3.01893E-10	-1.87552E-5	-1.0	0.0	6.96309	-0.308615	-1.45037	1.0
		0

		20T低平板车-1/侧面销-18
		侧面销.SLDPRT
		1.0	-3.2193E-5	3.01893E-10	0.0	-3.2193E-5	-1.0	1.87552E-5	0.0	-3.01893E-10	-1.87552E-5	-1.0	0.0	10.1631	-0.308615	-1.45037	1.0
		0

		20T低平板车-1/侧面销-17
		侧面销.SLDPRT
		1.0	-3.2193E-5	3.01893E-10	0.0	-3.2193E-5	-1.0	1.87552E-5	0.0	-3.01893E-10	-1.87552E-5	-1.0	0.0	9.36309	-0.308615	-1.45037	1.0
		0

		20T低平板车-1/侧面销-16
		侧面销.SLDPRT
		1.0	-3.2193E-5	3.01893E-10	0.0	-3.2193E-5	-1.0	1.87552E-5	0.0	-3.01893E-10	-1.87552E-5	-1.0	0.0	8.56309	-0.308615	-1.45037	1.0
		0

		20T低平板车-1/侧面销-21
		侧面销.SLDPRT
		1.0	-3.2193E-5	3.01893E-10	0.0	-3.2193E-5	-1.0	1.87552E-5	0.0	-3.01893E-10	-1.87552E-5	-1.0	0.0	12.5631	-0.308615	-1.45037	1.0
		0

		20T低平板车-1/侧面销-20
		侧面销.SLDPRT
		1.0	-3.2193E-5	3.01893E-10	0.0	-3.2193E-5	-1.0	1.87552E-5	0.0	-3.01893E-10	-1.87552E-5	-1.0	0.0	11.7631	-0.308615	-1.45037	1.0
		0

		20T低平板车-1/侧面销-19
		侧面销.SLDPRT
		1.0	-3.2193E-5	3.01893E-10	0.0	-3.2193E-5	-1.0	1.87552E-5	0.0	-3.01893E-10	-1.87552E-5	-1.0	0.0	10.9631	-0.308615	-1.45037	1.0
		0

		20T低平板车-1/侧面销-24
		侧面销.SLDPRT
		1.0	-3.2193E-5	3.01893E-10	0.0	-3.2193E-5	-1.0	1.87552E-5	0.0	-3.01893E-10	-1.87552E-5	-1.0	0.0	14.9631	-0.308615	-1.45037	1.0
		0

		20T低平板车-1/侧面销-23
		侧面销.SLDPRT
		1.0	-3.2193E-5	3.01893E-10	0.0	-3.2193E-5	-1.0	1.87552E-5	0.0	-3.01893E-10	-1.87552E-5	-1.0	0.0	14.1631	-0.308615	-1.45037	1.0
		0

		20T低平板车-1/侧面销-22
		侧面销.SLDPRT
		1.0	-3.2193E-5	3.01893E-10	0.0	-3.2193E-5	-1.0	1.87552E-5	0.0	-3.01893E-10	-1.87552E-5	-1.0	0.0	13.3631	-0.308615	-1.45037	1.0
		0

		20T低平板车-1/侧面销-26
		侧面销.SLDPRT
		1.0	-3.2193E-5	3.01893E-10	0.0	-3.2193E-5	-1.0	1.87552E-5	0.0	-3.01893E-10	-1.87552E-5	-1.0	0.0	16.5631	-0.308615	-1.45037	1.0
		0

		20T低平板车-1/侧面销-25
		侧面销.SLDPRT
		1.0	-3.2193E-5	3.01893E-10	0.0	-3.2193E-5	-1.0	1.87552E-5	0.0	-3.01893E-10	-1.87552E-5	-1.0	0.0	15.7631	-0.308615	-1.45037	1.0
		0


	绳6-2
	绳6.SLDPRT
	0.785823	0.537	-0.306778	0.0	0.0924089	-0.592428	-0.800306	0.0	-0.611509	0.60055	-0.515167	0.0	11.7001	-1.09647	-1.46072	1.0
	0

	绳6-1
	绳6.SLDPRT
	0.595729	0.679032	0.428978	0.0	0.0760625	-0.579391	0.811493	0.0	0.799576	-0.450801	-0.396809	0.0	11.649	-1.09105	1.46161	1.0
	0

	绳5-2
	绳5.SLDPRT
	-6.03205E-33	1.14424E-17	-1.0	0.0	1.14424E-17	1.0	1.14424E-17	0.0	1.0	-1.14424E-17	-6.16298E-33	0.0	10.0689	1.84405	0.005	1.0
	0

	绳6-4
	绳6.SLDPRT
	0.00194214	0.812577	-0.582851	0.0	-0.0591394	-0.581739	-0.811223	0.0	-0.998248	0.036045	0.0469255	0.0	2.06999	-1.08739	-1.4642	1.0
	0

	绳6-3
	绳6.SLDPRT
	0.640265	0.595269	0.485505	0.0	-0.0493074	-0.598889	0.799313	0.0	0.76657	-0.535711	-0.354097	0.0	2.10026	-1.09416	1.46268	1.0
	0


