/*	1:name	*/	3_4
/*	1:type	*/	3_4\3_4.SLDASM
/*	1:location	*/	1.0	0.0	0.0	0.0	0.0	1.0	0.0	0.0	0.0	0.0	1.0	0.0	0.0	0.0	0.0	1.0
/*	1:child_number	*/	11
	/*	2:name	*/	平面连接系上的四个50螺栓-5
	/*	2:type	*/	3_4\平面连接系上的四个50螺栓.sldasm
	/*	2:location	*/	0.99554	1.66501E-17	-0.0943356	0.0	0.0943356	1.16337E-17	0.99554	0.0	1.76733E-17	-1.0	1.00111E-17	0.0	0.875	9.307	4.17988	1.0
	/*	2:child_number	*/	4
		/*	3:name	*/	平面连接系上的四个50螺栓-5/11：M50螺栓-1
		/*	3:type	*/	基本杆件\11：M50螺栓.SLDPRT
		/*	3:location	*/	1.0	1.6263E-18	3.33182E-33	0.0	8.37546E-18	1.0	2.11551E-33	0.0	-3.26637E-33	-7.97455E-35	1.0	0.0	1.11022E-16	0.0	1.77636E-15	1.0
		/*	3:child_number	*/	0
		/*	3:name	*/	平面连接系上的四个50螺栓-5/11：M50螺栓-3
		/*	3:type	*/	基本杆件\11：M50螺栓.SLDPRT
		/*	3:location	*/	-0.982202	-0.18783	3.65661E-17	0.0	-0.18783	0.982202	7.93265E-17	0.0	-5.08152E-17	7.10464E-17	-1.0	0.0	0.128274	-1.35369	0.066	1.0
		/*	3:child_number	*/	0
		/*	3:name	*/	平面连接系上的四个50螺栓-5/11：M50螺栓-2
		/*	3:type	*/	基本杆件\11：M50螺栓.SLDPRT
		/*	3:location	*/	1.0	1.6263E-18	3.33182E-33	0.0	8.37546E-18	1.0	2.11551E-33	0.0	-3.26637E-33	-7.97455E-35	1.0	0.0	0.141503	-1.49331	1.77636E-15	1.0
		/*	3:child_number	*/	0
		/*	3:name	*/	平面连接系上的四个50螺栓-5/11：M50螺栓-4
		/*	3:type	*/	基本杆件\11：M50螺栓.SLDPRT
		/*	3:location	*/	-0.982202	-0.18783	3.65661E-17	0.0	-0.18783	0.982202	7.93265E-17	0.0	-5.08152E-17	7.10464E-17	-1.0	0.0	0.269777	-2.847	0.066	1.0
		/*	3:child_number	*/	0
	/*	2:name	*/	平面连接系上的四个50螺栓-4
	/*	2:type	*/	3_4\平面连接系上的四个50螺栓.sldasm
	/*	2:location	*/	-0.99554	-1.77827E-17	0.0943356	0.0	-0.0943356	-9.8154E-18	-0.99554	0.0	1.86294E-17	-1.0	8.09408E-18	0.0	6.125	4.307	1.32012	1.0
	/*	2:child_number	*/	4
		/*	3:name	*/	平面连接系上的四个50螺栓-4/11：M50螺栓-1
		/*	3:type	*/	基本杆件\11：M50螺栓.SLDPRT
		/*	3:location	*/	1.0	-3.94379E-18	-2.29184E-33	0.0	-3.8828E-18	1.0	-1.60243E-33	0.0	1.91215E-33	1.47228E-33	1.0	0.0	-8.88178E-16	0.0	8.88178E-16	1.0
		/*	3:child_number	*/	0
		/*	3:name	*/	平面连接系上的四个50螺栓-4/11：M50螺栓-3
		/*	3:type	*/	基本杆件\11：M50螺栓.SLDPRT
		/*	3:location	*/	-0.982202	-0.18783	3.65661E-17	0.0	-0.18783	0.982202	7.93265E-17	0.0	-5.08152E-17	7.10464E-17	-1.0	0.0	0.128274	-1.35369	0.066	1.0
		/*	3:child_number	*/	0
		/*	3:name	*/	平面连接系上的四个50螺栓-4/11：M50螺栓-2
		/*	3:type	*/	基本杆件\11：M50螺栓.SLDPRT
		/*	3:location	*/	1.0	-3.94379E-18	-2.29184E-33	0.0	-3.8828E-18	1.0	-1.60243E-33	0.0	1.91215E-33	1.47228E-33	1.0	0.0	0.141503	-1.49331	8.88178E-16	1.0
		/*	3:child_number	*/	0
		/*	3:name	*/	平面连接系上的四个50螺栓-4/11：M50螺栓-4
		/*	3:type	*/	基本杆件\11：M50螺栓.SLDPRT
		/*	3:location	*/	-0.982202	-0.18783	3.65661E-17	0.0	-0.18783	0.982202	7.93265E-17	0.0	-5.08152E-17	7.10464E-17	-1.0	0.0	0.269777	-2.847	0.066	1.0
		/*	3:child_number	*/	0
	/*	2:name	*/	平面连接系上的四个50螺栓-3
	/*	2:type	*/	3_4\平面连接系上的四个50螺栓.sldasm
	/*	2:location	*/	0.99554	1.66501E-17	-0.0943356	0.0	0.0943356	1.16337E-17	0.99554	0.0	1.76733E-17	-1.0	1.00111E-17	0.0	0.875	4.307	4.17988	1.0
	/*	2:child_number	*/	4
		/*	3:name	*/	平面连接系上的四个50螺栓-3/11：M50螺栓-1
		/*	3:type	*/	基本杆件\11：M50螺栓.SLDPRT
		/*	3:location	*/	1.0	1.6263E-18	3.33182E-33	0.0	8.37546E-18	1.0	2.11551E-33	0.0	-3.26637E-33	-7.97455E-35	1.0	0.0	1.11022E-16	0.0	8.88178E-16	1.0
		/*	3:child_number	*/	0
		/*	3:name	*/	平面连接系上的四个50螺栓-3/11：M50螺栓-3
		/*	3:type	*/	基本杆件\11：M50螺栓.SLDPRT
		/*	3:location	*/	-0.982202	-0.18783	3.65661E-17	0.0	-0.18783	0.982202	7.93265E-17	0.0	-5.08152E-17	7.10464E-17	-1.0	0.0	0.128274	-1.35369	0.066	1.0
		/*	3:child_number	*/	0
		/*	3:name	*/	平面连接系上的四个50螺栓-3/11：M50螺栓-2
		/*	3:type	*/	基本杆件\11：M50螺栓.SLDPRT
		/*	3:location	*/	1.0	1.6263E-18	3.33182E-33	0.0	8.37546E-18	1.0	2.11551E-33	0.0	-3.26637E-33	-7.97455E-35	1.0	0.0	0.141503	-1.49331	8.88178E-16	1.0
		/*	3:child_number	*/	0
		/*	3:name	*/	平面连接系上的四个50螺栓-3/11：M50螺栓-4
		/*	3:type	*/	基本杆件\11：M50螺栓.SLDPRT
		/*	3:location	*/	-0.982202	-0.18783	3.65661E-17	0.0	-0.18783	0.982202	7.93265E-17	0.0	-5.08152E-17	7.10464E-17	-1.0	0.0	0.269777	-2.847	0.066	1.0
		/*	3:child_number	*/	0
	/*	2:name	*/	平面连接系上的四个50螺栓-2
	/*	2:type	*/	3_4\平面连接系上的四个50螺栓.sldasm
	/*	2:location	*/	0.99554	1.66501E-17	-0.0943356	0.0	0.0943356	1.16337E-17	0.99554	0.0	1.76733E-17	-1.0	1.00111E-17	0.0	0.875	0.807	4.17988	1.0
	/*	2:child_number	*/	4
		/*	3:name	*/	平面连接系上的四个50螺栓-2/11：M50螺栓-1
		/*	3:type	*/	基本杆件\11：M50螺栓.SLDPRT
		/*	3:location	*/	1.0	1.6263E-18	3.33182E-33	0.0	8.37546E-18	1.0	2.11551E-33	0.0	-3.26637E-33	-7.97455E-35	1.0	0.0	1.11022E-16	0.0	1.11022E-16	1.0
		/*	3:child_number	*/	0
		/*	3:name	*/	平面连接系上的四个50螺栓-2/11：M50螺栓-3
		/*	3:type	*/	基本杆件\11：M50螺栓.SLDPRT
		/*	3:location	*/	-0.982202	-0.18783	3.65661E-17	0.0	-0.18783	0.982202	7.93265E-17	0.0	-5.08152E-17	7.10464E-17	-1.0	0.0	0.128274	-1.35369	0.066	1.0
		/*	3:child_number	*/	0
		/*	3:name	*/	平面连接系上的四个50螺栓-2/11：M50螺栓-2
		/*	3:type	*/	基本杆件\11：M50螺栓.SLDPRT
		/*	3:location	*/	1.0	1.6263E-18	3.33182E-33	0.0	8.37546E-18	1.0	2.11551E-33	0.0	-3.26637E-33	-7.97455E-35	1.0	0.0	0.141503	-1.49331	-1.11022E-16	1.0
		/*	3:child_number	*/	0
		/*	3:name	*/	平面连接系上的四个50螺栓-2/11：M50螺栓-4
		/*	3:type	*/	基本杆件\11：M50螺栓.SLDPRT
		/*	3:location	*/	-0.982202	-0.18783	3.65661E-17	0.0	-0.18783	0.982202	7.93265E-17	0.0	-5.08152E-17	7.10464E-17	-1.0	0.0	0.269777	-2.847	0.066	1.0
		/*	3:child_number	*/	0
	/*	2:name	*/	平面连接系上的四个50螺栓-1
	/*	2:type	*/	3_4\平面连接系上的四个50螺栓.sldasm
	/*	2:location	*/	-0.99554	-1.77827E-17	0.0943356	0.0	-0.0943356	-9.8154E-18	-0.99554	0.0	1.86294E-17	-1.0	8.09408E-18	0.0	6.125	0.807	1.32012	1.0
	/*	2:child_number	*/	4
		/*	3:name	*/	平面连接系上的四个50螺栓-1/11：M50螺栓-1
		/*	3:type	*/	基本杆件\11：M50螺栓.SLDPRT
		/*	3:location	*/	1.0	-3.94379E-18	-2.29184E-33	0.0	-3.8828E-18	1.0	-1.60243E-33	0.0	1.91215E-33	1.47228E-33	1.0	0.0	-8.88178E-16	0.0	1.11022E-16	1.0
		/*	3:child_number	*/	0
		/*	3:name	*/	平面连接系上的四个50螺栓-1/11：M50螺栓-3
		/*	3:type	*/	基本杆件\11：M50螺栓.SLDPRT
		/*	3:location	*/	-0.982202	-0.18783	3.65661E-17	0.0	-0.18783	0.982202	7.93265E-17	0.0	-5.08152E-17	7.10464E-17	-1.0	0.0	0.128274	-1.35369	0.066	1.0
		/*	3:child_number	*/	0
		/*	3:name	*/	平面连接系上的四个50螺栓-1/11：M50螺栓-2
		/*	3:type	*/	基本杆件\11：M50螺栓.SLDPRT
		/*	3:location	*/	1.0	-3.94379E-18	-2.29184E-33	0.0	-3.8828E-18	1.0	-1.60243E-33	0.0	1.91215E-33	1.47228E-33	1.0	0.0	0.141503	-1.49331	-1.11022E-16	1.0
		/*	3:child_number	*/	0
		/*	3:name	*/	平面连接系上的四个50螺栓-1/11：M50螺栓-4
		/*	3:type	*/	基本杆件\11：M50螺栓.SLDPRT
		/*	3:location	*/	-0.982202	-0.18783	3.65661E-17	0.0	-0.18783	0.982202	7.93265E-17	0.0	-5.08152E-17	7.10464E-17	-1.0	0.0	0.269777	-2.847	0.066	1.0
		/*	3:child_number	*/	0
	/*	2:name	*/	上垫梁-1
	/*	2:type	*/	3_4\上垫梁\上垫梁.SLDASM
	/*	2:location	*/	-8.81321E-17	-1.48037E-16	-1.0	0.0	1.17155E-16	1.0	-1.48037E-16	0.0	1.0	-1.17155E-16	-8.81321E-17	0.0	0.875	12.7182	2.64425	1.0
	/*	2:child_number	*/	21
		/*	3:name	*/	上垫梁-1/两个1号-4
		/*	3:type	*/	3_4\上垫梁\两个1号.SLDASM
		/*	3:location	*/	-2.498E-15	1.15861E-32	-1.0	0.0	8.22131E-33	-1.0	1.16051E-32	0.0	-1.0	-8.22131E-33	2.498E-15	0.0	0.519252	1.0282	3.85658	1.0
		/*	3:child_number	*/	5
			/*	4:name	*/	上垫梁-1/两个1号-4/拼接板及螺栓-2
			/*	4:type	*/	基本组合\拼接板及螺栓.SLDASM
			/*	4:location	*/	-1.0	3.36706E-33	-2.22045E-16	0.0	2.22045E-16	-2.46519E-32	-1.0	0.0	1.10194E-31	-1.0	8.2177E-32	0.0	1.21092	0.430429	-0.0101379	1.0
			/*	4:child_number	*/	2
				/*	5:name	*/	上垫梁-1/两个1号-4/拼接板及螺栓-2/9：拼接板-1
				/*	5:type	*/	基本杆件\9：拼接板.SLDPRT
				/*	5:location	*/	1.0	0.0	-3.36706E-33	0.0	0.0	1.0	0.0	0.0	-3.36706E-33	0.0	1.0	0.0	-0.248151	-0.110138	-0.006	1.0
				/*	5:child_number	*/	0
				/*	5:name	*/	上垫梁-1/两个1号-4/拼接板及螺栓-2/拼接板上的8个螺栓-1
				/*	5:type	*/	基本组合\拼接板上的8个螺栓.SLDASM
				/*	5:location	*/	0.886481	0.462766	3.50279E-33	0.0	0.462766	-0.886481	1.0063E-32	0.0	3.36706E-33	0.0	-1.0	0.0	-0.208151	-0.0726379	0.021	1.0
				/*	5:child_number	*/	8
					/*	6:name	*/	上垫梁-1/两个1号-4/拼接板及螺栓-2/拼接板上的8个螺栓-1/11：M50螺栓-1
					/*	6:type	*/	基本杆件\11：M50螺栓.SLDPRT
					/*	6:location	*/	1.0	-3.18213E-17	-1.49079E-32	0.0	-1.92175E-17	1.0	1.17963E-32	0.0	-1.99394E-32	-1.0063E-32	1.0	0.0	6.66134E-16	-4.44089E-16	0.0	1.0
					/*	6:child_number	*/	0
					/*	6:name	*/	上垫梁-1/两个1号-4/拼接板及螺栓-2/拼接板上的8个螺栓-1/11：M50螺栓-4
					/*	6:type	*/	基本杆件\11：M50螺栓.SLDPRT
					/*	6:location	*/	1.0	-3.18213E-17	-1.49079E-32	0.0	-1.92175E-17	1.0	1.17963E-32	0.0	-1.99394E-32	-1.0063E-32	1.0	0.0	0.168656	-0.0529643	0.0	1.0
					/*	6:child_number	*/	0
					/*	6:name	*/	上垫梁-1/两个1号-4/拼接板及螺栓-2/拼接板上的8个螺栓-1/11：M50螺栓-3
					/*	6:type	*/	基本杆件\11：M50螺栓.SLDPRT
					/*	6:location	*/	1.0	-3.18213E-17	-1.49079E-32	0.0	-1.92175E-17	1.0	1.17963E-32	0.0	-1.99394E-32	-1.0063E-32	1.0	0.0	0.11081	0.0578457	0.0	1.0
					/*	6:child_number	*/	0
					/*	6:name	*/	上垫梁-1/两个1号-4/拼接板及螺栓-2/拼接板上的8个螺栓-1/11：M50螺栓-2
					/*	6:type	*/	基本杆件\11：M50螺栓.SLDPRT
					/*	6:location	*/	1.0	-3.18213E-17	-1.49079E-32	0.0	-1.92175E-17	1.0	1.17963E-32	0.0	-1.99394E-32	-1.0063E-32	1.0	0.0	0.0578457	-0.11081	0.0	1.0
					/*	6:child_number	*/	0
					/*	6:name	*/	上垫梁-1/两个1号-4/拼接板及螺栓-2/拼接板上的8个螺栓-1/11：M50螺栓-8
					/*	6:type	*/	基本杆件\11：M50螺栓.SLDPRT
					/*	6:location	*/	1.0	-3.18213E-17	-1.49079E-32	0.0	-1.92175E-17	1.0	1.17963E-32	0.0	-1.99394E-32	-1.0063E-32	1.0	0.0	0.390276	0.0627271	0.0	1.0
					/*	6:child_number	*/	0
					/*	6:name	*/	上垫梁-1/两个1号-4/拼接板及螺栓-2/拼接板上的8个螺栓-1/11：M50螺栓-7
					/*	6:type	*/	基本杆件\11：M50螺栓.SLDPRT
					/*	6:location	*/	1.0	-3.18213E-17	-1.49079E-32	0.0	-1.92175E-17	1.0	1.17963E-32	0.0	-1.99394E-32	-1.0063E-32	1.0	0.0	0.33243	0.173537	0.0	1.0
					/*	6:child_number	*/	0
					/*	6:name	*/	上垫梁-1/两个1号-4/拼接板及螺栓-2/拼接板上的8个螺栓-1/11：M50螺栓-6
					/*	6:type	*/	基本杆件\11：M50螺栓.SLDPRT
					/*	6:location	*/	1.0	-3.18213E-17	-1.49079E-32	0.0	-1.92175E-17	1.0	1.17963E-32	0.0	-1.99394E-32	-1.0063E-32	1.0	0.0	0.279466	0.00488138	0.0	1.0
					/*	6:child_number	*/	0
					/*	6:name	*/	上垫梁-1/两个1号-4/拼接板及螺栓-2/拼接板上的8个螺栓-1/11：M50螺栓-5
					/*	6:type	*/	基本杆件\11：M50螺栓.SLDPRT
					/*	6:location	*/	1.0	-3.18213E-17	-1.49079E-32	0.0	-1.92175E-17	1.0	1.17963E-32	0.0	-1.99394E-32	-1.0063E-32	1.0	0.0	0.22162	0.115691	0.0	1.0
					/*	6:child_number	*/	0
			/*	4:name	*/	上垫梁-1/两个1号-4/拼接板及螺栓-1
			/*	4:type	*/	基本组合\拼接板及螺栓.SLDASM
			/*	4:location	*/	1.0	-1.98E-32	4.44089E-16	0.0	4.44089E-16	-8.22131E-33	-1.0	0.0	-1.15861E-32	1.0	-8.22131E-33	0.0	1.25223	0.704429	-0.0101379	1.0
			/*	4:child_number	*/	2
				/*	5:name	*/	上垫梁-1/两个1号-4/拼接板及螺栓-1/9：拼接板-1
				/*	5:type	*/	基本杆件\9：拼接板.SLDPRT
				/*	5:location	*/	1.0	-1.15941E-31	4.85193E-33	0.0	1.15941E-31	1.0	-8.22131E-33	0.0	4.85193E-33	8.22131E-33	1.0	0.0	-0.248151	-0.110138	-0.006	1.0
				/*	5:child_number	*/	0
				/*	5:name	*/	上垫梁-1/两个1号-4/拼接板及螺栓-1/拼接板上的8个螺栓-1
				/*	5:type	*/	基本组合\拼接板上的8个螺栓.SLDASM
				/*	5:location	*/	0.886481	0.462766	-6.65048E-33	0.0	0.462766	-0.886481	-1.28435E-32	0.0	5.60917E-32	-5.75251E-32	-1.0	0.0	-0.208151	-0.0726379	0.021	1.0
				/*	5:child_number	*/	8
					/*	6:name	*/	上垫梁-1/两个1号-4/拼接板及螺栓-1/拼接板上的8个螺栓-1/11：M50螺栓-1
					/*	6:type	*/	基本杆件\11：M50螺栓.SLDPRT
					/*	6:location	*/	1.0	-2.12233E-17	4.81482E-33	0.0	-1.90549E-17	1.0	-3.0863E-32	0.0	1.48718E-32	-3.59908E-33	1.0	0.0	0.0	-1.11022E-16	-1.77636E-15	1.0
					/*	6:child_number	*/	0
					/*	6:name	*/	上垫梁-1/两个1号-4/拼接板及螺栓-1/拼接板上的8个螺栓-1/11：M50螺栓-4
					/*	6:type	*/	基本杆件\11：M50螺栓.SLDPRT
					/*	6:location	*/	1.0	-2.12233E-17	4.81482E-33	0.0	-1.90549E-17	1.0	-3.0863E-32	0.0	1.48718E-32	-3.59908E-33	1.0	0.0	0.168656	-0.0529643	-1.77636E-15	1.0
					/*	6:child_number	*/	0
					/*	6:name	*/	上垫梁-1/两个1号-4/拼接板及螺栓-1/拼接板上的8个螺栓-1/11：M50螺栓-3
					/*	6:type	*/	基本杆件\11：M50螺栓.SLDPRT
					/*	6:location	*/	1.0	-2.12233E-17	4.81482E-33	0.0	-1.90549E-17	1.0	-3.0863E-32	0.0	1.48718E-32	-3.59908E-33	1.0	0.0	0.11081	0.0578457	-1.77636E-15	1.0
					/*	6:child_number	*/	0
					/*	6:name	*/	上垫梁-1/两个1号-4/拼接板及螺栓-1/拼接板上的8个螺栓-1/11：M50螺栓-2
					/*	6:type	*/	基本杆件\11：M50螺栓.SLDPRT
					/*	6:location	*/	1.0	-2.12233E-17	4.81482E-33	0.0	-1.90549E-17	1.0	-3.0863E-32	0.0	1.48718E-32	-3.59908E-33	1.0	0.0	0.0578457	-0.11081	-1.77636E-15	1.0
					/*	6:child_number	*/	0
					/*	6:name	*/	上垫梁-1/两个1号-4/拼接板及螺栓-1/拼接板上的8个螺栓-1/11：M50螺栓-8
					/*	6:type	*/	基本杆件\11：M50螺栓.SLDPRT
					/*	6:location	*/	1.0	-2.12233E-17	4.81482E-33	0.0	-1.90549E-17	1.0	-3.0863E-32	0.0	1.48718E-32	-3.59908E-33	1.0	0.0	0.390276	0.0627271	-1.77636E-15	1.0
					/*	6:child_number	*/	0
					/*	6:name	*/	上垫梁-1/两个1号-4/拼接板及螺栓-1/拼接板上的8个螺栓-1/11：M50螺栓-7
					/*	6:type	*/	基本杆件\11：M50螺栓.SLDPRT
					/*	6:location	*/	1.0	-2.12233E-17	4.81482E-33	0.0	-1.90549E-17	1.0	-3.0863E-32	0.0	1.48718E-32	-3.59908E-33	1.0	0.0	0.33243	0.173537	-1.77636E-15	1.0
					/*	6:child_number	*/	0
					/*	6:name	*/	上垫梁-1/两个1号-4/拼接板及螺栓-1/拼接板上的8个螺栓-1/11：M50螺栓-6
					/*	6:type	*/	基本杆件\11：M50螺栓.SLDPRT
					/*	6:location	*/	1.0	-2.12233E-17	4.81482E-33	0.0	-1.90549E-17	1.0	-3.0863E-32	0.0	1.48718E-32	-3.59908E-33	1.0	0.0	0.279466	0.00488138	-1.77636E-15	1.0
					/*	6:child_number	*/	0
					/*	6:name	*/	上垫梁-1/两个1号-4/拼接板及螺栓-1/拼接板上的8个螺栓-1/11：M50螺栓-5
					/*	6:type	*/	基本杆件\11：M50螺栓.SLDPRT
					/*	6:location	*/	1.0	-2.12233E-17	4.81482E-33	0.0	-1.90549E-17	1.0	-3.0863E-32	0.0	1.48718E-32	-3.59908E-33	1.0	0.0	0.22162	0.115691	-1.77636E-15	1.0
					/*	6:child_number	*/	0
			/*	4:name	*/	上垫梁-1/两个1号-4/4个M65-1
			/*	4:type	*/	基本组合\4个M65.SLDASM
			/*	4:location	*/	-5.29631E-33	-0.999098	-0.0424734	0.0	-4.33719E-31	0.0424734	-0.999098	0.0	1.0	-1.10194E-31	-1.79882E-31	0.0	1.24458	0.503821	0.0606029	1.0
			/*	4:child_number	*/	4
				/*	5:name	*/	上垫梁-1/两个1号-4/4个M65-1/10：M65螺栓-3
				/*	5:type	*/	基本杆件\10：M65螺栓.SLDPRT
				/*	5:location	*/	0.5	-0.866025	2.46134E-31	0.0	0.866025	0.5	3.44741E-32	0.0	-2.20519E-32	-4.33334E-31	1.0	0.0	-0.126075	0.00346083	-0.04	1.0
				/*	5:child_number	*/	0
				/*	5:name	*/	上垫梁-1/两个1号-4/4个M65-1/10：M65螺栓-2
				/*	5:type	*/	基本杆件\10：M65螺栓.SLDPRT
				/*	5:location	*/	1.0	1.02457E-17	2.60001E-33	0.0	3.30682E-18	1.0	-4.33334E-31	0.0	-2.20519E-32	-4.33334E-31	1.0	0.0	0.00412095	0.123039	-0.04	1.0
				/*	5:child_number	*/	0
				/*	5:name	*/	上垫梁-1/两个1号-4/4个M65-1/10：M65螺栓-1
				/*	5:type	*/	基本杆件\10：M65螺栓.SLDPRT
				/*	5:location	*/	1.0	1.02457E-17	2.60001E-33	0.0	3.30682E-18	1.0	-4.33334E-31	0.0	-2.20519E-32	-4.33334E-31	1.0	0.0	-0.00118822	-0.00184834	-0.04	1.0
				/*	5:child_number	*/	0
				/*	5:name	*/	上垫梁-1/两个1号-4/4个M65-1/10：M65螺栓-4
				/*	5:type	*/	基本杆件\10：M65螺栓.SLDPRT
				/*	5:location	*/	1.0	1.02457E-17	2.60001E-33	0.0	3.30682E-18	1.0	-4.33334E-31	0.0	-2.20519E-32	-4.33334E-31	1.0	0.0	-0.120766	0.128348	-0.04	1.0
				/*	5:child_number	*/	0
			/*	4:name	*/	上垫梁-1/两个1号-4/1：基本杆件-2
			/*	4:type	*/	基本杆件\1：基本杆件.SLDPRT
			/*	4:location	*/	1.0	-1.15861E-32	-1.79882E-31	0.0	-1.15861E-32	1.0	-8.22131E-33	0.0	1.79882E-31	8.22131E-33	1.0	0.0	1.23158	0.436429	-0.1	1.0
			/*	4:child_number	*/	0
			/*	4:name	*/	上垫梁-1/两个1号-4/1：基本杆件-1
			/*	4:type	*/	基本杆件\1：基本杆件.SLDPRT
			/*	4:location	*/	1.0	-1.15861E-32	-1.79882E-31	0.0	-1.15861E-32	1.0	-8.22131E-33	0.0	1.79882E-31	8.22131E-33	1.0	0.0	-2.26842	0.436429	-0.1	1.0
			/*	4:child_number	*/	0
		/*	3:name	*/	上垫梁-1/两个1号-3
		/*	3:type	*/	3_4\上垫梁\两个1号.SLDASM
		/*	3:location	*/	1.33227E-15	1.16152E-32	-1.0	0.0	8.22131E-33	-1.0	1.16051E-32	0.0	-1.0	-8.22131E-33	-1.33227E-15	0.0	0.144252	1.0282	3.85658	1.0
		/*	3:child_number	*/	5
			/*	4:name	*/	上垫梁-1/两个1号-3/拼接板及螺栓-2
			/*	4:type	*/	基本组合\拼接板及螺栓.SLDASM
			/*	4:location	*/	-1.0	3.39621E-33	-2.22045E-16	0.0	2.22045E-16	-2.46519E-32	-1.0	0.0	1.10223E-31	-1.0	8.2177E-32	0.0	1.21092	0.430429	-0.0101379	1.0
			/*	4:child_number	*/	2
				/*	5:name	*/	上垫梁-1/两个1号-3/拼接板及螺栓-2/9：拼接板-1
				/*	5:type	*/	基本杆件\9：拼接板.SLDPRT
				/*	5:location	*/	1.0	0.0	-3.39621E-33	0.0	0.0	1.0	0.0	0.0	-3.39621E-33	0.0	1.0	0.0	-0.248151	-0.110138	-0.006	1.0
				/*	5:child_number	*/	0
				/*	5:name	*/	上垫梁-1/两个1号-3/拼接板及螺栓-2/拼接板上的8个螺栓-1
				/*	5:type	*/	基本组合\拼接板上的8个螺栓.SLDASM
				/*	5:location	*/	0.886481	0.462766	7.58335E-33	0.0	0.462766	-0.886481	1.82602E-32	0.0	3.39621E-33	0.0	-1.0	0.0	-0.208151	-0.0726379	0.021	1.0
				/*	5:child_number	*/	8
					/*	6:name	*/	上垫梁-1/两个1号-3/拼接板及螺栓-2/拼接板上的8个螺栓-1/11：M50螺栓-1
					/*	6:type	*/	基本杆件\11：M50螺栓.SLDPRT
					/*	6:location	*/	1.0	-1.7022E-17	1.70686E-32	0.0	-5.99293E-17	1.0	6.39168E-33	0.0	-1.1694E-32	6.39168E-33	1.0	0.0	2.22045E-16	4.44089E-16	0.0	1.0
					/*	6:child_number	*/	0
					/*	6:name	*/	上垫梁-1/两个1号-3/拼接板及螺栓-2/拼接板上的8个螺栓-1/11：M50螺栓-4
					/*	6:type	*/	基本杆件\11：M50螺栓.SLDPRT
					/*	6:location	*/	1.0	-1.7022E-17	1.70686E-32	0.0	-5.99293E-17	1.0	6.39168E-33	0.0	-1.1694E-32	6.39168E-33	1.0	0.0	0.168656	-0.0529643	0.0	1.0
					/*	6:child_number	*/	0
					/*	6:name	*/	上垫梁-1/两个1号-3/拼接板及螺栓-2/拼接板上的8个螺栓-1/11：M50螺栓-3
					/*	6:type	*/	基本杆件\11：M50螺栓.SLDPRT
					/*	6:location	*/	1.0	-1.7022E-17	1.70686E-32	0.0	-5.99293E-17	1.0	6.39168E-33	0.0	-1.1694E-32	6.39168E-33	1.0	0.0	0.11081	0.0578457	0.0	1.0
					/*	6:child_number	*/	0
					/*	6:name	*/	上垫梁-1/两个1号-3/拼接板及螺栓-2/拼接板上的8个螺栓-1/11：M50螺栓-2
					/*	6:type	*/	基本杆件\11：M50螺栓.SLDPRT
					/*	6:location	*/	1.0	-1.7022E-17	1.70686E-32	0.0	-5.99293E-17	1.0	6.39168E-33	0.0	-1.1694E-32	6.39168E-33	1.0	0.0	0.0578457	-0.11081	0.0	1.0
					/*	6:child_number	*/	0
					/*	6:name	*/	上垫梁-1/两个1号-3/拼接板及螺栓-2/拼接板上的8个螺栓-1/11：M50螺栓-8
					/*	6:type	*/	基本杆件\11：M50螺栓.SLDPRT
					/*	6:location	*/	1.0	-1.7022E-17	1.70686E-32	0.0	-5.99293E-17	1.0	6.39168E-33	0.0	-1.1694E-32	6.39168E-33	1.0	0.0	0.390276	0.0627271	0.0	1.0
					/*	6:child_number	*/	0
					/*	6:name	*/	上垫梁-1/两个1号-3/拼接板及螺栓-2/拼接板上的8个螺栓-1/11：M50螺栓-7
					/*	6:type	*/	基本杆件\11：M50螺栓.SLDPRT
					/*	6:location	*/	1.0	-1.7022E-17	1.70686E-32	0.0	-5.99293E-17	1.0	6.39168E-33	0.0	-1.1694E-32	6.39168E-33	1.0	0.0	0.33243	0.173537	0.0	1.0
					/*	6:child_number	*/	0
					/*	6:name	*/	上垫梁-1/两个1号-3/拼接板及螺栓-2/拼接板上的8个螺栓-1/11：M50螺栓-6
					/*	6:type	*/	基本杆件\11：M50螺栓.SLDPRT
					/*	6:location	*/	1.0	-1.7022E-17	1.70686E-32	0.0	-5.99293E-17	1.0	6.39168E-33	0.0	-1.1694E-32	6.39168E-33	1.0	0.0	0.279466	0.00488138	0.0	1.0
					/*	6:child_number	*/	0
					/*	6:name	*/	上垫梁-1/两个1号-3/拼接板及螺栓-2/拼接板上的8个螺栓-1/11：M50螺栓-5
					/*	6:type	*/	基本杆件\11：M50螺栓.SLDPRT
					/*	6:location	*/	1.0	-1.7022E-17	1.70686E-32	0.0	-5.99293E-17	1.0	6.39168E-33	0.0	-1.1694E-32	6.39168E-33	1.0	0.0	0.22162	0.115691	0.0	1.0
					/*	6:child_number	*/	0
			/*	4:name	*/	上垫梁-1/两个1号-3/拼接板及螺栓-1
			/*	4:type	*/	基本组合\拼接板及螺栓.SLDASM
			/*	4:location	*/	1.0	-1.98291E-32	4.44089E-16	0.0	4.44089E-16	-8.22131E-33	-1.0	0.0	-1.16152E-32	1.0	-8.22131E-33	0.0	1.25223	0.704429	-0.0101379	1.0
			/*	4:child_number	*/	2
				/*	5:name	*/	上垫梁-1/两个1号-3/拼接板及螺栓-1/9：拼接板-1
				/*	5:type	*/	基本杆件\9：拼接板.SLDPRT
				/*	5:location	*/	1.0	1.95482E-32	4.82278E-33	0.0	-1.95482E-32	1.0	-8.22131E-33	0.0	4.82278E-33	8.22131E-33	1.0	0.0	-0.248151	-0.110138	-0.006	1.0
				/*	5:child_number	*/	0
				/*	5:name	*/	上垫梁-1/两个1号-3/拼接板及螺栓-1/拼接板上的8个螺栓-1
				/*	5:type	*/	基本组合\拼接板上的8个螺栓.SLDASM
				/*	5:location	*/	0.886481	0.462766	-1.07852E-32	0.0	0.462766	-0.886481	-4.63427E-33	0.0	6.91329E-32	-5.75251E-32	-1.0	0.0	-0.208151	-0.0726379	0.021	1.0
				/*	5:child_number	*/	8
					/*	6:name	*/	上垫梁-1/两个1号-3/拼接板及螺栓-1/拼接板上的8个螺栓-1/11：M50螺栓-1
					/*	6:type	*/	基本杆件\11：M50螺栓.SLDPRT
					/*	6:location	*/	1.0	2.16298E-17	-6.19909E-34	0.0	1.26364E-16	1.0	2.64936E-32	0.0	-9.75604E-33	4.63427E-33	1.0	0.0	0.0	1.11022E-16	0.0	1.0
					/*	6:child_number	*/	0
					/*	6:name	*/	上垫梁-1/两个1号-3/拼接板及螺栓-1/拼接板上的8个螺栓-1/11：M50螺栓-4
					/*	6:type	*/	基本杆件\11：M50螺栓.SLDPRT
					/*	6:location	*/	1.0	2.16298E-17	-6.19909E-34	0.0	1.26364E-16	1.0	2.64936E-32	0.0	-9.75604E-33	4.63427E-33	1.0	0.0	0.168656	-0.0529643	0.0	1.0
					/*	6:child_number	*/	0
					/*	6:name	*/	上垫梁-1/两个1号-3/拼接板及螺栓-1/拼接板上的8个螺栓-1/11：M50螺栓-3
					/*	6:type	*/	基本杆件\11：M50螺栓.SLDPRT
					/*	6:location	*/	1.0	2.16298E-17	-6.19909E-34	0.0	1.26364E-16	1.0	2.64936E-32	0.0	-9.75604E-33	4.63427E-33	1.0	0.0	0.11081	0.0578457	0.0	1.0
					/*	6:child_number	*/	0
					/*	6:name	*/	上垫梁-1/两个1号-3/拼接板及螺栓-1/拼接板上的8个螺栓-1/11：M50螺栓-2
					/*	6:type	*/	基本杆件\11：M50螺栓.SLDPRT
					/*	6:location	*/	1.0	2.16298E-17	-6.19909E-34	0.0	1.26364E-16	1.0	2.64936E-32	0.0	-9.75604E-33	4.63427E-33	1.0	0.0	0.0578457	-0.11081	0.0	1.0
					/*	6:child_number	*/	0
					/*	6:name	*/	上垫梁-1/两个1号-3/拼接板及螺栓-1/拼接板上的8个螺栓-1/11：M50螺栓-8
					/*	6:type	*/	基本杆件\11：M50螺栓.SLDPRT
					/*	6:location	*/	1.0	2.16298E-17	-6.19909E-34	0.0	1.26364E-16	1.0	2.64936E-32	0.0	-9.75604E-33	4.63427E-33	1.0	0.0	0.390276	0.0627271	0.0	1.0
					/*	6:child_number	*/	0
					/*	6:name	*/	上垫梁-1/两个1号-3/拼接板及螺栓-1/拼接板上的8个螺栓-1/11：M50螺栓-7
					/*	6:type	*/	基本杆件\11：M50螺栓.SLDPRT
					/*	6:location	*/	1.0	2.16298E-17	-6.19909E-34	0.0	1.26364E-16	1.0	2.64936E-32	0.0	-9.75604E-33	4.63427E-33	1.0	0.0	0.33243	0.173537	0.0	1.0
					/*	6:child_number	*/	0
					/*	6:name	*/	上垫梁-1/两个1号-3/拼接板及螺栓-1/拼接板上的8个螺栓-1/11：M50螺栓-6
					/*	6:type	*/	基本杆件\11：M50螺栓.SLDPRT
					/*	6:location	*/	1.0	2.16298E-17	-6.19909E-34	0.0	1.26364E-16	1.0	2.64936E-32	0.0	-9.75604E-33	4.63427E-33	1.0	0.0	0.279466	0.00488138	0.0	1.0
					/*	6:child_number	*/	0
					/*	6:name	*/	上垫梁-1/两个1号-3/拼接板及螺栓-1/拼接板上的8个螺栓-1/11：M50螺栓-5
					/*	6:type	*/	基本杆件\11：M50螺栓.SLDPRT
					/*	6:location	*/	1.0	2.16298E-17	-6.19909E-34	0.0	1.26364E-16	1.0	2.64936E-32	0.0	-9.75604E-33	4.63427E-33	1.0	0.0	0.22162	0.115691	0.0	1.0
					/*	6:child_number	*/	0
			/*	4:name	*/	上垫梁-1/两个1号-3/4个M65-1
			/*	4:type	*/	基本组合\4个M65.SLDASM
			/*	4:location	*/	4.0935E-32	-0.999098	-0.0424734	0.0	4.22742E-32	0.0424734	-0.999098	0.0	1.0	-8.55709E-32	7.90594E-32	0.0	1.24458	0.503821	0.0606029	1.0
			/*	4:child_number	*/	4
				/*	5:name	*/	上垫梁-1/两个1号-3/4个M65-1/10：M65螺栓-3
				/*	5:type	*/	基本杆件\10：M65螺栓.SLDPRT
				/*	5:location	*/	0.5	-0.866025	-4.33334E-32	0.0	0.866025	0.5	-3.8326E-32	0.0	-1.23169E-32	4.20816E-32	1.0	0.0	-0.126075	0.00346083	-0.04	1.0
				/*	5:child_number	*/	0
				/*	5:name	*/	上垫梁-1/两个1号-3/4个M65-1/10：M65螺栓-2
				/*	5:type	*/	基本杆件\10：M65螺栓.SLDPRT
				/*	5:location	*/	1.0	1.02457E-17	9.0278E-36	0.0	3.30682E-18	1.0	4.20816E-32	0.0	-1.23169E-32	4.20816E-32	1.0	0.0	0.00412095	0.123039	-0.04	1.0
				/*	5:child_number	*/	0
				/*	5:name	*/	上垫梁-1/两个1号-3/4个M65-1/10：M65螺栓-1
				/*	5:type	*/	基本杆件\10：M65螺栓.SLDPRT
				/*	5:location	*/	1.0	1.02457E-17	9.0278E-36	0.0	3.30682E-18	1.0	4.20816E-32	0.0	-1.23169E-32	4.20816E-32	1.0	0.0	-0.00118822	-0.00184834	-0.04	1.0
				/*	5:child_number	*/	0
				/*	5:name	*/	上垫梁-1/两个1号-3/4个M65-1/10：M65螺栓-4
				/*	5:type	*/	基本杆件\10：M65螺栓.SLDPRT
				/*	5:location	*/	1.0	1.02457E-17	9.0278E-36	0.0	3.30682E-18	1.0	4.20816E-32	0.0	-1.23169E-32	4.20816E-32	1.0	0.0	-0.120766	0.128348	-0.04	1.0
				/*	5:child_number	*/	0
			/*	4:name	*/	上垫梁-1/两个1号-3/1：基本杆件-2
			/*	4:type	*/	基本杆件\1：基本杆件.SLDPRT
			/*	4:location	*/	1.0	-1.16152E-32	7.90594E-32	0.0	-1.16152E-32	1.0	-8.22131E-33	0.0	-7.90594E-32	8.22131E-33	1.0	0.0	1.23158	0.436429	-0.1	1.0
			/*	4:child_number	*/	0
			/*	4:name	*/	上垫梁-1/两个1号-3/1：基本杆件-1
			/*	4:type	*/	基本杆件\1：基本杆件.SLDPRT
			/*	4:location	*/	1.0	-1.16152E-32	7.90594E-32	0.0	-1.16152E-32	1.0	-8.22131E-33	0.0	-7.90594E-32	8.22131E-33	1.0	0.0	-2.26842	0.436429	-0.1	1.0
			/*	4:child_number	*/	0
		/*	3:name	*/	上垫梁-1/两个1号-2
		/*	3:type	*/	3_4\上垫梁\两个1号.SLDASM
		/*	3:location	*/	1.33227E-15	1.16152E-32	-1.0	0.0	8.22131E-33	-1.0	1.16051E-32	0.0	-1.0	-8.22131E-33	-1.33227E-15	0.0	-0.730748	1.0282	3.85658	1.0
		/*	3:child_number	*/	5
			/*	4:name	*/	上垫梁-1/两个1号-2/拼接板及螺栓-2
			/*	4:type	*/	基本组合\拼接板及螺栓.SLDASM
			/*	4:location	*/	-1.0	3.39621E-33	-2.22045E-16	0.0	2.22045E-16	-2.46519E-32	-1.0	0.0	1.10223E-31	-1.0	8.2177E-32	0.0	1.21092	0.430429	-0.0101379	1.0
			/*	4:child_number	*/	2
				/*	5:name	*/	上垫梁-1/两个1号-2/拼接板及螺栓-2/9：拼接板-1
				/*	5:type	*/	基本杆件\9：拼接板.SLDPRT
				/*	5:location	*/	1.0	0.0	-3.39621E-33	0.0	0.0	1.0	0.0	0.0	-3.39621E-33	0.0	1.0	0.0	-0.248151	-0.110138	-0.006	1.0
				/*	5:child_number	*/	0
				/*	5:name	*/	上垫梁-1/两个1号-2/拼接板及螺栓-2/拼接板上的8个螺栓-1
				/*	5:type	*/	基本组合\拼接板上的8个螺栓.SLDASM
				/*	5:location	*/	0.886481	0.462766	7.58335E-33	0.0	0.462766	-0.886481	1.82602E-32	0.0	3.39621E-33	0.0	-1.0	0.0	-0.208151	-0.0726379	0.021	1.0
				/*	5:child_number	*/	8
					/*	6:name	*/	上垫梁-1/两个1号-2/拼接板及螺栓-2/拼接板上的8个螺栓-1/11：M50螺栓-1
					/*	6:type	*/	基本杆件\11：M50螺栓.SLDPRT
					/*	6:location	*/	1.0	-1.7022E-17	1.70686E-32	0.0	-5.99293E-17	1.0	6.39168E-33	0.0	-1.1694E-32	6.39168E-33	1.0	0.0	2.22045E-16	0.0	0.0	1.0
					/*	6:child_number	*/	0
					/*	6:name	*/	上垫梁-1/两个1号-2/拼接板及螺栓-2/拼接板上的8个螺栓-1/11：M50螺栓-4
					/*	6:type	*/	基本杆件\11：M50螺栓.SLDPRT
					/*	6:location	*/	1.0	-1.7022E-17	1.70686E-32	0.0	-5.99293E-17	1.0	6.39168E-33	0.0	-1.1694E-32	6.39168E-33	1.0	0.0	0.168656	-0.0529643	0.0	1.0
					/*	6:child_number	*/	0
					/*	6:name	*/	上垫梁-1/两个1号-2/拼接板及螺栓-2/拼接板上的8个螺栓-1/11：M50螺栓-3
					/*	6:type	*/	基本杆件\11：M50螺栓.SLDPRT
					/*	6:location	*/	1.0	-1.7022E-17	1.70686E-32	0.0	-5.99293E-17	1.0	6.39168E-33	0.0	-1.1694E-32	6.39168E-33	1.0	0.0	0.11081	0.0578457	0.0	1.0
					/*	6:child_number	*/	0
					/*	6:name	*/	上垫梁-1/两个1号-2/拼接板及螺栓-2/拼接板上的8个螺栓-1/11：M50螺栓-2
					/*	6:type	*/	基本杆件\11：M50螺栓.SLDPRT
					/*	6:location	*/	1.0	-1.7022E-17	1.70686E-32	0.0	-5.99293E-17	1.0	6.39168E-33	0.0	-1.1694E-32	6.39168E-33	1.0	0.0	0.0578457	-0.11081	0.0	1.0
					/*	6:child_number	*/	0
					/*	6:name	*/	上垫梁-1/两个1号-2/拼接板及螺栓-2/拼接板上的8个螺栓-1/11：M50螺栓-8
					/*	6:type	*/	基本杆件\11：M50螺栓.SLDPRT
					/*	6:location	*/	1.0	-1.7022E-17	1.70686E-32	0.0	-5.99293E-17	1.0	6.39168E-33	0.0	-1.1694E-32	6.39168E-33	1.0	0.0	0.390276	0.0627271	0.0	1.0
					/*	6:child_number	*/	0
					/*	6:name	*/	上垫梁-1/两个1号-2/拼接板及螺栓-2/拼接板上的8个螺栓-1/11：M50螺栓-7
					/*	6:type	*/	基本杆件\11：M50螺栓.SLDPRT
					/*	6:location	*/	1.0	-1.7022E-17	1.70686E-32	0.0	-5.99293E-17	1.0	6.39168E-33	0.0	-1.1694E-32	6.39168E-33	1.0	0.0	0.33243	0.173537	0.0	1.0
					/*	6:child_number	*/	0
					/*	6:name	*/	上垫梁-1/两个1号-2/拼接板及螺栓-2/拼接板上的8个螺栓-1/11：M50螺栓-6
					/*	6:type	*/	基本杆件\11：M50螺栓.SLDPRT
					/*	6:location	*/	1.0	-1.7022E-17	1.70686E-32	0.0	-5.99293E-17	1.0	6.39168E-33	0.0	-1.1694E-32	6.39168E-33	1.0	0.0	0.279466	0.00488138	0.0	1.0
					/*	6:child_number	*/	0
					/*	6:name	*/	上垫梁-1/两个1号-2/拼接板及螺栓-2/拼接板上的8个螺栓-1/11：M50螺栓-5
					/*	6:type	*/	基本杆件\11：M50螺栓.SLDPRT
					/*	6:location	*/	1.0	-1.7022E-17	1.70686E-32	0.0	-5.99293E-17	1.0	6.39168E-33	0.0	-1.1694E-32	6.39168E-33	1.0	0.0	0.22162	0.115691	0.0	1.0
					/*	6:child_number	*/	0
			/*	4:name	*/	上垫梁-1/两个1号-2/拼接板及螺栓-1
			/*	4:type	*/	基本组合\拼接板及螺栓.SLDASM
			/*	4:location	*/	1.0	-1.98291E-32	4.44089E-16	0.0	4.44089E-16	-8.22131E-33	-1.0	0.0	-1.16152E-32	1.0	-8.22131E-33	0.0	1.25223	0.704429	-0.0101379	1.0
			/*	4:child_number	*/	2
				/*	5:name	*/	上垫梁-1/两个1号-2/拼接板及螺栓-1/9：拼接板-1
				/*	5:type	*/	基本杆件\9：拼接板.SLDPRT
				/*	5:location	*/	1.0	1.95482E-32	4.82278E-33	0.0	-1.95482E-32	1.0	-8.22131E-33	0.0	4.82278E-33	8.22131E-33	1.0	0.0	-0.248151	-0.110138	-0.006	1.0
				/*	5:child_number	*/	0
				/*	5:name	*/	上垫梁-1/两个1号-2/拼接板及螺栓-1/拼接板上的8个螺栓-1
				/*	5:type	*/	基本组合\拼接板上的8个螺栓.SLDASM
				/*	5:location	*/	0.886481	0.462766	-1.07852E-32	0.0	0.462766	-0.886481	-4.63427E-33	0.0	6.91329E-32	-5.75251E-32	-1.0	0.0	-0.208151	-0.0726379	0.021	1.0
				/*	5:child_number	*/	8
					/*	6:name	*/	上垫梁-1/两个1号-2/拼接板及螺栓-1/拼接板上的8个螺栓-1/11：M50螺栓-1
					/*	6:type	*/	基本杆件\11：M50螺栓.SLDPRT
					/*	6:location	*/	1.0	2.16298E-17	-6.19909E-34	0.0	1.26364E-16	1.0	2.64936E-32	0.0	-9.75604E-33	4.63427E-33	1.0	0.0	0.0	4.44089E-16	0.0	1.0
					/*	6:child_number	*/	0
					/*	6:name	*/	上垫梁-1/两个1号-2/拼接板及螺栓-1/拼接板上的8个螺栓-1/11：M50螺栓-4
					/*	6:type	*/	基本杆件\11：M50螺栓.SLDPRT
					/*	6:location	*/	1.0	2.16298E-17	-6.19909E-34	0.0	1.26364E-16	1.0	2.64936E-32	0.0	-9.75604E-33	4.63427E-33	1.0	0.0	0.168656	-0.0529643	0.0	1.0
					/*	6:child_number	*/	0
					/*	6:name	*/	上垫梁-1/两个1号-2/拼接板及螺栓-1/拼接板上的8个螺栓-1/11：M50螺栓-3
					/*	6:type	*/	基本杆件\11：M50螺栓.SLDPRT
					/*	6:location	*/	1.0	2.16298E-17	-6.19909E-34	0.0	1.26364E-16	1.0	2.64936E-32	0.0	-9.75604E-33	4.63427E-33	1.0	0.0	0.11081	0.0578457	0.0	1.0
					/*	6:child_number	*/	0
					/*	6:name	*/	上垫梁-1/两个1号-2/拼接板及螺栓-1/拼接板上的8个螺栓-1/11：M50螺栓-2
					/*	6:type	*/	基本杆件\11：M50螺栓.SLDPRT
					/*	6:location	*/	1.0	2.16298E-17	-6.19909E-34	0.0	1.26364E-16	1.0	2.64936E-32	0.0	-9.75604E-33	4.63427E-33	1.0	0.0	0.0578457	-0.11081	0.0	1.0
					/*	6:child_number	*/	0
					/*	6:name	*/	上垫梁-1/两个1号-2/拼接板及螺栓-1/拼接板上的8个螺栓-1/11：M50螺栓-8
					/*	6:type	*/	基本杆件\11：M50螺栓.SLDPRT
					/*	6:location	*/	1.0	2.16298E-17	-6.19909E-34	0.0	1.26364E-16	1.0	2.64936E-32	0.0	-9.75604E-33	4.63427E-33	1.0	0.0	0.390276	0.0627271	0.0	1.0
					/*	6:child_number	*/	0
					/*	6:name	*/	上垫梁-1/两个1号-2/拼接板及螺栓-1/拼接板上的8个螺栓-1/11：M50螺栓-7
					/*	6:type	*/	基本杆件\11：M50螺栓.SLDPRT
					/*	6:location	*/	1.0	2.16298E-17	-6.19909E-34	0.0	1.26364E-16	1.0	2.64936E-32	0.0	-9.75604E-33	4.63427E-33	1.0	0.0	0.33243	0.173537	0.0	1.0
					/*	6:child_number	*/	0
					/*	6:name	*/	上垫梁-1/两个1号-2/拼接板及螺栓-1/拼接板上的8个螺栓-1/11：M50螺栓-6
					/*	6:type	*/	基本杆件\11：M50螺栓.SLDPRT
					/*	6:location	*/	1.0	2.16298E-17	-6.19909E-34	0.0	1.26364E-16	1.0	2.64936E-32	0.0	-9.75604E-33	4.63427E-33	1.0	0.0	0.279466	0.00488138	0.0	1.0
					/*	6:child_number	*/	0
					/*	6:name	*/	上垫梁-1/两个1号-2/拼接板及螺栓-1/拼接板上的8个螺栓-1/11：M50螺栓-5
					/*	6:type	*/	基本杆件\11：M50螺栓.SLDPRT
					/*	6:location	*/	1.0	2.16298E-17	-6.19909E-34	0.0	1.26364E-16	1.0	2.64936E-32	0.0	-9.75604E-33	4.63427E-33	1.0	0.0	0.22162	0.115691	0.0	1.0
					/*	6:child_number	*/	0
			/*	4:name	*/	上垫梁-1/两个1号-2/4个M65-1
			/*	4:type	*/	基本组合\4个M65.SLDASM
			/*	4:location	*/	4.0935E-32	-0.999098	-0.0424734	0.0	4.22742E-32	0.0424734	-0.999098	0.0	1.0	-8.55709E-32	7.90594E-32	0.0	1.24458	0.503821	0.0606029	1.0
			/*	4:child_number	*/	4
				/*	5:name	*/	上垫梁-1/两个1号-2/4个M65-1/10：M65螺栓-3
				/*	5:type	*/	基本杆件\10：M65螺栓.SLDPRT
				/*	5:location	*/	0.5	-0.866025	-4.33334E-32	0.0	0.866025	0.5	-3.8326E-32	0.0	-1.23169E-32	4.20816E-32	1.0	0.0	-0.126075	0.00346083	-0.04	1.0
				/*	5:child_number	*/	0
				/*	5:name	*/	上垫梁-1/两个1号-2/4个M65-1/10：M65螺栓-2
				/*	5:type	*/	基本杆件\10：M65螺栓.SLDPRT
				/*	5:location	*/	1.0	1.02457E-17	9.0278E-36	0.0	3.30682E-18	1.0	4.20816E-32	0.0	-1.23169E-32	4.20816E-32	1.0	0.0	0.00412095	0.123039	-0.04	1.0
				/*	5:child_number	*/	0
				/*	5:name	*/	上垫梁-1/两个1号-2/4个M65-1/10：M65螺栓-1
				/*	5:type	*/	基本杆件\10：M65螺栓.SLDPRT
				/*	5:location	*/	1.0	1.02457E-17	9.0278E-36	0.0	3.30682E-18	1.0	4.20816E-32	0.0	-1.23169E-32	4.20816E-32	1.0	0.0	-0.00118822	-0.00184834	-0.04	1.0
				/*	5:child_number	*/	0
				/*	5:name	*/	上垫梁-1/两个1号-2/4个M65-1/10：M65螺栓-4
				/*	5:type	*/	基本杆件\10：M65螺栓.SLDPRT
				/*	5:location	*/	1.0	1.02457E-17	9.0278E-36	0.0	3.30682E-18	1.0	4.20816E-32	0.0	-1.23169E-32	4.20816E-32	1.0	0.0	-0.120766	0.128348	-0.04	1.0
				/*	5:child_number	*/	0
			/*	4:name	*/	上垫梁-1/两个1号-2/1：基本杆件-2
			/*	4:type	*/	基本杆件\1：基本杆件.SLDPRT
			/*	4:location	*/	1.0	-1.16152E-32	7.90594E-32	0.0	-1.16152E-32	1.0	-8.22131E-33	0.0	-7.90594E-32	8.22131E-33	1.0	0.0	1.23158	0.436429	-0.1	1.0
			/*	4:child_number	*/	0
			/*	4:name	*/	上垫梁-1/两个1号-2/1：基本杆件-1
			/*	4:type	*/	基本杆件\1：基本杆件.SLDPRT
			/*	4:location	*/	1.0	-1.16152E-32	7.90594E-32	0.0	-1.16152E-32	1.0	-8.22131E-33	0.0	-7.90594E-32	8.22131E-33	1.0	0.0	-2.26842	0.436429	-0.1	1.0
			/*	4:child_number	*/	0
		/*	3:name	*/	上垫梁-1/4个M50-13
		/*	3:type	*/	基本组合\4个M50.SLDASM
		/*	3:location	*/	0.999098	-4.28538E-18	0.0424734	0.0	-0.0424734	1.2239E-16	0.999098	0.0	-9.47981E-18	-1.0	1.22097E-16	0.0	0.222867	0.324268	3.56748	1.0
		/*	3:child_number	*/	4
			/*	4:name	*/	上垫梁-1/4个M50-13/11：M50螺栓-1
			/*	4:type	*/	基本杆件\11：M50螺栓.SLDPRT
			/*	4:location	*/	1.0	2.42929E-18	9.89447E-33	0.0	2.42929E-18	1.0	-2.272E-34	0.0	3.45464E-32	-2.272E-34	1.0	0.0	-0.0163122	-0.0042875	-0.0325	1.0
			/*	4:child_number	*/	0
			/*	4:name	*/	上垫梁-1/4个M50-13/11：M50螺栓-4
			/*	4:type	*/	基本杆件\11：M50螺栓.SLDPRT
			/*	4:location	*/	1.0	2.42929E-18	9.89447E-33	0.0	2.42929E-18	1.0	-2.272E-34	0.0	3.45464E-32	-2.272E-34	1.0	0.0	-0.146509	-0.123866	-0.0325	1.0
			/*	4:child_number	*/	0
			/*	4:name	*/	上垫梁-1/4个M50-13/11：M50螺栓-3
			/*	4:type	*/	基本杆件\11：M50螺栓.SLDPRT
			/*	4:location	*/	1.0	2.42929E-18	9.89447E-33	0.0	2.42929E-18	1.0	-2.272E-34	0.0	3.45464E-32	-2.272E-34	1.0	0.0	-0.141199	0.00102167	-0.0325	1.0
			/*	4:child_number	*/	0
			/*	4:name	*/	上垫梁-1/4个M50-13/11：M50螺栓-2
			/*	4:type	*/	基本杆件\11：M50螺栓.SLDPRT
			/*	4:location	*/	1.0	2.42929E-18	9.89447E-33	0.0	2.42929E-18	1.0	-2.272E-34	0.0	3.45464E-32	-2.272E-34	1.0	0.0	-0.0216214	-0.129175	-0.0325	1.0
			/*	4:child_number	*/	0
		/*	3:name	*/	上垫梁-1/4个M50-11
		/*	3:type	*/	基本组合\4个M50.SLDASM
		/*	3:location	*/	0.999098	-4.28538E-18	0.0424734	0.0	-0.0424734	1.2239E-16	0.999098	0.0	-9.47981E-18	-1.0	1.22097E-16	0.0	0.597867	0.324268	3.56748	1.0
		/*	3:child_number	*/	4
			/*	4:name	*/	上垫梁-1/4个M50-11/11：M50螺栓-1
			/*	4:type	*/	基本杆件\11：M50螺栓.SLDPRT
			/*	4:location	*/	1.0	2.42929E-18	9.89447E-33	0.0	2.42929E-18	1.0	-2.272E-34	0.0	3.45464E-32	-2.272E-34	1.0	0.0	-0.0163122	-0.0042875	-0.0325	1.0
			/*	4:child_number	*/	0
			/*	4:name	*/	上垫梁-1/4个M50-11/11：M50螺栓-4
			/*	4:type	*/	基本杆件\11：M50螺栓.SLDPRT
			/*	4:location	*/	1.0	2.42929E-18	9.89447E-33	0.0	2.42929E-18	1.0	-2.272E-34	0.0	3.45464E-32	-2.272E-34	1.0	0.0	-0.146509	-0.123866	-0.0325	1.0
			/*	4:child_number	*/	0
			/*	4:name	*/	上垫梁-1/4个M50-11/11：M50螺栓-3
			/*	4:type	*/	基本杆件\11：M50螺栓.SLDPRT
			/*	4:location	*/	1.0	2.42929E-18	9.89447E-33	0.0	2.42929E-18	1.0	-2.272E-34	0.0	3.45464E-32	-2.272E-34	1.0	0.0	-0.141199	0.00102167	-0.0325	1.0
			/*	4:child_number	*/	0
			/*	4:name	*/	上垫梁-1/4个M50-11/11：M50螺栓-2
			/*	4:type	*/	基本杆件\11：M50螺栓.SLDPRT
			/*	4:location	*/	1.0	2.42929E-18	9.89447E-33	0.0	2.42929E-18	1.0	-2.272E-34	0.0	3.45464E-32	-2.272E-34	1.0	0.0	-0.0216214	-0.129175	-0.0325	1.0
			/*	4:child_number	*/	0
		/*	3:name	*/	上垫梁-1/4个M50-2
		/*	3:type	*/	基本组合\4个M50.SLDASM
		/*	3:location	*/	0.999098	-4.28538E-18	0.0424734	0.0	-0.0424734	1.2239E-16	0.999098	0.0	-9.47981E-18	-1.0	1.22097E-16	0.0	0.222867	0.324268	5.31748	1.0
		/*	3:child_number	*/	4
			/*	4:name	*/	上垫梁-1/4个M50-2/11：M50螺栓-1
			/*	4:type	*/	基本杆件\11：M50螺栓.SLDPRT
			/*	4:location	*/	1.0	2.42929E-18	9.89447E-33	0.0	2.42929E-18	1.0	-2.272E-34	0.0	3.45464E-32	-2.272E-34	1.0	0.0	-0.0163122	-0.0042875	-0.0325	1.0
			/*	4:child_number	*/	0
			/*	4:name	*/	上垫梁-1/4个M50-2/11：M50螺栓-4
			/*	4:type	*/	基本杆件\11：M50螺栓.SLDPRT
			/*	4:location	*/	1.0	2.42929E-18	9.89447E-33	0.0	2.42929E-18	1.0	-2.272E-34	0.0	3.45464E-32	-2.272E-34	1.0	0.0	-0.146509	-0.123866	-0.0325	1.0
			/*	4:child_number	*/	0
			/*	4:name	*/	上垫梁-1/4个M50-2/11：M50螺栓-3
			/*	4:type	*/	基本杆件\11：M50螺栓.SLDPRT
			/*	4:location	*/	1.0	2.42929E-18	9.89447E-33	0.0	2.42929E-18	1.0	-2.272E-34	0.0	3.45464E-32	-2.272E-34	1.0	0.0	-0.141199	0.00102167	-0.0325	1.0
			/*	4:child_number	*/	0
			/*	4:name	*/	上垫梁-1/4个M50-2/11：M50螺栓-2
			/*	4:type	*/	基本杆件\11：M50螺栓.SLDPRT
			/*	4:location	*/	1.0	2.42929E-18	9.89447E-33	0.0	2.42929E-18	1.0	-2.272E-34	0.0	3.45464E-32	-2.272E-34	1.0	0.0	-0.0216214	-0.129175	-0.0325	1.0
			/*	4:child_number	*/	0
		/*	3:name	*/	上垫梁-1/4个M50-1
		/*	3:type	*/	基本组合\4个M50.SLDASM
		/*	3:location	*/	0.999098	-4.28538E-18	0.0424734	0.0	-0.0424734	1.2239E-16	0.999098	0.0	-9.47981E-18	-1.0	1.22097E-16	0.0	0.597867	0.324268	5.31748	1.0
		/*	3:child_number	*/	4
			/*	4:name	*/	上垫梁-1/4个M50-1/11：M50螺栓-1
			/*	4:type	*/	基本杆件\11：M50螺栓.SLDPRT
			/*	4:location	*/	1.0	2.42929E-18	9.89447E-33	0.0	2.42929E-18	1.0	-2.272E-34	0.0	3.45464E-32	-2.272E-34	1.0	0.0	-0.0163122	-0.0042875	-0.0325	1.0
			/*	4:child_number	*/	0
			/*	4:name	*/	上垫梁-1/4个M50-1/11：M50螺栓-4
			/*	4:type	*/	基本杆件\11：M50螺栓.SLDPRT
			/*	4:location	*/	1.0	2.42929E-18	9.89447E-33	0.0	2.42929E-18	1.0	-2.272E-34	0.0	3.45464E-32	-2.272E-34	1.0	0.0	-0.146509	-0.123866	-0.0325	1.0
			/*	4:child_number	*/	0
			/*	4:name	*/	上垫梁-1/4个M50-1/11：M50螺栓-3
			/*	4:type	*/	基本杆件\11：M50螺栓.SLDPRT
			/*	4:location	*/	1.0	2.42929E-18	9.89447E-33	0.0	2.42929E-18	1.0	-2.272E-34	0.0	3.45464E-32	-2.272E-34	1.0	0.0	-0.141199	0.00102167	-0.0325	1.0
			/*	4:child_number	*/	0
			/*	4:name	*/	上垫梁-1/4个M50-1/11：M50螺栓-2
			/*	4:type	*/	基本杆件\11：M50螺栓.SLDPRT
			/*	4:location	*/	1.0	2.42929E-18	9.89447E-33	0.0	2.42929E-18	1.0	-2.272E-34	0.0	3.45464E-32	-2.272E-34	1.0	0.0	-0.0216214	-0.129175	-0.0325	1.0
			/*	4:child_number	*/	0
		/*	3:name	*/	上垫梁-1/4个M50-19
		/*	3:type	*/	基本组合\4个M50.SLDASM
		/*	3:location	*/	0.999098	-4.28538E-18	0.0424734	0.0	-0.0424734	1.2239E-16	0.999098	0.0	-9.47981E-18	-1.0	1.22097E-16	0.0	0.597867	0.324268	0.0674765	1.0
		/*	3:child_number	*/	4
			/*	4:name	*/	上垫梁-1/4个M50-19/11：M50螺栓-1
			/*	4:type	*/	基本杆件\11：M50螺栓.SLDPRT
			/*	4:location	*/	1.0	2.42929E-18	9.89447E-33	0.0	2.42929E-18	1.0	-2.272E-34	0.0	3.45464E-32	-2.272E-34	1.0	0.0	-0.0163122	-0.0042875	-0.0325	1.0
			/*	4:child_number	*/	0
			/*	4:name	*/	上垫梁-1/4个M50-19/11：M50螺栓-4
			/*	4:type	*/	基本杆件\11：M50螺栓.SLDPRT
			/*	4:location	*/	1.0	2.42929E-18	9.89447E-33	0.0	2.42929E-18	1.0	-2.272E-34	0.0	3.45464E-32	-2.272E-34	1.0	0.0	-0.146509	-0.123866	-0.0325	1.0
			/*	4:child_number	*/	0
			/*	4:name	*/	上垫梁-1/4个M50-19/11：M50螺栓-3
			/*	4:type	*/	基本杆件\11：M50螺栓.SLDPRT
			/*	4:location	*/	1.0	2.42929E-18	9.89447E-33	0.0	2.42929E-18	1.0	-2.272E-34	0.0	3.45464E-32	-2.272E-34	1.0	0.0	-0.141199	0.00102167	-0.0325	1.0
			/*	4:child_number	*/	0
			/*	4:name	*/	上垫梁-1/4个M50-19/11：M50螺栓-2
			/*	4:type	*/	基本杆件\11：M50螺栓.SLDPRT
			/*	4:location	*/	1.0	2.42929E-18	9.89447E-33	0.0	2.42929E-18	1.0	-2.272E-34	0.0	3.45464E-32	-2.272E-34	1.0	0.0	-0.0216214	-0.129175	-0.0325	1.0
			/*	4:child_number	*/	0
		/*	3:name	*/	上垫梁-1/4个M50-17
		/*	3:type	*/	基本组合\4个M50.SLDASM
		/*	3:location	*/	0.999098	-4.28538E-18	0.0424734	0.0	-0.0424734	1.2239E-16	0.999098	0.0	-9.47981E-18	-1.0	1.22097E-16	0.0	0.222867	0.324268	1.81748	1.0
		/*	3:child_number	*/	4
			/*	4:name	*/	上垫梁-1/4个M50-17/11：M50螺栓-1
			/*	4:type	*/	基本杆件\11：M50螺栓.SLDPRT
			/*	4:location	*/	1.0	2.42929E-18	9.89447E-33	0.0	2.42929E-18	1.0	-2.272E-34	0.0	3.45464E-32	-2.272E-34	1.0	0.0	-0.0163122	-0.0042875	-0.0325	1.0
			/*	4:child_number	*/	0
			/*	4:name	*/	上垫梁-1/4个M50-17/11：M50螺栓-4
			/*	4:type	*/	基本杆件\11：M50螺栓.SLDPRT
			/*	4:location	*/	1.0	2.42929E-18	9.89447E-33	0.0	2.42929E-18	1.0	-2.272E-34	0.0	3.45464E-32	-2.272E-34	1.0	0.0	-0.146509	-0.123866	-0.0325	1.0
			/*	4:child_number	*/	0
			/*	4:name	*/	上垫梁-1/4个M50-17/11：M50螺栓-3
			/*	4:type	*/	基本杆件\11：M50螺栓.SLDPRT
			/*	4:location	*/	1.0	2.42929E-18	9.89447E-33	0.0	2.42929E-18	1.0	-2.272E-34	0.0	3.45464E-32	-2.272E-34	1.0	0.0	-0.141199	0.00102167	-0.0325	1.0
			/*	4:child_number	*/	0
			/*	4:name	*/	上垫梁-1/4个M50-17/11：M50螺栓-2
			/*	4:type	*/	基本杆件\11：M50螺栓.SLDPRT
			/*	4:location	*/	1.0	2.42929E-18	9.89447E-33	0.0	2.42929E-18	1.0	-2.272E-34	0.0	3.45464E-32	-2.272E-34	1.0	0.0	-0.0216214	-0.129175	-0.0325	1.0
			/*	4:child_number	*/	0
		/*	3:name	*/	上垫梁-1/4个M50-15
		/*	3:type	*/	基本组合\4个M50.SLDASM
		/*	3:location	*/	0.999098	-4.28538E-18	0.0424734	0.0	-0.0424734	1.2239E-16	0.999098	0.0	-9.47981E-18	-1.0	1.22097E-16	0.0	0.597867	0.324268	1.81748	1.0
		/*	3:child_number	*/	4
			/*	4:name	*/	上垫梁-1/4个M50-15/11：M50螺栓-1
			/*	4:type	*/	基本杆件\11：M50螺栓.SLDPRT
			/*	4:location	*/	1.0	2.42929E-18	9.89447E-33	0.0	2.42929E-18	1.0	-2.272E-34	0.0	3.45464E-32	-2.272E-34	1.0	0.0	-0.0163122	-0.0042875	-0.0325	1.0
			/*	4:child_number	*/	0
			/*	4:name	*/	上垫梁-1/4个M50-15/11：M50螺栓-4
			/*	4:type	*/	基本杆件\11：M50螺栓.SLDPRT
			/*	4:location	*/	1.0	2.42929E-18	9.89447E-33	0.0	2.42929E-18	1.0	-2.272E-34	0.0	3.45464E-32	-2.272E-34	1.0	0.0	-0.146509	-0.123866	-0.0325	1.0
			/*	4:child_number	*/	0
			/*	4:name	*/	上垫梁-1/4个M50-15/11：M50螺栓-3
			/*	4:type	*/	基本杆件\11：M50螺栓.SLDPRT
			/*	4:location	*/	1.0	2.42929E-18	9.89447E-33	0.0	2.42929E-18	1.0	-2.272E-34	0.0	3.45464E-32	-2.272E-34	1.0	0.0	-0.141199	0.00102167	-0.0325	1.0
			/*	4:child_number	*/	0
			/*	4:name	*/	上垫梁-1/4个M50-15/11：M50螺栓-2
			/*	4:type	*/	基本杆件\11：M50螺栓.SLDPRT
			/*	4:location	*/	1.0	2.42929E-18	9.89447E-33	0.0	2.42929E-18	1.0	-2.272E-34	0.0	3.45464E-32	-2.272E-34	1.0	0.0	-0.0216214	-0.129175	-0.0325	1.0
			/*	4:child_number	*/	0
		/*	3:name	*/	上垫梁-1/4个M50-12
		/*	3:type	*/	基本组合\4个M50.SLDASM
		/*	3:location	*/	0.999098	-4.28538E-18	0.0424734	0.0	-0.0424734	1.2239E-16	0.999098	0.0	-9.47981E-18	-1.0	1.22097E-16	0.0	-0.277133	0.324268	3.56748	1.0
		/*	3:child_number	*/	4
			/*	4:name	*/	上垫梁-1/4个M50-12/11：M50螺栓-1
			/*	4:type	*/	基本杆件\11：M50螺栓.SLDPRT
			/*	4:location	*/	1.0	2.42929E-18	9.89447E-33	0.0	2.42929E-18	1.0	-2.272E-34	0.0	3.45464E-32	-2.272E-34	1.0	0.0	-0.0163122	-0.0042875	-0.0325	1.0
			/*	4:child_number	*/	0
			/*	4:name	*/	上垫梁-1/4个M50-12/11：M50螺栓-4
			/*	4:type	*/	基本杆件\11：M50螺栓.SLDPRT
