/*	1:name	*/	17.5米带有2.5米和3米辅助端构架的标准三角五片梁
/*	1:type	*/	17.5米带有2.5米和3米辅助端构架的标准三角五片梁.SLDASM
/*	1:location	*/	1.0	0.0	0.0	0.0	0.0	1.0	0.0	0.0	0.0	0.0	1.0	0.0	0.0	0.0	0.0	1.0
/*	1:child_number	*/	29
	/*	2:name	*/	五片三角上的一个钢枕及一号U型螺栓-1
	/*	2:type	*/	钢枕单元\五片三角上的一个钢枕及一号U型螺栓.SLDASM
	/*	2:location	*/	5.55112E-17	6.17775E-17	-1.0	0.0	-2.25939E-16	1.0	6.17775E-17	0.0	1.0	2.25939E-16	5.55112E-17	0.0	-9.88408	0.089879	-0.112809	1.0
	/*	2:child_number	*/	7
		/*	3:name	*/	五片三角上的一个钢枕及一号U型螺栓-1/一号U型螺栓单元-10
		/*	3:type	*/	U型螺栓单元\一号U型螺栓单元.SLDASM
		/*	3:location	*/	0.696203	-4.4067E-16	0.717845	0.0	0.717845	2.30713E-16	-0.696203	0.0	1.41179E-16	1.0	4.76956E-16	0.0	0.72559	1.55713	-0.191887	1.0
		/*	3:child_number	*/	4
			/*	4:name	*/	五片三角上的一个钢枕及一号U型螺栓-1/一号U型螺栓单元-10/一号U型螺栓-1
			/*	4:type	*/	基本杆件\一号U型螺栓.SLDPRT
			/*	4:location	*/	1.0	-1.11022E-16	-3.08149E-32	0.0	0.0	1.0	-1.2326E-32	0.0	2.46519E-32	-1.2326E-32	1.0	0.0	0.0188503	-0.108956	-0.188	1.0
			/*	4:child_number	*/	0
			/*	4:name	*/	五片三角上的一个钢枕及一号U型螺栓-1/一号U型螺栓单元-10/一号U型螺栓垫片-1
			/*	4:type	*/	基本杆件\一号U型螺栓垫片.SLDPRT
			/*	4:location	*/	0.0	-1.0	1.2326E-32	0.0	1.0	-1.11022E-16	-3.08149E-32	0.0	2.46519E-32	-1.2326E-32	1.0	0.0	-0.0111497	0.0790441	0.143	1.0
			/*	4:child_number	*/	0
			/*	4:name	*/	五片三角上的一个钢枕及一号U型螺栓-1/一号U型螺栓单元-10/六四梁螺母-1
			/*	4:type	*/	基本杆件\六四梁螺母.SLDPRT
			/*	4:location	*/	1.0	-1.11022E-16	-3.08149E-32	0.0	0.0	1.0	-1.2326E-32	0.0	2.46519E-32	-1.2326E-32	1.0	0.0	0.0188503	0.0490441	0.159	1.0
			/*	4:child_number	*/	0
			/*	4:name	*/	五片三角上的一个钢枕及一号U型螺栓-1/一号U型螺栓单元-10/六四梁螺母-2
			/*	4:type	*/	基本杆件\六四梁螺母.SLDPRT
			/*	4:location	*/	1.0	-1.11022E-16	-3.08149E-32	0.0	0.0	1.0	-1.2326E-32	0.0	2.46519E-32	-1.2326E-32	1.0	0.0	0.0188503	-0.108956	0.159	1.0
			/*	4:child_number	*/	0
		/*	3:name	*/	五片三角上的一个钢枕及一号U型螺栓-1/一号U型螺栓单元-11
		/*	3:type	*/	U型螺栓单元\一号U型螺栓单元.SLDASM
		/*	3:location	*/	0.696203	-3.38423E-16	0.717845	0.0	0.717845	1.83826E-16	-0.696203	0.0	1.03652E-16	1.0	3.70916E-16	0.0	1.92559	1.55713	-0.191887	1.0
		/*	3:child_number	*/	4
			/*	4:name	*/	五片三角上的一个钢枕及一号U型螺栓-1/一号U型螺栓单元-11/一号U型螺栓-1
			/*	4:type	*/	基本杆件\一号U型螺栓.SLDPRT
			/*	4:location	*/	1.0	5.55112E-17	1.84889E-32	0.0	0.0	1.0	6.16298E-33	0.0	6.16298E-33	1.84889E-32	1.0	0.0	0.0188503	-0.108956	-0.188	1.0
			/*	4:child_number	*/	0
			/*	4:name	*/	五片三角上的一个钢枕及一号U型螺栓-1/一号U型螺栓单元-11/一号U型螺栓垫片-1
			/*	4:type	*/	基本杆件\一号U型螺栓垫片.SLDPRT
			/*	4:location	*/	0.0	-1.0	-6.16298E-33	0.0	1.0	5.55112E-17	1.84889E-32	0.0	6.16298E-33	1.84889E-32	1.0	0.0	-0.0111497	0.0790441	0.143	1.0
			/*	4:child_number	*/	0
			/*	4:name	*/	五片三角上的一个钢枕及一号U型螺栓-1/一号U型螺栓单元-11/六四梁螺母-1
			/*	4:type	*/	基本杆件\六四梁螺母.SLDPRT
			/*	4:location	*/	1.0	5.55112E-17	1.84889E-32	0.0	0.0	1.0	6.16298E-33	0.0	6.16298E-33	1.84889E-32	1.0	0.0	0.0188503	0.0490441	0.159	1.0
			/*	4:child_number	*/	0
			/*	4:name	*/	五片三角上的一个钢枕及一号U型螺栓-1/一号U型螺栓单元-11/六四梁螺母-2
			/*	4:type	*/	基本杆件\六四梁螺母.SLDPRT
			/*	4:location	*/	1.0	5.55112E-17	1.84889E-32	0.0	0.0	1.0	6.16298E-33	0.0	6.16298E-33	1.84889E-32	1.0	0.0	0.0188503	-0.108956	0.159	1.0
			/*	4:child_number	*/	0
		/*	3:name	*/	五片三角上的一个钢枕及一号U型螺栓-1/一号U型螺栓单元-6
		/*	3:type	*/	U型螺栓单元\一号U型螺栓单元.SLDASM
		/*	3:location	*/	0.696203	2.02161E-16	-0.717845	0.0	-0.717845	3.72328E-16	-0.696203	0.0	1.26529E-16	1.0	4.04335E-16	0.0	2.31116	1.55713	-0.164824	1.0
		/*	3:child_number	*/	4
			/*	4:name	*/	五片三角上的一个钢枕及一号U型螺栓-1/一号U型螺栓单元-6/一号U型螺栓-1
			/*	4:type	*/	基本杆件\一号U型螺栓.SLDPRT
			/*	4:location	*/	1.0	0.0	0.0	0.0	5.55112E-17	1.0	-6.16298E-33	0.0	-4.93038E-32	3.08149E-32	1.0	0.0	0.0188503	-0.108956	-0.188	1.0
			/*	4:child_number	*/	0
			/*	4:name	*/	五片三角上的一个钢枕及一号U型螺栓-1/一号U型螺栓单元-6/一号U型螺栓垫片-1
			/*	4:type	*/	基本杆件\一号U型螺栓垫片.SLDPRT
			/*	4:location	*/	-5.55112E-17	-1.0	6.16298E-33	0.0	1.0	0.0	-1.2326E-32	0.0	-4.93038E-32	3.08149E-32	1.0	0.0	-0.0111497	0.0790441	0.143	1.0
			/*	4:child_number	*/	0
			/*	4:name	*/	五片三角上的一个钢枕及一号U型螺栓-1/一号U型螺栓单元-6/六四梁螺母-1
			/*	4:type	*/	基本杆件\六四梁螺母.SLDPRT
			/*	4:location	*/	1.0	0.0	0.0	0.0	5.55112E-17	1.0	-6.16298E-33	0.0	-4.93038E-32	3.08149E-32	1.0	0.0	0.0188503	0.0490441	0.159	1.0
			/*	4:child_number	*/	0
			/*	4:name	*/	五片三角上的一个钢枕及一号U型螺栓-1/一号U型螺栓单元-6/六四梁螺母-2
			/*	4:type	*/	基本杆件\六四梁螺母.SLDPRT
			/*	4:location	*/	1.0	0.0	0.0	0.0	5.55112E-17	1.0	-6.16298E-33	0.0	-4.93038E-32	3.08149E-32	1.0	0.0	0.0188503	-0.108956	0.159	1.0
			/*	4:child_number	*/	0
		/*	3:name	*/	五片三角上的一个钢枕及一号U型螺栓-1/一号U型螺栓单元-7
		/*	3:type	*/	U型螺栓单元\一号U型螺栓单元.SLDASM
		/*	3:location	*/	0.696203	1.9409E-16	-0.717845	0.0	-0.717845	3.32645E-16	-0.696203	0.0	1.03662E-16	1.0	3.70915E-16	0.0	1.11116	1.55713	-0.164824	1.0
		/*	3:child_number	*/	4
			/*	4:name	*/	五片三角上的一个钢枕及一号U型螺栓-1/一号U型螺栓单元-7/一号U型螺栓-1
			/*	4:type	*/	基本杆件\一号U型螺栓.SLDPRT
			/*	4:location	*/	1.0	0.0	-6.16298E-33	0.0	0.0	1.0	6.16298E-33	0.0	-6.16298E-33	-6.16298E-33	1.0	0.0	0.0188503	-0.108956	-0.188	1.0
			/*	4:child_number	*/	0
			/*	4:name	*/	五片三角上的一个钢枕及一号U型螺栓-1/一号U型螺栓单元-7/一号U型螺栓垫片-1
			/*	4:type	*/	基本杆件\一号U型螺栓垫片.SLDPRT
			/*	4:location	*/	0.0	-1.0	-6.16298E-33	0.0	1.0	0.0	-6.16298E-33	0.0	-6.16298E-33	-6.16298E-33	1.0	0.0	-0.0111497	0.0790441	0.143	1.0
			/*	4:child_number	*/	0
			/*	4:name	*/	五片三角上的一个钢枕及一号U型螺栓-1/一号U型螺栓单元-7/六四梁螺母-1
			/*	4:type	*/	基本杆件\六四梁螺母.SLDPRT
			/*	4:location	*/	1.0	0.0	-6.16298E-33	0.0	0.0	1.0	6.16298E-33	0.0	-6.16298E-33	-6.16298E-33	1.0	0.0	0.0188503	0.0490441	0.159	1.0
			/*	4:child_number	*/	0
			/*	4:name	*/	五片三角上的一个钢枕及一号U型螺栓-1/一号U型螺栓单元-7/六四梁螺母-2
			/*	4:type	*/	基本杆件\六四梁螺母.SLDPRT
			/*	4:location	*/	1.0	0.0	-6.16298E-33	0.0	0.0	1.0	6.16298E-33	0.0	-6.16298E-33	-6.16298E-33	1.0	0.0	0.0188503	-0.108956	0.159	1.0
			/*	4:child_number	*/	0
		/*	3:name	*/	五片三角上的一个钢枕及一号U型螺栓-1/一号U型螺栓单元-8
		/*	3:type	*/	U型螺栓单元\一号U型螺栓单元.SLDASM
		/*	3:location	*/	0.696203	2.4611E-16	-0.717845	0.0	-0.717845	3.73943E-16	-0.696203	0.0	9.70907E-17	1.0	4.37009E-16	0.0	-0.0888371	1.55713	-0.164824	1.0
		/*	3:child_number	*/	4
			/*	4:name	*/	五片三角上的一个钢枕及一号U型螺栓-1/一号U型螺栓单元-8/一号U型螺栓-1
			/*	4:type	*/	基本杆件\一号U型螺栓.SLDPRT
			/*	4:location	*/	1.0	0.0	-9.24446E-33	0.0	0.0	1.0	-3.08149E-33	0.0	3.08149E-33	6.16298E-33	1.0	0.0	0.0188503	-0.108956	-0.188	1.0
			/*	4:child_number	*/	0
			/*	4:name	*/	五片三角上的一个钢枕及一号U型螺栓-1/一号U型螺栓单元-8/一号U型螺栓垫片-1
			/*	4:type	*/	基本杆件\一号U型螺栓垫片.SLDPRT
			/*	4:location	*/	0.0	-1.0	3.08149E-33	0.0	1.0	0.0	-9.24446E-33	0.0	3.08149E-33	6.16298E-33	1.0	0.0	-0.0111497	0.0790441	0.143	1.0
			/*	4:child_number	*/	0
			/*	4:name	*/	五片三角上的一个钢枕及一号U型螺栓-1/一号U型螺栓单元-8/六四梁螺母-1
			/*	4:type	*/	基本杆件\六四梁螺母.SLDPRT
			/*	4:location	*/	1.0	0.0	-9.24446E-33	0.0	0.0	1.0	-3.08149E-33	0.0	3.08149E-33	6.16298E-33	1.0	0.0	0.0188503	0.0490441	0.159	1.0
			/*	4:child_number	*/	0
			/*	4:name	*/	五片三角上的一个钢枕及一号U型螺栓-1/一号U型螺栓单元-8/六四梁螺母-2
			/*	4:type	*/	基本杆件\六四梁螺母.SLDPRT
			/*	4:location	*/	1.0	0.0	-9.24446E-33	0.0	0.0	1.0	-3.08149E-33	0.0	3.08149E-33	6.16298E-33	1.0	0.0	0.0188503	-0.108956	0.159	1.0
			/*	4:child_number	*/	0
		/*	3:name	*/	五片三角上的一个钢枕及一号U型螺栓-1/一号U型螺栓单元-9
		/*	3:type	*/	U型螺栓单元\一号U型螺栓单元.SLDASM
		/*	3:location	*/	0.696203	-5.98212E-16	0.717845	0.0	0.717845	2.01E-16	-0.696203	0.0	2.7219E-16	1.0	5.69361E-16	0.0	-0.47441	1.55713	-0.191887	1.0
		/*	3:child_number	*/	4
			/*	4:name	*/	五片三角上的一个钢枕及一号U型螺栓-1/一号U型螺栓单元-9/一号U型螺栓-1
			/*	4:type	*/	基本杆件\一号U型螺栓.SLDPRT
			/*	4:location	*/	1.0	5.55112E-17	-2.46519E-32	0.0	0.0	1.0	2.46519E-32	0.0	0.0	2.46519E-32	1.0	0.0	0.0188503	-0.108956	-0.188	1.0
			/*	4:child_number	*/	0
			/*	4:name	*/	五片三角上的一个钢枕及一号U型螺栓-1/一号U型螺栓单元-9/一号U型螺栓垫片-1
			/*	4:type	*/	基本杆件\一号U型螺栓垫片.SLDPRT
			/*	4:location	*/	0.0	-1.0	0.0	0.0	1.0	5.55112E-17	-2.46519E-32	0.0	0.0	2.46519E-32	1.0	0.0	-0.0111497	0.0790441	0.143	1.0
			/*	4:child_number	*/	0
			/*	4:name	*/	五片三角上的一个钢枕及一号U型螺栓-1/一号U型螺栓单元-9/六四梁螺母-1
			/*	4:type	*/	基本杆件\六四梁螺母.SLDPRT
			/*	4:location	*/	1.0	5.55112E-17	-2.46519E-32	0.0	0.0	1.0	2.46519E-32	0.0	0.0	2.46519E-32	1.0	0.0	0.0188503	0.0490441	0.159	1.0
			/*	4:child_number	*/	0
			/*	4:name	*/	五片三角上的一个钢枕及一号U型螺栓-1/一号U型螺栓单元-9/六四梁螺母-2
			/*	4:type	*/	基本杆件\六四梁螺母.SLDPRT
			/*	4:location	*/	1.0	5.55112E-17	-2.46519E-32	0.0	0.0	1.0	2.46519E-32	0.0	0.0	2.46519E-32	1.0	0.0	0.0188503	-0.108956	0.159	1.0
			/*	4:child_number	*/	0
		/*	3:name	*/	五片三角上的一个钢枕及一号U型螺栓-1/钢枕-1
		/*	3:type	*/	基本杆件\钢枕.SLDPRT
		/*	3:location	*/	-6.16298E-33	5.55112E-17	-1.0	0.0	1.03652E-16	1.0	5.55112E-17	0.0	1.0	-1.03652E-16	0.0	0.0	-1.2185	1.54013	-0.1135	1.0
		/*	3:child_number	*/	0
	/*	2:name	*/	五片三角上的一个钢枕及一号U型螺栓-10
	/*	2:type	*/	钢枕单元\五片三角上的一个钢枕及一号U型螺栓.SLDASM
	/*	2:location	*/	-1.38778E-17	2.44596E-16	-1.0	0.0	0.0133211	0.999911	2.73869E-16	0.0	0.999911	-0.0133211	-2.77556E-17	0.0	6.61198	-0.0166615	-0.112809	1.0
	/*	2:child_number	*/	7
		/*	3:name	*/	五片三角上的一个钢枕及一号U型螺栓-10/一号U型螺栓单元-10
		/*	3:type	*/	U型螺栓单元\一号U型螺栓单元.SLDASM
		/*	3:location	*/	0.696203	-4.40761E-16	0.717845	0.0	0.717845	2.30491E-16	-0.696203	0.0	1.70653E-16	1.0	4.26742E-16	0.0	0.72559	1.55713	-0.191887	1.0
		/*	3:child_number	*/	4
			/*	4:name	*/	五片三角上的一个钢枕及一号U型螺栓-10/一号U型螺栓单元-10/一号U型螺栓-1
			/*	4:type	*/	基本杆件\一号U型螺栓.SLDPRT
			/*	4:location	*/	1.0	0.0	-1.69413E-18	0.0	-5.55112E-17	1.0	-4.88377E-19	0.0	-2.47033E-18	4.99944E-19	1.0	0.0	0.0188503	-0.108956	-0.188	1.0
			/*	4:child_number	*/	0
			/*	4:name	*/	五片三角上的一个钢枕及一号U型螺栓-10/一号U型螺栓单元-10/一号U型螺栓垫片-1
			/*	4:type	*/	基本杆件\一号U型螺栓垫片.SLDPRT
			/*	4:location	*/	5.55112E-17	-1.0	4.88377E-19	0.0	1.0	0.0	-1.69413E-18	0.0	-2.47033E-18	4.99944E-19	1.0	0.0	-0.0111497	0.0790441	0.143	1.0
			/*	4:child_number	*/	0
			/*	4:name	*/	五片三角上的一个钢枕及一号U型螺栓-10/一号U型螺栓单元-10/六四梁螺母-1
			/*	4:type	*/	基本杆件\六四梁螺母.SLDPRT
			/*	4:location	*/	1.0	0.0	-1.69413E-18	0.0	-5.55112E-17	1.0	-4.88377E-19	0.0	-2.47033E-18	4.99944E-19	1.0	0.0	0.0188503	0.0490441	0.159	1.0
			/*	4:child_number	*/	0
			/*	4:name	*/	五片三角上的一个钢枕及一号U型螺栓-10/一号U型螺栓单元-10/六四梁螺母-2
			/*	4:type	*/	基本杆件\六四梁螺母.SLDPRT
			/*	4:location	*/	1.0	0.0	-1.69413E-18	0.0	-5.55112E-17	1.0	-4.88377E-19	0.0	-2.47033E-18	4.99944E-19	1.0	0.0	0.0188503	-0.108956	0.159	1.0
			/*	4:child_number	*/	0
		/*	3:name	*/	五片三角上的一个钢枕及一号U型螺栓-10/一号U型螺栓单元-11
		/*	3:type	*/	U型螺栓单元\一号U型螺栓单元.SLDASM
		/*	3:location	*/	0.696203	-3.38413E-16	0.717845	0.0	0.717845	1.83654E-16	-0.696203	0.0	1.03652E-16	1.0	3.69496E-16	0.0	1.92559	1.55713	-0.191887	1.0
		/*	3:child_number	*/	4
			/*	4:name	*/	五片三角上的一个钢枕及一号U型螺栓-10/一号U型螺栓单元-11/一号U型螺栓-1
			/*	4:type	*/	基本杆件\一号U型螺栓.SLDPRT
			/*	4:location	*/	1.0	1.11022E-16	9.21964E-19	0.0	5.55112E-17	1.0	-2.12324E-18	0.0	1.19025E-18	2.71043E-18	1.0	0.0	0.0188503	-0.108956	-0.188	1.0
			/*	4:child_number	*/	0
			/*	4:name	*/	五片三角上的一个钢枕及一号U型螺栓-10/一号U型螺栓单元-11/一号U型螺栓垫片-1
			/*	4:type	*/	基本杆件\一号U型螺栓垫片.SLDPRT
			/*	4:location	*/	-5.55112E-17	-1.0	2.12324E-18	0.0	1.0	1.11022E-16	9.21964E-19	0.0	1.19025E-18	2.71043E-18	1.0	0.0	-0.0111497	0.0790441	0.143	1.0
			/*	4:child_number	*/	0
			/*	4:name	*/	五片三角上的一个钢枕及一号U型螺栓-10/一号U型螺栓单元-11/六四梁螺母-1
			/*	4:type	*/	基本杆件\六四梁螺母.SLDPRT
			/*	4:location	*/	1.0	1.11022E-16	9.21964E-19	0.0	5.55112E-17	1.0	-2.12324E-18	0.0	1.19025E-18	2.71043E-18	1.0	0.0	0.0188503	0.0490441	0.159	1.0
			/*	4:child_number	*/	0
			/*	4:name	*/	五片三角上的一个钢枕及一号U型螺栓-10/一号U型螺栓单元-11/六四梁螺母-2
			/*	4:type	*/	基本杆件\六四梁螺母.SLDPRT
			/*	4:location	*/	1.0	1.11022E-16	9.21964E-19	0.0	5.55112E-17	1.0	-2.12324E-18	0.0	1.19025E-18	2.71043E-18	1.0	0.0	0.0188503	-0.108956	0.159	1.0
			/*	4:child_number	*/	0
		/*	3:name	*/	五片三角上的一个钢枕及一号U型螺栓-10/一号U型螺栓单元-6
		/*	3:type	*/	U型螺栓单元\一号U型螺栓单元.SLDASM
		/*	3:location	*/	0.696203	2.02821E-16	-0.717845	0.0	-0.717845	3.69723E-16	-0.696203	0.0	1.54174E-16	1.0	3.53884E-16	0.0	2.31116	1.55713	-0.164824	1.0
		/*	3:child_number	*/	4
			/*	4:name	*/	五片三角上的一个钢枕及一号U型螺栓-10/一号U型螺栓单元-6/一号U型螺栓-1
			/*	4:type	*/	基本杆件\一号U型螺栓.SLDPRT
			/*	4:location	*/	1.0	-1.11022E-16	4.63881E-20	0.0	-1.11022E-16	1.0	8.05963E-19	0.0	3.40357E-18	9.21717E-19	1.0	0.0	0.0188503	-0.108956	-0.188	1.0
			/*	4:child_number	*/	0
			/*	4:name	*/	五片三角上的一个钢枕及一号U型螺栓-10/一号U型螺栓单元-6/一号U型螺栓垫片-1
			/*	4:type	*/	基本杆件\一号U型螺栓垫片.SLDPRT
			/*	4:location	*/	1.11022E-16	-1.0	-8.05963E-19	0.0	1.0	-1.11022E-16	4.63881E-20	0.0	3.40357E-18	9.21717E-19	1.0	0.0	-0.0111497	0.0790441	0.143	1.0
			/*	4:child_number	*/	0
			/*	4:name	*/	五片三角上的一个钢枕及一号U型螺栓-10/一号U型螺栓单元-6/六四梁螺母-1
			/*	4:type	*/	基本杆件\六四梁螺母.SLDPRT
			/*	4:location	*/	1.0	-1.11022E-16	4.63881E-20	0.0	-1.11022E-16	1.0	8.05963E-19	0.0	3.40357E-18	9.21717E-19	1.0	0.0	0.0188503	0.0490441	0.159	1.0
			/*	4:child_number	*/	0
			/*	4:name	*/	五片三角上的一个钢枕及一号U型螺栓-10/一号U型螺栓单元-6/六四梁螺母-2
			/*	4:type	*/	基本杆件\六四梁螺母.SLDPRT
			/*	4:location	*/	1.0	-1.11022E-16	4.63881E-20	0.0	-1.11022E-16	1.0	8.05963E-19	0.0	3.40357E-18	9.21717E-19	1.0	0.0	0.0188503	-0.108956	0.159	1.0
			/*	4:child_number	*/	0
		/*	3:name	*/	五片三角上的一个钢枕及一号U型螺栓-10/一号U型螺栓单元-7
		/*	3:type	*/	U型螺栓单元\一号U型螺栓单元.SLDASM
		/*	3:location	*/	0.696203	1.94147E-16	-0.717845	0.0	-0.717845	3.31559E-16	-0.696203	0.0	1.33357E-16	1.0	3.20924E-16	0.0	1.11116	1.55713	-0.164824	1.0
		/*	3:child_number	*/	4
			/*	4:name	*/	五片三角上的一个钢枕及一号U型螺栓-10/一号U型螺栓单元-7/一号U型螺栓-1
			/*	4:type	*/	基本杆件\一号U型螺栓.SLDPRT
			/*	4:location	*/	1.0	-1.11022E-16	9.21964E-19	0.0	5.55112E-17	1.0	3.88514E-19	0.0	-6.80714E-19	-1.48236E-18	1.0	0.0	0.0188503	-0.108956	-0.188	1.0
			/*	4:child_number	*/	0
			/*	4:name	*/	五片三角上的一个钢枕及一号U型螺栓-10/一号U型螺栓单元-7/一号U型螺栓垫片-1
			/*	4:type	*/	基本杆件\一号U型螺栓垫片.SLDPRT
			/*	4:location	*/	-5.55112E-17	-1.0	-3.88514E-19	0.0	1.0	-1.11022E-16	9.21964E-19	0.0	-6.80714E-19	-1.48236E-18	1.0	0.0	-0.0111497	0.0790441	0.143	1.0
			/*	4:child_number	*/	0
			/*	4:name	*/	五片三角上的一个钢枕及一号U型螺栓-10/一号U型螺栓单元-7/六四梁螺母-1
			/*	4:type	*/	基本杆件\六四梁螺母.SLDPRT
			/*	4:location	*/	1.0	-1.11022E-16	9.21964E-19	0.0	5.55112E-17	1.0	3.88514E-19	0.0	-6.80714E-19	-1.48236E-18	1.0	0.0	0.0188503	0.0490441	0.159	1.0
			/*	4:child_number	*/	0
			/*	4:name	*/	五片三角上的一个钢枕及一号U型螺栓-10/一号U型螺栓单元-7/六四梁螺母-2
			/*	4:type	*/	基本杆件\六四梁螺母.SLDPRT
			/*	4:location	*/	1.0	-1.11022E-16	9.21964E-19	0.0	5.55112E-17	1.0	3.88514E-19	0.0	-6.80714E-19	-1.48236E-18	1.0	0.0	0.0188503	-0.108956	0.159	1.0
			/*	4:child_number	*/	0
		/*	3:name	*/	五片三角上的一个钢枕及一号U型螺栓-10/一号U型螺栓单元-8
		/*	3:type	*/	U型螺栓单元\一号U型螺栓单元.SLDASM
		/*	3:location	*/	0.696203	2.46189E-16	-0.717845	0.0	-0.717845	3.71458E-16	-0.696203	0.0	1.25551E-16	1.0	3.86843E-16	0.0	-0.0888371	1.55713	-0.164824	1.0
		/*	3:child_number	*/	4
			/*	4:name	*/	五片三角上的一个钢枕及一号U型螺栓-10/一号U型螺栓单元-8/一号U型螺栓-1
			/*	4:type	*/	基本杆件\一号U型螺栓.SLDPRT
			/*	4:location	*/	1.0	-1.11022E-16	9.24864E-19	0.0	5.55112E-17	1.0	-1.18742E-18	0.0	-9.11279E-19	6.51879E-19	1.0	0.0	0.0188503	-0.108956	-0.188	1.0
			/*	4:child_number	*/	0
			/*	4:name	*/	五片三角上的一个钢枕及一号U型螺栓-10/一号U型螺栓单元-8/一号U型螺栓垫片-1
			/*	4:type	*/	基本杆件\一号U型螺栓垫片.SLDPRT
			/*	4:location	*/	-5.55112E-17	-1.0	1.18742E-18	0.0	1.0	-1.11022E-16	9.24864E-19	0.0	-9.11279E-19	6.51879E-19	1.0	0.0	-0.0111497	0.0790441	0.143	1.0
			/*	4:child_number	*/	0
			/*	4:name	*/	五片三角上的一个钢枕及一号U型螺栓-10/一号U型螺栓单元-8/六四梁螺母-1
			/*	4:type	*/	基本杆件\六四梁螺母.SLDPRT
			/*	4:location	*/	1.0	-1.11022E-16	9.24864E-19	0.0	5.55112E-17	1.0	-1.18742E-18	0.0	-9.11279E-19	6.51879E-19	1.0	0.0	0.0188503	0.0490441	0.159	1.0
			/*	4:child_number	*/	0
			/*	4:name	*/	五片三角上的一个钢枕及一号U型螺栓-10/一号U型螺栓单元-8/六四梁螺母-2
			/*	4:type	*/	基本杆件\六四梁螺母.SLDPRT
			/*	4:location	*/	1.0	-1.11022E-16	9.24864E-19	0.0	5.55112E-17	1.0	-1.18742E-18	0.0	-9.11279E-19	6.51879E-19	1.0	0.0	0.0188503	-0.108956	0.159	1.0
			/*	4:child_number	*/	0
		/*	3:name	*/	五片三角上的一个钢枕及一号U型螺栓-10/一号U型螺栓单元-9
		/*	3:type	*/	U型螺栓单元\一号U型螺栓单元.SLDASM
		/*	3:location	*/	0.696203	-5.98621E-16	0.717845	0.0	0.717845	2.01001E-16	-0.696203	0.0	2.7219E-16	1.0	5.67255E-16	0.0	-0.47441	1.55713	-0.191887	1.0
		/*	3:child_number	*/	4
			/*	4:name	*/	五片三角上的一个钢枕及一号U型螺栓-10/一号U型螺栓单元-9/一号U型螺栓-1
			/*	4:type	*/	基本杆件\一号U型螺栓.SLDPRT
			/*	4:location	*/	1.0	1.11022E-16	-1.06306E-20	0.0	1.11022E-16	1.0	-1.15248E-18	0.0	2.29995E-18	5.28869E-19	1.0	0.0	0.0188503	-0.108956	-0.188	1.0
			/*	4:child_number	*/	0
			/*	4:name	*/	五片三角上的一个钢枕及一号U型螺栓-10/一号U型螺栓单元-9/一号U型螺栓垫片-1
			/*	4:type	*/	基本杆件\一号U型螺栓垫片.SLDPRT
			/*	4:location	*/	-1.11022E-16	-1.0	1.15248E-18	0.0	1.0	1.11022E-16	-1.06306E-20	0.0	2.29995E-18	5.28869E-19	1.0	0.0	-0.0111497	0.0790441	0.143	1.0
			/*	4:child_number	*/	0
			/*	4:name	*/	五片三角上的一个钢枕及一号U型螺栓-10/一号U型螺栓单元-9/六四梁螺母-1
			/*	4:type	*/	基本杆件\六四梁螺母.SLDPRT
			/*	4:location	*/	1.0	1.11022E-16	-1.06306E-20	0.0	1.11022E-16	1.0	-1.15248E-18	0.0	2.29995E-18	5.28869E-19	1.0	0.0	0.0188503	0.0490441	0.159	1.0
			/*	4:child_number	*/	0
			/*	4:name	*/	五片三角上的一个钢枕及一号U型螺栓-10/一号U型螺栓单元-9/六四梁螺母-2
			/*	4:type	*/	基本杆件\六四梁螺母.SLDPRT
			/*	4:location	*/	1.0	1.11022E-16	-1.06306E-20	0.0	1.11022E-16	1.0	-1.15248E-18	0.0	2.29995E-18	5.28869E-19	1.0	0.0	0.0188503	-0.108956	0.159	1.0
			/*	4:child_number	*/	0
		/*	3:name	*/	五片三角上的一个钢枕及一号U型螺栓-10/钢枕-1
		/*	3:type	*/	基本杆件\钢枕.SLDPRT
		/*	3:location	*/	0.0	5.55112E-17	-1.0	0.0	1.03652E-16	1.0	5.37764E-17	0.0	1.0	-1.03652E-16	-3.08149E-33	0.0	-1.2185	1.54013	-0.1135	1.0
		/*	3:child_number	*/	0
	/*	2:name	*/	五片三角上的一个钢枕及一号U型螺栓-11
	/*	2:type	*/	钢枕单元\五片三角上的一个钢枕及一号U型螺栓.SLDASM
	/*	2:location	*/	-1.38778E-17	2.44596E-16	-1.0	0.0	0.0133211	0.999911	2.73869E-16	0.0	0.999911	-0.0133211	-2.77556E-17	0.0	7.06194	-0.0226559	-0.112809	1.0
	/*	2:child_number	*/	7
		/*	3:name	*/	五片三角上的一个钢枕及一号U型螺栓-11/一号U型螺栓单元-10
		/*	3:type	*/	U型螺栓单元\一号U型螺栓单元.SLDASM
		/*	3:location	*/	0.696203	-4.40761E-16	0.717845	0.0	0.717845	2.30491E-16	-0.696203	0.0	1.70653E-16	1.0	4.26742E-16	0.0	0.72559	1.55713	-0.191887	1.0
		/*	3:child_number	*/	4
			/*	4:name	*/	五片三角上的一个钢枕及一号U型螺栓-11/一号U型螺栓单元-10/一号U型螺栓-1
			/*	4:type	*/	基本杆件\一号U型螺栓.SLDPRT
			/*	4:location	*/	1.0	0.0	-1.69413E-18	0.0	-5.55112E-17	1.0	-4.88377E-19	0.0	-2.47033E-18	4.99944E-19	1.0	0.0	0.0188503	-0.108956	-0.188	1.0
			/*	4:child_number	*/	0
			/*	4:name	*/	五片三角上的一个钢枕及一号U型螺栓-11/一号U型螺栓单元-10/一号U型螺栓垫片-1
			/*	4:type	*/	基本杆件\一号U型螺栓垫片.SLDPRT
			/*	4:location	*/	5.55112E-17	-1.0	4.88377E-19	0.0	1.0	0.0	-1.69413E-18	0.0	-2.47033E-18	4.99944E-19	1.0	0.0	-0.0111497	0.0790441	0.143	1.0
			/*	4:child_number	*/	0
			/*	4:name	*/	五片三角上的一个钢枕及一号U型螺栓-11/一号U型螺栓单元-10/六四梁螺母-1
			/*	4:type	*/	基本杆件\六四梁螺母.SLDPRT
			/*	4:location	*/	1.0	0.0	-1.69413E-18	0.0	-5.55112E-17	1.0	-4.88377E-19	0.0	-2.47033E-18	4.99944E-19	1.0	0.0	0.0188503	0.0490441	0.159	1.0
			/*	4:child_number	*/	0
			/*	4:name	*/	五片三角上的一个钢枕及一号U型螺栓-11/一号U型螺栓单元-10/六四梁螺母-2
			/*	4:type	*/	基本杆件\六四梁螺母.SLDPRT
			/*	4:location	*/	1.0	0.0	-1.69413E-18	0.0	-5.55112E-17	1.0	-4.88377E-19	0.0	-2.47033E-18	4.99944E-19	1.0	0.0	0.0188503	-0.108956	0.159	1.0
			/*	4:child_number	*/	0
		/*	3:name	*/	五片三角上的一个钢枕及一号U型螺栓-11/一号U型螺栓单元-11
		/*	3:type	*/	U型螺栓单元\一号U型螺栓单元.SLDASM
		/*	3:location	*/	0.696203	-3.38413E-16	0.717845	0.0	0.717845	1.83654E-16	-0.696203	0.0	1.03652E-16	1.0	3.69496E-16	0.0	1.92559	1.55713	-0.191887	1.0
		/*	3:child_number	*/	4
			/*	4:name	*/	五片三角上的一个钢枕及一号U型螺栓-11/一号U型螺栓单元-11/一号U型螺栓-1
			/*	4:type	*/	基本杆件\一号U型螺栓.SLDPRT
			/*	4:location	*/	1.0	1.11022E-16	9.21964E-19	0.0	5.55112E-17	1.0	-2.12324E-18	0.0	1.19025E-18	2.71043E-18	1.0	0.0	0.0188503	-0.108956	-0.188	1.0
			/*	4:child_number	*/	0
			/*	4:name	*/	五片三角上的一个钢枕及一号U型螺栓-11/一号U型螺栓单元-11/一号U型螺栓垫片-1
			/*	4:type	*/	基本杆件\一号U型螺栓垫片.SLDPRT
			/*	4:location	*/	-5.55112E-17	-1.0	2.12324E-18	0.0	1.0	1.11022E-16	9.21964E-19	0.0	1.19025E-18	2.71043E-18	1.0	0.0	-0.0111497	0.0790441	0.143	1.0
			/*	4:child_number	*/	0
			/*	4:name	*/	五片三角上的一个钢枕及一号U型螺栓-11/一号U型螺栓单元-11/六四梁螺母-1
			/*	4:type	*/	基本杆件\六四梁螺母.SLDPRT
			/*	4:location	*/	1.0	1.11022E-16	9.21964E-19	0.0	5.55112E-17	1.0	-2.12324E-18	0.0	1.19025E-18	2.71043E-18	1.0	0.0	0.0188503	0.0490441	0.159	1.0
			/*	4:child_number	*/	0
			/*	4:name	*/	五片三角上的一个钢枕及一号U型螺栓-11/一号U型螺栓单元-11/六四梁螺母-2
			/*	4:type	*/	基本杆件\六四梁螺母.SLDPRT
			/*	4:location	*/	1.0	1.11022E-16	9.21964E-19	0.0	5.55112E-17	1.0	-2.12324E-18	0.0	1.19025E-18	2.71043E-18	1.0	0.0	0.0188503	-0.108956	0.159	1.0
			/*	4:child_number	*/	0
		/*	3:name	*/	五片三角上的一个钢枕及一号U型螺栓-11/一号U型螺栓单元-6
		/*	3:type	*/	U型螺栓单元\一号U型螺栓单元.SLDASM
		/*	3:location	*/	0.696203	2.02821E-16	-0.717845	0.0	-0.717845	3.69723E-16	-0.696203	0.0	1.54174E-16	1.0	3.53884E-16	0.0	2.31116	1.55713	-0.164824	1.0
		/*	3:child_number	*/	4
			/*	4:name	*/	五片三角上的一个钢枕及一号U型螺栓-11/一号U型螺栓单元-6/一号U型螺栓-1
			/*	4:type	*/	基本杆件\一号U型螺栓.SLDPRT
			/*	4:location	*/	1.0	-1.11022E-16	4.63881E-20	0.0	-1.11022E-16	1.0	8.05963E-19	0.0	3.40357E-18	9.21717E-19	1.0	0.0	0.0188503	-0.108956	-0.188	1.0
			/*	4:child_number	*/	0
			/*	4:name	*/	五片三角上的一个钢枕及一号U型螺栓-11/一号U型螺栓单元-6/一号U型螺栓垫片-1
			/*	4:type	*/	基本杆件\一号U型螺栓垫片.SLDPRT
			/*	4:location	*/	1.11022E-16	-1.0	-8.05963E-19	0.0	1.0	-1.11022E-16	4.63881E-20	0.0	3.40357E-18	9.21717E-19	1.0	0.0	-0.0111497	0.0790441	0.143	1.0
			/*	4:child_number	*/	0
			/*	4:name	*/	五片三角上的一个钢枕及一号U型螺栓-11/一号U型螺栓单元-6/六四梁螺母-1
			/*	4:type	*/	基本杆件\六四梁螺母.SLDPRT
			/*	4:location	*/	1.0	-1.11022E-16	4.63881E-20	0.0	-1.11022E-16	1.0	8.05963E-19	0.0	3.40357E-18	9.21717E-19	1.0	0.0	0.0188503	0.0490441	0.159	1.0
			/*	4:child_number	*/	0
			/*	4:name	*/	五片三角上的一个钢枕及一号U型螺栓-11/一号U型螺栓单元-6/六四梁螺母-2
			/*	4:type	*/	基本杆件\六四梁螺母.SLDPRT
			/*	4:location	*/	1.0	-1.11022E-16	4.63881E-20	0.0	-1.11022E-16	1.0	8.05963E-19	0.0	3.40357E-18	9.21717E-19	1.0	0.0	0.0188503	-0.108956	0.159	1.0
			/*	4:child_number	*/	0
		/*	3:name	*/	五片三角上的一个钢枕及一号U型螺栓-11/一号U型螺栓单元-7
		/*	3:type	*/	U型螺栓单元\一号U型螺栓单元.SLDASM
		/*	3:location	*/	0.696203	1.94147E-16	-0.717845	0.0	-0.717845	3.31559E-16	-0.696203	0.0	1.33357E-16	1.0	3.20924E-16	0.0	1.11116	1.55713	-0.164824	1.0
		/*	3:child_number	*/	4
			/*	4:name	*/	五片三角上的一个钢枕及一号U型螺栓-11/一号U型螺栓单元-7/一号U型螺栓-1
			/*	4:type	*/	基本杆件\一号U型螺栓.SLDPRT
			/*	4:location	*/	1.0	-1.11022E-16	9.21964E-19	0.0	5.55112E-17	1.0	3.88514E-19	0.0	-6.80714E-19	-1.48236E-18	1.0	0.0	0.0188503	-0.108956	-0.188	1.0
			/*	4:child_number	*/	0
			/*	4:name	*/	五片三角上的一个钢枕及一号U型螺栓-11/一号U型螺栓单元-7/一号U型螺栓垫片-1
			/*	4:type	*/	基本杆件\一号U型螺栓垫片.SLDPRT
			/*	4:location	*/	-5.55112E-17	-1.0	-3.88514E-19	0.0	1.0	-1.11022E-16	9.21964E-19	0.0	-6.80714E-19	-1.48236E-18	1.0	0.0	-0.0111497	0.0790441	0.143	1.0
			/*	4:child_number	*/	0
			/*	4:name	*/	五片三角上的一个钢枕及一号U型螺栓-11/一号U型螺栓单元-7/六四梁螺母-1
			/*	4:type	*/	基本杆件\六四梁螺母.SLDPRT
			/*	4:location	*/	1.0	-1.11022E-16	9.21964E-19	0.0	5.55112E-17	1.0	3.88514E-19	0.0	-6.80714E-19	-1.48236E-18	1.0	0.0	0.0188503	0.0490441	0.159	1.0
			/*	4:child_number	*/	0
			/*	4:name	*/	五片三角上的一个钢枕及一号U型螺栓-11/一号U型螺栓单元-7/六四梁螺母-2
			/*	4:type	*/	基本杆件\六四梁螺母.SLDPRT
			/*	4:location	*/	1.0	-1.11022E-16	9.21964E-19	0.0	5.55112E-17	1.0	3.88514E-19	0.0	-6.80714E-19	-1.48236E-18	1.0	0.0	0.0188503	-0.108956	0.159	1.0
			/*	4:child_number	*/	0
		/*	3:name	*/	五片三角上的一个钢枕及一号U型螺栓-11/一号U型螺栓单元-8
		/*	3:type	*/	U型螺栓单元\一号U型螺栓单元.SLDASM
		/*	3:location	*/	0.696203	2.46189E-16	-0.717845	0.0	-0.717845	3.71458E-16	-0.696203	0.0	1.25551E-16	1.0	3.86843E-16	0.0	-0.0888371	1.55713	-0.164824	1.0
		/*	3:child_number	*/	4
			/*	4:name	*/	五片三角上的一个钢枕及一号U型螺栓-11/一号U型螺栓单元-8/一号U型螺栓-1
			/*	4:type	*/	基本杆件\一号U型螺栓.SLDPRT
			/*	4:location	*/	1.0	-1.11022E-16	9.24864E-19	0.0	5.55112E-17	1.0	-1.18742E-18	0.0	-9.11279E-19	6.51879E-19	1.0	0.0	0.0188503	-0.108956	-0.188	1.0
			/*	4:child_number	*/	0
			/*	4:name	*/	五片三角上的一个钢枕及一号U型螺栓-11/一号U型螺栓单元-8/一号U型螺栓垫片-1
			/*	4:type	*/	基本杆件\一号U型螺栓垫片.SLDPRT
			/*	4:location	*/	-5.55112E-17	-1.0	1.18742E-18	0.0	1.0	-1.11022E-16	9.24864E-19	0.0	-9.11279E-19	6.51879E-19	1.0	0.0	-0.0111497	0.0790441	0.143	1.0
			/*	4:child_number	*/	0
			/*	4:name	*/	五片三角上的一个钢枕及一号U型螺栓-11/一号U型螺栓单元-8/六四梁螺母-1
			/*	4:type	*/	基本杆件\六四梁螺母.SLDPRT
			/*	4:location	*/	1.0	-1.11022E-16	9.24864E-19	0.0	5.55112E-17	1.0	-1.18742E-18	0.0	-9.11279E-19	6.51879E-19	1.0	0.0	0.0188503	0.0490441	0.159	1.0
			/*	4:child_number	*/	0
			/*	4:name	*/	五片三角上的一个钢枕及一号U型螺栓-11/一号U型螺栓单元-8/六四梁螺母-2
			/*	4:type	*/	基本杆件\六四梁螺母.SLDPRT
			/*	4:location	*/	1.0	-1.11022E-16	9.24864E-19	0.0	5.55112E-17	1.0	-1.18742E-18	0.0	-9.11279E-19	6.51879E-19	1.0	0.0	0.0188503	-0.108956	0.159	1.0
			/*	4:child_number	*/	0
		/*	3:name	*/	五片三角上的一个钢枕及一号U型螺栓-11/一号U型螺栓单元-9
		/*	3:type	*/	U型螺栓单元\一号U型螺栓单元.SLDASM
		/*	3:location	*/	0.696203	-5.98621E-16	0.717845	0.0	0.717845	2.01001E-16	-0.696203	0.0	2.7219E-16	1.0	5.67255E-16	0.0	-0.47441	1.55713	-0.191887	1.0
		/*	3:child_number	*/	4
			/*	4:name	*/	五片三角上的一个钢枕及一号U型螺栓-11/一号U型螺栓单元-9/一号U型螺栓-1
			/*	4:type	*/	基本杆件\一号U型螺栓.SLDPRT
			/*	4:location	*/	1.0	1.11022E-16	-1.06306E-20	0.0	1.11022E-16	1.0	-1.15248E-18	0.0	2.29995E-18	5.28869E-19	1.0	0.0	0.0188503	-0.108956	-0.188	1.0
			/*	4:child_number	*/	0
			/*	4:name	*/	五片三角上的一个钢枕及一号U型螺栓-11/一号U型螺栓单元-9/一号U型螺栓垫片-1
			/*	4:type	*/	基本杆件\一号U型螺栓垫片.SLDPRT
			/*	4:location	*/	-1.11022E-16	-1.0	1.15248E-18	0.0	1.0	1.11022E-16	-1.06306E-20	0.0	2.29995E-18	5.28869E-19	1.0	0.0	-0.0111497	0.0790441	0.143	1.0
			/*	4:child_number	*/	0
			/*	4:name	*/	五片三角上的一个钢枕及一号U型螺栓-11/一号U型螺栓单元-9/六四梁螺母-1
			/*	4:type	*/	基本杆件\六四梁螺母.SLDPRT
			/*	4:location	*/	1.0	1.11022E-16	-1.06306E-20	0.0	1.11022E-16	1.0	-1.15248E-18	0.0	2.29995E-18	5.28869E-19	1.0	0.0	0.0188503	0.0490441	0.159	1.0
			/*	4:child_number	*/	0
			/*	4:name	*/	五片三角上的一个钢枕及一号U型螺栓-11/一号U型螺栓单元-9/六四梁螺母-2
			/*	4:type	*/	基本杆件\六四梁螺母.SLDPRT
			/*	4:location	*/	1.0	1.11022E-16	-1.06306E-20	0.0	1.11022E-16	1.0	-1.15248E-18	0.0	2.29995E-18	5.28869E-19	1.0	0.0	0.0188503	-0.108956	0.159	1.0
			/*	4:child_number	*/	0
		/*	3:name	*/	五片三角上的一个钢枕及一号U型螺栓-11/钢枕-1
		/*	3:type	*/	基本杆件\钢枕.SLDPRT
		/*	3:location	*/	0.0	5.55112E-17	-1.0	0.0	1.03652E-16	1.0	5.37764E-17	0.0	1.0	-1.03652E-16	-3.08149E-33	0.0	-1.2185	1.54013	-0.1135	1.0
		/*	3:child_number	*/	0
	/*	2:name	*/	五片三角上的一个钢枕及一号U型螺栓-12
	/*	2:type	*/	钢枕单元\五片三角上的一个钢枕及一号U型螺栓.SLDASM
	/*	2:location	*/	-1.38778E-17	2.44596E-16	-1.0	0.0	0.0133211	0.999911	2.73869E-16	0.0	0.999911	-0.0133211	-2.77556E-17	0.0	7.49591	-0.0284373	-0.112809	1.0
	/*	2:child_number	*/	7
		/*	3:name	*/	五片三角上的一个钢枕及一号U型螺栓-12/一号U型螺栓单元-10
		/*	3:type	*/	U型螺栓单元\一号U型螺栓单元.SLDASM
		/*	3:location	*/	0.696203	-4.40761E-16	0.717845	0.0	0.717845	2.30491E-16	-0.696203	0.0	1.70653E-16	1.0	4.26742E-16	0.0	0.72559	1.55713	-0.191887	1.0
		/*	3:child_number	*/	4
			/*	4:name	*/	五片三角上的一个钢枕及一号U型螺栓-12/一号U型螺栓单元-10/一号U型螺栓-1
			/*	4:type	*/	基本杆件\一号U型螺栓.SLDPRT
			/*	4:location	*/	1.0	0.0	-1.69413E-18	0.0	-5.55112E-17	1.0	-4.88377E-19	0.0	-2.47033E-18	4.99944E-19	1.0	0.0	0.0188503	-0.108956	-0.188	1.0
			/*	4:child_number	*/	0
			/*	4:name	*/	五片三角上的一个钢枕及一号U型螺栓-12/一号U型螺栓单元-10/一号U型螺栓垫片-1
			/*	4:type	*/	基本杆件\一号U型螺栓垫片.SLDPRT
			/*	4:location	*/	5.55112E-17	-1.0	4.88377E-19	0.0	1.0	0.0	-1.69413E-18	0.0	-2.47033E-18	4.99944E-19	1.0	0.0	-0.0111497	0.0790441	0.143	1.0
			/*	4:child_number	*/	0
			/*	4:name	*/	五片三角上的一个钢枕及一号U型螺栓-12/一号U型螺栓单元-10/六四梁螺母-1
			/*	4:type	*/	基本杆件\六四梁螺母.SLDPRT
			/*	4:location	*/	1.0	0.0	-1.69413E-18	0.0	-5.55112E-17	1.0	-4.88377E-19	0.0	-2.47033E-18	4.99944E-19	1.0	0.0	0.0188503	0.0490441	0.159	1.0
			/*	4:child_number	*/	0
			/*	4:name	*/	五片三角上的一个钢枕及一号U型螺栓-12/一号U型螺栓单元-10/六四梁螺母-2
			/*	4:type	*/	基本杆件\六四梁螺母.SLDPRT
			/*	4:location	*/	1.0	0.0	-1.69413E-18	0.0	-5.55112E-17	1.0	-4.88377E-19	0.0	-2.47033E-18	4.99944E-19	1.0	0.0	0.0188503	-0.108956	0.159	1.0
			/*	4:child_number	*/	0
		/*	3:name	*/	五片三角上的一个钢枕及一号U型螺栓-12/一号U型螺栓单元-11
		/*	3:type	*/	U型螺栓单元\一号U型螺栓单元.SLDASM
		/*	3:location	*/	0.696203	-3.38413E-16	0.717845	0.0	0.717845	1.83654E-16	-0.696203	0.0	1.03652E-16	1.0	3.69496E-16	0.0	1.92559	1.55713	-0.191887	1.0
		/*	3:child_number	*/	4
			/*	4:name	*/	五片三角上的一个钢枕及一号U型螺栓-12/一号U型螺栓单元-11/一号U型螺栓-1
			/*	4:type	*/	基本杆件\一号U型螺栓.SLDPRT
			/*	4:location	*/	1.0	1.11022E-16	9.21964E-19	0.0	5.55112E-17	1.0	-2.12324E-18	0.0	1.19025E-18	2.71043E-18	1.0	0.0	0.0188503	-0.108956	-0.188	1.0
			/*	4:child_number	*/	0
			/*	4:name	*/	五片三角上的一个钢枕及一号U型螺栓-12/一号U型螺栓单元-11/一号U型螺栓垫片-1
			/*	4:type	*/	基本杆件\一号U型螺栓垫片.SLDPRT
			/*	4:location	*/	-5.55112E-17	-1.0	2.12324E-18	0.0	1.0	1.11022E-16	9.21964E-19	0.0	1.19025E-18	2.71043E-18	1.0	0.0	-0.0111497	0.0790441	0.143	1.0
			/*	4:child_number	*/	0
			/*	4:name	*/	五片三角上的一个钢枕及一号U型螺栓-12/一号U型螺栓单元-11/六四梁螺母-1
			/*	4:type	*/	基本杆件\六四梁螺母.SLDPRT
			/*	4:location	*/	1.0	1.11022E-16	9.21964E-19	0.0	5.55112E-17	1.0	-2.12324E-18	0.0	1.19025E-18	2.71043E-18	1.0	0.0	0.0188503	0.0490441	0.159	1.0
			/*	4:child_number	*/	0
			/*	4:name	*/	五片三角上的一个钢枕及一号U型螺栓-12/一号U型螺栓单元-11/六四梁螺母-2
			/*	4:type	*/	基本杆件\六四梁螺母.SLDPRT
			/*	4:location	*/	1.0	1.11022E-16	9.21964E-19	0.0	5.55112E-17	1.0	-2.12324E-18	0.0	1.19025E-18	2.71043E-18	1.0	0.0	0.0188503	-0.108956	0.159	1.0
			/*	4:child_number	*/	0
		/*	3:name	*/	五片三角上的一个钢枕及一号U型螺栓-12/一号U型螺栓单元-6
		/*	3:type	*/	U型螺栓单元\一号U型螺栓单元.SLDASM
		/*	3:location	*/	0.696203	2.02821E-16	-0.717845	0.0	-0.717845	3.69723E-16	-0.696203	0.0	1.54174E-16	1.0	3.53884E-16	0.0	2.31116	1.55713	-0.164824	1.0
		/*	3:child_number	*/	4
			/*	4:name	*/	五片三角上的一个钢枕及一号U型螺栓-12/一号U型螺栓单元-6/一号U型螺栓-1
			/*	4:type	*/	基本杆件\一号U型螺栓.SLDPRT
			/*	4:location	*/	1.0	-1.11022E-16	4.63881E-20	0.0	-1.11022E-16	1.0	8.05963E-19	0.0	3.40357E-18	9.21717E-19	1.0	0.0	0.0188503	-0.108956	-0.188	1.0
			/*	4:child_number	*/	0
			/*	4:name	*/	五片三角上的一个钢枕及一号U型螺栓-12/一号U型螺栓单元-6/一号U型螺栓垫片-1
			/*	4:type	*/	基本杆件\一号U型螺栓垫片.SLDPRT
			/*	4:location	*/	1.11022E-16	-1.0	-8.05963E-19	0.0	1.0	-1.11022E-16	4.63881E-20	0.0	3.40357E-18	9.21717E-19	1.0	0.0	-0.0111497	0.0790441	0.143	1.0
			/*	4:child_number	*/	0
			/*	4:name	*/	五片三角上的一个钢枕及一号U型螺栓-12/一号U型螺栓单元-6/六四梁螺母-1
			/*	4:type	*/	基本杆件\六四梁螺母.SLDPRT
			/*	4:location	*/	1.0	-1.11022E-16	4.63881E-20	0.0	-1.11022E-16	1.0	8.05963E-19	0.0	3.40357E-18	9.21717E-19	1.0	0.0	0.0188503	0.0490441	0.159	1.0
			/*	4:child_number	*/	0
			/*	4:name	*/	五片三角上的一个钢枕及一号U型螺栓-12/一号U型螺栓单元-6/六四梁螺母-2
			/*	4:type	*/	基本杆件\六四梁螺母.SLDPRT
			/*	4:location	*/	1.0	-1.11022E-16	4.63881E-20	0.0	-1.11022E-16	1.0	8.05963E-19	0.0	3.40357E-18	9.21717E-19	1.0	0.0	0.0188503	-0.108956	0.159	1.0
			/*	4:child_number	*/	0
		/*	3:name	*/	五片三角上的一个钢枕及一号U型螺栓-12/一号U型螺栓单元-7
		/*	3:type	*/	U型螺栓单元\一号U型螺栓单元.SLDASM
		/*	3:location	*/	0.696203	1.94147E-16	-0.717845	0.0	-0.717845	3.31559E-16	-0.696203	0.0	1.33357E-16	1.0	3.20924E-16	0.0	1.11116	1.55713	-0.164824	1.0
		/*	3:child_number	*/	4
			/*	4:name	*/	五片三角上的一个钢枕及一号U型螺栓-12/一号U型螺栓单元-7/一号U型螺栓-1
			/*	4:type	*/	基本杆件\一号U型螺栓.SLDPRT
			/*	4:location	*/	1.0	-1.11022E-16	9.21964E-19	0.0	5.55112E-17	1.0	3.88514E-19	0.0	-6.80714E-19	-1.48236E-18	1.0	0.0	0.0188503	-0.108956	-0.188	1.0
			/*	4:child_number	*/	0
			/*	4:name	*/	五片三角上的一个钢枕及一号U型螺栓-12/一号U型螺栓单元-7/一号U型螺栓垫片-1
			/*	4:type	*/	基本杆件\一号U型螺栓垫片.SLDPRT
			/*	4:location	*/	-5.55112E-17	-1.0	-3.88514E-19	0.0	1.0	-1.11022E-16	9.21964E-19	0.0	-6.80714E-19	-1.48236E-18	1.0	0.0	-0.0111497	0.0790441	0.143	1.0
			/*	4:child_number	*/	0
			/*	4:name	*/	五片三角上的一个钢枕及一号U型螺栓-12/一号U型螺栓单元-7/六四梁螺母-1
			/*	4:type	*/	基本杆件\六四梁螺母.SLDPRT
			/*	4:location	*/	1.0	-1.11022E-16	9.21964E-19	0.0	5.55112E-17	1.0	3.88514E-19	0.0	-6.80714E-19	-1.48236E-18	1.0	0.0	0.0188503	0.0490441	0.159	1.0
			/*	4:child_number	*/	0
			/*	4:name	*/	五片三角上的一个钢枕及一号U型螺栓-12/一号U型螺栓单元-7/六四梁螺母-2
			/*	4:type	*/	基本杆件\六四梁螺母.SLDPRT
			/*	4:location	*/	1.0	-1.11022E-16	9.21964E-19	0.0	5.55112E-17	1.0	3.88514E-19	0.0	-6.80714E-19	-1.48236E-18	1.0	0.0	0.0188503	-0.108956	0.159	1.0
			/*	4:child_number	*/	0
		/*	3:name	*/	五片三角上的一个钢枕及一号U型螺栓-12/一号U型螺栓单元-8
		/*	3:type	*/	U型螺栓单元\一号U型螺栓单元.SLDASM
		/*	3:location	*/	0.696203	2.46189E-16	-0.717845	0.0	-0.717845	3.71458E-16	-0.696203	0.0	1.25551E-16	1.0	3.86843E-16	0.0	-0.0888371	1.55713	-0.164824	1.0
		/*	3:child_number	*/	4
			/*	4:name	*/	五片三角上的一个钢枕及一号U型螺栓-12/一号U型螺栓单元-8/一号U型螺栓-1
			/*	4:type	*/	基本杆件\一号U型螺栓.SLDPRT
			/*	4:location	*/	1.0	-1.11022E-16	9.24864E-19	0.0	5.55112E-17	1.0	-1.18742E-18	0.0	-9.11279E-19	6.51879E-19	1.0	0.0	0.0188503	-0.108956	-0.188	1.0
			/*	4:child_number	*/	0
			/*	4:name	*/	五片三角上的一个钢枕及一号U型螺栓-12/一号U型螺栓单元-8/一号U型螺栓垫片-1
			/*	4:type	*/	基本杆件\一号U型螺栓垫片.SLDPRT
			/*	4:location	*/	-5.55112E-17	-1.0	1.18742E-18	0.0	1.0	-1.11022E-16	9.24864E-19	0.0	-9.11279E-19	6.51879E-19	1.0	0.0	-0.0111497	0.0790441	0.143	1.0
			/*	4:child_number	*/	0
			/*	4:name	*/	五片三角上的一个钢枕及一号U型螺栓-12/一号U型螺栓单元-8/六四梁螺母-1
			/*	4:type	*/	基本杆件\六四梁螺母.SLDPRT
			/*	4:location	*/	1.0	-1.11022E-16	9.24864E-19	0.0	5.55112E-17	1.0	-1.18742E-18	0.0	-9.11279E-19	6.51879E-19	1.0	0.0	0.0188503	0.0490441	0.159	1.0
			/*	4:child_number	*/	0
			/*	4:name	*/	五片三角上的一个钢枕及一号U型螺栓-12/一号U型螺栓单元-8/六四梁螺母-2
			/*	4:type	*/	基本杆件\六四梁螺母.SLDPRT
			/*	4:location	*/	1.0	-1.11022E-16	9.24864E-19	0.0	5.55112E-17	1.0	-1.18742E-18	0.0	-9.11279E-19	6.51879E-19	1.0	0.0	0.0188503	-0.108956	0.159	1.0
			/*	4:child_number	*/	0
		/*	3:name	*/	五片三角上的一个钢枕及一号U型螺栓-12/一号U型螺栓单元-9
		/*	3:type	*/	U型螺栓单元\一号U型螺栓单元.SLDASM
		/*	3:location	*/	0.696203	-5.98621E-16	0.717845	0.0	0.717845	2.01001E-16	-0.696203	0.0	2.7219E-16	1.0	5.67255E-16	0.0	-0.47441	1.55713	-0.191887	1.0
		/*	3:child_number	*/	4
			/*	4:name	*/	五片三角上的一个钢枕及一号U型螺栓-12/一号U型螺栓单元-9/一号U型螺栓-1
			/*	4:type	*/	基本杆件\一号U型螺栓.SLDPRT
			/*	4:location	*/	1.0	1.11022E-16	-1.06306E-20	0.0	1.11022E-16	1.0	-1.15248E-18	0.0	2.29995E-18	5.28869E-19	1.0	0.0	0.0188503	-0.108956	-0.188	1.0
			/*	4:child_number	*/	0
			/*	4:name	*/	五片三角上的一个钢枕及一号U型螺栓-12/一号U型螺栓单元-9/一号U型螺栓垫片-1
			/*	4:type	*/	基本杆件\一号U型螺栓垫片.SLDPRT
			/*	4:location	*/	-1.11022E-16	-1.0	1.15248E-18	0.0	1.0	1.11022E-16	-1.06306E-20	0.0	2.29995E-18	5.28869E-19	1.0	0.0	-0.0111497	0.0790441	0.143	1.0
			/*	4:child_number	*/	0
			/*	4:name	*/	五片三角上的一个钢枕及一号U型螺栓-12/一号U型螺栓单元-9/六四梁螺母-1
			/*	4:type	*/	基本杆件\六四梁螺母.SLDPRT
			/*	4:location	*/	1.0	1.11022E-16	-1.06306E-20	0.0	1.11022E-16	1.0	-1.15248E-18	0.0	2.29995E-18	5.28869E-19	1.0	0.0	0.0188503	0.0490441	0.159	1.0
			/*	4:child_number	*/	0
			/*	4:name	*/	五片三角上的一个钢枕及一号U型螺栓-12/一号U型螺栓单元-9/六四梁螺母-2
			/*	4:type	*/	基本杆件\六四梁螺母.SLDPRT
			/*	4:location	*/	1.0	1.11022E-16	-1.06306E-20	0.0	1.11022E-16	1.0	-1.15248E-18	0.0	2.29995E-18	5.28869E-19	1.0	0.0	0.0188503	-0.108956	0.159	1.0
			/*	4:child_number	*/	0
		/*	3:name	*/	五片三角上的一个钢枕及一号U型螺栓-12/钢枕-1
		/*	3:type	*/	基本杆件\钢枕.SLDPRT
		/*	3:location	*/	0.0	5.55112E-17	-1.0	0.0	1.03652E-16	1.0	5.37764E-17	0.0	1.0	-1.03652E-16	-3.08149E-33	0.0	-1.2185	1.54013	-0.1135	1.0
		/*	3:child_number	*/	0
	/*	2:name	*/	五片三角上的一个钢枕及一号U型螺栓-13
	/*	2:type	*/	钢枕单元\五片三角上的一个钢枕及一号U型螺栓.SLDASM
	/*	2:location	*/	-1.38778E-17	2.44596E-16	-1.0	0.0	0.0133211	0.999911	2.73869E-16	0.0	0.999911	-0.0133211	-2.77556E-17	0.0	7.94587	-0.0344318	-0.112809	1.0
	/*	2:child_number	*/	7
		/*	3:name	*/	五片三角上的一个钢枕及一号U型螺栓-13/一号U型螺栓单元-10
		/*	3:type	*/	U型螺栓单元\一号U型螺栓单元.SLDASM
		/*	3:location	*/	0.696203	-4.40761E-16	0.717845	0.0	0.717845	2.30491E-16	-0.696203	0.0	1.70653E-16	1.0	4.26742E-16	0.0	0.72559	1.55713	-0.191887	1.0
		/*	3:child_number	*/	4
			/*	4:name	*/	五片三角上的一个钢枕及一号U型螺栓-13/一号U型螺栓单元-10/一号U型螺栓-1
			/*	4:type	*/	基本杆件\一号U型螺栓.SLDPRT
			/*	4:location	*/	1.0	0.0	-1.69413E-18	0.0	-5.55112E-17	1.0	-4.88377E-19	0.0	-2.47033E-18	4.99944E-19	1.0	0.0	0.0188503	-0.108956	-0.188	1.0
			/*	4:child_number	*/	0
			/*	4:name	*/	五片三角上的一个钢枕及一号U型螺栓-13/一号U型螺栓单元-10/一号U型螺栓垫片-1
			/*	4:type	*/	基本杆件\一号U型螺栓垫片.SLDPRT
			/*	4:location	*/	5.55112E-17	-1.0	4.88377E-19	0.0	1.0	0.0	-1.69413E-18	0.0	-2.47033E-18	4.99944E-19	1.0	0.0	-0.0111497	0.0790441	0.143	1.0
			/*	4:child_number	*/	0
			/*	4:name	*/	五片三角上的一个钢枕及一号U型螺栓-13/一号U型螺栓单元-10/六四梁螺母-1
			/*	4:type	*/	基本杆件\六四梁螺母.SLDPRT
			/*	4:location	*/	1.0	0.0	-1.69413E-18	0.0	-5.55112E-17	1.0	-4.88377E-19	0.0	-2.47033E-18	4.99944E-19	1.0	0.0	0.0188503	0.0490441	0.159	1.0
			/*	4:child_number	*/	0
			/*	4:name	*/	五片三角上的一个钢枕及一号U型螺栓-13/一号U型螺栓单元-10/六四梁螺母-2
			/*	4:type	*/	基本杆件\六四梁螺母.SLDPRT
			/*	4:location	*/	1.0	0.0	-1.69413E-18	0.0	-5.55112E-17	1.0	-4.88377E-19	0.0	-2.47033E-18	4.99944E-19	1.0	0.0	0.0188503	-0.108956	0.159	1.0
			/*	4:child_number	*/	0
		/*	3:name	*/	五片三角上的一个钢枕及一号U型螺栓-13/一号U型螺栓单元-11
		/*	3:type	*/	U型螺栓单元\一号U型螺栓单元.SLDASM
		/*	3:location	*/	0.696203	-3.38413E-16	0.717845	0.0	0.717845	1.83654E-16	-0.696203	0.0	1.03652E-16	1.0	3.69496E-16	0.0	1.92559	1.55713	-0.191887	1.0
		/*	3:child_number	*/	4
			/*	4:name	*/	五片三角上的一个钢枕及一号U型螺栓-13/一号U型螺栓单元-11/一号U型螺栓-1
			/*	4:type	*/	基本杆件\一号U型螺栓.SLDPRT
			/*	4:location	*/	1.0	1.11022E-16	9.21964E-19	0.0	5.55112E-17	1.0	-2.12324E-18	0.0	1.19025E-18	2.71043E-18	1.0	0.0	0.0188503	-0.108956	-0.188	1.0
			/*	4:child_number	*/	0
			/*	4:name	*/	五片三角上的一个钢枕及一号U型螺栓-13/一号U型螺栓单元-11/一号U型螺栓垫片-1
			/*	4:type	*/	基本杆件\一号U型螺栓垫片.SLDPRT
			/*	4:location	*/	-5.55112E-17	-1.0	2.12324E-18	0.0	1.0	1.11022E-16	9.21964E-19	0.0	1.19025E-18	2.71043E-18	1.0	0.0	-0.0111497	0.0790441	0.143	1.0
			/*	4:child_number	*/	0
			/*	4:name	*/	五片三角上的一个钢枕及一号U型螺栓-13/一号U型螺栓单元-11/六四梁螺母-1
			/*	4:type	*/	基本杆件\六四梁螺母.SLDPRT
			/*	4:location	*/	1.0	1.11022E-16	9.21964E-19	0.0	5.55112E-17	1.0	-2.12324E-18	0.0	1.19025E-18	2.71043E-18	1.0	0.0	0.0188503	0.0490441	0.159	1.0
			/*	4:child_number	*/	0
			/*	4:name	*/	五片三角上的一个钢枕及一号U型螺栓-13/一号U型螺栓单元-11/六四梁螺母-2
			/*	4:type	*/	基本杆件\六四梁螺母.SLDPRT
			/*	4:location	*/	1.0	1.11022E-16	9.21964E-19	0.0	5.55112E-17	1.0	-2.12324E-18	0.0	1.19025E-18	2.71043E-18	1.0	0.0	0.0188503	-0.108956	0.159	1.0
			/*	4:child_number	*/	0
		/*	3:name	*/	五片三角上的一个钢枕及一号U型螺栓-13/一号U型螺栓单元-6
		/*	3:type	*/	U型螺栓单元\一号U型螺栓单元.SLDASM
		/*	3:location	*/	0.696203	2.02821E-16	-0.717845	0.0	-0.717845	3.69723E-16	-0.696203	0.0	1.54174E-16	1.0	3.53884E-16	0.0	2.31116	1.55713	-0.164824	1.0
		/*	3:child_number	*/	4
			/*	4:name	*/	五片三角上的一个钢枕及一号U型螺栓-13/一号U型螺栓单元-6/一号U型螺栓-1
			/*	4:type	*/	基本杆件\一号U型螺栓.SLDPRT
			/*	4:location	*/	1.0	-1.11022E-16	4.63881E-20	0.0	-1.11022E-16	1.0	8.05963E-19	0.0	3.40357E-18	9.21717E-19	1.0	0.0	0.0188503	-0.108956	-0.188	1.0
			/*	4:child_number	*/	0
			/*	4:name	*/	五片三角上的一个钢枕及一号U型螺栓-13/一号U型螺栓单元-6/一号U型螺栓垫片-1
			/*	4:type	*/	基本杆件\一号U型螺栓垫片.SLDPRT
			/*	4:location	*/	1.11022E-16	-1.0	-8.05963E-19	0.0	1.0	-1.11022E-16	4.63881E-20	0.0	3.40357E-18	9.21717E-19	1.0	0.0	-0.0111497	0.0790441	0.143	1.0
			/*	4:child_number	*/	0
			/*	4:name	*/	五片三角上的一个钢枕及一号U型螺栓-13/一号U型螺栓单元-6/六四梁螺母-1
			/*	4:type	*/	基本杆件\六四梁螺母.SLDPRT
			/*	4:location	*/	1.0	-1.11022E-16	4.63881E-20	0.0	-1.11022E-16	1.0	8.05963E-19	0.0	3.40357E-18	9.21717E-19	1.0	0.0	0.0188503	0.0490441	0.159	1.0
			/*	4:child_number	*/	0
			/*	4:name	*/	五片三角上的一个钢枕及一号U型螺栓-13/一号U型螺栓单元-6/六四梁螺母-2
			/*	4:type	*/	基本杆件\六四梁螺母.SLDPRT
			/*	4:location	*/	1.0	-1.11022E-16	4.63881E-20	0.0	-1.11022E-16	1.0	8.05963E-19	0.0	3.40357E-18	9.21717E-19	1.0	0.0	0.0188503	-0.108956	0.159	1.0
			/*	4:child_number	*/	0
		/*	3:name	*/	五片三角上的一个钢枕及一号U型螺栓-13/一号U型螺栓单元-7
		/*	3:type	*/	U型螺栓单元\一号U型螺栓单元.SLDASM
		/*	3:location	*/	0.696203	1.94147E-16	-0.717845	0.0	-0.717845	3.31559E-16	-0.696203	0.0	1.33357E-16	1.0	3.20924E-16	0.0	1.11116	1.55713	-0.164824	1.0
		/*	3:child_number	*/	4
			/*	4:name	*/	五片三角上的一个钢枕及一号U型螺栓-13/一号U型螺栓单元-7/一号U型螺栓-1
			/*	4:type	*/	基本杆件\一号U型螺栓.SLDPRT
			/*	4:location	*/	1.0	-1.11022E-16	9.21964E-19	0.0	5.55112E-17	1.0	3.88514E-19	0.0	-6.80714E-19	-1.48236E-18	1.0	0.0	0.0188503	-0.108956	-0.188	1.0
			/*	4:child_number	*/	0
			/*	4:name	*/	五片三角上的一个钢枕及一号U型螺栓-13/一号U型螺栓单元-7/一号U型螺栓垫片-1
			/*	4:type	*/	基本杆件\一号U型螺栓垫片.SLDPRT
			/*	4:location	*/	-5.55112E-17	-1.0	-3.88514E-19	0.0	1.0	-1.11022E-16	9.21964E-19	0.0	-6.80714E-19	-1.48236E-18	1.0	0.0	-0.0111497	0.0790441	0.143	1.0
			/*	4:child_number	*/	0
			/*	4:name	*/	五片三角上的一个钢枕及一号U型螺栓-13/一号U型螺栓单元-7/六四梁螺母-1
			/*	4:type	*/	基本杆件\六四梁螺母.SLDPRT
			/*	4:location	*/	1.0	-1.11022E-16	9.21964E-19	0.0	5.55112E-17	1.0	3.88514E-19	0.0	-6.80714E-19	-1.48236E-18	1.0	0.0	0.0188503	0.0490441	0.159	1.0
			/*	4:child_number	*/	0
			/*	4:name	*/	五片三角上的一个钢枕及一号U型螺栓-13/一号U型螺栓单元-7/六四梁螺母-2
			/*	4:type	*/	基本杆件\六四梁螺母.SLDPRT
			/*	4:location	*/	1.0	-1.11022E-16	9.21964E-19	0.0	5.55112E-17	1.0	3.88514E-19	0.0	-6.80714E-19	-1.48236E-18	1.0	0.0	0.0188503	-0.108956	0.159	1.0
			/*	4:child_number	*/	0
		/*	3:name	*/	五片三角上的一个钢枕及一号U型螺栓-13/一号U型螺栓单元-8
		/*	3:type	*/	U型螺栓单元\一号U型螺栓单元.SLDASM
		/*	3:location	*/	0.696203	2.46189E-16	-0.717845	0.0	-0.717845	3.71458E-16	-0.696203	0.0	1.25551E-16	1.0	3.86843E-16	0.0	-0.0888371	1.55713	-0.164824	1.0
		/*	3:child_number	*/	4
			/*	4:name	*/	五片三角上的一个钢枕及一号U型螺栓-13/一号U型螺栓单元-8/一号U型螺栓-1
			/*	4:type	*/	基本杆件\一号U型螺栓.SLDPRT
			/*	4:location	*/	1.0	-1.11022E-16	9.24864E-19	0.0	5.55112E-17	1.0	-1.18742E-18	0.0	-9.11279E-19	6.51879E-19	1.0	0.0	0.0188503	-0.108956	-0.188	1.0
			/*	4:child_number	*/	0
			/*	4:name	*/	五片三角上的一个钢枕及一号U型螺栓-13/一号U型螺栓单元-8/一号U型螺栓垫片-1
			/*	4:type	*/	基本杆件\一号U型螺栓垫片.SLDPRT
