低平板装分水节
低平板装分水节.SLDASM
1.0	0.0	0.0	0.0	0.0	1.0	0.0	0.0	0.0	0.0	1.0	0.0	0.0	0.0	0.0	1.0
11
	20T低平板车-1
	20T低平板车.SLDASM
	1.0	0.0	0.0	0.0	0.0	1.0	0.0	0.0	0.0	0.0	1.0	0.0	-8.56293	-1.12251	-2.68674E-14	1.0
	33
		20T低平板车-1/平板-1
		平板.SLDPRT
		6.16298E-33	0.0	1.0	0.0	1.14424E-17	1.0	0.0	0.0	-1.0	1.14424E-17	6.16298E-33	0.0	3.77706	0.596703	-1.44963	1.0
		0

		20T低平板车-1/牵引-1
		牵引.SLDPRT
		0.0	0.0	1.0	0.0	1.11022E-16	1.0	0.0	0.0	-1.0	-1.11022E-16	0.0	0.0	2.83319	-0.173297	-0.74963	1.0
		0

		20T低平板车-1/轮轴-1
		轮轴.SLDASM
		0.0	0.0	-1.0	0.0	0.0	1.0	0.0	0.0	1.0	0.0	0.0	0.0	3.02438	-0.693232	-1.00102	1.0
		3
			20T低平板车-1/轮轴-1/汽车轮胎-1
			汽车轮胎.SLDPRT
			1.0	0.0	0.0	0.0	0.0	1.0	0.0	0.0	0.0	0.0	1.0	0.0	0.0489793	-0.0599199	0.0	1.0
			0

			20T低平板车-1/轮轴-1/汽车车轴-1
			汽车车轴.SLDPRT
			1.0	0.0	0.0	0.0	0.0	0.856824	-0.515608	0.0	0.0	0.515608	0.856824	0.0	-2.05102	-0.0599199	0.0	1.0
			0

			20T低平板车-1/轮轴-1/汽车汽车轮胎-2
			汽车轮胎.SLDPRT
			-1.0	0.0	0.0	0.0	0.0	0.381849	-0.924225	0.0	0.0	-0.924225	-0.381849	0.0	-2.05102	-0.0599199	0.0	1.0
			0


		20T低平板车-1/车头-1
		车头.SLDASM
		1.0	0.0	0.0	0.0	0.0	1.0	0.0	0.0	0.0	0.0	1.0	0.0	-0.535935	0.0831788	3.70498E-4	1.0
		2
			20T低平板车-1/车头-1/斯太尔车头-1
			斯太尔车头.SLDPRT
			1.0	0.0	0.0	0.0	0.0	1.0	0.0	0.0	0.0	0.0	1.0	0.0	-0.0802277	1.41341	-1.11022E-16	1.0
			0

			20T低平板车-1/车头-1/轮轴-1
			轮轴.SLDASM
			0.0	0.0	-1.0	0.0	0.0	1.0	0.0	0.0	1.0	0.0	0.0	0.0	0.242955	-0.644119	-1.00139	1.0
			3
				20T低平板车-1/车头-1/轮轴-1/汽车轮胎-1
				汽车轮胎.SLDPRT
				1.0	0.0	0.0	0.0	0.0	1.0	0.0	0.0	0.0	0.0	1.0	0.0	0.0489793	-0.0599199	0.0	1.0
				0

				20T低平板车-1/车头-1/轮轴-1/汽车车轴-1
				汽车车轴.SLDPRT
				1.0	0.0	0.0	0.0	0.0	0.856824	-0.515608	0.0	0.0	0.515608	0.856824	0.0	-2.05102	-0.0599199	0.0	1.0
				0

				20T低平板车-1/车头-1/轮轴-1/汽车轮胎-2
				汽车轮胎.SLDPRT
				-1.0	0.0	0.0	0.0	0.0	0.381849	-0.924225	0.0	0.0	-0.924225	-0.381849	0.0	-2.05102	-0.0599199	0.0	1.0
				0



		20T低平板车-1/轮轴-4
		轮轴.SLDASM
		0.0	0.0	-1.0	0.0	0.0	1.0	0.0	0.0	1.0	0.0	0.0	0.0	15.1131	-0.825192	-1.00102	1.0
		3
			20T低平板车-1/轮轴-4/汽车轮胎-1
			汽车轮胎.SLDPRT
			1.0	0.0	0.0	0.0	0.0	1.0	0.0	0.0	0.0	0.0	1.0	0.0	0.0489793	-0.0599199	0.0	1.0
			0

			20T低平板车-1/轮轴-4/汽车车轴-1
			汽车车轴.SLDPRT
			1.0	0.0	0.0	0.0	0.0	0.856824	-0.515608	0.0	0.0	0.515608	0.856824	0.0	-2.05102	-0.0599199	0.0	1.0
			0

			20T低平板车-1/轮轴-4/汽车轮胎-2
			汽车轮胎.SLDPRT
			-1.0	0.0	0.0	0.0	0.0	0.381849	-0.924225	0.0	0.0	-0.924225	-0.381849	0.0	-2.05102	-0.0599199	0.0	1.0
			0


		20T低平板车-1/轮轴-3
		轮轴.SLDASM
		0.0	0.0	1.0	0.0	0.0	1.0	0.0	0.0	-1.0	0.0	0.0	0.0	13.5511	-0.841519	1.00102	1.0
		3
			20T低平板车-1/轮轴-3/汽车轮胎-1
			汽车轮胎.SLDPRT
			1.0	0.0	0.0	0.0	0.0	1.0	0.0	0.0	0.0	0.0	1.0	0.0	0.0489793	-0.0599199	0.0	1.0
			0

			20T低平板车-1/轮轴-3/汽车车轴-1
			汽车车轴.SLDPRT
			1.0	0.0	0.0	0.0	0.0	0.856824	-0.515608	0.0	0.0	0.515608	0.856824	0.0	-2.05102	-0.0599199	0.0	1.0
			0

			20T低平板车-1/轮轴-3/汽车轮胎-2
			汽车轮胎.SLDPRT
			-1.0	0.0	0.0	0.0	0.0	0.381849	-0.924225	0.0	0.0	-0.924225	-0.381849	0.0	-2.05102	-0.0599199	0.0	1.0
			0


		20T低平板车-1/轮轴-2
		轮轴.SLDASM
		0.0	0.0	-1.0	0.0	0.0	1.0	0.0	0.0	1.0	0.0	0.0	0.0	4.49424	-0.713544	-1.00102	1.0
		3
			20T低平板车-1/轮轴-2/汽车轮胎-1
			汽车轮胎.SLDPRT
			1.0	0.0	0.0	0.0	0.0	1.0	0.0	0.0	0.0	0.0	1.0	0.0	0.0489793	-0.0599199	0.0	1.0
			0

			20T低平板车-1/轮轴-2/汽车车轴-1
			汽车车轴.SLDPRT
			1.0	0.0	0.0	0.0	0.0	0.856824	-0.515608	0.0	0.0	0.515608	0.856824	0.0	-2.05102	-0.0599199	0.0	1.0
			0

			20T低平板车-1/轮轴-2/汽车轮胎-2
			汽车轮胎.SLDPRT
			-1.0	0.0	0.0	0.0	0.0	0.381849	-0.924225	0.0	0.0	-0.924225	-0.381849	0.0	-2.05102	-0.0599199	0.0	1.0
			0


		20T低平板车-1/侧面销-3
		侧面销.SLDPRT
		1.0	0.0	0.0	0.0	0.0	1.0	0.0	0.0	0.0	0.0	1.0	0.0	8.56309	-0.308616	1.45037	1.0
		0

		20T低平板车-1/侧面销-2
		侧面销.SLDPRT
		1.0	0.0	0.0	0.0	0.0	1.0	0.0	0.0	0.0	0.0	1.0	0.0	7.76309	-0.308616	1.45037	1.0
		0

		20T低平板车-1/侧面销-1
		侧面销.SLDPRT
		1.0	0.0	0.0	0.0	0.0	1.0	0.0	0.0	0.0	0.0	1.0	0.0	6.96309	-0.308616	1.45037	1.0
		0

		20T低平板车-1/侧面销-5
		侧面销.SLDPRT
		1.0	0.0	0.0	0.0	0.0	1.0	0.0	0.0	0.0	0.0	1.0	0.0	10.1631	-0.308616	1.45037	1.0
		0

		20T低平板车-1/侧面销-4
		侧面销.SLDPRT
		1.0	0.0	0.0	0.0	0.0	1.0	0.0	0.0	0.0	0.0	1.0	0.0	9.36309	-0.308616	1.45037	1.0
		0

		20T低平板车-1/侧面销-8
		侧面销.SLDPRT
		1.0	0.0	0.0	0.0	0.0	1.0	0.0	0.0	0.0	0.0	1.0	0.0	12.5631	-0.308616	1.45037	1.0
		0

		20T低平板车-1/侧面销-7
		侧面销.SLDPRT
		1.0	0.0	0.0	0.0	0.0	1.0	0.0	0.0	0.0	0.0	1.0	0.0	11.7631	-0.308616	1.45037	1.0
		0

		20T低平板车-1/侧面销-6
		侧面销.SLDPRT
		1.0	0.0	0.0	0.0	0.0	1.0	0.0	0.0	0.0	0.0	1.0	0.0	10.9631	-0.308616	1.45037	1.0
		0

		20T低平板车-1/侧面销-10
		侧面销.SLDPRT
		1.0	0.0	0.0	0.0	0.0	1.0	0.0	0.0	0.0	0.0	1.0	0.0	14.1631	-0.308616	1.45037	1.0
		0

		20T低平板车-1/侧面销-9
		侧面销.SLDPRT
		1.0	0.0	0.0	0.0	0.0	1.0	0.0	0.0	0.0	0.0	1.0	0.0	13.3631	-0.308616	1.45037	1.0
		0

		20T低平板车-1/侧面销-13
		侧面销.SLDPRT
		1.0	0.0	0.0	0.0	0.0	1.0	0.0	0.0	0.0	0.0	1.0	0.0	16.5631	-0.308616	1.45037	1.0
		0

		20T低平板车-1/侧面销-12
		侧面销.SLDPRT
		1.0	0.0	0.0	0.0	0.0	1.0	0.0	0.0	0.0	0.0	1.0	0.0	15.7631	-0.308616	1.45037	1.0
		0

		20T低平板车-1/侧面销-11
		侧面销.SLDPRT
		1.0	0.0	0.0	0.0	0.0	1.0	0.0	0.0	0.0	0.0	1.0	0.0	14.9631	-0.308616	1.45037	1.0
		0

		20T低平板车-1/侧面销-15
		侧面销.SLDPRT
		1.0	-3.2193E-5	3.01893E-10	0.0	-3.2193E-5	-1.0	1.87552E-5	0.0	-3.01893E-10	-1.87552E-5	-1.0	0.0	7.76309	-0.308615	-1.45037	1.0
		0

		20T低平板车-1/侧面销-14
		侧面销.SLDPRT
		1.0	-3.2193E-5	3.01893E-10	0.0	-3.2193E-5	-1.0	1.87552E-5	0.0	-3.01893E-10	-1.87552E-5	-1.0	0.0	6.96309	-0.308615	-1.45037	1.0
		0

		20T低平板车-1/侧面销-18
		侧面销.SLDPRT
		1.0	-3.2193E-5	3.01893E-10	0.0	-3.2193E-5	-1.0	1.87552E-5	0.0	-3.01893E-10	-1.87552E-5	-1.0	0.0	10.1631	-0.308615	-1.45037	1.0
		0

		20T低平板车-1/侧面销-17
		侧面销.SLDPRT
		1.0	-3.2193E-5	3.01893E-10	0.0	-3.2193E-5	-1.0	1.87552E-5	0.0	-3.01893E-10	-1.87552E-5	-1.0	0.0	9.36309	-0.308615	-1.45037	1.0
		0

		20T低平板车-1/侧面销-16
		侧面销.SLDPRT
		1.0	-3.2193E-5	3.01893E-10	0.0	-3.2193E-5	-1.0	1.87552E-5	0.0	-3.01893E-10	-1.87552E-5	-1.0	0.0	8.56309	-0.308615	-1.45037	1.0
		0

		20T低平板车-1/侧面销-21
		侧面销.SLDPRT
		1.0	-3.2193E-5	3.01893E-10	0.0	-3.2193E-5	-1.0	1.87552E-5	0.0	-3.01893E-10	-1.87552E-5	-1.0	0.0	12.5631	-0.308615	-1.45037	1.0
		0

		20T低平板车-1/侧面销-20
		侧面销.SLDPRT
		1.0	-3.2193E-5	3.01893E-10	0.0	-3.2193E-5	-1.0	1.87552E-5	0.0	-3.01893E-10	-1.87552E-5	-1.0	0.0	11.7631	-0.308615	-1.45037	1.0
		0

		20T低平板车-1/侧面销-19
		侧面销.SLDPRT
		1.0	-3.2193E-5	3.01893E-10	0.0	-3.2193E-5	-1.0	1.87552E-5	0.0	-3.01893E-10	-1.87552E-5	-1.0	0.0	10.9631	-0.308615	-1.45037	1.0
		0

		20T低平板车-1/侧面销-24
		侧面销.SLDPRT
		1.0	-3.2193E-5	3.01893E-10	0.0	-3.2193E-5	-1.0	1.87552E-5	0.0	-3.01893E-10	-1.87552E-5	-1.0	0.0	14.9631	-0.308615	-1.45037	1.0
		0

		20T低平板车-1/侧面销-23
		侧面销.SLDPRT
		1.0	-3.2193E-5	3.01893E-10	0.0	-3.2193E-5	-1.0	1.87552E-5	0.0	-3.01893E-10	-1.87552E-5	-1.0	0.0	14.1631	-0.308615	-1.45037	1.0
		0

		20T低平板车-1/侧面销-22
		侧面销.SLDPRT
		1.0	-3.2193E-5	3.01893E-10	0.0	-3.2193E-5	-1.0	1.87552E-5	0.0	-3.01893E-10	-1.87552E-5	-1.0	0.0	13.3631	-0.308615	-1.45037	1.0
		0

		20T低平板车-1/侧面销-26
		侧面销.SLDPRT
		1.0	-3.2193E-5	3.01893E-10	0.0	-3.2193E-5	-1.0	1.87552E-5	0.0	-3.01893E-10	-1.87552E-5	-1.0	0.0	16.5631	-0.308615	-1.45037	1.0
		0

		20T低平板车-1/侧面销-25
		侧面销.SLDPRT
		1.0	-3.2193E-5	3.01893E-10	0.0	-3.2193E-5	-1.0	1.87552E-5	0.0	-3.01893E-10	-1.87552E-5	-1.0	0.0	15.7631	-0.308615	-1.45037	1.0
		0


	分水节-1
	分水节.SLDPRT
	0.0393614	0.999225	7.80626E-17	0.0	-0.999225	0.0393614	-5.56574E-17	0.0	-5.86869E-17	-7.58113E-17	1.0	0.0	-0.281118	-1.26107	3.73763E-4	1.0
	0

	分水节-4
	分水节.SLDPRT
	0.0393614	0.999225	6.66018E-18	0.0	-0.999225	0.0393614	7.21202E-18	0.0	6.94428E-18	-6.93889E-18	1.0	0.0	3.70197	-1.26107	3.73763E-4	1.0
	0

	分水节-3
	分水节.SLDPRT
	0.0393614	0.999225	6.66018E-18	0.0	-0.999225	0.0393614	7.21202E-18	0.0	6.94428E-18	-6.93889E-18	1.0	0.0	7.68506	-1.26107	3.73763E-4	1.0
	0

	分水节-2
	分水节.SLDPRT
	0.0393614	0.999225	6.66018E-18	0.0	-0.999225	0.0393614	7.21202E-18	0.0	6.94428E-18	-6.93889E-18	1.0	0.0	1.71043	-1.26107	3.73763E-4	1.0
	0

	绳7-2
	绳7.SLDPRT
	2.25446E-17	1.0	-6.84228E-50	0.0	-1.0	2.25446E-17	6.84228E-50	0.0	6.84228E-50	6.84228E-50	1.0	0.0	0.804244	-1.19584	-0.00227527	1.0
	0

	绳7-1
	绳7.SLDPRT
	2.25446E-17	1.0	-6.84228E-50	0.0	-1.0	2.25446E-17	6.84228E-50	0.0	6.84228E-50	6.84228E-50	1.0	0.0	-1.59702	-1.17014	-0.00507487	1.0
	0

	分水节-5
	分水节.SLDPRT
	0.0393614	0.999225	6.66018E-18	0.0	-0.999225	0.0393614	7.21202E-18	0.0	6.94428E-18	-6.93889E-18	1.0	0.0	5.69351	-1.26107	3.73763E-4	1.0
	0

	绳7-5
	绳7.SLDPRT
	2.25446E-17	1.0	-6.84228E-50	0.0	-1.0	2.25446E-17	6.84228E-50	0.0	6.84228E-50	6.84228E-50	1.0	0.0	6.41342	-1.17999	-0.00227527	1.0
	0

	绳7-4
	绳7.SLDPRT
	2.25446E-17	1.0	-6.84228E-50	0.0	-1.0	2.25446E-17	6.84228E-50	0.0	6.84228E-50	6.84228E-50	1.0	0.0	4.79471	-1.16351	-0.00227527	1.0
	0

	绳7-3
	绳7.SLDPRT
	2.25446E-17	1.0	-6.84228E-50	0.0	-1.0	2.25446E-17	6.84228E-50	0.0	6.84228E-50	6.84228E-50	1.0	0.0	2.40369	-1.17669	-0.00227527	1.0
	0


