/*	1:name	*/	3_6
/*	1:type	*/	3_6\3_6.SLDASM
/*	1:location	*/	1.0	0.0	0.0	0.0	0.0	1.0	0.0	0.0	0.0	0.0	1.0	0.0	0.0	0.0	0.0	1.0
/*	1:child_number	*/	3
	/*	2:name	*/	上垫梁-1
	/*	2:type	*/	3_4\上垫梁\上垫梁.SLDASM
	/*	2:location	*/	7.63278E-17	9.60217E-17	-1.0	0.0	1.34101E-16	1.0	9.60217E-17	0.0	1.0	-1.34101E-16	7.63278E-17	0.0	2.875	12.7182	2.49425	1.0
	/*	2:child_number	*/	21
		/*	3:name	*/	上垫梁-1/上垫梁下层-1
		/*	3:type	*/	3_4\上垫梁\上垫梁下层.SLDASM
		/*	3:location	*/	1.0	3.32825E-33	-4.62223E-33	0.0	-3.32825E-33	1.0	7.32913E-33	0.0	4.62223E-33	7.32913E-33	1.0	0.0	0.412676	-0.630662	0.0	1.0
		/*	3:child_number	*/	76
			/*	4:name	*/	上垫梁-1/上垫梁下层-1/1：基本杆件-4
			/*	4:type	*/	基本杆件\1：基本杆件.SLDPRT
			/*	4:location	*/	1.0	3.32825E-33	-4.62223E-33	0.0	-3.32825E-33	1.0	7.32913E-33	0.0	4.62223E-33	7.32913E-33	1.0	0.0	-2.26842	0.436429	1.65	1.0
			/*	4:child_number	*/	0
			/*	4:name	*/	上垫梁-1/上垫梁下层-1/1：基本杆件-3
			/*	4:type	*/	基本杆件\1：基本杆件.SLDPRT
			/*	4:location	*/	1.0	3.32825E-33	-4.62223E-33	0.0	-3.32825E-33	1.0	7.32913E-33	0.0	4.62223E-33	7.32913E-33	1.0	0.0	-2.26842	0.698429	-0.1	1.0
			/*	4:child_number	*/	0
			/*	4:name	*/	上垫梁-1/上垫梁下层-1/1：基本杆件-1
			/*	4:type	*/	基本杆件\1：基本杆件.SLDPRT
			/*	4:location	*/	1.0	3.32825E-33	-4.62223E-33	0.0	-3.32825E-33	1.0	7.32913E-33	0.0	4.62223E-33	7.32913E-33	1.0	0.0	-2.26842	0.436429	-0.1	1.0
			/*	4:child_number	*/	0
			/*	4:name	*/	上垫梁-1/上垫梁下层-1/1：基本杆件-5
			/*	4:type	*/	基本杆件\1：基本杆件.SLDPRT
			/*	4:location	*/	1.0	3.32825E-33	-4.62223E-33	0.0	-3.32825E-33	1.0	7.32913E-33	0.0	4.62223E-33	7.32913E-33	1.0	0.0	-2.26842	0.436429	3.4	1.0
			/*	4:child_number	*/	0
			/*	4:name	*/	上垫梁-1/上垫梁下层-1/4个M50-10
			/*	4:type	*/	基本组合\4个M50.SLDASM
			/*	4:location	*/	0.999098	-3.73525E-17	0.0424734	0.0	-0.0424734	1.58792E-18	0.999098	0.0	-3.73863E-17	-1.0	-4.47551E-33	0.0	0.185191	0.692929	5.31748	1.0
			/*	4:child_number	*/	4
				/*	5:name	*/	上垫梁-1/上垫梁下层-1/4个M50-10/11：M50螺栓-3
				/*	5:type	*/	基本杆件\11：M50螺栓.SLDPRT
				/*	5:location	*/	1.0	3.03915E-18	2.61806E-33	0.0	8.23316E-19	1.0	-1.51517E-33	0.0	-3.89399E-33	-1.10835E-33	1.0	0.0	-0.141199	0.00102167	-0.0325	1.0
				/*	5:child_number	*/	0
				/*	5:name	*/	上垫梁-1/上垫梁下层-1/4个M50-10/11：M50螺栓-2
				/*	5:type	*/	基本杆件\11：M50螺栓.SLDPRT
				/*	5:location	*/	1.0	3.03915E-18	2.61806E-33	0.0	8.23316E-19	1.0	-1.51517E-33	0.0	-3.89399E-33	-1.10835E-33	1.0	0.0	-0.0216214	-0.129175	-0.0325	1.0
				/*	5:child_number	*/	0
				/*	5:name	*/	上垫梁-1/上垫梁下层-1/4个M50-10/11：M50螺栓-1
				/*	5:type	*/	基本杆件\11：M50螺栓.SLDPRT
				/*	5:location	*/	1.0	3.03915E-18	2.61806E-33	0.0	8.23316E-19	1.0	-1.51517E-33	0.0	-3.89399E-33	-1.10835E-33	1.0	0.0	-0.0163122	-0.0042875	-0.0325	1.0
				/*	5:child_number	*/	0
				/*	5:name	*/	上垫梁-1/上垫梁下层-1/4个M50-10/11：M50螺栓-4
				/*	5:type	*/	基本杆件\11：M50螺栓.SLDPRT
				/*	5:location	*/	1.0	3.03915E-18	2.61806E-33	0.0	8.23316E-19	1.0	-1.51517E-33	0.0	-3.89399E-33	-1.10835E-33	1.0	0.0	-0.146509	-0.123866	-0.0325	1.0
				/*	5:child_number	*/	0
			/*	4:name	*/	上垫梁-1/上垫梁下层-1/4个M50-9
			/*	4:type	*/	基本组合\4个M50.SLDASM
			/*	4:location	*/	0.999098	-3.73525E-17	0.0424734	0.0	-0.0424734	1.58792E-18	0.999098	0.0	-3.73863E-17	-1.0	-4.47551E-33	0.0	-0.0648086	0.692929	5.31748	1.0
			/*	4:child_number	*/	4
				/*	5:name	*/	上垫梁-1/上垫梁下层-1/4个M50-9/11：M50螺栓-3
				/*	5:type	*/	基本杆件\11：M50螺栓.SLDPRT
				/*	5:location	*/	1.0	3.03915E-18	2.61806E-33	0.0	8.23316E-19	1.0	-1.51517E-33	0.0	-3.89399E-33	-1.10835E-33	1.0	0.0	-0.141199	0.00102167	-0.0325	1.0
				/*	5:child_number	*/	0
				/*	5:name	*/	上垫梁-1/上垫梁下层-1/4个M50-9/11：M50螺栓-2
				/*	5:type	*/	基本杆件\11：M50螺栓.SLDPRT
				/*	5:location	*/	1.0	3.03915E-18	2.61806E-33	0.0	8.23316E-19	1.0	-1.51517E-33	0.0	-3.89399E-33	-1.10835E-33	1.0	0.0	-0.0216214	-0.129175	-0.0325	1.0
				/*	5:child_number	*/	0
				/*	5:name	*/	上垫梁-1/上垫梁下层-1/4个M50-9/11：M50螺栓-1
				/*	5:type	*/	基本杆件\11：M50螺栓.SLDPRT
				/*	5:location	*/	1.0	3.03915E-18	2.61806E-33	0.0	8.23316E-19	1.0	-1.51517E-33	0.0	-3.89399E-33	-1.10835E-33	1.0	0.0	-0.0163122	-0.0042875	-0.0325	1.0
				/*	5:child_number	*/	0
				/*	5:name	*/	上垫梁-1/上垫梁下层-1/4个M50-9/11：M50螺栓-4
				/*	5:type	*/	基本杆件\11：M50螺栓.SLDPRT
				/*	5:location	*/	1.0	3.03915E-18	2.61806E-33	0.0	8.23316E-19	1.0	-1.51517E-33	0.0	-3.89399E-33	-1.10835E-33	1.0	0.0	-0.146509	-0.123866	-0.0325	1.0
				/*	5:child_number	*/	0
			/*	4:name	*/	上垫梁-1/上垫梁下层-1/1：基本杆件-8
			/*	4:type	*/	基本杆件\1：基本杆件.SLDPRT
			/*	4:location	*/	1.0	3.32825E-33	-4.62223E-33	0.0	-3.32825E-33	1.0	7.32913E-33	0.0	4.62223E-33	7.32913E-33	1.0	0.0	-2.26842	0.698429	3.4	1.0
			/*	4:child_number	*/	0
			/*	4:name	*/	上垫梁-1/上垫梁下层-1/1：基本杆件-7
			/*	4:type	*/	基本杆件\1：基本杆件.SLDPRT
			/*	4:location	*/	1.0	3.32825E-33	-4.62223E-33	0.0	-3.32825E-33	1.0	7.32913E-33	0.0	4.62223E-33	7.32913E-33	1.0	0.0	-2.26842	0.698429	1.65	1.0
			/*	4:child_number	*/	0
			/*	4:name	*/	上垫梁-1/上垫梁下层-1/1：基本杆件-6
			/*	4:type	*/	基本杆件\1：基本杆件.SLDPRT
			/*	4:location	*/	1.0	3.32825E-33	-4.62223E-33	0.0	-3.32825E-33	1.0	7.32913E-33	0.0	4.62223E-33	7.32913E-33	1.0	0.0	-2.26842	0.436429	5.15	1.0
			/*	4:child_number	*/	0
			/*	4:name	*/	上垫梁-1/上垫梁下层-1/4个M50-4
			/*	4:type	*/	基本组合\4个M50.SLDASM
			/*	4:location	*/	0.999098	-3.73525E-17	0.0424734	0.0	-0.0424734	1.58792E-18	0.999098	0.0	-3.73863E-17	-1.0	-4.47551E-33	0.0	-1.31481	0.692929	5.31748	1.0
			/*	4:child_number	*/	4
				/*	5:name	*/	上垫梁-1/上垫梁下层-1/4个M50-4/11：M50螺栓-3
				/*	5:type	*/	基本杆件\11：M50螺栓.SLDPRT
				/*	5:location	*/	1.0	3.03915E-18	2.61806E-33	0.0	8.23316E-19	1.0	-1.51517E-33	0.0	-3.89399E-33	-1.10835E-33	1.0	0.0	-0.141199	0.00102167	-0.0325	1.0
				/*	5:child_number	*/	0
				/*	5:name	*/	上垫梁-1/上垫梁下层-1/4个M50-4/11：M50螺栓-2
				/*	5:type	*/	基本杆件\11：M50螺栓.SLDPRT
				/*	5:location	*/	1.0	3.03915E-18	2.61806E-33	0.0	8.23316E-19	1.0	-1.51517E-33	0.0	-3.89399E-33	-1.10835E-33	1.0	0.0	-0.0216214	-0.129175	-0.0325	1.0
				/*	5:child_number	*/	0
				/*	5:name	*/	上垫梁-1/上垫梁下层-1/4个M50-4/11：M50螺栓-1
				/*	5:type	*/	基本杆件\11：M50螺栓.SLDPRT
				/*	5:location	*/	1.0	3.03915E-18	2.61806E-33	0.0	8.23316E-19	1.0	-1.51517E-33	0.0	-3.89399E-33	-1.10835E-33	1.0	0.0	-0.0163122	-0.0042875	-0.0325	1.0
				/*	5:child_number	*/	0
				/*	5:name	*/	上垫梁-1/上垫梁下层-1/4个M50-4/11：M50螺栓-4
				/*	5:type	*/	基本杆件\11：M50螺栓.SLDPRT
				/*	5:location	*/	1.0	3.03915E-18	2.61806E-33	0.0	8.23316E-19	1.0	-1.51517E-33	0.0	-3.89399E-33	-1.10835E-33	1.0	0.0	-0.146509	-0.123866	-0.0325	1.0
				/*	5:child_number	*/	0
			/*	4:name	*/	上垫梁-1/上垫梁下层-1/4个M50-3
			/*	4:type	*/	基本组合\4个M50.SLDASM
			/*	4:location	*/	0.999098	-3.73525E-17	0.0424734	0.0	-0.0424734	1.58792E-18	0.999098	0.0	-3.73863E-17	-1.0	-4.47551E-33	0.0	-1.56481	0.692929	5.31748	1.0
			/*	4:child_number	*/	4
				/*	5:name	*/	上垫梁-1/上垫梁下层-1/4个M50-3/11：M50螺栓-3
				/*	5:type	*/	基本杆件\11：M50螺栓.SLDPRT
				/*	5:location	*/	1.0	3.03915E-18	2.61806E-33	0.0	8.23316E-19	1.0	-1.51517E-33	0.0	-3.89399E-33	-1.10835E-33	1.0	0.0	-0.141199	0.00102167	-0.0325	1.0
				/*	5:child_number	*/	0
				/*	5:name	*/	上垫梁-1/上垫梁下层-1/4个M50-3/11：M50螺栓-2
				/*	5:type	*/	基本杆件\11：M50螺栓.SLDPRT
				/*	5:location	*/	1.0	3.03915E-18	2.61806E-33	0.0	8.23316E-19	1.0	-1.51517E-33	0.0	-3.89399E-33	-1.10835E-33	1.0	0.0	-0.0216214	-0.129175	-0.0325	1.0
				/*	5:child_number	*/	0
				/*	5:name	*/	上垫梁-1/上垫梁下层-1/4个M50-3/11：M50螺栓-1
				/*	5:type	*/	基本杆件\11：M50螺栓.SLDPRT
				/*	5:location	*/	1.0	3.03915E-18	2.61806E-33	0.0	8.23316E-19	1.0	-1.51517E-33	0.0	-3.89399E-33	-1.10835E-33	1.0	0.0	-0.0163122	-0.0042875	-0.0325	1.0
				/*	5:child_number	*/	0
				/*	5:name	*/	上垫梁-1/上垫梁下层-1/4个M50-3/11：M50螺栓-4
				/*	5:type	*/	基本杆件\11：M50螺栓.SLDPRT
				/*	5:location	*/	1.0	3.03915E-18	2.61806E-33	0.0	8.23316E-19	1.0	-1.51517E-33	0.0	-3.89399E-33	-1.10835E-33	1.0	0.0	-0.146509	-0.123866	-0.0325	1.0
				/*	5:child_number	*/	0
			/*	4:name	*/	上垫梁-1/上垫梁下层-1/4个M50-2
			/*	4:type	*/	基本组合\4个M50.SLDASM
			/*	4:location	*/	0.999098	-3.73525E-17	0.0424734	0.0	-0.0424734	1.58792E-18	0.999098	0.0	-3.73863E-17	-1.0	-4.47551E-33	0.0	-1.81481	0.692929	5.31748	1.0
			/*	4:child_number	*/	4
				/*	5:name	*/	上垫梁-1/上垫梁下层-1/4个M50-2/11：M50螺栓-3
				/*	5:type	*/	基本杆件\11：M50螺栓.SLDPRT
				/*	5:location	*/	1.0	3.03915E-18	2.61806E-33	0.0	8.23316E-19	1.0	-1.51517E-33	0.0	-3.89399E-33	-1.10835E-33	1.0	0.0	-0.141199	0.00102167	-0.0325	1.0
				/*	5:child_number	*/	0
				/*	5:name	*/	上垫梁-1/上垫梁下层-1/4个M50-2/11：M50螺栓-2
				/*	5:type	*/	基本杆件\11：M50螺栓.SLDPRT
				/*	5:location	*/	1.0	3.03915E-18	2.61806E-33	0.0	8.23316E-19	1.0	-1.51517E-33	0.0	-3.89399E-33	-1.10835E-33	1.0	0.0	-0.0216214	-0.129175	-0.0325	1.0
				/*	5:child_number	*/	0
				/*	5:name	*/	上垫梁-1/上垫梁下层-1/4个M50-2/11：M50螺栓-1
				/*	5:type	*/	基本杆件\11：M50螺栓.SLDPRT
				/*	5:location	*/	1.0	3.03915E-18	2.61806E-33	0.0	8.23316E-19	1.0	-1.51517E-33	0.0	-3.89399E-33	-1.10835E-33	1.0	0.0	-0.0163122	-0.0042875	-0.0325	1.0
				/*	5:child_number	*/	0
				/*	5:name	*/	上垫梁-1/上垫梁下层-1/4个M50-2/11：M50螺栓-4
				/*	5:type	*/	基本杆件\11：M50螺栓.SLDPRT
				/*	5:location	*/	1.0	3.03915E-18	2.61806E-33	0.0	8.23316E-19	1.0	-1.51517E-33	0.0	-3.89399E-33	-1.10835E-33	1.0	0.0	-0.146509	-0.123866	-0.0325	1.0
				/*	5:child_number	*/	0
			/*	4:name	*/	上垫梁-1/上垫梁下层-1/4个M50-1
			/*	4:type	*/	基本组合\4个M50.SLDASM
			/*	4:location	*/	0.999098	-3.73525E-17	0.0424734	0.0	-0.0424734	1.58792E-18	0.999098	0.0	-3.73863E-17	-1.0	-4.47551E-33	0.0	-2.06481	0.692929	5.31748	1.0
			/*	4:child_number	*/	4
				/*	5:name	*/	上垫梁-1/上垫梁下层-1/4个M50-1/11：M50螺栓-3
				/*	5:type	*/	基本杆件\11：M50螺栓.SLDPRT
				/*	5:location	*/	1.0	3.03915E-18	2.61806E-33	0.0	8.23316E-19	1.0	-1.51517E-33	0.0	-3.89399E-33	-1.10835E-33	1.0	0.0	-0.141199	0.00102167	-0.0325	1.0
				/*	5:child_number	*/	0
				/*	5:name	*/	上垫梁-1/上垫梁下层-1/4个M50-1/11：M50螺栓-2
				/*	5:type	*/	基本杆件\11：M50螺栓.SLDPRT
				/*	5:location	*/	1.0	3.03915E-18	2.61806E-33	0.0	8.23316E-19	1.0	-1.51517E-33	0.0	-3.89399E-33	-1.10835E-33	1.0	0.0	-0.0216214	-0.129175	-0.0325	1.0
				/*	5:child_number	*/	0
				/*	5:name	*/	上垫梁-1/上垫梁下层-1/4个M50-1/11：M50螺栓-1
				/*	5:type	*/	基本杆件\11：M50螺栓.SLDPRT
				/*	5:location	*/	1.0	3.03915E-18	2.61806E-33	0.0	8.23316E-19	1.0	-1.51517E-33	0.0	-3.89399E-33	-1.10835E-33	1.0	0.0	-0.0163122	-0.0042875	-0.0325	1.0
				/*	5:child_number	*/	0
				/*	5:name	*/	上垫梁-1/上垫梁下层-1/4个M50-1/11：M50螺栓-4
				/*	5:type	*/	基本杆件\11：M50螺栓.SLDPRT
				/*	5:location	*/	1.0	3.03915E-18	2.61806E-33	0.0	8.23316E-19	1.0	-1.51517E-33	0.0	-3.89399E-33	-1.10835E-33	1.0	0.0	-0.146509	-0.123866	-0.0325	1.0
				/*	5:child_number	*/	0
			/*	4:name	*/	上垫梁-1/上垫梁下层-1/4个M65-13
			/*	4:type	*/	基本组合\4个M65.SLDASM
			/*	4:location	*/	0.0424734	-1.18564E-16	-0.999098	0.0	0.999098	3.06638E-17	0.0424734	0.0	2.56004E-17	-1.0	1.19759E-16	0.0	-2.07903	0.423429	-0.0636086	1.0
			/*	4:child_number	*/	4
				/*	5:name	*/	上垫梁-1/上垫梁下层-1/4个M65-13/10：M65螺栓-4
				/*	5:type	*/	基本杆件\10：M65螺栓.SLDPRT
				/*	5:location	*/	1.0	2.1684E-18	-7.63977E-34	0.0	2.30393E-19	1.0	1.01111E-33	0.0	8.32814E-34	2.09325E-32	1.0	0.0	-0.120766	0.128348	-0.04	1.0
				/*	5:child_number	*/	0
				/*	5:name	*/	上垫梁-1/上垫梁下层-1/4个M65-13/10：M65螺栓-3
				/*	5:type	*/	基本杆件\10：M65螺栓.SLDPRT
				/*	5:location	*/	0.5	-0.866025	-5.16992E-33	0.0	0.866025	0.5	-1.01412E-32	0.0	1.4423E-32	-3.69538E-33	1.0	0.0	-0.126075	0.00346083	-0.04	1.0
				/*	5:child_number	*/	0
				/*	5:name	*/	上垫梁-1/上垫梁下层-1/4个M65-13/10：M65螺栓-2
				/*	5:type	*/	基本杆件\10：M65螺栓.SLDPRT
				/*	5:location	*/	1.0	2.1684E-18	-7.63977E-34	0.0	2.30393E-19	1.0	1.01111E-33	0.0	8.32814E-34	2.09325E-32	1.0	0.0	0.00412095	0.123039	-0.04	1.0
				/*	5:child_number	*/	0
				/*	5:name	*/	上垫梁-1/上垫梁下层-1/4个M65-13/10：M65螺栓-1
				/*	5:type	*/	基本杆件\10：M65螺栓.SLDPRT
				/*	5:location	*/	1.0	2.1684E-18	-7.63977E-34	0.0	2.30393E-19	1.0	1.01111E-33	0.0	8.32814E-34	2.09325E-32	1.0	0.0	-0.00118822	-0.00184834	-0.04	1.0
				/*	5:child_number	*/	0
			/*	4:name	*/	上垫梁-1/上垫梁下层-1/4个M65-12
			/*	4:type	*/	基本组合\4个M65.SLDASM
			/*	4:location	*/	0.0424734	-1.18564E-16	-0.999098	0.0	0.999098	3.06638E-17	0.0424734	0.0	2.56004E-17	-1.0	1.19759E-16	0.0	-0.579027	0.423429	-0.0636086	1.0
			/*	4:child_number	*/	4
				/*	5:name	*/	上垫梁-1/上垫梁下层-1/4个M65-12/10：M65螺栓-4
				/*	5:type	*/	基本杆件\10：M65螺栓.SLDPRT
				/*	5:location	*/	1.0	2.1684E-18	-7.63977E-34	0.0	2.30393E-19	1.0	1.01111E-33	0.0	8.32814E-34	2.09325E-32	1.0	0.0	-0.120766	0.128348	-0.04	1.0
				/*	5:child_number	*/	0
				/*	5:name	*/	上垫梁-1/上垫梁下层-1/4个M65-12/10：M65螺栓-3
				/*	5:type	*/	基本杆件\10：M65螺栓.SLDPRT
				/*	5:location	*/	0.5	-0.866025	-5.16992E-33	0.0	0.866025	0.5	-1.01412E-32	0.0	1.4423E-32	-3.69538E-33	1.0	0.0	-0.126075	0.00346083	-0.04	1.0
				/*	5:child_number	*/	0
				/*	5:name	*/	上垫梁-1/上垫梁下层-1/4个M65-12/10：M65螺栓-2
				/*	5:type	*/	基本杆件\10：M65螺栓.SLDPRT
				/*	5:location	*/	1.0	2.1684E-18	-7.63977E-34	0.0	2.30393E-19	1.0	1.01111E-33	0.0	8.32814E-34	2.09325E-32	1.0	0.0	0.00412095	0.123039	-0.04	1.0
				/*	5:child_number	*/	0
				/*	5:name	*/	上垫梁-1/上垫梁下层-1/4个M65-12/10：M65螺栓-1
				/*	5:type	*/	基本杆件\10：M65螺栓.SLDPRT
				/*	5:location	*/	1.0	2.1684E-18	-7.63977E-34	0.0	2.30393E-19	1.0	1.01111E-33	0.0	8.32814E-34	2.09325E-32	1.0	0.0	-0.00118822	-0.00184834	-0.04	1.0
				/*	5:child_number	*/	0
			/*	4:name	*/	上垫梁-1/上垫梁下层-1/4个M65-11
			/*	4:type	*/	基本组合\4个M65.SLDASM
			/*	4:location	*/	0.0424734	-1.18564E-16	-0.999098	0.0	0.999098	3.06638E-17	0.0424734	0.0	2.56004E-17	-1.0	1.19759E-16	0.0	0.920973	0.423429	-0.0636086	1.0
			/*	4:child_number	*/	4
				/*	5:name	*/	上垫梁-1/上垫梁下层-1/4个M65-11/10：M65螺栓-4
				/*	5:type	*/	基本杆件\10：M65螺栓.SLDPRT
				/*	5:location	*/	1.0	2.1684E-18	-7.63977E-34	0.0	2.30393E-19	1.0	1.01111E-33	0.0	8.32814E-34	2.09325E-32	1.0	0.0	-0.120766	0.128348	-0.04	1.0
				/*	5:child_number	*/	0
				/*	5:name	*/	上垫梁-1/上垫梁下层-1/4个M65-11/10：M65螺栓-3
				/*	5:type	*/	基本杆件\10：M65螺栓.SLDPRT
				/*	5:location	*/	0.5	-0.866025	-5.16992E-33	0.0	0.866025	0.5	-1.01412E-32	0.0	1.4423E-32	-3.69538E-33	1.0	0.0	-0.126075	0.00346083	-0.04	1.0
				/*	5:child_number	*/	0
				/*	5:name	*/	上垫梁-1/上垫梁下层-1/4个M65-11/10：M65螺栓-2
				/*	5:type	*/	基本杆件\10：M65螺栓.SLDPRT
				/*	5:location	*/	1.0	2.1684E-18	-7.63977E-34	0.0	2.30393E-19	1.0	1.01111E-33	0.0	8.32814E-34	2.09325E-32	1.0	0.0	0.00412095	0.123039	-0.04	1.0
				/*	5:child_number	*/	0
				/*	5:name	*/	上垫梁-1/上垫梁下层-1/4个M65-11/10：M65螺栓-1
				/*	5:type	*/	基本杆件\10：M65螺栓.SLDPRT
				/*	5:location	*/	1.0	2.1684E-18	-7.63977E-34	0.0	2.30393E-19	1.0	1.01111E-33	0.0	8.32814E-34	2.09325E-32	1.0	0.0	-0.00118822	-0.00184834	-0.04	1.0
				/*	5:child_number	*/	0
			/*	4:name	*/	上垫梁-1/上垫梁下层-1/4个M65-3
			/*	4:type	*/	基本组合\4个M65.SLDASM
			/*	4:location	*/	0.0424734	-1.18564E-16	-0.999098	0.0	0.999098	3.06638E-17	0.0424734	0.0	2.56004E-17	-1.0	1.19759E-16	0.0	-0.579027	0.423429	5.18639	1.0
			/*	4:child_number	*/	4
				/*	5:name	*/	上垫梁-1/上垫梁下层-1/4个M65-3/10：M65螺栓-4
				/*	5:type	*/	基本杆件\10：M65螺栓.SLDPRT
				/*	5:location	*/	1.0	2.1684E-18	-7.63977E-34	0.0	2.30393E-19	1.0	1.01111E-33	0.0	8.32814E-34	2.09325E-32	1.0	0.0	-0.120766	0.128348	-0.04	1.0
				/*	5:child_number	*/	0
				/*	5:name	*/	上垫梁-1/上垫梁下层-1/4个M65-3/10：M65螺栓-3
				/*	5:type	*/	基本杆件\10：M65螺栓.SLDPRT
				/*	5:location	*/	0.5	-0.866025	-5.16992E-33	0.0	0.866025	0.5	-1.01412E-32	0.0	1.4423E-32	-3.69538E-33	1.0	0.0	-0.126075	0.00346083	-0.04	1.0
				/*	5:child_number	*/	0
				/*	5:name	*/	上垫梁-1/上垫梁下层-1/4个M65-3/10：M65螺栓-2
				/*	5:type	*/	基本杆件\10：M65螺栓.SLDPRT
				/*	5:location	*/	1.0	2.1684E-18	-7.63977E-34	0.0	2.30393E-19	1.0	1.01111E-33	0.0	8.32814E-34	2.09325E-32	1.0	0.0	0.00412095	0.123039	-0.04	1.0
				/*	5:child_number	*/	0
				/*	5:name	*/	上垫梁-1/上垫梁下层-1/4个M65-3/10：M65螺栓-1
				/*	5:type	*/	基本杆件\10：M65螺栓.SLDPRT
				/*	5:location	*/	1.0	2.1684E-18	-7.63977E-34	0.0	2.30393E-19	1.0	1.01111E-33	0.0	8.32814E-34	2.09325E-32	1.0	0.0	-0.00118822	-0.00184834	-0.04	1.0
				/*	5:child_number	*/	0
			/*	4:name	*/	上垫梁-1/上垫梁下层-1/4个M65-2
			/*	4:type	*/	基本组合\4个M65.SLDASM
			/*	4:location	*/	0.0424734	-1.18564E-16	-0.999098	0.0	0.999098	3.06638E-17	0.0424734	0.0	2.56004E-17	-1.0	1.19759E-16	0.0	0.920973	0.423429	5.18639	1.0
			/*	4:child_number	*/	4
				/*	5:name	*/	上垫梁-1/上垫梁下层-1/4个M65-2/10：M65螺栓-4
				/*	5:type	*/	基本杆件\10：M65螺栓.SLDPRT
				/*	5:location	*/	1.0	2.1684E-18	-7.63977E-34	0.0	2.30393E-19	1.0	1.01111E-33	0.0	8.32814E-34	2.09325E-32	1.0	0.0	-0.120766	0.128348	-0.04	1.0
				/*	5:child_number	*/	0
				/*	5:name	*/	上垫梁-1/上垫梁下层-1/4个M65-2/10：M65螺栓-3
				/*	5:type	*/	基本杆件\10：M65螺栓.SLDPRT
				/*	5:location	*/	0.5	-0.866025	-5.16992E-33	0.0	0.866025	0.5	-1.01412E-32	0.0	1.4423E-32	-3.69538E-33	1.0	0.0	-0.126075	0.00346083	-0.04	1.0
				/*	5:child_number	*/	0
				/*	5:name	*/	上垫梁-1/上垫梁下层-1/4个M65-2/10：M65螺栓-2
				/*	5:type	*/	基本杆件\10：M65螺栓.SLDPRT
				/*	5:location	*/	1.0	2.1684E-18	-7.63977E-34	0.0	2.30393E-19	1.0	1.01111E-33	0.0	8.32814E-34	2.09325E-32	1.0	0.0	0.00412095	0.123039	-0.04	1.0
				/*	5:child_number	*/	0
				/*	5:name	*/	上垫梁-1/上垫梁下层-1/4个M65-2/10：M65螺栓-1
				/*	5:type	*/	基本杆件\10：M65螺栓.SLDPRT
				/*	5:location	*/	1.0	2.1684E-18	-7.63977E-34	0.0	2.30393E-19	1.0	1.01111E-33	0.0	8.32814E-34	2.09325E-32	1.0	0.0	-0.00118822	-0.00184834	-0.04	1.0
				/*	5:child_number	*/	0
			/*	4:name	*/	上垫梁-1/上垫梁下层-1/1：基本杆件-9
			/*	4:type	*/	基本杆件\1：基本杆件.SLDPRT
			/*	4:location	*/	1.0	3.32825E-33	-4.62223E-33	0.0	-3.32825E-33	1.0	7.32913E-33	0.0	4.62223E-33	7.32913E-33	1.0	0.0	-2.26842	0.698429	5.15	1.0
			/*	4:child_number	*/	0
			/*	4:name	*/	上垫梁-1/上垫梁下层-1/4个M50-8
			/*	4:type	*/	基本组合\4个M50.SLDASM
			/*	4:location	*/	0.999098	-3.73525E-17	0.0424734	0.0	-0.0424734	1.58792E-18	0.999098	0.0	-3.73863E-17	-1.0	-4.47551E-33	0.0	-0.314809	0.692929	5.31748	1.0
			/*	4:child_number	*/	4
				/*	5:name	*/	上垫梁-1/上垫梁下层-1/4个M50-8/11：M50螺栓-3
				/*	5:type	*/	基本杆件\11：M50螺栓.SLDPRT
				/*	5:location	*/	1.0	3.03915E-18	2.61806E-33	0.0	8.23316E-19	1.0	-1.51517E-33	0.0	-3.89399E-33	-1.10835E-33	1.0	0.0	-0.141199	0.00102167	-0.0325	1.0
				/*	5:child_number	*/	0
				/*	5:name	*/	上垫梁-1/上垫梁下层-1/4个M50-8/11：M50螺栓-2
				/*	5:type	*/	基本杆件\11：M50螺栓.SLDPRT
				/*	5:location	*/	1.0	3.03915E-18	2.61806E-33	0.0	8.23316E-19	1.0	-1.51517E-33	0.0	-3.89399E-33	-1.10835E-33	1.0	0.0	-0.0216214	-0.129175	-0.0325	1.0
				/*	5:child_number	*/	0
				/*	5:name	*/	上垫梁-1/上垫梁下层-1/4个M50-8/11：M50螺栓-1
				/*	5:type	*/	基本杆件\11：M50螺栓.SLDPRT
				/*	5:location	*/	1.0	3.03915E-18	2.61806E-33	0.0	8.23316E-19	1.0	-1.51517E-33	0.0	-3.89399E-33	-1.10835E-33	1.0	0.0	-0.0163122	-0.0042875	-0.0325	1.0
				/*	5:child_number	*/	0
				/*	5:name	*/	上垫梁-1/上垫梁下层-1/4个M50-8/11：M50螺栓-4
				/*	5:type	*/	基本杆件\11：M50螺栓.SLDPRT
				/*	5:location	*/	1.0	3.03915E-18	2.61806E-33	0.0	8.23316E-19	1.0	-1.51517E-33	0.0	-3.89399E-33	-1.10835E-33	1.0	0.0	-0.146509	-0.123866	-0.0325	1.0
				/*	5:child_number	*/	0
			/*	4:name	*/	上垫梁-1/上垫梁下层-1/4个M50-7
			/*	4:type	*/	基本组合\4个M50.SLDASM
			/*	4:location	*/	0.999098	-3.73525E-17	0.0424734	0.0	-0.0424734	1.58792E-18	0.999098	0.0	-3.73863E-17	-1.0	-4.47551E-33	0.0	-0.564809	0.692929	5.31748	1.0
			/*	4:child_number	*/	4
				/*	5:name	*/	上垫梁-1/上垫梁下层-1/4个M50-7/11：M50螺栓-3
				/*	5:type	*/	基本杆件\11：M50螺栓.SLDPRT
				/*	5:location	*/	1.0	3.03915E-18	2.61806E-33	0.0	8.23316E-19	1.0	-1.51517E-33	0.0	-3.89399E-33	-1.10835E-33	1.0	0.0	-0.141199	0.00102167	-0.0325	1.0
				/*	5:child_number	*/	0
				/*	5:name	*/	上垫梁-1/上垫梁下层-1/4个M50-7/11：M50螺栓-2
				/*	5:type	*/	基本杆件\11：M50螺栓.SLDPRT
				/*	5:location	*/	1.0	3.03915E-18	2.61806E-33	0.0	8.23316E-19	1.0	-1.51517E-33	0.0	-3.89399E-33	-1.10835E-33	1.0	0.0	-0.0216214	-0.129175	-0.0325	1.0
				/*	5:child_number	*/	0
				/*	5:name	*/	上垫梁-1/上垫梁下层-1/4个M50-7/11：M50螺栓-1
				/*	5:type	*/	基本杆件\11：M50螺栓.SLDPRT
				/*	5:location	*/	1.0	3.03915E-18	2.61806E-33	0.0	8.23316E-19	1.0	-1.51517E-33	0.0	-3.89399E-33	-1.10835E-33	1.0	0.0	-0.0163122	-0.0042875	-0.0325	1.0
				/*	5:child_number	*/	0
				/*	5:name	*/	上垫梁-1/上垫梁下层-1/4个M50-7/11：M50螺栓-4
				/*	5:type	*/	基本杆件\11：M50螺栓.SLDPRT
				/*	5:location	*/	1.0	3.03915E-18	2.61806E-33	0.0	8.23316E-19	1.0	-1.51517E-33	0.0	-3.89399E-33	-1.10835E-33	1.0	0.0	-0.146509	-0.123866	-0.0325	1.0
				/*	5:child_number	*/	0
			/*	4:name	*/	上垫梁-1/上垫梁下层-1/4个M50-6
			/*	4:type	*/	基本组合\4个M50.SLDASM
			/*	4:location	*/	0.999098	-3.73525E-17	0.0424734	0.0	-0.0424734	1.58792E-18	0.999098	0.0	-3.73863E-17	-1.0	-4.47551E-33	0.0	-0.814809	0.692929	5.31748	1.0
			/*	4:child_number	*/	4
				/*	5:name	*/	上垫梁-1/上垫梁下层-1/4个M50-6/11：M50螺栓-3
				/*	5:type	*/	基本杆件\11：M50螺栓.SLDPRT
				/*	5:location	*/	1.0	3.03915E-18	2.61806E-33	0.0	8.23316E-19	1.0	-1.51517E-33	0.0	-3.89399E-33	-1.10835E-33	1.0	0.0	-0.141199	0.00102167	-0.0325	1.0
				/*	5:child_number	*/	0
				/*	5:name	*/	上垫梁-1/上垫梁下层-1/4个M50-6/11：M50螺栓-2
				/*	5:type	*/	基本杆件\11：M50螺栓.SLDPRT
				/*	5:location	*/	1.0	3.03915E-18	2.61806E-33	0.0	8.23316E-19	1.0	-1.51517E-33	0.0	-3.89399E-33	-1.10835E-33	1.0	0.0	-0.0216214	-0.129175	-0.0325	1.0
				/*	5:child_number	*/	0
				/*	5:name	*/	上垫梁-1/上垫梁下层-1/4个M50-6/11：M50螺栓-1
				/*	5:type	*/	基本杆件\11：M50螺栓.SLDPRT
				/*	5:location	*/	1.0	3.03915E-18	2.61806E-33	0.0	8.23316E-19	1.0	-1.51517E-33	0.0	-3.89399E-33	-1.10835E-33	1.0	0.0	-0.0163122	-0.0042875	-0.0325	1.0
				/*	5:child_number	*/	0
				/*	5:name	*/	上垫梁-1/上垫梁下层-1/4个M50-6/11：M50螺栓-4
				/*	5:type	*/	基本杆件\11：M50螺栓.SLDPRT
				/*	5:location	*/	1.0	3.03915E-18	2.61806E-33	0.0	8.23316E-19	1.0	-1.51517E-33	0.0	-3.89399E-33	-1.10835E-33	1.0	0.0	-0.146509	-0.123866	-0.0325	1.0
				/*	5:child_number	*/	0
			/*	4:name	*/	上垫梁-1/上垫梁下层-1/4个M50-5
			/*	4:type	*/	基本组合\4个M50.SLDASM
			/*	4:location	*/	0.999098	-3.73525E-17	0.0424734	0.0	-0.0424734	1.58792E-18	0.999098	0.0	-3.73863E-17	-1.0	-4.47551E-33	0.0	-1.06481	0.692929	5.31748	1.0
			/*	4:child_number	*/	4
				/*	5:name	*/	上垫梁-1/上垫梁下层-1/4个M50-5/11：M50螺栓-3
				/*	5:type	*/	基本杆件\11：M50螺栓.SLDPRT
				/*	5:location	*/	1.0	3.03915E-18	2.61806E-33	0.0	8.23316E-19	1.0	-1.51517E-33	0.0	-3.89399E-33	-1.10835E-33	1.0	0.0	-0.141199	0.00102167	-0.0325	1.0
				/*	5:child_number	*/	0
				/*	5:name	*/	上垫梁-1/上垫梁下层-1/4个M50-5/11：M50螺栓-2
				/*	5:type	*/	基本杆件\11：M50螺栓.SLDPRT
				/*	5:location	*/	1.0	3.03915E-18	2.61806E-33	0.0	8.23316E-19	1.0	-1.51517E-33	0.0	-3.89399E-33	-1.10835E-33	1.0	0.0	-0.0216214	-0.129175	-0.0325	1.0
				/*	5:child_number	*/	0
				/*	5:name	*/	上垫梁-1/上垫梁下层-1/4个M50-5/11：M50螺栓-1
				/*	5:type	*/	基本杆件\11：M50螺栓.SLDPRT
				/*	5:location	*/	1.0	3.03915E-18	2.61806E-33	0.0	8.23316E-19	1.0	-1.51517E-33	0.0	-3.89399E-33	-1.10835E-33	1.0	0.0	-0.0163122	-0.0042875	-0.0325	1.0
				/*	5:child_number	*/	0
				/*	5:name	*/	上垫梁-1/上垫梁下层-1/4个M50-5/11：M50螺栓-4
				/*	5:type	*/	基本杆件\11：M50螺栓.SLDPRT
				/*	5:location	*/	1.0	3.03915E-18	2.61806E-33	0.0	8.23316E-19	1.0	-1.51517E-33	0.0	-3.89399E-33	-1.10835E-33	1.0	0.0	-0.146509	-0.123866	-0.0325	1.0
				/*	5:child_number	*/	0
			/*	4:name	*/	上垫梁-1/上垫梁下层-1/4个M65-10
			/*	4:type	*/	基本组合\4个M65.SLDASM
			/*	4:location	*/	0.0424734	-1.18564E-16	-0.999098	0.0	0.999098	3.06638E-17	0.0424734	0.0	2.56004E-17	-1.0	1.19759E-16	0.0	-2.07903	0.423429	1.68639	1.0
			/*	4:child_number	*/	4
				/*	5:name	*/	上垫梁-1/上垫梁下层-1/4个M65-10/10：M65螺栓-4
				/*	5:type	*/	基本杆件\10：M65螺栓.SLDPRT
				/*	5:location	*/	1.0	2.1684E-18	-7.63977E-34	0.0	2.30393E-19	1.0	1.01111E-33	0.0	8.32814E-34	2.09325E-32	1.0	0.0	-0.120766	0.128348	-0.04	1.0
				/*	5:child_number	*/	0
				/*	5:name	*/	上垫梁-1/上垫梁下层-1/4个M65-10/10：M65螺栓-3
				/*	5:type	*/	基本杆件\10：M65螺栓.SLDPRT
				/*	5:location	*/	0.5	-0.866025	-5.16992E-33	0.0	0.866025	0.5	-1.01412E-32	0.0	1.4423E-32	-3.69538E-33	1.0	0.0	-0.126075	0.00346083	-0.04	1.0
				/*	5:child_number	*/	0
				/*	5:name	*/	上垫梁-1/上垫梁下层-1/4个M65-10/10：M65螺栓-2
				/*	5:type	*/	基本杆件\10：M65螺栓.SLDPRT
				/*	5:location	*/	1.0	2.1684E-18	-7.63977E-34	0.0	2.30393E-19	1.0	1.01111E-33	0.0	8.32814E-34	2.09325E-32	1.0	0.0	0.00412095	0.123039	-0.04	1.0
				/*	5:child_number	*/	0
				/*	5:name	*/	上垫梁-1/上垫梁下层-1/4个M65-10/10：M65螺栓-1
				/*	5:type	*/	基本杆件\10：M65螺栓.SLDPRT
				/*	5:location	*/	1.0	2.1684E-18	-7.63977E-34	0.0	2.30393E-19	1.0	1.01111E-33	0.0	8.32814E-34	2.09325E-32	1.0	0.0	-0.00118822	-0.00184834	-0.04	1.0
				/*	5:child_number	*/	0
			/*	4:name	*/	上垫梁-1/上垫梁下层-1/4个M65-9
			/*	4:type	*/	基本组合\4个M65.SLDASM
			/*	4:location	*/	0.0424734	-1.18564E-16	-0.999098	0.0	0.999098	3.06638E-17	0.0424734	0.0	2.56004E-17	-1.0	1.19759E-16	0.0	-0.579027	0.423429	1.68639	1.0
			/*	4:child_number	*/	4
				/*	5:name	*/	上垫梁-1/上垫梁下层-1/4个M65-9/10：M65螺栓-4
				/*	5:type	*/	基本杆件\10：M65螺栓.SLDPRT
				/*	5:location	*/	1.0	2.1684E-18	-7.63977E-34	0.0	2.30393E-19	1.0	1.01111E-33	0.0	8.32814E-34	2.09325E-32	1.0	0.0	-0.120766	0.128348	-0.04	1.0
				/*	5:child_number	*/	0
				/*	5:name	*/	上垫梁-1/上垫梁下层-1/4个M65-9/10：M65螺栓-3
				/*	5:type	*/	基本杆件\10：M65螺栓.SLDPRT
				/*	5:location	*/	0.5	-0.866025	-5.16992E-33	0.0	0.866025	0.5	-1.01412E-32	0.0	1.4423E-32	-3.69538E-33	1.0	0.0	-0.126075	0.00346083	-0.04	1.0
				/*	5:child_number	*/	0
				/*	5:name	*/	上垫梁-1/上垫梁下层-1/4个M65-9/10：M65螺栓-2
				/*	5:type	*/	基本杆件\10：M65螺栓.SLDPRT
				/*	5:location	*/	1.0	2.1684E-18	-7.63977E-34	0.0	2.30393E-19	1.0	1.01111E-33	0.0	8.32814E-34	2.09325E-32	1.0	0.0	0.00412095	0.123039	-0.04	1.0
				/*	5:child_number	*/	0
				/*	5:name	*/	上垫梁-1/上垫梁下层-1/4个M65-9/10：M65螺栓-1
				/*	5:type	*/	基本杆件\10：M65螺栓.SLDPRT
				/*	5:location	*/	1.0	2.1684E-18	-7.63977E-34	0.0	2.30393E-19	1.0	1.01111E-33	0.0	8.32814E-34	2.09325E-32	1.0	0.0	-0.00118822	-0.00184834	-0.04	1.0
				/*	5:child_number	*/	0
			/*	4:name	*/	上垫梁-1/上垫梁下层-1/4个M65-8
			/*	4:type	*/	基本组合\4个M65.SLDASM
			/*	4:location	*/	0.0424734	-1.18564E-16	-0.999098	0.0	0.999098	3.06638E-17	0.0424734	0.0	2.56004E-17	-1.0	1.19759E-16	0.0	0.920973	0.423429	1.68639	1.0
			/*	4:child_number	*/	4
				/*	5:name	*/	上垫梁-1/上垫梁下层-1/4个M65-8/10：M65螺栓-4
				/*	5:type	*/	基本杆件\10：M65螺栓.SLDPRT
				/*	5:location	*/	1.0	2.1684E-18	-7.63977E-34	0.0	2.30393E-19	1.0	1.01111E-33	0.0	8.32814E-34	2.09325E-32	1.0	0.0	-0.120766	0.128348	-0.04	1.0
				/*	5:child_number	*/	0
				/*	5:name	*/	上垫梁-1/上垫梁下层-1/4个M65-8/10：M65螺栓-3
				/*	5:type	*/	基本杆件\10：M65螺栓.SLDPRT
				/*	5:location	*/	0.5	-0.866025	-5.16992E-33	0.0	0.866025	0.5	-1.01412E-32	0.0	1.4423E-32	-3.69538E-33	1.0	0.0	-0.126075	0.00346083	-0.04	1.0
				/*	5:child_number	*/	0
				/*	5:name	*/	上垫梁-1/上垫梁下层-1/4个M65-8/10：M65螺栓-2
				/*	5:type	*/	基本杆件\10：M65螺栓.SLDPRT
				/*	5:location	*/	1.0	2.1684E-18	-7.63977E-34	0.0	2.30393E-19	1.0	1.01111E-33	0.0	8.32814E-34	2.09325E-32	1.0	0.0	0.00412095	0.123039	-0.04	1.0
				/*	5:child_number	*/	0
				/*	5:name	*/	上垫梁-1/上垫梁下层-1/4个M65-8/10：M65螺栓-1
				/*	5:type	*/	基本杆件\10：M65螺栓.SLDPRT
				/*	5:location	*/	1.0	2.1684E-18	-7.63977E-34	0.0	2.30393E-19	1.0	1.01111E-33	0.0	8.32814E-34	2.09325E-32	1.0	0.0	-0.00118822	-0.00184834	-0.04	1.0
				/*	5:child_number	*/	0
			/*	4:name	*/	上垫梁-1/上垫梁下层-1/4个M65-7
			/*	4:type	*/	基本组合\4个M65.SLDASM
			/*	4:location	*/	0.0424734	-1.18564E-16	-0.999098	0.0	0.999098	3.06638E-17	0.0424734	0.0	2.56004E-17	-1.0	1.19759E-16	0.0	-2.07903	0.423429	3.43639	1.0
			/*	4:child_number	*/	4
				/*	5:name	*/	上垫梁-1/上垫梁下层-1/4个M65-7/10：M65螺栓-4
				/*	5:type	*/	基本杆件\10：M65螺栓.SLDPRT
				/*	5:location	*/	1.0	2.1684E-18	-7.63977E-34	0.0	2.30393E-19	1.0	1.01111E-33	0.0	8.32814E-34	2.09325E-32	1.0	0.0	-0.120766	0.128348	-0.04	1.0
				/*	5:child_number	*/	0
				/*	5:name	*/	上垫梁-1/上垫梁下层-1/4个M65-7/10：M65螺栓-3
				/*	5:type	*/	基本杆件\10：M65螺栓.SLDPRT
				/*	5:location	*/	0.5	-0.866025	-5.16992E-33	0.0	0.866025	0.5	-1.01412E-32	0.0	1.4423E-32	-3.69538E-33	1.0	0.0	-0.126075	0.00346083	-0.04	1.0
				/*	5:child_number	*/	0
				/*	5:name	*/	上垫梁-1/上垫梁下层-1/4个M65-7/10：M65螺栓-2
				/*	5:type	*/	基本杆件\10：M65螺栓.SLDPRT
				/*	5:location	*/	1.0	2.1684E-18	-7.63977E-34	0.0	2.30393E-19	1.0	1.01111E-33	0.0	8.32814E-34	2.09325E-32	1.0	0.0	0.00412095	0.123039	-0.04	1.0
				/*	5:child_number	*/	0
				/*	5:name	*/	上垫梁-1/上垫梁下层-1/4个M65-7/10：M65螺栓-1
				/*	5:type	*/	基本杆件\10：M65螺栓.SLDPRT
				/*	5:location	*/	1.0	2.1684E-18	-7.63977E-34	0.0	2.30393E-19	1.0	1.01111E-33	0.0	8.32814E-34	2.09325E-32	1.0	0.0	-0.00118822	-0.00184834	-0.04	1.0
				/*	5:child_number	*/	0
			/*	4:name	*/	上垫梁-1/上垫梁下层-1/4个M65-6
			/*	4:type	*/	基本组合\4个M65.SLDASM
			/*	4:location	*/	0.0424734	-1.18564E-16	-0.999098	0.0	0.999098	3.06638E-17	0.0424734	0.0	2.56004E-17	-1.0	1.19759E-16	0.0	-0.579027	0.423429	3.43639	1.0
			/*	4:child_number	*/	4
				/*	5:name	*/	上垫梁-1/上垫梁下层-1/4个M65-6/10：M65螺栓-4
				/*	5:type	*/	基本杆件\10：M65螺栓.SLDPRT
				/*	5:location	*/	1.0	2.1684E-18	-7.63977E-34	0.0	2.30393E-19	1.0	1.01111E-33	0.0	8.32814E-34	2.09325E-32	1.0	0.0	-0.120766	0.128348	-0.04	1.0
				/*	5:child_number	*/	0
				/*	5:name	*/	上垫梁-1/上垫梁下层-1/4个M65-6/10：M65螺栓-3
				/*	5:type	*/	基本杆件\10：M65螺栓.SLDPRT
				/*	5:location	*/	0.5	-0.866025	-5.16992E-33	0.0	0.866025	0.5	-1.01412E-32	0.0	1.4423E-32	-3.69538E-33	1.0	0.0	-0.126075	0.00346083	-0.04	1.0
				/*	5:child_number	*/	0
				/*	5:name	*/	上垫梁-1/上垫梁下层-1/4个M65-6/10：M65螺栓-2
				/*	5:type	*/	基本杆件\10：M65螺栓.SLDPRT
				/*	5:location	*/	1.0	2.1684E-18	-7.63977E-34	0.0	2.30393E-19	1.0	1.01111E-33	0.0	8.32814E-34	2.09325E-32	1.0	0.0	0.00412095	0.123039	-0.04	1.0
				/*	5:child_number	*/	0
				/*	5:name	*/	上垫梁-1/上垫梁下层-1/4个M65-6/10：M65螺栓-1
				/*	5:type	*/	基本杆件\10：M65螺栓.SLDPRT
				/*	5:location	*/	1.0	2.1684E-18	-7.63977E-34	0.0	2.30393E-19	1.0	1.01111E-33	0.0	8.32814E-34	2.09325E-32	1.0	0.0	-0.00118822	-0.00184834	-0.04	1.0
				/*	5:child_number	*/	0
			/*	4:name	*/	上垫梁-1/上垫梁下层-1/4个M65-5
			/*	4:type	*/	基本组合\4个M65.SLDASM
			/*	4:location	*/	0.0424734	-1.18564E-16	-0.999098	0.0	0.999098	3.06638E-17	0.0424734	0.0	2.56004E-17	-1.0	1.19759E-16	0.0	0.920973	0.423429	3.43639	1.0
			/*	4:child_number	*/	4
				/*	5:name	*/	上垫梁-1/上垫梁下层-1/4个M65-5/10：M65螺栓-4
				/*	5:type	*/	基本杆件\10：M65螺栓.SLDPRT
				/*	5:location	*/	1.0	2.1684E-18	-7.63977E-34	0.0	2.30393E-19	1.0	1.01111E-33	0.0	8.32814E-34	2.09325E-32	1.0	0.0	-0.120766	0.128348	-0.04	1.0
				/*	5:child_number	*/	0
				/*	5:name	*/	上垫梁-1/上垫梁下层-1/4个M65-5/10：M65螺栓-3
				/*	5:type	*/	基本杆件\10：M65螺栓.SLDPRT
				/*	5:location	*/	0.5	-0.866025	-5.16992E-33	0.0	0.866025	0.5	-1.01412E-32	0.0	1.4423E-32	-3.69538E-33	1.0	0.0	-0.126075	0.00346083	-0.04	1.0
				/*	5:child_number	*/	0
				/*	5:name	*/	上垫梁-1/上垫梁下层-1/4个M65-5/10：M65螺栓-2
				/*	5:type	*/	基本杆件\10：M65螺栓.SLDPRT
				/*	5:location	*/	1.0	2.1684E-18	-7.63977E-34	0.0	2.30393E-19	1.0	1.01111E-33	0.0	8.32814E-34	2.09325E-32	1.0	0.0	0.00412095	0.123039	-0.04	1.0
				/*	5:child_number	*/	0
				/*	5:name	*/	上垫梁-1/上垫梁下层-1/4个M65-5/10：M65螺栓-1
				/*	5:type	*/	基本杆件\10：M65螺栓.SLDPRT
				/*	5:location	*/	1.0	2.1684E-18	-7.63977E-34	0.0	2.30393E-19	1.0	1.01111E-33	0.0	8.32814E-34	2.09325E-32	1.0	0.0	-0.00118822	-0.00184834	-0.04	1.0
				/*	5:child_number	*/	0
			/*	4:name	*/	上垫梁-1/上垫梁下层-1/4个M65-4
			/*	4:type	*/	基本组合\4个M65.SLDASM
			/*	4:location	*/	0.0424734	-1.18564E-16	-0.999098	0.0	0.999098	3.06638E-17	0.0424734	0.0	2.56004E-17	-1.0	1.19759E-16	0.0	-2.07903	0.423429	5.18639	1.0
			/*	4:child_number	*/	4
				/*	5:name	*/	上垫梁-1/上垫梁下层-1/4个M65-4/10：M65螺栓-4
				/*	5:type	*/	基本杆件\10：M65螺栓.SLDPRT
				/*	5:location	*/	1.0	2.1684E-18	-7.63977E-34	0.0	2.30393E-19	1.0	1.01111E-33	0.0	8.32814E-34	2.09325E-32	1.0	0.0	-0.120766	0.128348	-0.04	1.0
				/*	5:child_number	*/	0
				/*	5:name	*/	上垫梁-1/上垫梁下层-1/4个M65-4/10：M65螺栓-3
				/*	5:type	*/	基本杆件\10：M65螺栓.SLDPRT
				/*	5:location	*/	0.5	-0.866025	-5.16992E-33	0.0	0.866025	0.5	-1.01412E-32	0.0	1.4423E-32	-3.69538E-33	1.0	0.0	-0.126075	0.00346083	-0.04	1.0
				/*	5:child_number	*/	0
				/*	5:name	*/	上垫梁-1/上垫梁下层-1/4个M65-4/10：M65螺栓-2
				/*	5:type	*/	基本杆件\10：M65螺栓.SLDPRT
				/*	5:location	*/	1.0	2.1684E-18	-7.63977E-34	0.0	2.30393E-19	1.0	1.01111E-33	0.0	8.32814E-34	2.09325E-32	1.0	0.0	0.00412095	0.123039	-0.04	1.0
				/*	5:child_number	*/	0
				/*	5:name	*/	上垫梁-1/上垫梁下层-1/4个M65-4/10：M65螺栓-1
				/*	5:type	*/	基本杆件\10：M65螺栓.SLDPRT
				/*	5:location	*/	1.0	2.1684E-18	-7.63977E-34	0.0	2.30393E-19	1.0	1.01111E-33	0.0	8.32814E-34	2.09325E-32	1.0	0.0	-0.00118822	-0.00184834	-0.04	1.0
				/*	5:child_number	*/	0
			/*	4:name	*/	上垫梁-1/上垫梁下层-1/4个M50-22
			/*	4:type	*/	基本组合\4个M50.SLDASM
			/*	4:location	*/	0.999098	-3.73525E-17	0.0424734	0.0	-0.0424734	1.58792E-18	0.999098	0.0	-3.73863E-17	-1.0	-4.47551E-33	0.0	-0.314809	0.692929	3.56748	1.0
			/*	4:child_number	*/	4
				/*	5:name	*/	上垫梁-1/上垫梁下层-1/4个M50-22/11：M50螺栓-3
				/*	5:type	*/	基本杆件\11：M50螺栓.SLDPRT
				/*	5:location	*/	1.0	3.03915E-18	2.61806E-33	0.0	8.23316E-19	1.0	-1.51517E-33	0.0	-3.89399E-33	-1.10835E-33	1.0	0.0	-0.141199	0.00102167	-0.0325	1.0
				/*	5:child_number	*/	0
				/*	5:name	*/	上垫梁-1/上垫梁下层-1/4个M50-22/11：M50螺栓-2
				/*	5:type	*/	基本杆件\11：M50螺栓.SLDPRT
				/*	5:location	*/	1.0	3.03915E-18	2.61806E-33	0.0	8.23316E-19	1.0	-1.51517E-33	0.0	-3.89399E-33	-1.10835E-33	1.0	0.0	-0.0216214	-0.129175	-0.0325	1.0
				/*	5:child_number	*/	0
				/*	5:name	*/	上垫梁-1/上垫梁下层-1/4个M50-22/11：M50螺栓-1
				/*	5:type	*/	基本杆件\11：M50螺栓.SLDPRT
				/*	5:location	*/	1.0	3.03915E-18	2.61806E-33	0.0	8.23316E-19	1.0	-1.51517E-33	0.0	-3.89399E-33	-1.10835E-33	1.0	0.0	-0.0163122	-0.0042875	-0.0325	1.0
				/*	5:child_number	*/	0
				/*	5:name	*/	上垫梁-1/上垫梁下层-1/4个M50-22/11：M50螺栓-4
				/*	5:type	*/	基本杆件\11：M50螺栓.SLDPRT
				/*	5:location	*/	1.0	3.03915E-18	2.61806E-33	0.0	8.23316E-19	1.0	-1.51517E-33	0.0	-3.89399E-33	-1.10835E-33	1.0	0.0	-0.146509	-0.123866	-0.0325	1.0
				/*	5:child_number	*/	0
			/*	4:name	*/	上垫梁-1/上垫梁下层-1/4个M50-21
			/*	4:type	*/	基本组合\4个M50.SLDASM
			/*	4:location	*/	0.999098	-3.73525E-17	0.0424734	0.0	-0.0424734	1.58792E-18	0.999098	0.0	-3.73863E-17	-1.0	-4.47551E-33	0.0	-0.564809	0.692929	3.56748	1.0
			/*	4:child_number	*/	4
				/*	5:name	*/	上垫梁-1/上垫梁下层-1/4个M50-21/11：M50螺栓-3
				/*	5:type	*/	基本杆件\11：M50螺栓.SLDPRT
				/*	5:location	*/	1.0	3.03915E-18	2.61806E-33	0.0	8.23316E-19	1.0	-1.51517E-33	0.0	-3.89399E-33	-1.10835E-33	1.0	0.0	-0.141199	0.00102167	-0.0325	1.0
				/*	5:child_number	*/	0
				/*	5:name	*/	上垫梁-1/上垫梁下层-1/4个M50-21/11：M50螺栓-2
				/*	5:type	*/	基本杆件\11：M50螺栓.SLDPRT
				/*	5:location	*/	1.0	3.03915E-18	2.61806E-33	0.0	8.23316E-19	1.0	-1.51517E-33	0.0	-3.89399E-33	-1.10835E-33	1.0	0.0	-0.0216214	-0.129175	-0.0325	1.0
				/*	5:child_number	*/	0
				/*	5:name	*/	上垫梁-1/上垫梁下层-1/4个M50-21/11：M50螺栓-1
				/*	5:type	*/	基本杆件\11：M50螺栓.SLDPRT
				/*	5:location	*/	1.0	3.03915E-18	2.61806E-33	0.0	8.23316E-19	1.0	-1.51517E-33	0.0	-3.89399E-33	-1.10835E-33	1.0	0.0	-0.0163122	-0.0042875	-0.0325	1.0
				/*	5:child_number	*/	0
				/*	5:name	*/	上垫梁-1/上垫梁下层-1/4个M50-21/11：M50螺栓-4
				/*	5:type	*/	基本杆件\11：M50螺栓.SLDPRT
				/*	5:location	*/	1.0	3.03915E-18	2.61806E-33	0.0	8.23316E-19	1.0	-1.51517E-33	0.0	-3.89399E-33	-1.10835E-33	1.0	0.0	-0.146509	-0.123866	-0.0325	1.0
				/*	5:child_number	*/	0
			/*	4:name	*/	上垫梁-1/上垫梁下层-1/4个M50-20
			/*	4:type	*/	基本组合\4个M50.SLDASM
			/*	4:location	*/	0.999098	-3.73525E-17	0.0424734	0.0	-0.0424734	1.58792E-18	0.999098	0.0	-3.73863E-17	-1.0	-4.47551E-33	0.0	-0.814809	0.692929	3.56748	1.0
			/*	4:child_number	*/	4
				/*	5:name	*/	上垫梁-1/上垫梁下层-1/4个M50-20/11：M50螺栓-3
				/*	5:type	*/	基本杆件\11：M50螺栓.SLDPRT
				/*	5:location	*/	1.0	3.03915E-18	2.61806E-33	0.0	8.23316E-19	1.0	-1.51517E-33	0.0	-3.89399E-33	-1.10835E-33	1.0	0.0	-0.141199	0.00102167	-0.0325	1.0
				/*	5:child_number	*/	0
				/*	5:name	*/	上垫梁-1/上垫梁下层-1/4个M50-20/11：M50螺栓-2
				/*	5:type	*/	基本杆件\11：M50螺栓.SLDPRT
				/*	5:location	*/	1.0	3.03915E-18	2.61806E-33	0.0	8.23316E-19	1.0	-1.51517E-33	0.0	-3.89399E-33	-1.10835E-33	1.0	0.0	-0.0216214	-0.129175	-0.0325	1.0
				/*	5:child_number	*/	0
				/*	5:name	*/	上垫梁-1/上垫梁下层-1/4个M50-20/11：M50螺栓-1
				/*	5:type	*/	基本杆件\11：M50螺栓.SLDPRT
				/*	5:location	*/	1.0	3.03915E-18	2.61806E-33	0.0	8.23316E-19	1.0	-1.51517E-33	0.0	-3.89399E-33	-1.10835E-33	1.0	0.0	-0.0163122	-0.0042875	-0.0325	1.0
				/*	5:child_number	*/	0
				/*	5:name	*/	上垫梁-1/上垫梁下层-1/4个M50-20/11：M50螺栓-4
				/*	5:type	*/	基本杆件\11：M50螺栓.SLDPRT
				/*	5:location	*/	1.0	3.03915E-18	2.61806E-33	0.0	8.23316E-19	1.0	-1.51517E-33	0.0	-3.89399E-33	-1.10835E-33	1.0	0.0	-0.146509	-0.123866	-0.0325	1.0
				/*	5:child_number	*/	0
			/*	4:name	*/	上垫梁-1/上垫梁下层-1/4个M50-19
			/*	4:type	*/	基本组合\4个M50.SLDASM
			/*	4:location	*/	0.999098	-3.73525E-17	0.0424734	0.0	-0.0424734	1.58792E-18	0.999098	0.0	-3.73863E-17	-1.0	-4.47551E-33	0.0	-1.06481	0.692929	3.56748	1.0
			/*	4:child_number	*/	4
				/*	5:name	*/	上垫梁-1/上垫梁下层-1/4个M50-19/11：M50螺栓-3
				/*	5:type	*/	基本杆件\11：M50螺栓.SLDPRT
				/*	5:location	*/	1.0	3.03915E-18	2.61806E-33	0.0	8.23316E-19	1.0	-1.51517E-33	0.0	-3.89399E-33	-1.10835E-33	1.0	0.0	-0.141199	0.00102167	-0.0325	1.0
				/*	5:child_number	*/	0
				/*	5:name	*/	上垫梁-1/上垫梁下层-1/4个M50-19/11：M50螺栓-2
				/*	5:type	*/	基本杆件\11：M50螺栓.SLDPRT
				/*	5:location	*/	1.0	3.03915E-18	2.61806E-33	0.0	8.23316E-19	1.0	-1.51517E-33	0.0	-3.89399E-33	-1.10835E-33	1.0	0.0	-0.0216214	-0.129175	-0.0325	1.0
				/*	5:child_number	*/	0
				/*	5:name	*/	上垫梁-1/上垫梁下层-1/4个M50-19/11：M50螺栓-1
				/*	5:type	*/	基本杆件\11：M50螺栓.SLDPRT
				/*	5:location	*/	1.0	3.03915E-18	2.61806E-33	0.0	8.23316E-19	1.0	-1.51517E-33	0.0	-3.89399E-33	-1.10835E-33	1.0	0.0	-0.0163122	-0.0042875	-0.0325	1.0
				/*	5:child_number	*/	0
				/*	5:name	*/	上垫梁-1/上垫梁下层-1/4个M50-19/11：M50螺栓-4
				/*	5:type	*/	基本杆件\11：M50螺栓.SLDPRT
				/*	5:location	*/	1.0	3.03915E-18	2.61806E-33	0.0	8.23316E-19	1.0	-1.51517E-33	0.0	-3.89399E-33	-1.10835E-33	1.0	0.0	-0.146509	-0.123866	-0.0325	1.0
				/*	5:child_number	*/	0
			/*	4:name	*/	上垫梁-1/上垫梁下层-1/4个M50-27
			/*	4:type	*/	基本组合\4个M50.SLDASM
			/*	4:location	*/	0.999098	-3.73525E-17	0.0424734	0.0	-0.0424734	1.58792E-18	0.999098	0.0	-3.73863E-17	-1.0	-4.47551E-33	0.0	0.935191	0.692929	3.56748	1.0
			/*	4:child_number	*/	4
				/*	5:name	*/	上垫梁-1/上垫梁下层-1/4个M50-27/11：M50螺栓-3
				/*	5:type	*/	基本杆件\11：M50螺栓.SLDPRT
				/*	5:location	*/	1.0	3.03915E-18	2.61806E-33	0.0	8.23316E-19	1.0	-1.51517E-33	0.0	-3.89399E-33	-1.10835E-33	1.0	0.0	-0.141199	0.00102167	-0.0325	1.0
				/*	5:child_number	*/	0
				/*	5:name	*/	上垫梁-1/上垫梁下层-1/4个M50-27/11：M50螺栓-2
				/*	5:type	*/	基本杆件\11：M50螺栓.SLDPRT
				/*	5:location	*/	1.0	3.03915E-18	2.61806E-33	0.0	8.23316E-19	1.0	-1.51517E-33	0.0	-3.89399E-33	-1.10835E-33	1.0	0.0	-0.0216214	-0.129175	-0.0325	1.0
				/*	5:child_number	*/	0
				/*	5:name	*/	上垫梁-1/上垫梁下层-1/4个M50-27/11：M50螺栓-1
				/*	5:type	*/	基本杆件\11：M50螺栓.SLDPRT
				/*	5:location	*/	1.0	3.03915E-18	2.61806E-33	0.0	8.23316E-19	1.0	-1.51517E-33	0.0	-3.89399E-33	-1.10835E-33	1.0	0.0	-0.0163122	-0.0042875	-0.0325	1.0
				/*	5:child_number	*/	0
				/*	5:name	*/	上垫梁-1/上垫梁下层-1/4个M50-27/11：M50螺栓-4
				/*	5:type	*/	基本杆件\11：M50螺栓.SLDPRT
				/*	5:location	*/	1.0	3.03915E-18	2.61806E-33	0.0	8.23316E-19	1.0	-1.51517E-33	0.0	-3.89399E-33	-1.10835E-33	1.0	0.0	-0.146509	-0.123866	-0.0325	1.0
				/*	5:child_number	*/	0
			/*	4:name	*/	上垫梁-1/上垫梁下层-1/4个M50-26
			/*	4:type	*/	基本组合\4个M50.SLDASM
			/*	4:location	*/	0.999098	-3.73525E-17	0.0424734	0.0	-0.0424734	1.58792E-18	0.999098	0.0	-3.73863E-17	-1.0	-4.47551E-33	0.0	0.685191	0.692929	3.56748	1.0
			/*	4:child_number	*/	4
				/*	5:name	*/	上垫梁-1/上垫梁下层-1/4个M50-26/11：M50螺栓-3
				/*	5:type	*/	基本杆件\11：M50螺栓.SLDPRT
				/*	5:location	*/	1.0	3.03915E-18	2.61806E-33	0.0	8.23316E-19	1.0	-1.51517E-33	0.0	-3.89399E-33	-1.10835E-33	1.0	0.0	-0.141199	0.00102167	-0.0325	1.0
				/*	5:child_number	*/	0
				/*	5:name	*/	上垫梁-1/上垫梁下层-1/4个M50-26/11：M50螺栓-2
				/*	5:type	*/	基本杆件\11：M50螺栓.SLDPRT
				/*	5:location	*/	1.0	3.03915E-18	2.61806E-33	0.0	8.23316E-19	1.0	-1.51517E-33	0.0	-3.89399E-33	-1.10835E-33	1.0	0.0	-0.0216214	-0.129175	-0.0325	1.0
				/*	5:child_number	*/	0
				/*	5:name	*/	上垫梁-1/上垫梁下层-1/4个M50-26/11：M50螺栓-1
				/*	5:type	*/	基本杆件\11：M50螺栓.SLDPRT
				/*	5:location	*/	1.0	3.03915E-18	2.61806E-33	0.0	8.23316E-19	1.0	-1.51517E-33	0.0	-3.89399E-33	-1.10835E-33	1.0	0.0	-0.0163122	-0.0042875	-0.0325	1.0
				/*	5:child_number	*/	0
				/*	5:name	*/	上垫梁-1/上垫梁下层-1/4个M50-26/11：M50螺栓-4
				/*	5:type	*/	基本杆件\11：M50螺栓.SLDPRT
				/*	5:location	*/	1.0	3.03915E-18	2.61806E-33	0.0	8.23316E-19	1.0	-1.51517E-33	0.0	-3.89399E-33	-1.10835E-33	1.0	0.0	-0.146509	-0.123866	-0.0325	1.0
				/*	5:child_number	*/	0
			/*	4:name	*/	上垫梁-1/上垫梁下层-1/4个M50-25
			/*	4:type	*/	基本组合\4个M50.SLDASM
			/*	4:location	*/	0.999098	-3.73525E-17	0.0424734	0.0	-0.0424734	1.58792E-18	0.999098	0.0	-3.73863E-17	-1.0	-4.47551E-33	0.0	0.435191	0.692929	3.56748	1.0
			/*	4:child_number	*/	4
				/*	5:name	*/	上垫梁-1/上垫梁下层-1/4个M50-25/11：M50螺栓-3
				/*	5:type	*/	基本杆件\11：M50螺栓.SLDPRT
				/*	5:location	*/	1.0	3.03915E-18	2.61806E-33	0.0	8.23316E-19	1.0	-1.51517E-33	0.0	-3.89399E-33	-1.10835E-33	1.0	0.0	-0.141199	0.00102167	-0.0325	1.0
