127.0.0.1 - - [26/Jun/2021:16:37:23 +0800] "GET / HTTP/1.1" 404 1068
0:0:0:0:0:0:0:1 - - [26/Jun/2021:16:37:24 +0800] "GET /webgl_engine_2020/chinese/draw.jsp HTTP/1.1" 200 2420
0:0:0:0:0:0:0:1 - - [26/Jun/2021:16:37:25 +0800] "GET /webgl_engine_2020/interface.jsp?function_name=construct_render_object HTTP/1.1" 302 -
0:0:0:0:0:0:0:1 - - [26/Jun/2021:16:37:25 +0800] "GET /favicon.ico HTTP/1.1" 404 1079
0:0:0:0:0:0:0:1 - - [26/Jun/2021:16:37:34 +0800] "GET /webgl_engine_2020/ HTTP/1.1" 304 -
0:0:0:0:0:0:0:1 - - [26/Jun/2021:16:37:39 +0800] "GET /webgl_engine_2020/chinese/draw.jsp?change_part=display_part:start_driver_part HTTP/1.1" 200 2450
0:0:0:0:0:0:0:1 - - [26/Jun/2021:16:37:39 +0800] "GET /webgl_engine_2020/interface.jsp?function_name=construct_render_object HTTP/1.1" 302 -
0:0:0:0:0:0:0:1 - - [26/Jun/2021:16:38:22 +0800] "GET /webgl_engine_2020/interface.jsp?channel=creation&command=creation&language=chinese&user_name=NoName&pass_word=NoPassword&scene_name=test&link_name=&change_part=display_part:start_driver_part&change_component=&part_type=&sub_directory=&coordinate=xyz&max_loading_number=5 HTTP/1.1" 200 573
0:0:0:0:0:0:0:1 - - [26/Jun/2021:16:38:22 +0800] "GET /webgl_engine_2020/interface.jsp?channel=creation&command=creation&language=chinese&user_name=NoName&pass_word=NoPassword&scene_name=test&link_name=&change_part=&change_component=&part_type=&sub_directory=&coordinate=xyz&max_loading_number=5 HTTP/1.1" 200 533
0:0:0:0:0:0:0:1 - - [26/Jun/2021:16:38:22 +0800] "GET /webgl_engine_2020/interface.jsp?channel=buffer&file=scene_directory%252Ftest_directory%252Ftest%252Fdisplay_part%252Fstart_driver_part%252Fproxy_initialization.gzip_text&length=36597&date=1624696702127&original=http%253A%252F%252Flocalhost%253A8080%252Fwebgl_engine_2020%252Finterface.jsp HTTP/1.1" 200 36641
0:0:0:0:0:0:0:1 - - [26/Jun/2021:16:38:23 +0800] "GET /webgl_engine_2020/interface.jsp?command=component&method=update_render&channel=0&user_name=NoName&pass_word=NoPassword&language=chinese&aspect=2.1611226611226613&component=-1&body=0;-1&face=0;-1&loop=0;-1&edge=0;-1&vertex=0;-1&point=-1&depth=-1.00000&value=-1.00000&loaded_length=0_0_-1_-1&requesting_number=0_1&data_time=1&render_time=1&read_time=0&render_interval=1624696702678&length=401 HTTP/1.1" 200 775
0:0:0:0:0:0:0:1 - - [26/Jun/2021:16:38:23 +0800] "GET /webgl_engine_2020/interface.jsp?command=component&method=update_render&channel=0&user_name=NoName&pass_word=NoPassword&language=chinese&requesting_number=1_1&data_time=1&render_time=0&read_time=0&render_interval=156&length=237 HTTP/1.1" 200 559
0:0:0:0:0:0:0:1 - - [26/Jun/2021:16:38:23 +0800] "GET /webgl_engine_2020/interface.jsp?command=component&method=update_render&channel=0&user_name=NoName&pass_word=NoPassword&language=chinese&loaded_length=1_116712_12_0&requesting_number=2_2&data_time=0&render_time=3&read_time=0&render_interval=155&length=265 HTTP/1.1" 200 927
0:0:0:0:0:0:0:1 - - [26/Jun/2021:16:38:24 +0800] "GET /webgl_engine_2020/interface.jsp?channel=0&user_name=NoName&pass_word=NoPassword&language=chinese&command=component&method=event&event_component_id=26&event_driver_id=0&operation=audio&fresh=0.44505857443519004 HTTP/1.1" 200 5
0:0:0:0:0:0:0:1 - - [26/Jun/2021:16:38:24 +0800] "GET /webgl_engine_2020/interface.jsp?command=component&method=update_render&channel=0&user_name=NoName&pass_word=NoPassword&language=chinese&loaded_length=3_4337852_12_0&requesting_number=0_3&data_time=0&render_time=19&read_time=0&render_interval=185&length=267 HTTP/1.1" 200 804
0:0:0:0:0:0:0:1 - - [26/Jun/2021:16:38:24 +0800] "GET /webgl_engine_2020/interface.jsp?command=component&method=update_render&channel=0&user_name=NoName&pass_word=NoPassword&language=chinese&body=-1;-1&face=-1;-1&loop=-1;-1&edge=-1;-1&vertex=-1;-1&requesting_number=7_4&data_time=0&render_time=68&read_time=5&render_interval=229&length=295 HTTP/1.1" 200 134
0:0:0:0:0:0:0:1 - - [26/Jun/2021:16:38:24 +0800] "GET /webgl_engine_2020/interface.jsp?channel=0&user_name=NoName&pass_word=NoPassword&language=chinese&command=component&method=event&event_component_id=57&event_driver_id=0&random=0.3270864392848507&operation=file&file=no_box.jpg HTTP/1.1" 302 -
0:0:0:0:0:0:0:1 - - [26/Jun/2021:16:38:24 +0800] "GET /webgl_engine_2020/interface.jsp?channel=0&user_name=NoName&pass_word=NoPassword&language=chinese&command=component&method=event&event_component_id=57&event_driver_id=0&random=0.29143510834596853&operation=file&file=front.jpg HTTP/1.1" 302 -
0:0:0:0:0:0:0:1 - - [26/Jun/2021:16:38:24 +0800] "GET /webgl_engine_2020/interface.jsp?channel=0&user_name=NoName&pass_word=NoPassword&language=chinese&command=component&method=event&event_component_id=57&event_driver_id=0&random=0.7383627463819511&operation=file&file=back.jpg HTTP/1.1" 302 -
0:0:0:0:0:0:0:1 - - [26/Jun/2021:16:38:24 +0800] "GET /webgl_engine_2020/interface.jsp?channel=0&user_name=NoName&pass_word=NoPassword&language=chinese&command=component&method=event&event_component_id=57&event_driver_id=0&random=0.9624394187635474&operation=file&file=left.jpg HTTP/1.1" 302 -
0:0:0:0:0:0:0:1 - - [26/Jun/2021:16:38:24 +0800] "GET /webgl_engine_2020/interface.jsp?channel=0&user_name=NoName&pass_word=NoPassword&language=chinese&command=component&method=event&event_component_id=57&event_driver_id=0&random=0.149602344804024&operation=file&file=right.jpg HTTP/1.1" 302 -
0:0:0:0:0:0:0:1 - - [26/Jun/2021:16:38:24 +0800] "GET /webgl_engine_2020/interface.jsp?command=component&method=update_render&channel=0&user_name=NoName&pass_word=NoPassword&language=chinese&requesting_number=7_5&data_time=0&render_time=9&read_time=2&render_interval=172&length=237 HTTP/1.1" 200 166
0:0:0:0:0:0:0:1 - - [26/Jun/2021:16:38:24 +0800] "GET /webgl_engine_2020/interface.jsp?channel=0&user_name=NoName&pass_word=NoPassword&language=chinese&command=component&method=event&event_component_id=57&event_driver_id=0&random=0.11684772215701522&operation=file&file=down.jpg HTTP/1.1" 302 -
0:0:0:0:0:0:0:1 - - [26/Jun/2021:16:38:24 +0800] "GET /webgl_engine_2020/interface.jsp?channel=0&user_name=NoName&pass_word=NoPassword&language=chinese&command=component&method=event&event_component_id=57&event_driver_id=0&random=0.5274485755518186&operation=file&file=top.jpg HTTP/1.1" 302 -
0:0:0:0:0:0:0:1 - - [26/Jun/2021:16:38:24 +0800] "GET /webgl_engine_2020/interface.jsp?command=component&method=update_render&channel=0&user_name=NoName&pass_word=NoPassword&language=chinese&requesting_number=4_5&data_time=0&render_time=8&read_time=9&render_interval=171&length=237 HTTP/1.1" 200 117
0:0:0:0:0:0:0:1 - - [26/Jun/2021:16:38:24 +0800] "GET /webgl_engine_2020/interface.jsp?channel=buffer&file=part_directory%252Frender_25%252Fpart_0%252Fmesh.head.gzip_text&length=9789&date=1624696649718&original=http%253A%252F%252Flocalhost%253A8080%252Fwebgl_engine_2020%252Finterface.jsp HTTP/1.1" 200 9809
0:0:0:0:0:0:0:1 - - [26/Jun/2021:16:38:24 +0800] "GET /webgl_engine_2020/interface.jsp?command=component&method=update_render&channel=0&user_name=NoName&pass_word=NoPassword&language=chinese&loaded_length=5_4348157_12_0&requesting_number=0_5&data_time=0&render_time=12&read_time=4&render_interval=171&length=267 HTTP/1.1" 200 228
0:0:0:0:0:0:0:1 - - [26/Jun/2021:16:38:24 +0800] "GET /webgl_engine_2020/interface.jsp?command=component&method=update_render&channel=0&user_name=NoName&pass_word=NoPassword&language=chinese&requesting_number=0_5&data_time=0&render_time=8&read_time=3&render_interval=17&length=236 HTTP/1.1" 200 116
0:0:0:0:0:0:0:1 - - [26/Jun/2021:16:38:24 +0800] "GET /webgl_engine_2020/interface.jsp?command=component&method=update_render&channel=0&user_name=NoName&pass_word=NoPassword&language=chinese&requesting_number=0_5&data_time=0&render_time=5&read_time=4&render_interval=17&length=236 HTTP/1.1" 200 116
0:0:0:0:0:0:0:1 - - [26/Jun/2021:16:38:24 +0800] "GET /webgl_engine_2020/interface.jsp?command=component&method=update_render&channel=0&user_name=NoName&pass_word=NoPassword&language=chinese&requesting_number=0_5&data_time=0&render_time=5&read_time=4&render_interval=17&length=236 HTTP/1.1" 200 116
0:0:0:0:0:0:0:1 - - [26/Jun/2021:16:38:25 +0800] "GET /webgl_engine_2020/interface.jsp?command=component&method=update_render&channel=0&user_name=NoName&pass_word=NoPassword&language=chinese&requesting_number=0_5&data_time=0&render_time=3&read_time=5&render_interval=17&length=236 HTTP/1.1" 200 116
0:0:0:0:0:0:0:1 - - [26/Jun/2021:16:38:25 +0800] "GET /webgl_engine_2020/interface.jsp?command=component&method=update_render&channel=0&user_name=NoName&pass_word=NoPassword&language=chinese&requesting_number=0_5&data_time=0&render_time=5&read_time=3&render_interval=16&length=236 HTTP/1.1" 200 116
0:0:0:0:0:0:0:1 - - [26/Jun/2021:16:38:25 +0800] "GET /webgl_engine_2020/interface.jsp?command=component&method=update_render&channel=0&user_name=NoName&pass_word=NoPassword&language=chinese&requesting_number=0_5&data_time=0&render_time=4&read_time=4&render_interval=17&length=236 HTTP/1.1" 200 116
0:0:0:0:0:0:0:1 - - [26/Jun/2021:16:38:25 +0800] "GET /webgl_engine_2020/interface.jsp?command=component&method=update_render&channel=0&user_name=NoName&pass_word=NoPassword&language=chinese&requesting_number=0_5&data_time=0&render_time=19&read_time=3&render_interval=19&length=237 HTTP/1.1" 200 228
0:0:0:0:0:0:0:1 - - [26/Jun/2021:16:38:25 +0800] "GET /webgl_engine_2020/interface.jsp?command=component&method=update_render&channel=0&user_name=NoName&pass_word=NoPassword&language=chinese&requesting_number=0_5&data_time=0&render_time=36&read_time=3&render_interval=36&length=237 HTTP/1.1" 200 116
0:0:0:0:0:0:0:1 - - [26/Jun/2021:16:38:25 +0800] "GET /webgl_engine_2020/interface.jsp?command=component&method=update_render&channel=0&user_name=NoName&pass_word=NoPassword&language=chinese&requesting_number=0_5&data_time=0&render_time=4&read_time=3&render_interval=17&length=236 HTTP/1.1" 200 116
0:0:0:0:0:0:0:1 - - [26/Jun/2021:16:38:25 +0800] "GET /webgl_engine_2020/interface.jsp?command=component&method=update_render&channel=0&user_name=NoName&pass_word=NoPassword&language=chinese&requesting_number=0_5&data_time=0&render_time=4&read_time=18&render_interval=16&length=237 HTTP/1.1" 200 116
0:0:0:0:0:0:0:1 - - [26/Jun/2021:16:38:25 +0800] "GET /webgl_engine_2020/interface.jsp?command=component&method=update_render&channel=0&user_name=NoName&pass_word=NoPassword&language=chinese&requesting_number=0_5&data_time=0&render_time=16&read_time=15&render_interval=17&length=238 HTTP/1.1" 200 116
0:0:0:0:0:0:0:1 - - [26/Jun/2021:16:38:25 +0800] "GET /webgl_engine_2020/interface.jsp?command=component&method=update_render&channel=0&user_name=NoName&pass_word=NoPassword&language=chinese&requesting_number=0_5&data_time=0&render_time=16&read_time=3&render_interval=17&length=237 HTTP/1.1" 200 116
0:0:0:0:0:0:0:1 - - [26/Jun/2021:16:38:25 +0800] "GET /webgl_engine_2020/interface.jsp?command=component&method=update_render&channel=0&user_name=NoName&pass_word=NoPassword&language=chinese&requesting_number=0_5&data_time=0&render_time=5&read_time=3&render_interval=17&length=236 HTTP/1.1" 200 116
0:0:0:0:0:0:0:1 - - [26/Jun/2021:16:38:25 +0800] "GET /webgl_engine_2020/interface.jsp?command=component&method=update_render&channel=0&user_name=NoName&pass_word=NoPassword&language=chinese&requesting_number=0_5&data_time=0&render_time=4&read_time=3&render_interval=17&length=236 HTTP/1.1" 200 116
0:0:0:0:0:0:0:1 - - [26/Jun/2021:16:38:25 +0800] "GET /webgl_engine_2020/interface.jsp?command=component&method=update_render&channel=0&user_name=NoName&pass_word=NoPassword&language=chinese&requesting_number=0_5&data_time=0&render_time=19&read_time=15&render_interval=19&length=238 HTTP/1.1" 200 116
0:0:0:0:0:0:0:1 - - [26/Jun/2021:16:38:25 +0800] "GET /webgl_engine_2020/interface.jsp?command=component&method=update_render&channel=0&user_name=NoName&pass_word=NoPassword&language=chinese&requesting_number=0_5&data_time=0&render_time=19&read_time=3&render_interval=19&length=237 HTTP/1.1" 200 116
0:0:0:0:0:0:0:1 - - [26/Jun/2021:16:38:25 +0800] "GET /webgl_engine_2020/interface.jsp?command=component&method=update_render&channel=0&user_name=NoName&pass_word=NoPassword&language=chinese&requesting_number=0_5&data_time=0&render_time=20&read_time=16&render_interval=20&length=238 HTTP/1.1" 200 228
0:0:0:0:0:0:0:1 - - [26/Jun/2021:16:38:25 +0800] "GET /webgl_engine_2020/interface.jsp?command=component&method=update_render&channel=0&user_name=NoName&pass_word=NoPassword&language=chinese&x=0.05533188595524474&y=-0.6050241815391217&requesting_number=0_5&data_time=0&render_time=16&read_time=15&render_interval=16&length=282 HTTP/1.1" 200 116
0:0:0:0:0:0:0:1 - - [26/Jun/2021:16:38:25 +0800] "GET /webgl_engine_2020/interface.jsp?command=component&method=update_render&channel=0&user_name=NoName&pass_word=NoPassword&language=chinese&x=0.3535531647537167&y=-0.3243579036715887&requesting_number=0_5&data_time=0&render_time=16&read_time=3&render_interval=16&length=280 HTTP/1.1" 200 208
0:0:0:0:0:0:0:1 - - [26/Jun/2021:16:38:25 +0800] "GET /webgl_engine_2020/interface.jsp?command=component&method=update_render&channel=0&user_name=NoName&pass_word=NoPassword&language=chinese&x=0.4083873998876293&y=-0.2931727616863071&requesting_number=0_5&data_time=0&render_time=19&read_time=3&render_interval=19&length=280 HTTP/1.1" 200 206
0:0:0:0:0:0:0:1 - - [26/Jun/2021:16:38:25 +0800] "GET /webgl_engine_2020/interface.jsp?command=component&method=update_render&channel=0&user_name=NoName&pass_word=NoPassword&language=chinese&x=0.42377946589013105&y=-0.28277771435788&requesting_number=0_5&data_time=0&render_time=19&read_time=16&render_interval=20&length=280 HTTP/1.1" 200 206
0:0:0:0:0:0:0:1 - - [26/Jun/2021:16:38:25 +0800] "GET /webgl_engine_2020/interface.jsp?command=component&method=update_render&channel=0&user_name=NoName&pass_word=NoPassword&language=chinese&x=0.43628551951716354&y=-0.2806987048921945&requesting_number=0_5&data_time=0&render_time=16&read_time=16&render_interval=17&length=282 HTTP/1.1" 200 202
0:0:0:0:0:0:0:1 - - [26/Jun/2021:16:38:25 +0800] "GET /webgl_engine_2020/interface.jsp?command=component&method=update_render&channel=0&user_name=NoName&pass_word=NoPassword&language=chinese&x=0.461297626771229&y=-0.2640666291667111&requesting_number=0_5&data_time=0&render_time=16&read_time=15&render_interval=16&length=280 HTTP/1.1" 200 206
0:0:0:0:0:0:0:1 - - [26/Jun/2021:16:38:25 +0800] "GET /webgl_engine_2020/interface.jsp?command=component&method=update_render&channel=0&user_name=NoName&pass_word=NoPassword&language=chinese&x=0.4978537835271708&y=-0.24743455344122767&requesting_number=0_5&data_time=0&render_time=19&read_time=3&render_interval=19&length=281 HTTP/1.1" 200 206
0:0:0:0:0:0:0:1 - - [26/Jun/2021:16:38:25 +0800] "GET /webgl_engine_2020/interface.jsp?command=component&method=update_render&channel=0&user_name=NoName&pass_word=NoPassword&language=chinese&x=0.5093978330290472&y=-0.24119752504417136&requesting_number=0_5&data_time=0&render_time=19&read_time=3&render_interval=20&length=281 HTTP/1.1" 200 208
0:0:0:0:0:0:0:1 - - [26/Jun/2021:16:38:25 +0800] "GET /webgl_engine_2020/interface.jsp?command=component&method=update_render&channel=0&user_name=NoName&pass_word=NoPassword&language=chinese&x=0.5103598371542035&y=-0.23911851557848585&requesting_number=0_5&data_time=0&render_time=19&read_time=3&render_interval=19&length=281 HTTP/1.1" 200 208
0:0:0:0:0:0:0:1 - - [26/Jun/2021:16:38:25 +0800] "GET /webgl_engine_2020/interface.jsp?command=component&method=update_render&channel=0&user_name=NoName&pass_word=NoPassword&language=chinese&requesting_number=0_5&data_time=0&render_time=4&read_time=4&render_interval=17&length=236 HTTP/1.1" 200 321
0:0:0:0:0:0:0:1 - - [26/Jun/2021:16:38:25 +0800] "GET /webgl_engine_2020/interface.jsp?command=component&method=update_render&channel=0&user_name=NoName&pass_word=NoPassword&language=chinese&requesting_number=0_5&data_time=0&render_time=5&read_time=4&render_interval=17&length=236 HTTP/1.1" 200 116
0:0:0:0:0:0:0:1 - - [26/Jun/2021:16:38:25 +0800] "GET /webgl_engine_2020/interface.jsp?channel=0&user_name=NoName&pass_word=NoPassword&language=chinese&command=component&method=event&event_component_name=show_select_component_box_component&event_driver_id=all&component_id=-1 HTTP/1.1" 200 5
0:0:0:0:0:0:0:1 - - [26/Jun/2021:16:38:25 +0800] "GET /webgl_engine_2020/interface.jsp?channel=0&user_name=NoName&pass_word=NoPassword&language=chinese&command=component&method=event&event_component_id=35&event_driver_id=0&event_operation=mousedown&operate_component_id=5 HTTP/1.1" 200 12
0:0:0:0:0:0:0:1 - - [26/Jun/2021:16:38:25 +0800] "GET /webgl_engine_2020/interface.jsp?channel=0&user_name=NoName&pass_word=NoPassword&language=chinese&command=component&method=event&event_component_id=35&event_driver_id=0&event_operation=mousemove&distance=1.375853556903794&half_fovy_tanl=0.41421356237309503&data=0.6986555815403838,-0.008450431810898945,-0.7154082530867794,0,-0.41307754868376795,0.8116677614709458,-0.41299198994914293,1.8129866073473583e-16,0.584163775970299,0.5840582464026625,0.5635855282502996,1.2819751242557085e-16,0.43000000715255754,0.145,0.043999999999999914,1&clip_plane_modification=0&operate_component_id=5 HTTP/1.1" 200 5
0:0:0:0:0:0:0:1 - - [26/Jun/2021:16:38:26 +0800] "GET /webgl_engine_2020/interface.jsp?command=component&method=update_render&channel=0&user_name=NoName&pass_word=NoPassword&language=chinese&x=0.4940057670265452&y=-0.253671581838284&requesting_number=0_5&data_time=0&render_time=4&read_time=17&render_interval=18&length=279 HTTP/1.1" 200 553
0:0:0:0:0:0:0:1 - - [26/Jun/2021:16:38:26 +0800] "GET /webgl_engine_2020/interface.jsp?channel=0&user_name=NoName&pass_word=NoPassword&language=chinese&command=component&method=event&event_component_id=35&event_driver_id=0&event_operation=mousemove&distance=1.375853556903794&half_fovy_tanl=0.41421356237309503&data=0.6311913651271176,-0.07432846521956597,-0.772057471854958,1.8349848020876174e-16,-0.4345749412231066,0.7905952182756105,-0.43139752120367236,8.502634509118716e-17,0.642450061133081,0.6078112207732295,0.46671558668235746,3.130267308985594e-16,0.4300000071525572,0.14500000000000002,0.04399999999999987,0.9999999999999999&clip_plane_modification=0&operate_component_id=5 HTTP/1.1" 200 5
0:0:0:0:0:0:0:1 - - [26/Jun/2021:16:38:26 +0800] "GET /webgl_engine_2020/interface.jsp?channel=0&user_name=NoName&pass_word=NoPassword&language=chinese&command=component&method=event&event_component_id=35&event_driver_id=0&event_operation=mousemove&distance=1.375853556903794&half_fovy_tanl=0.41421356237309503&data=0.5328242522326255,-0.16376388186408017,-0.8302287077845178,3.10970044115591e-16,-0.46127163171997226,0.7663204640920747,-0.44719283098468876,8.81233955221485e-17,0.7094552825958361,0.6212361365137367,0.3327744952461772,2.791003916770514e-16,0.4300000071525573,0.14500000000000005,0.04399999999999992,0.9999999999999999&clip_plane_modification=0&operate_component_id=5 HTTP/1.1" 200 5
0:0:0:0:0:0:0:1 - - [26/Jun/2021:16:38:26 +0800] "GET /webgl_engine_2020/interface.jsp?channel=0&user_name=NoName&pass_word=NoPassword&language=chinese&command=component&method=event&event_component_id=35&event_driver_id=0&event_operation=mousemove&distance=1.375853556903794&half_fovy_tanl=0.41421356237309503&data=0.43805606055746066,-0.24328442060906397,-0.8654013973283088,4.374129848368359e-16,-0.47807423807228017,0.7522098996558835,-0.45345924817043193,2.5544671518439475e-16,0.7612830687073543,0.6123666855313056,0.21320209133804457,1.3820354100058048e-16,0.4300000071525573,0.14500000000000002,0.04399999999999987,1&clip_plane_modification=0&operate_component_id=5 HTTP/1.1" 200 5
0:0:0:0:0:0:0:1 - - [26/Jun/2021:16:38:26 +0800] "GET /webgl_engine_2020/interface.jsp?channel=0&user_name=NoName&pass_word=NoPassword&language=chinese&command=component&method=event&event_component_id=35&event_driver_id=0&event_operation=mousemove&distance=1.375853556903794&half_fovy_tanl=0.41421356237309503&data=0.34058537829171703,-0.3182864929328564,-0.8847006886571244,5.055603876445295e-16,-0.4910592277908399,0.7422032766839377,-0.45606483188367924,4.246869196870724e-16,0.801787025896123,0.5897694502906438,0.09648606432288735,2.7800901740513527e-16,0.4300000071525575,0.14500000000000007,0.04399999999999983,1&clip_plane_modification=0&operate_component_id=5 HTTP/1.1" 200 5
0:0:0:0:0:0:0:1 - - [26/Jun/2021:16:38:26 +0800] "GET /webgl_engine_2020/interface.jsp?command=component&method=update_render&channel=0&user_name=NoName&pass_word=NoPassword&language=chinese&x=0.25831475636323686&y=-0.3680171024509826&requesting_number=0_5&data_time=0&render_time=16&read_time=14&render_interval=18&length=282 HTTP/1.1" 200 204
0:0:0:0:0:0:0:1 - - [26/Jun/2021:16:38:26 +0800] "GET /webgl_engine_2020/interface.jsp?channel=0&user_name=NoName&pass_word=NoPassword&language=chinese&command=component&method=event&event_component_id=35&event_driver_id=0&event_operation=mousemove&distance=1.375853556903794&half_fovy_tanl=0.41421356237309503&data=0.22116113390195677,-0.40060649904074025,-0.8891581331672798,3.9636123984823447e-16,-0.4944376631792529,0.7398113924795,-0.45630088843588784,4.012955083698938e-16,0.8406064180584393,0.5405492914470085,-0.03445741480577385,4.4295883023827417e-16,0.4300000071525575,0.14499999999999996,0.043999999999999914,0.9999999999999998&clip_plane_modification=0&operate_component_id=5 HTTP/1.1" 200 5
0:0:0:0:0:0:0:1 - - [26/Jun/2021:16:38:26 +0800] "GET /webgl_engine_2020/interface.jsp?command=component&method=update_render&channel=0&user_name=NoName&pass_word=NoPassword&language=chinese&x=0.16403835209791362&y=-0.3721751213823534&requesting_number=0_5&data_time=0&render_time=16&read_time=12&render_interval=17&length=282 HTTP/1.1" 200 206
0:0:0:0:0:0:0:1 - - [26/Jun/2021:16:38:26 +0800] "GET /webgl_engine_2020/interface.jsp?channel=0&user_name=NoName&pass_word=NoPassword&language=chinese&command=component&method=event&event_component_id=35&event_driver_id=0&event_operation=mousemove&distance=1.375853556903794&half_fovy_tanl=0.41421356237309503&data=0.1274795200323545,-0.4575629136590568,-0.879991563605103,2.549516868738882e-16,-0.4944376631792528,0.7398113924794997,-0.45630088843588806,4.465973230009334e-16,0.8598141480588467,0.4932699905745085,-0.13192553655932043,3.748618476582827e-16,0.4300000071525576,0.14499999999999988,0.04399999999999992,0.9999999999999998&clip_plane_modification=0&operate_component_id=5 HTTP/1.1" 200 5
0:0:0:0:0:0:0:1 - - [26/Jun/2021:16:38:26 +0800] "GET /webgl_engine_2020/interface.jsp?channel=0&user_name=NoName&pass_word=NoPassword&language=chinese&command=component&method=event&event_component_id=35&event_driver_id=0&event_operation=mousemove&distance=1.375853556903794&half_fovy_tanl=0.41421356237309503&data=0.053860195120794874,-0.4978734028564045,-0.8655756200989793,1.5842316172809676e-16,-0.49443766317925303,0.7398113924794995,-0.456300888435888,3.959377477510896e-16,0.8675427808537105,0.452549641791622,-0.2063209759158917,3.6134911149690657e-16,0.4300000071525576,0.14499999999999993,0.04399999999999993,1.0000000000000002&clip_plane_modification=0&operate_component_id=5 HTTP/1.1" 200 5
0:0:0:0:0:0:0:1 - - [26/Jun/2021:16:38:26 +0800] "GET /webgl_engine_2020/interface.jsp?command=component&method=update_render&channel=0&user_name=NoName&pass_word=NoPassword&language=chinese&x=0.10054607983759367&requesting_number=0_5&data_time=0&render_time=15&read_time=15&render_interval=16&length=260 HTTP/1.1" 200 206
0:0:0:0:0:0:0:1 - - [26/Jun/2021:16:38:26 +0800] "GET /webgl_engine_2020/interface.jsp?channel=0&user_name=NoName&pass_word=NoPassword&language=chinese&command=component&method=event&event_component_id=35&event_driver_id=0&event_operation=mousemove&distance=1.375853556903794&half_fovy_tanl=0.41421356237309503&data=-0.03448674044495819,-0.5413984715028313,-0.8400585454525643,-2.8266545500493474e-17,-0.499843268409513,0.7372204457429019,-0.45460171733543786,3.392196535810585e-16,0.8654290102366442,0.4042198775827724,-0.2960387116709431,2.3037478761677346e-16,0.4300000071525575,0.1449999999999999,0.043999999999999866,0.9999999999999998&clip_plane_modification=0&operate_component_id=5 HTTP/1.1" 200 5
0:0:0:0:0:0:0:1 - - [26/Jun/2021:16:38:26 +0800] "GET /webgl_engine_2020/interface.jsp?command=component&method=update_render&channel=0&user_name=NoName&pass_word=NoPassword&language=chinese&x=0.03224378695149199&y=-0.37841214977940973&requesting_number=0_5&data_time=0&render_time=15&read_time=15&render_interval=16&length=283 HTTP/1.1" 200 279
0:0:0:0:0:0:0:1 - - [26/Jun/2021:16:38:26 +0800] "GET /webgl_engine_2020/interface.jsp?channel=0&user_name=NoName&pass_word=NoPassword&language=chinese&command=component&method=event&event_component_id=35&event_driver_id=0&event_operation=mousemove&distance=1.375853556903794&half_fovy_tanl=0.41421356237309503&data=-0.1275670568696418,-0.5818136323858564,-0.803255590190066,-3.601197264811065e-17,-0.4998432684095126,0.737220445742902,-0.4546017173354378,7.406778135967853e-16,0.8566699206971803,0.34350969644044843,-0.3848606701445063,3.077323940323359e-17,0.4300000071525574,0.1449999999999999,0.043999999999999824,0.9999999999999996&clip_plane_modification=0&operate_component_id=5 HTTP/1.1" 200 5
0:0:0:0:0:0:0:1 - - [26/Jun/2021:16:38:26 +0800] "GET /webgl_engine_2020/interface.jsp?channel=0&user_name=NoName&pass_word=NoPassword&language=chinese&command=component&method=event&event_component_id=35&event_driver_id=0&event_operation=mousemove&distance=1.375853556903794&half_fovy_tanl=0.41421356237309503&data=-0.24851260117145862,-0.6248795003866113,-0.7401128948042809,-1.2192284762614487e-17,-0.4998432684095125,0.7372204457429018,-0.4546017173354375,8.868700918999016e-16,0.8296976522111476,0.2569661930589561,-0.49555038244369987,9.306319200872062e-17,0.4300000071525573,0.1449999999999999,0.04399999999999985,0.9999999999999996&clip_plane_modification=0&operate_component_id=5 HTTP/1.1" 200 5
0:0:0:0:0:0:0:1 - - [26/Jun/2021:16:38:26 +0800] "GET /webgl_engine_2020/interface.jsp?command=component&method=update_render&channel=0&user_name=NoName&pass_word=NoPassword&language=chinese&x=-0.06299462143898771&requesting_number=0_5&data_time=0&render_time=16&read_time=15&render_interval=17&length=261 HTTP/1.1" 200 220
0:0:0:0:0:0:0:1 - - [26/Jun/2021:16:38:26 +0800] "GET /webgl_engine_2020/interface.jsp?channel=0&user_name=NoName&pass_word=NoPassword&language=chinese&command=component&method=event&event_component_id=35&event_driver_id=0&event_operation=mousemove&distance=1.375853556903794&half_fovy_tanl=0.41421356237309503&data=-0.4821990805956334,-0.6781802055156674,-0.5545770059418725,1.3015160519709067e-17,-0.5345825374608262,0.7292949981638642,-0.42702495980341604,1.046730089386976e-15,0.6940501115299025,0.09055614004523929,-0.714208672717882,1.4097280270199063e-16,0.4300000071525575,0.14500000000000002,0.043999999999999824,0.9999999999999996&clip_plane_modification=0&operate_component_id=5 HTTP/1.1" 200 5
0:0:0:0:0:0:0:1 - - [26/Jun/2021:16:38:26 +0800] "GET /webgl_engine_2020/interface.jsp?command=component&method=update_render&channel=0&user_name=NoName&pass_word=NoPassword&language=chinese&x=-0.2698255083476052&y=-0.4428614432156581&requesting_number=0_5&data_time=0&render_time=16&read_time=15&render_interval=16&length=282 HTTP/1.1" 200 212
0:0:0:0:0:0:0:1 - - [26/Jun/2021:16:38:26 +0800] "GET /webgl_engine_2020/interface.jsp?channel=0&user_name=NoName&pass_word=NoPassword&language=chinese&command=component&method=event&event_component_id=35&event_driver_id=0&event_operation=mousemove&distance=1.375853556903794&half_fovy_tanl=0.41421356237309503&data=-0.6400056085780903,-0.6822095083844442,-0.3535293589766515,1.3015160519708953e-17,-0.5561861539949796,0.7287713039766743,-0.3994362885422476,1.046730089386976e-15,0.5301412859727681,-0.059013330443120786,-0.845853204602993,1.4097280270199068e-16,0.43000000715255743,0.14500000000000002,0.043999999999999734,1&clip_plane_modification=0&operate_component_id=5 HTTP/1.1" 200 5
0:0:0:0:0:0:0:1 - - [26/Jun/2021:16:38:26 +0800] "GET /webgl_engine_2020/interface.jsp?channel=0&user_name=NoName&pass_word=NoPassword&language=chinese&command=component&method=event&event_component_id=35&event_driver_id=0&event_operation=mousemove&distance=1.375853556903794&half_fovy_tanl=0.41421356237309503&data=-0.7329958027183784,-0.6579078470392837,-0.17284217656976403,1.1239092097032583e-17,-0.5676121056780011,0.731596213852573,-0.3776022740455374,1.2157071288762433e-15,0.3748781811269165,-0.17867357017956204,-0.9096934124386451,3.169270515944856e-16,0.43000000715255754,0.14500000000000005,0.043999999999999706,1&clip_plane_modification=0&operate_component_id=5 HTTP/1.1" 200 5
0:0:0:0:0:0:0:1 - - [26/Jun/2021:16:38:26 +0800] "GET /webgl_engine_2020/interface.jsp?command=component&method=update_render&channel=0&user_name=NoName&pass_word=NoPassword&language=chinese&x=-0.4198981518719975&y=-0.4844416325293668&requesting_number=0_5&data_time=0&render_time=16&read_time=15&render_interval=17&length=282 HTTP/1.1" 200 208
0:0:0:0:0:0:0:1 - - [26/Jun/2021:16:38:26 +0800] "GET /webgl_engine_2020/interface.jsp?channel=0&user_name=NoName&pass_word=NoPassword&language=chinese&command=component&method=event&event_component_id=35&event_driver_id=0&event_operation=mousemove&distance=1.375853556903794&half_fovy_tanl=0.41421356237309503&data=-0.7738950686260146,-0.6306088675908061,-0.05847117984251659,1.0033457970181628e-16,-0.5676121056780012,0.7315962138525735,-0.3776022740455367,1.0507732770407795e-15,0.2808966362278488,-0.25903558827392337,-0.924119929318411,-4.646924778403042e-17,0.43000000715255754,0.14499999999999982,0.043999999999999706,0.9999999999999998&clip_plane_modification=0&operate_component_id=5 HTTP/1.1" 200 5
0:0:0:0:0:0:0:1 - - [26/Jun/2021:16:38:26 +0800] "GET /webgl_engine_2020/interface.jsp?command=component&method=update_render&channel=0&user_name=NoName&pass_word=NoPassword&language=chinese&x=-0.5016685025102883&y=-0.4885996514607376&requesting_number=0_5&data_time=0&render_time=15&read_time=16&render_interval=16&length=282 HTTP/1.1" 200 216
0:0:0:0:0:0:0:1 - - [26/Jun/2021:16:38:26 +0800] "GET /webgl_engine_2020/interface.jsp?channel=0&user_name=NoName&pass_word=NoPassword&language=chinese&command=component&method=event&event_component_id=35&event_driver_id=0&event_operation=mousemove&distance=1.375853556903794&half_fovy_tanl=0.41421356237309503&data=-0.7957196543064872,-0.6051772286916418,0.024305423745894825,3.3376998015801436e-16,-0.5686901433361832,0.7327335191817482,-0.3737554156661779,9.901116273406877e-16,0.20837886798481808,-0.3112267850629699,-0.9272087875105243,7.748755625548248e-17,0.430000007152558,0.14499999999999985,0.0439999999999997,0.9999999999999999&clip_plane_modification=0&operate_component_id=5 HTTP/1.1" 200 5
0:0:0:0:0:0:0:1 - - [26/Jun/2021:16:38:26 +0800] "GET /webgl_engine_2020/interface.jsp?channel=0&user_name=NoName&pass_word=NoPassword&language=chinese&command=component&method=event&event_component_id=35&event_driver_id=0&event_operation=mousemove&distance=1.375853556903794&half_fovy_tanl=0.41421356237309503&data=-0.8006747422946335,-0.5972194259596538,0.04742271932145985,5.529891004627147e-16,-0.5682901856005027,0.7320588975033748,-0.37568076279773055,9.100002604744576e-16,0.18964762587906672,-0.3277479639029994,-0.9255350075258502,1.7649300790683878e-16,0.430000007152558,0.14499999999999988,0.04399999999999967,0.9999999999999998&clip_plane_modification=0&operate_component_id=5 HTTP/1.1" 200 5
0:0:0:0:0:0:0:1 - - [26/Jun/2021:16:38:26 +0800] "GET /webgl_engine_2020/interface.jsp?channel=0&user_name=NoName&pass_word=NoPassword&language=chinese&command=component&method=event&event_component_id=35&event_driver_id=0&event_operation=mouseup&distance=1.375853556903794&half_fovy_tanl=0.41421356237309503&data=-0.8006747422946335,-0.5972194259596538,0.04742271932145985,5.529891004627147e-16,-0.5682901856005027,0.7320588975033748,-0.37568076279773055,9.100002604744576e-16,0.18964762587906672,-0.3277479639029994,-0.9255350075258502,1.7649300790683878e-16,0.430000007152558,0.14499999999999988,0.04399999999999967,0.9999999999999998&clip_plane_modification=0&operate_component_id=5 HTTP/1.1" 200 5
0:0:0:0:0:0:0:1 - - [26/Jun/2021:16:38:26 +0800] "GET /webgl_engine_2020/interface.jsp?command=component&method=update_render&channel=0&user_name=NoName&pass_word=NoPassword&language=chinese&x=-0.5324526345152918&y=-0.4865206419950523&requesting_number=0_5&data_time=0&render_time=16&read_time=15&render_interval=17&length=282 HTTP/1.1" 200 364
0:0:0:0:0:0:0:1 - - [26/Jun/2021:16:38:26 +0800] "GET /webgl_engine_2020/interface.jsp?command=component&method=update_render&channel=0&user_name=NoName&pass_word=NoPassword&language=chinese&x=-0.5189845767631027&y=-0.4241503580244892&requesting_number=0_5&data_time=0&render_time=16&read_time=15&render_interval=17&length=282 HTTP/1.1" 200 207
0:0:0:0:0:0:0:1 - - [26/Jun/2021:16:38:26 +0800] "GET /webgl_engine_2020/interface.jsp?command=component&method=update_render&channel=0&user_name=NoName&pass_word=NoPassword&language=chinese&x=-0.30060964035260884&y=-0.23080247771574425&requesting_number=0_5&data_time=0&render_time=16&read_time=15&render_interval=17&length=284 HTTP/1.1" 200 208
0:0:0:0:0:0:0:1 - - [26/Jun/2021:16:38:26 +0800] "GET /webgl_engine_2020/interface.jsp?command=component&method=update_render&channel=0&user_name=NoName&pass_word=NoPassword&language=chinese&x=0.11305213346462639&y=-0.04369162580405539&requesting_number=0_5&data_time=0&render_time=17&read_time=3&render_interval=17&length=282 HTTP/1.1" 200 220
0:0:0:0:0:0:0:1 - - [26/Jun/2021:16:38:26 +0800] "GET /webgl_engine_2020/interface.jsp?command=component&method=update_render&channel=0&user_name=NoName&pass_word=NoPassword&language=chinese&x=0.3016049419952731&y=0.03531073389199102&requesting_number=0_5&data_time=0&render_time=4&read_time=4&render_interval=17&length=279 HTTP/1.1" 200 210
0:0:0:0:0:0:0:1 - - [26/Jun/2021:16:38:26 +0800] "GET /webgl_engine_2020/interface.jsp?command=component&method=update_render&channel=0&user_name=NoName&pass_word=NoPassword&language=chinese&x=0.36509721425559305&y=0.06441686641158706&requesting_number=0_5&data_time=0&render_time=18&read_time=3&render_interval=19&length=281 HTTP/1.1" 200 285
0:0:0:0:0:0:0:1 - - [26/Jun/2021:16:38:26 +0800] "GET /webgl_engine_2020/interface.jsp?command=component&method=update_render&channel=0&user_name=NoName&pass_word=NoPassword&language=chinese&x=0.3747172555071565&y=0.07065389480864337&requesting_number=0_5&data_time=0&render_time=19&read_time=3&render_interval=19&length=280 HTTP/1.1" 200 206
0:0:0:0:0:0:0:1 - - [26/Jun/2021:16:38:26 +0800] "GET /webgl_engine_2020/interface.jsp?command=component&method=update_render&channel=0&user_name=NoName&pass_word=NoPassword&language=chinese&requesting_number=0_5&data_time=0&render_time=8&read_time=3&render_interval=17&length=236 HTTP/1.1" 200 206
0:0:0:0:0:0:0:1 - - [26/Jun/2021:16:38:26 +0800] "GET /webgl_engine_2020/interface.jsp?command=component&method=update_render&channel=0&user_name=NoName&pass_word=NoPassword&language=chinese&requesting_number=0_5&data_time=0&render_time=5&read_time=4&render_interval=17&length=236 HTTP/1.1" 200 116
0:0:0:0:0:0:0:1 - - [26/Jun/2021:16:38:26 +0800] "GET /webgl_engine_2020/interface.jsp?channel=0&user_name=NoName&pass_word=NoPassword&language=chinese&command=component&method=event&event_component_name=show_select_component_box_component&event_driver_id=all&component_id=-1 HTTP/1.1" 200 5
0:0:0:0:0:0:0:1 - - [26/Jun/2021:16:38:26 +0800] "GET /webgl_engine_2020/interface.jsp?channel=0&user_name=NoName&pass_word=NoPassword&language=chinese&command=component&method=event&event_component_id=35&event_driver_id=0&event_operation=mousedown&operate_component_id=5 HTTP/1.1" 200 12
0:0:0:0:0:0:0:1 - - [26/Jun/2021:16:38:26 +0800] "GET /webgl_engine_2020/interface.jsp?channel=0&user_name=NoName&pass_word=NoPassword&language=chinese&command=component&method=event&event_component_id=35&event_driver_id=0&event_operation=mousemove&distance=1.375853556903794&half_fovy_tanl=0.41421356237309503&data=-0.8032891900480227,-0.5924649736789601,0.060923986373022467,1.0774509808624691e-16,-0.570904634046443,0.7368133510434953,-0.3621794921697688,-1.3207165455086793e-16,0.16968905673698623,-0.32571665706199876,-0.9301151989598213,5.912941706735766e-17,0.43000000715255793,0.14499999999999988,0.04399999999999967,1&clip_plane_modification=0&operate_component_id=5 HTTP/1.1" 200 5
0:0:0:0:0:0:0:1 - - [26/Jun/2021:16:38:26 +0800] "GET /webgl_engine_2020/interface.jsp?command=component&method=update_render&channel=0&user_name=NoName&pass_word=NoPassword&language=chinese&x=0.35932518950465475&y=0.05610082854884535&requesting_number=0_5&data_time=0&render_time=4&read_time=18&render_interval=17&length=281 HTTP/1.1" 200 231
0:0:0:0:0:0:0:1 - - [26/Jun/2021:16:38:26 +0800] "GET /webgl_engine_2020/interface.jsp?channel=0&user_name=NoName&pass_word=NoPassword&language=chinese&command=component&method=event&event_component_id=35&event_driver_id=0&event_operation=mousemove&distance=1.375853556903794&half_fovy_tanl=0.41421356237309503&data=-0.8155577132286628,-0.5448224006541789,0.19502350663100038,1.1456277986200247e-16,-0.5786746762839393,0.7671976988584072,-0.27666461626677696,-1.7780273696167668e-16,0.0011114948999314327,-0.3384911263412708,-0.94096892720605,-5.631734458216937e-17,0.43000000715255804,0.14499999999999988,0.04399999999999971,1&clip_plane_modification=0&operate_component_id=5 HTTP/1.1" 200 5
0:0:0:0:0:0:0:1 - - [26/Jun/2021:16:38:26 +0800] "GET /webgl_engine_2020/interface.jsp?channel=0&user_name=NoName&pass_word=NoPassword&language=chinese&command=component&method=event&event_component_id=35&event_driver_id=0&event_operation=mousemove&distance=1.375853556903794&half_fovy_tanl=0.41421356237309503&data=-0.7410217930144657,-0.41186700247705554,0.530332230350175,3.81380517751829e-17,-0.5458799809498646,0.8294275805338609,-0.11859567887541801,-4.259744401691475e-16,-0.3910265319333221,-0.37737973040468265,-0.8394538643689037,-1.9943166827137392e-16,0.430000007152558,0.14500000000000002,0.04399999999999967,1&clip_plane_modification=0&operate_component_id=5 HTTP/1.1" 200 5
0:0:0:0:0:0:0:1 - - [26/Jun/2021:16:38:26 +0800] "GET /webgl_engine_2020/interface.jsp?command=component&method=update_render&channel=0&user_name=NoName&pass_word=NoPassword&language=chinese&x=0.11882415821556447&y=-0.21209139252457532&requesting_number=0_5&data_time=0&render_time=4&read_time=18&render_interval=15&length=282 HTTP/1.1" 200 206
0:0:0:0:0:0:0:1 - - [26/Jun/2021:16:38:26 +0800] "GET /webgl_engine_2020/interface.jsp?channel=0&user_name=NoName&pass_word=NoPassword&language=chinese&command=component&method=event&event_component_id=35&event_driver_id=0&event_operation=mousemove&distance=1.375853556903794&half_fovy_tanl=0.41421356237309503&data=-0.33953757837033643,-0.17251070572047086,0.9246373825918095,-1.5311246970189468e-16,-0.4144817176204037,0.9098882771065593,0.017556450167873553,-4.981552226321593e-16,-0.844345390603186,-0.37728421593790784,-0.3804437958112463,-7.901093787577668e-17,0.43000000715255815,0.1450000000000001,0.04399999999999972,1.0000000000000004&clip_plane_modification=0&operate_component_id=5 HTTP/1.1" 200 5
0:0:0:0:0:0:0:1 - - [26/Jun/2021:16:38:27 +0800] "GET /webgl_engine_2020/interface.jsp?channel=0&user_name=NoName&pass_word=NoPassword&language=chinese&command=component&method=event&event_component_id=35&event_driver_id=0&event_operation=mousemove&distance=1.375853556903794&half_fovy_tanl=0.41421356237309503&data=0.034285867875684245,-0.030992773969879192,0.9989313926519992,-2.1179317258341196e-16,-0.3089588919221936,0.9502302422116327,0.040086031091046546,-5.447228123432166e-16,-0.9504571964934662,-0.31000312054570306,0.023003975432619752,6.505059852601311e-18,0.43000000715255826,0.1450000000000001,0.043999999999999796,1.0000000000000007&clip_plane_modification=0&operate_component_id=5 HTTP/1.1" 200 5
