/*	1:name	*/	上承式55.0M梁_齐头式梁端
/*	1:type	*/	上承式梁\齐头式\上承式55.0M梁_齐头式梁端.SLDASM
/*	1:location	*/	1.0	0.0	0.0	0.0	0.0	1.0	0.0	0.0	0.0	0.0	1.0	0.0	0.0	0.0	0.0	1.0
/*	1:child_number	*/	3
	/*	2:name	*/	49M,51M...57M齐头式(左端)-1
	/*	2:type	*/	上承式梁\公共组件\梁端\齐头式梁端\49M,51M...57M齐头式(左端).SLDASM
	/*	2:location	*/	0.897618	-0.439514	0.0333059	0.0	-0.429372	-0.854822	0.291409	0.0	-0.0996079	-0.275875	-0.956019	0.0	1.47335	1.8526	27.1601	1.0
	/*	2:child_number	*/	6
		/*	3:name	*/	49M,51M...57M齐头式(左端)-1/45M,47M齐头式左端(无畸零节间)-1
		/*	3:type	*/	上承式梁\公共组件\梁端\齐头式梁端\齐头式部件\45M,47M齐头式左端(无畸零节间).sldasm
		/*	3:location	*/	1.0	-2.94903E-17	2.08167E-17	0.0	-2.94903E-17	1.0	-5.55112E-17	0.0	6.93889E-18	0.0	1.0	0.0	-3.23651	1.65293	0.18843	1.0
		/*	3:child_number	*/	7
			/*	4:name	*/	49M,51M...57M齐头式(左端)-1/45M,47M齐头式左端(无畸零节间)-1/L2(配3b)-1
			/*	4:type	*/	上承式梁\公共组件\梁端\齐头式梁端\带螺栓零件\L2(配3b).SLDASM
			/*	4:location	*/	0.0333059	0.291409	-0.956019	0.0	-0.439514	-0.854822	-0.275875	0.0	-0.897618	0.429372	0.0996079	0.0	1.52975	1.42155	-1.3807	1.0
			/*	4:child_number	*/	13
				/*	5:name	*/	49M,51M...57M齐头式(左端)-1/45M,47M齐头式左端(无畸零节间)-1/L2(配3b)-1/LS1_1号螺栓-10
				/*	5:type	*/	零件\LS1_1号螺栓.SLDPRT
				/*	5:location	*/	0.997812	0.066117	7.49418E-30	0.0	0.066117	-0.997812	-9.60192E-30	0.0	0.0	1.33702E-29	-1.0	0.0	0.0309335	-0.0335256	-1.209	1.0
				/*	5:child_number	*/	0
				/*	5:name	*/	49M,51M...57M齐头式(左端)-1/45M,47M齐头式左端(无畸零节间)-1/L2(配3b)-1/LS1_1号螺栓-3
				/*	5:type	*/	零件\LS1_1号螺栓.SLDPRT
				/*	5:location	*/	0.997812	-0.066117	5.32481E-30	0.0	0.066117	0.997812	-2.21374E-29	0.0	0.0	-1.33702E-29	1.0	0.0	-0.224066	0.101474	1.209	1.0
				/*	5:child_number	*/	0
				/*	5:name	*/	49M,51M...57M齐头式(左端)-1/45M,47M齐头式左端(无畸零节间)-1/L2(配3b)-1/LS1_1号螺栓-4
				/*	5:type	*/	零件\LS1_1号螺栓.SLDPRT
				/*	5:location	*/	0.997812	-0.066117	5.32481E-30	0.0	0.066117	0.997812	-2.21374E-29	0.0	0.0	-1.33702E-29	1.0	0.0	-0.0340665	0.101474	1.209	1.0
				/*	5:child_number	*/	0
				/*	5:name	*/	49M,51M...57M齐头式(左端)-1/45M,47M齐头式左端(无畸零节间)-1/L2(配3b)-1/LS1_1号螺栓-5
				/*	5:type	*/	零件\LS1_1号螺栓.SLDPRT
				/*	5:location	*/	0.997812	-0.066117	5.32481E-30	0.0	0.066117	0.997812	-2.21374E-29	0.0	0.0	-1.33702E-29	1.0	0.0	0.0309335	-0.0335256	1.209	1.0
				/*	5:child_number	*/	0
				/*	5:name	*/	49M,51M...57M齐头式(左端)-1/45M,47M齐头式左端(无畸零节间)-1/L2(配3b)-1/LS1_1号螺栓-6
				/*	5:type	*/	零件\LS1_1号螺栓.SLDPRT
				/*	5:location	*/	0.997812	-0.066117	5.32481E-30	0.0	0.066117	0.997812	-2.21374E-29	0.0	0.0	-1.33702E-29	1.0	0.0	-0.0690665	-0.0335256	1.209	1.0
				/*	5:child_number	*/	0
				/*	5:name	*/	49M,51M...57M齐头式(左端)-1/45M,47M齐头式左端(无畸零节间)-1/L2(配3b)-1/LS1_1号螺栓-7
				/*	5:type	*/	零件\LS1_1号螺栓.SLDPRT
				/*	5:location	*/	0.997812	0.066117	7.49418E-30	0.0	0.066117	-0.997812	-9.60192E-30	0.0	0.0	1.33702E-29	-1.0	0.0	-0.224066	0.101474	-1.209	1.0
				/*	5:child_number	*/	0
				/*	5:name	*/	49M,51M...57M齐头式(左端)-1/45M,47M齐头式左端(无畸零节间)-1/L2(配3b)-1/LS1_1号螺栓-8
				/*	5:type	*/	零件\LS1_1号螺栓.SLDPRT
				/*	5:location	*/	0.997812	0.066117	7.49418E-30	0.0	0.066117	-0.997812	-9.60192E-30	0.0	0.0	1.33702E-29	-1.0	0.0	-0.0340665	0.101474	-1.209	1.0
				/*	5:child_number	*/	0
				/*	5:name	*/	49M,51M...57M齐头式(左端)-1/45M,47M齐头式左端(无畸零节间)-1/L2(配3b)-1/LS1_1号螺栓-9
				/*	5:type	*/	零件\LS1_1号螺栓.SLDPRT
				/*	5:location	*/	0.997812	0.066117	7.49418E-30	0.0	0.066117	-0.997812	-9.60192E-30	0.0	0.0	1.33702E-29	-1.0	0.0	-0.0690665	-0.0335256	-1.209	1.0
				/*	5:child_number	*/	0
				/*	5:name	*/	49M,51M...57M齐头式(左端)-1/45M,47M齐头式左端(无畸零节间)-1/L2(配3b)-1/LS2_2号螺栓-3
				/*	5:type	*/	零件\LS2_2号螺栓.SLDPRT
				/*	5:location	*/	0.997812	-0.066117	5.32481E-30	0.0	0.066117	0.997812	-2.21374E-29	0.0	0.0	-1.33702E-29	1.0	0.0	-0.289066	-0.0335256	1.209	1.0
				/*	5:child_number	*/	0
				/*	5:name	*/	49M,51M...57M齐头式(左端)-1/45M,47M齐头式左端(无畸零节间)-1/L2(配3b)-1/LS2_2号螺栓-4
				/*	5:type	*/	零件\LS2_2号螺栓.SLDPRT
				/*	5:location	*/	0.997812	-0.066117	5.32481E-30	0.0	0.066117	0.997812	-2.21374E-29	0.0	0.0	-1.33702E-29	1.0	0.0	-0.189066	-0.0335256	1.209	1.0
				/*	5:child_number	*/	0
				/*	5:name	*/	49M,51M...57M齐头式(左端)-1/45M,47M齐头式左端(无畸零节间)-1/L2(配3b)-1/LS2_2号螺栓-5
				/*	5:type	*/	零件\LS2_2号螺栓.SLDPRT
				/*	5:location	*/	0.997812	0.066117	7.49418E-30	0.0	0.066117	-0.997812	-9.60192E-30	0.0	0.0	1.33702E-29	-1.0	0.0	-0.289066	-0.0335256	-1.209	1.0
				/*	5:child_number	*/	0
				/*	5:name	*/	49M,51M...57M齐头式(左端)-1/45M,47M齐头式左端(无畸零节间)-1/L2(配3b)-1/LS2_2号螺栓-6
				/*	5:type	*/	零件\LS2_2号螺栓.SLDPRT
				/*	5:location	*/	0.997812	0.066117	7.49418E-30	0.0	0.066117	-0.997812	-9.60192E-30	0.0	0.0	1.33702E-29	-1.0	0.0	-0.189066	-0.0335256	-1.209	1.0
				/*	5:child_number	*/	0
				/*	5:name	*/	49M,51M...57M齐头式(左端)-1/45M,47M齐头式左端(无畸零节间)-1/L2(配3b)-1/l2_直撑-1
				/*	5:type	*/	零件\l2_直撑.SLDPRT
				/*	5:location	*/	1.0	0.0	0.0	0.0	0.0	1.0	-9.17388E-30	0.0	0.0	-1.33702E-29	1.0	0.0	-0.129066	-0.128526	0.0	1.0
				/*	5:child_number	*/	0
			/*	4:name	*/	49M,51M...57M齐头式(左端)-1/45M,47M齐头式左端(无畸零节间)-1/Q6+2J1(左端)-1
			/*	4:type	*/	上承式梁\公共组件\纵梁\Q6+2J1(左端).sldasm
			/*	4:location	*/	0.897618	-0.429372	-0.0996079	0.0	-0.439514	-0.854822	-0.275875	0.0	0.0333059	0.291409	-0.956019	0.0	-1.1832	-1.89151	-2.51169	1.0
			/*	4:child_number	*/	19
				/*	5:name	*/	49M,51M...57M齐头式(左端)-1/45M,47M齐头式左端(无畸零节间)-1/Q6+2J1(左端)-1/J1_1号联结角钢-1
				/*	5:type	*/	零件\J1_1号联结角钢.SLDPRT
				/*	5:location	*/	1.0	-3.23471E-29	0.0	0.0	4.88967E-29	1.0	0.0	0.0	0.0	0.0	1.0	0.0	-0.131	-0.145	-0.1485	1.0
				/*	5:child_number	*/	0
				/*	5:name	*/	49M,51M...57M齐头式(左端)-1/45M,47M齐头式左端(无畸零节间)-1/Q6+2J1(左端)-1/J1_1号联结角钢-2
				/*	5:type	*/	零件\J1_1号联结角钢.SLDPRT
				/*	5:location	*/	-1.0	-1.11022E-16	2.77556E-17	0.0	1.66533E-16	-1.0	-7.23033E-15	0.0	3.1225E-17	-7.28584E-15	1.0	0.0	0.131	0.145	-0.1485	1.0
				/*	5:child_number	*/	0
				/*	5:name	*/	49M,51M...57M齐头式(左端)-1/45M,47M齐头式左端(无畸零节间)-1/Q6+2J1(左端)-1/LS3_3号螺栓-1
				/*	5:type	*/	零件\LS3_3号螺栓.SLDPRT
				/*	5:location	*/	2.4067E-16	-0.897189	0.441647	0.0	-8.7535E-17	0.441647	0.897189	0.0	-1.0	-1.99074E-16	2.42861E-17	0.0	0.037	-0.1	0.0105	1.0
				/*	5:child_number	*/	0
				/*	5:name	*/	49M,51M...57M齐头式(左端)-1/45M,47M齐头式左端(无畸零节间)-1/Q6+2J1(左端)-1/LS3_3号螺栓-10
				/*	5:type	*/	零件\LS3_3号螺栓.SLDPRT
				/*	5:location	*/	0.997812	0.066117	-1.39354E-15	0.0	0.066117	-0.997812	2.10308E-14	0.0	0.0	-2.10769E-14	-1.0	0.0	0.09	0.1	-0.1175	1.0
				/*	5:child_number	*/	0
				/*	5:name	*/	49M,51M...57M齐头式(左端)-1/45M,47M齐头式左端(无畸零节间)-1/Q6+2J1(左端)-1/LS3_3号螺栓-11
				/*	5:type	*/	零件\LS3_3号螺栓.SLDPRT
				/*	5:location	*/	0.997812	0.066117	-1.39354E-15	0.0	0.066117	-0.997812	2.10308E-14	0.0	0.0	-2.10769E-14	-1.0	0.0	0.09	-2.66454E-15	-0.1175	1.0
				/*	5:child_number	*/	0
				/*	5:name	*/	49M,51M...57M齐头式(左端)-1/45M,47M齐头式左端(无畸零节间)-1/Q6+2J1(左端)-1/LS3_3号螺栓-12
				/*	5:type	*/	零件\LS3_3号螺栓.SLDPRT
				/*	5:location	*/	0.997812	0.066117	-1.39354E-15	0.0	0.066117	-0.997812	2.10308E-14	0.0	0.0	-2.10769E-14	-1.0	0.0	0.09	-0.1	-0.1175	1.0
				/*	5:child_number	*/	0
				/*	5:name	*/	49M,51M...57M齐头式(左端)-1/45M,47M齐头式左端(无畸零节间)-1/Q6+2J1(左端)-1/LS3_3号螺栓-2
				/*	5:type	*/	零件\LS3_3号螺栓.SLDPRT
				/*	5:location	*/	2.4067E-16	-0.897189	0.441647	0.0	-8.7535E-17	0.441647	0.897189	0.0	-1.0	-1.99074E-16	2.42861E-17	0.0	0.037	-8.88178E-16	0.0105	1.0
				/*	5:child_number	*/	0
				/*	5:name	*/	49M,51M...57M齐头式(左端)-1/45M,47M齐头式左端(无畸零节间)-1/Q6+2J1(左端)-1/LS3_3号螺栓-3
				/*	5:type	*/	零件\LS3_3号螺栓.SLDPRT
				/*	5:location	*/	2.4067E-16	-0.897189	0.441647	0.0	-8.7535E-17	0.441647	0.897189	0.0	-1.0	-1.99074E-16	2.42861E-17	0.0	0.037	0.1	0.0105	1.0
				/*	5:child_number	*/	0
				/*	5:name	*/	49M,51M...57M齐头式(左端)-1/45M,47M齐头式左端(无畸零节间)-1/Q6+2J1(左端)-1/LS3_3号螺栓-4
				/*	5:type	*/	零件\LS3_3号螺栓.SLDPRT
				/*	5:location	*/	4.45273E-17	-0.066117	0.997812	0.0	-2.52193E-16	0.997812	0.066117	0.0	-1.0	-2.54586E-16	2.77556E-17	0.0	0.037	-0.05	-0.0695	1.0
				/*	5:child_number	*/	0
				/*	5:name	*/	49M,51M...57M齐头式(左端)-1/45M,47M齐头式左端(无畸零节间)-1/Q6+2J1(左端)-1/LS3_3号螺栓-5
				/*	5:type	*/	零件\LS3_3号螺栓.SLDPRT
				/*	5:location	*/	4.45273E-17	-0.066117	0.997812	0.0	-2.52193E-16	0.997812	0.066117	0.0	-1.0	-2.54586E-16	2.77556E-17	0.0	0.037	0.05	-0.0695	1.0
				/*	5:child_number	*/	0
				/*	5:name	*/	49M,51M...57M齐头式(左端)-1/45M,47M齐头式左端(无畸零节间)-1/Q6+2J1(左端)-1/LS3_3号螺栓-7
				/*	5:type	*/	零件\LS3_3号螺栓.SLDPRT
				/*	5:location	*/	0.997812	0.066117	-1.39354E-15	0.0	0.066117	-0.997812	2.10308E-14	0.0	0.0	-2.10769E-14	-1.0	0.0	-0.09	0.1	-0.1175	1.0
				/*	5:child_number	*/	0
				/*	5:name	*/	49M,51M...57M齐头式(左端)-1/45M,47M齐头式左端(无畸零节间)-1/Q6+2J1(左端)-1/LS3_3号螺栓-8
				/*	5:type	*/	零件\LS3_3号螺栓.SLDPRT
				/*	5:location	*/	0.997812	0.066117	-1.39354E-15	0.0	0.066117	-0.997812	2.10308E-14	0.0	0.0	-2.10769E-14	-1.0	0.0	-0.09	-2.66454E-15	-0.1175	1.0
				/*	5:child_number	*/	0
				/*	5:name	*/	49M,51M...57M齐头式(左端)-1/45M,47M齐头式左端(无畸零节间)-1/Q6+2J1(左端)-1/LS3_3号螺栓-9
				/*	5:type	*/	零件\LS3_3号螺栓.SLDPRT
				/*	5:location	*/	0.997812	0.066117	-1.39354E-15	0.0	0.066117	-0.997812	2.10308E-14	0.0	0.0	-2.10769E-14	-1.0	0.0	-0.09	-0.1	-0.1175	1.0
				/*	5:child_number	*/	0
				/*	5:name	*/	49M,51M...57M齐头式(左端)-1/45M,47M齐头式左端(无畸零节间)-1/Q6+2J1(左端)-1/Q6_纵梁端头-1
				/*	5:type	*/	零件\Q6_纵梁端头.SLDPRT
				/*	5:location	*/	1.0	-3.23471E-29	0.0	0.0	4.88967E-29	1.0	0.0	0.0	0.0	0.0	1.0	0.0	0.0	0.0	0.0	1.0
				/*	5:child_number	*/	0
				/*	5:name	*/	49M,51M...57M齐头式(左端)-1/45M,47M齐头式左端(无畸零节间)-1/Q6+2J1(左端)-1/螺母3-1
				/*	5:type	*/	零件\螺母3.SLDPRT
				/*	5:location	*/	2.34355E-16	-0.866025	0.5	0.0	-1.03256E-16	0.5	0.866025	0.0	-1.0	-1.99074E-16	2.42861E-17	0.0	-0.018	-0.1	0.0105	1.0
				/*	5:child_number	*/	0
				/*	5:name	*/	49M,51M...57M齐头式(左端)-1/45M,47M齐头式左端(无畸零节间)-1/Q6+2J1(左端)-1/螺母3-2
				/*	5:type	*/	零件\螺母3.SLDPRT
				/*	5:location	*/	2.77556E-17	2.10804E-14	1.0	0.0	-2.54586E-16	1.0	-2.11359E-14	0.0	-1.0	-1.99074E-16	2.42861E-17	0.0	-0.018	-0.05	-0.0695	1.0
				/*	5:child_number	*/	0
				/*	5:name	*/	49M,51M...57M齐头式(左端)-1/45M,47M齐头式左端(无畸零节间)-1/Q6+2J1(左端)-1/螺母3-3
				/*	5:type	*/	零件\螺母3.SLDPRT
				/*	5:location	*/	2.34355E-16	-0.866025	0.5	0.0	-1.03256E-16	0.5	0.866025	0.0	-1.0	-1.99074E-16	2.42861E-17	0.0	-0.018	0.0	0.0105	1.0
				/*	5:child_number	*/	0
				/*	5:name	*/	49M,51M...57M齐头式(左端)-1/45M,47M齐头式左端(无畸零节间)-1/Q6+2J1(左端)-1/螺母3-4
				/*	5:type	*/	零件\螺母3.SLDPRT
				/*	5:location	*/	2.34355E-16	-0.866025	0.5	0.0	-1.03256E-16	0.5	0.866025	0.0	-1.0	-1.99074E-16	2.42861E-17	0.0	-0.018	0.1	0.0105	1.0
				/*	5:child_number	*/	0
				/*	5:name	*/	49M,51M...57M齐头式(左端)-1/45M,47M齐头式左端(无畸零节间)-1/Q6+2J1(左端)-1/螺母3-5
				/*	5:type	*/	零件\螺母3.SLDPRT
				/*	5:location	*/	2.77556E-17	2.10804E-14	1.0	0.0	-2.54586E-16	1.0	-2.11359E-14	0.0	-1.0	-1.99074E-16	2.42861E-17	0.0	-0.018	0.05	-0.0695	1.0
				/*	5:child_number	*/	0
			/*	4:name	*/	49M,51M...57M齐头式(左端)-1/45M,47M齐头式左端(无畸零节间)-1/Q6+2J1(左端)-2
			/*	4:type	*/	上承式梁\公共组件\纵梁\Q6+2J1(左端).sldasm
			/*	4:location	*/	-0.897618	0.429372	0.0996079	0.0	0.439514	0.854822	0.275875	0.0	0.0333059	0.291409	-0.956019	0.0	0.432514	-2.66438	-2.69099	1.0
			/*	4:child_number	*/	19
				/*	5:name	*/	49M,51M...57M齐头式(左端)-1/45M,47M齐头式左端(无畸零节间)-1/Q6+2J1(左端)-2/J1_1号联结角钢-1
				/*	5:type	*/	零件\J1_1号联结角钢.SLDPRT
				/*	5:location	*/	1.0	3.96696E-29	0.0	0.0	-1.75672E-29	1.0	0.0	0.0	0.0	0.0	1.0	0.0	-0.131	-0.145	-0.1485	1.0
				/*	5:child_number	*/	0
				/*	5:name	*/	49M,51M...57M齐头式(左端)-1/45M,47M齐头式左端(无畸零节间)-1/Q6+2J1(左端)-2/J1_1号联结角钢-2
				/*	5:type	*/	零件\J1_1号联结角钢.SLDPRT
				/*	5:location	*/	-1.0	-1.11022E-16	2.77556E-17	0.0	5.55112E-17	-1.0	-7.23033E-15	0.0	3.12208E-24	-6.97879E-15	1.0	0.0	0.131	0.145	-0.1485	1.0
				/*	5:child_number	*/	0
				/*	5:name	*/	49M,51M...57M齐头式(左端)-1/45M,47M齐头式左端(无畸零节间)-1/Q6+2J1(左端)-2/LS3_3号螺栓-1
				/*	5:type	*/	零件\LS3_3号螺栓.SLDPRT
				/*	5:location	*/	2.4067E-16	-0.897189	0.441647	0.0	-8.7535E-17	0.441647	0.897189	0.0	-1.0	-3.10097E-16	5.55111E-17	0.0	0.037	-0.1	0.0105	1.0
				/*	5:child_number	*/	0
				/*	5:name	*/	49M,51M...57M齐头式(左端)-1/45M,47M齐头式左端(无畸零节间)-1/Q6+2J1(左端)-2/LS3_3号螺栓-10
				/*	5:type	*/	零件\LS3_3号螺栓.SLDPRT
				/*	5:location	*/	0.997812	0.066117	-1.39354E-15	0.0	0.066117	-0.997812	2.10308E-14	0.0	1.97215E-31	-2.10769E-14	-1.0	0.0	0.09	0.1	-0.1175	1.0
				/*	5:child_number	*/	0
				/*	5:name	*/	49M,51M...57M齐头式(左端)-1/45M,47M齐头式左端(无畸零节间)-1/Q6+2J1(左端)-2/LS3_3号螺栓-11
				/*	5:type	*/	零件\LS3_3号螺栓.SLDPRT
				/*	5:location	*/	0.997812	0.066117	-1.39354E-15	0.0	0.066117	-0.997812	2.10308E-14	0.0	1.97215E-31	-2.10769E-14	-1.0	0.0	0.09	-2.66454E-15	-0.1175	1.0
				/*	5:child_number	*/	0
				/*	5:name	*/	49M,51M...57M齐头式(左端)-1/45M,47M齐头式左端(无畸零节间)-1/Q6+2J1(左端)-2/LS3_3号螺栓-12
				/*	5:type	*/	零件\LS3_3号螺栓.SLDPRT
				/*	5:location	*/	0.997812	0.066117	-1.39354E-15	0.0	0.066117	-0.997812	2.10308E-14	0.0	1.97215E-31	-2.10769E-14	-1.0	0.0	0.09	-0.1	-0.1175	1.0
				/*	5:child_number	*/	0
				/*	5:name	*/	49M,51M...57M齐头式(左端)-1/45M,47M齐头式左端(无畸零节间)-1/Q6+2J1(左端)-2/LS3_3号螺栓-2
				/*	5:type	*/	零件\LS3_3号螺栓.SLDPRT
				/*	5:location	*/	2.4067E-16	-0.897189	0.441647	0.0	-8.7535E-17	0.441647	0.897189	0.0	-1.0	-3.10097E-16	5.55111E-17	0.0	0.037	0.0	0.0105	1.0
				/*	5:child_number	*/	0
				/*	5:name	*/	49M,51M...57M齐头式(左端)-1/45M,47M齐头式左端(无畸零节间)-1/Q6+2J1(左端)-2/LS3_3号螺栓-3
				/*	5:type	*/	零件\LS3_3号螺栓.SLDPRT
				/*	5:location	*/	2.4067E-16	-0.897189	0.441647	0.0	-8.7535E-17	0.441647	0.897189	0.0	-1.0	-3.10097E-16	5.55111E-17	0.0	0.037	0.1	0.0105	1.0
				/*	5:child_number	*/	0
				/*	5:name	*/	49M,51M...57M齐头式(左端)-1/45M,47M齐头式左端(无畸零节间)-1/Q6+2J1(左端)-2/LS3_3号螺栓-4
				/*	5:type	*/	零件\LS3_3号螺栓.SLDPRT
				/*	5:location	*/	4.45273E-17	-0.066117	0.997812	0.0	-2.52193E-16	0.997812	0.066117	0.0	-1.0	-3.10097E-16	5.55111E-17	0.0	0.037	-0.05	-0.0695	1.0
				/*	5:child_number	*/	0
				/*	5:name	*/	49M,51M...57M齐头式(左端)-1/45M,47M齐头式左端(无畸零节间)-1/Q6+2J1(左端)-2/LS3_3号螺栓-5
				/*	5:type	*/	零件\LS3_3号螺栓.SLDPRT
				/*	5:location	*/	4.45273E-17	-0.066117	0.997812	0.0	-2.52193E-16	0.997812	0.066117	0.0	-1.0	-3.10097E-16	5.55111E-17	0.0	0.037	0.05	-0.0695	1.0
				/*	5:child_number	*/	0
				/*	5:name	*/	49M,51M...57M齐头式(左端)-1/45M,47M齐头式左端(无畸零节间)-1/Q6+2J1(左端)-2/LS3_3号螺栓-7
				/*	5:type	*/	零件\LS3_3号螺栓.SLDPRT
				/*	5:location	*/	0.997812	0.066117	-1.39354E-15	0.0	0.066117	-0.997812	2.10308E-14	0.0	1.97215E-31	-2.10769E-14	-1.0	0.0	-0.09	0.1	-0.1175	1.0
				/*	5:child_number	*/	0
				/*	5:name	*/	49M,51M...57M齐头式(左端)-1/45M,47M齐头式左端(无畸零节间)-1/Q6+2J1(左端)-2/LS3_3号螺栓-8
				/*	5:type	*/	零件\LS3_3号螺栓.SLDPRT
				/*	5:location	*/	0.997812	0.066117	-1.39354E-15	0.0	0.066117	-0.997812	2.10308E-14	0.0	1.97215E-31	-2.10769E-14	-1.0	0.0	-0.09	-2.66454E-15	-0.1175	1.0
				/*	5:child_number	*/	0
				/*	5:name	*/	49M,51M...57M齐头式(左端)-1/45M,47M齐头式左端(无畸零节间)-1/Q6+2J1(左端)-2/LS3_3号螺栓-9
				/*	5:type	*/	零件\LS3_3号螺栓.SLDPRT
				/*	5:location	*/	0.997812	0.066117	-1.39354E-15	0.0	0.066117	-0.997812	2.10308E-14	0.0	1.97215E-31	-2.10769E-14	-1.0	0.0	-0.09	-0.1	-0.1175	1.0
				/*	5:child_number	*/	0
				/*	5:name	*/	49M,51M...57M齐头式(左端)-1/45M,47M齐头式左端(无畸零节间)-1/Q6+2J1(左端)-2/Q6_纵梁端头-1
				/*	5:type	*/	零件\Q6_纵梁端头.SLDPRT
				/*	5:location	*/	1.0	3.96696E-29	0.0	0.0	-1.75672E-29	1.0	0.0	0.0	0.0	0.0	1.0	0.0	0.0	0.0	0.0	1.0
				/*	5:child_number	*/	0
				/*	5:name	*/	49M,51M...57M齐头式(左端)-1/45M,47M齐头式左端(无畸零节间)-1/Q6+2J1(左端)-2/螺母3-1
				/*	5:type	*/	零件\螺母3.SLDPRT
				/*	5:location	*/	2.34355E-16	-0.866025	0.5	0.0	-1.03256E-16	0.5	0.866025	0.0	-1.0	-3.10097E-16	5.55111E-17	0.0	-0.018	-0.1	0.0105	1.0
				/*	5:child_number	*/	0
				/*	5:name	*/	49M,51M...57M齐头式(左端)-1/45M,47M齐头式左端(无畸零节间)-1/Q6+2J1(左端)-2/螺母3-2
				/*	5:type	*/	零件\螺母3.SLDPRT
				/*	5:location	*/	2.77556E-17	2.10804E-14	1.0	0.0	-2.54586E-16	1.0	-2.12191E-14	0.0	-1.0	-2.54586E-16	2.77556E-17	0.0	-0.018	-0.05	-0.0695	1.0
				/*	5:child_number	*/	0
				/*	5:name	*/	49M,51M...57M齐头式(左端)-1/45M,47M齐头式左端(无畸零节间)-1/Q6+2J1(左端)-2/螺母3-3
				/*	5:type	*/	零件\螺母3.SLDPRT
				/*	5:location	*/	2.34355E-16	-0.866025	0.5	0.0	-1.03256E-16	0.5	0.866025	0.0	-1.0	-3.10097E-16	5.55111E-17	0.0	-0.018	8.88178E-16	0.0105	1.0
				/*	5:child_number	*/	0
				/*	5:name	*/	49M,51M...57M齐头式(左端)-1/45M,47M齐头式左端(无畸零节间)-1/Q6+2J1(左端)-2/螺母3-4
				/*	5:type	*/	零件\螺母3.SLDPRT
				/*	5:location	*/	2.34355E-16	-0.866025	0.5	0.0	-1.03256E-16	0.5	0.866025	0.0	-1.0	-3.10097E-16	5.55111E-17	0.0	-0.018	0.1	0.0105	1.0
				/*	5:child_number	*/	0
				/*	5:name	*/	49M,51M...57M齐头式(左端)-1/45M,47M齐头式左端(无畸零节间)-1/Q6+2J1(左端)-2/螺母3-5
				/*	5:type	*/	零件\螺母3.SLDPRT
				/*	5:location	*/	2.77556E-17	2.10804E-14	1.0	0.0	-2.54586E-16	1.0	-2.12191E-14	0.0	-1.0	-2.54586E-16	2.77556E-17	0.0	-0.018	0.05	-0.0695	1.0
				/*	5:child_number	*/	0
			/*	4:name	*/	49M,51M...57M齐头式(左端)-1/45M,47M齐头式左端(无畸零节间)-1/上承式上平联（1f型，配J2）-1
			/*	4:type	*/	上承式梁\公共组件\上平联\上承式上平联（1f型，配J2）.SLDASM
			/*	4:location	*/	-0.897618	0.429372	0.0996079	0.0	-0.439514	-0.854822	-0.275875	0.0	-0.0333059	-0.291409	0.956019	0.0	-0.521073	-1.85501	-2.31589	1.0
			/*	4:child_number	*/	48
				/*	5:name	*/	49M,51M...57M齐头式(左端)-1/45M,47M齐头式左端(无畸零节间)-1/上承式上平联（1f型，配J2）-1/LS1_1号螺栓-19
				/*	5:type	*/	零件\LS1_1号螺栓.SLDPRT
				/*	5:location	*/	-3.54987E-29	0.441647	0.897189	0.0	2.3863E-29	0.897189	-0.441647	0.0	-1.0	-1.72006E-29	1.97215E-31	0.0	-1.54984	0.346235	-0.06	1.0
				/*	5:child_number	*/	0
				/*	5:name	*/	49M,51M...57M齐头式(左端)-1/45M,47M齐头式左端(无畸零节间)-1/上承式上平联（1f型，配J2）-1/LS1_1号螺栓-20
				/*	5:type	*/	零件\LS1_1号螺栓.SLDPRT
				/*	5:location	*/	-3.54987E-29	0.441647	0.897189	0.0	2.3863E-29	0.897189	-0.441647	0.0	-1.0	-1.72006E-29	1.97215E-31	0.0	-1.54984	0.156235	-0.06	1.0
				/*	5:child_number	*/	0
				/*	5:name	*/	49M,51M...57M齐头式(左端)-1/45M,47M齐头式左端(无畸零节间)-1/上承式上平联（1f型，配J2）-1/LS1_1号螺栓-21
				/*	5:type	*/	零件\LS1_1号螺栓.SLDPRT
				/*	5:location	*/	-3.54987E-29	0.441647	0.897189	0.0	2.3863E-29	0.897189	-0.441647	0.0	-1.0	-1.72006E-29	1.97215E-31	0.0	-1.54984	0.346235	0.06	1.0
				/*	5:child_number	*/	0
				/*	5:name	*/	49M,51M...57M齐头式(左端)-1/45M,47M齐头式左端(无畸零节间)-1/上承式上平联（1f型，配J2）-1/LS1_1号螺栓-22
				/*	5:type	*/	零件\LS1_1号螺栓.SLDPRT
				/*	5:location	*/	-3.54987E-29	0.441647	0.897189	0.0	2.3863E-29	0.897189	-0.441647	0.0	-1.0	-1.72006E-29	1.97215E-31	0.0	-1.54984	0.156235	0.06	1.0
				/*	5:child_number	*/	0
				/*	5:name	*/	49M,51M...57M齐头式(左端)-1/45M,47M齐头式左端(无畸零节间)-1/上承式上平联（1f型，配J2）-1/LS1_1号螺栓-23
				/*	5:type	*/	零件\LS1_1号螺栓.SLDPRT
				/*	5:location	*/	-9.86076E-31	0.441647	-0.897189	0.0	-1.07482E-29	0.897189	0.441647	0.0	1.0	1.72006E-29	-1.97215E-31	0.0	0.868158	0.346235	-0.06	1.0
				/*	5:child_number	*/	0
				/*	5:name	*/	49M,51M...57M齐头式(左端)-1/45M,47M齐头式左端(无畸零节间)-1/上承式上平联（1f型，配J2）-1/LS1_1号螺栓-24
				/*	5:type	*/	零件\LS1_1号螺栓.SLDPRT
				/*	5:location	*/	-9.86076E-31	0.441647	-0.897189	0.0	-1.07482E-29	0.897189	0.441647	0.0	1.0	1.72006E-29	-1.97215E-31	0.0	0.868158	0.156235	-0.06	1.0
				/*	5:child_number	*/	0
				/*	5:name	*/	49M,51M...57M齐头式(左端)-1/45M,47M齐头式左端(无畸零节间)-1/上承式上平联（1f型，配J2）-1/LS1_1号螺栓-25
				/*	5:type	*/	零件\LS1_1号螺栓.SLDPRT
				/*	5:location	*/	-9.86076E-31	0.441647	-0.897189	0.0	-1.07482E-29	0.897189	0.441647	0.0	1.0	1.72006E-29	-1.97215E-31	0.0	0.868158	0.346235	0.06	1.0
				/*	5:child_number	*/	0
				/*	5:name	*/	49M,51M...57M齐头式(左端)-1/45M,47M齐头式左端(无畸零节间)-1/上承式上平联（1f型，配J2）-1/LS1_1号螺栓-26
				/*	5:type	*/	零件\LS1_1号螺栓.SLDPRT
				/*	5:location	*/	-9.86076E-31	0.441647	-0.897189	0.0	-1.07482E-29	0.897189	0.441647	0.0	1.0	1.72006E-29	-1.97215E-31	0.0	0.868158	0.156235	0.06	1.0
				/*	5:child_number	*/	0
				/*	5:name	*/	49M,51M...57M齐头式(左端)-1/45M,47M齐头式左端(无畸零节间)-1/上承式上平联（1f型，配J2）-1/LS2_2号螺栓-1
				/*	5:type	*/	零件\LS2_2号螺栓.SLDPRT
				/*	5:location	*/	-3.54987E-29	0.441647	0.897189	0.0	2.39616E-29	0.897189	-0.441647	0.0	-1.0	-1.72006E-29	1.97215E-31	0.0	-1.54984	0.0212351	-0.095	1.0
				/*	5:child_number	*/	0
				/*	5:name	*/	49M,51M...57M齐头式(左端)-1/45M,47M齐头式左端(无畸零节间)-1/上承式上平联（1f型，配J2）-1/LS2_2号螺栓-10
				/*	5:type	*/	零件\LS2_2号螺栓.SLDPRT
				/*	5:location	*/	4.73317E-30	-0.556165	-0.831072	0.0	-4.51623E-29	0.831072	-0.556165	0.0	1.0	1.72006E-29	-1.97215E-31	0.0	0.868158	-0.0787649	-0.095	1.0
				/*	5:child_number	*/	0
				/*	5:name	*/	49M,51M...57M齐头式(左端)-1/45M,47M齐头式左端(无畸零节间)-1/上承式上平联（1f型，配J2）-1/LS2_2号螺栓-11
				/*	5:type	*/	零件\LS2_2号螺栓.SLDPRT
				/*	5:location	*/	4.73317E-30	-0.556165	-0.831072	0.0	-4.51623E-29	0.831072	-0.556165	0.0	1.0	1.72006E-29	-1.97215E-31	0.0	0.868158	-0.178765	-0.095	1.0
				/*	5:child_number	*/	0
				/*	5:name	*/	49M,51M...57M齐头式(左端)-1/45M,47M齐头式左端(无畸零节间)-1/上承式上平联（1f型，配J2）-1/LS2_2号螺栓-12
				/*	5:type	*/	零件\LS2_2号螺栓.SLDPRT
				/*	5:location	*/	4.73317E-30	-0.556165	-0.831072	0.0	-4.51623E-29	0.831072	-0.556165	0.0	1.0	1.72006E-29	-1.97215E-31	0.0	0.868158	0.0212351	0.095	1.0
				/*	5:child_number	*/	0
				/*	5:name	*/	49M,51M...57M齐头式(左端)-1/45M,47M齐头式左端(无畸零节间)-1/上承式上平联（1f型，配J2）-1/LS2_2号螺栓-13
				/*	5:type	*/	零件\LS2_2号螺栓.SLDPRT
				/*	5:location	*/	4.73317E-30	-0.556165	-0.831072	0.0	-4.51623E-29	0.831072	-0.556165	0.0	1.0	1.72006E-29	-1.97215E-31	0.0	0.868158	-0.0787649	0.095	1.0
				/*	5:child_number	*/	0
				/*	5:name	*/	49M,51M...57M齐头式(左端)-1/45M,47M齐头式左端(无畸零节间)-1/上承式上平联（1f型，配J2）-1/LS2_2号螺栓-14
				/*	5:type	*/	零件\LS2_2号螺栓.SLDPRT
				/*	5:location	*/	4.73317E-30	-0.556165	-0.831072	0.0	-4.51623E-29	0.831072	-0.556165	0.0	1.0	1.72006E-29	-1.97215E-31	0.0	0.868158	-0.178765	0.095	1.0
				/*	5:child_number	*/	0
				/*	5:name	*/	49M,51M...57M齐头式(左端)-1/45M,47M齐头式左端(无畸零节间)-1/上承式上平联（1f型，配J2）-1/LS2_2号螺栓-2
				/*	5:type	*/	零件\LS2_2号螺栓.SLDPRT
				/*	5:location	*/	-3.54987E-29	0.441647	0.897189	0.0	2.39616E-29	0.897189	-0.441647	0.0	-1.0	-1.72006E-29	1.97215E-31	0.0	-1.54984	-0.0787649	-0.095	1.0
				/*	5:child_number	*/	0
				/*	5:name	*/	49M,51M...57M齐头式(左端)-1/45M,47M齐头式左端(无畸零节间)-1/上承式上平联（1f型，配J2）-1/LS2_2号螺栓-3
				/*	5:type	*/	零件\LS2_2号螺栓.SLDPRT
				/*	5:location	*/	-3.54987E-29	0.441647	0.897189	0.0	2.39616E-29	0.897189	-0.441647	0.0	-1.0	-1.72006E-29	1.97215E-31	0.0	-1.54984	-0.178765	-0.095	1.0
				/*	5:child_number	*/	0
				/*	5:name	*/	49M,51M...57M齐头式(左端)-1/45M,47M齐头式左端(无畸零节间)-1/上承式上平联（1f型，配J2）-1/LS2_2号螺栓-4
				/*	5:type	*/	零件\LS2_2号螺栓.SLDPRT
				/*	5:location	*/	-3.54987E-29	0.441647	0.897189	0.0	2.39616E-29	0.897189	-0.441647	0.0	-1.0	-1.72006E-29	1.97215E-31	0.0	-1.54984	0.0212351	0.095	1.0
				/*	5:child_number	*/	0
				/*	5:name	*/	49M,51M...57M齐头式(左端)-1/45M,47M齐头式左端(无畸零节间)-1/上承式上平联（1f型，配J2）-1/LS2_2号螺栓-5
				/*	5:type	*/	零件\LS2_2号螺栓.SLDPRT
				/*	5:location	*/	-3.54987E-29	0.441647	0.897189	0.0	2.39616E-29	0.897189	-0.441647	0.0	-1.0	-1.72006E-29	1.97215E-31	0.0	-1.54984	-0.0787649	0.095	1.0
				/*	5:child_number	*/	0
				/*	5:name	*/	49M,51M...57M齐头式(左端)-1/45M,47M齐头式左端(无畸零节间)-1/上承式上平联（1f型，配J2）-1/LS2_2号螺栓-6
				/*	5:type	*/	零件\LS2_2号螺栓.SLDPRT
				/*	5:location	*/	-3.54987E-29	0.441647	0.897189	0.0	2.39616E-29	0.897189	-0.441647	0.0	-1.0	-1.72006E-29	1.97215E-31	0.0	-1.54984	-0.178765	0.095	1.0
				/*	5:child_number	*/	0
				/*	5:name	*/	49M,51M...57M齐头式(左端)-1/45M,47M齐头式左端(无畸零节间)-1/上承式上平联（1f型，配J2）-1/LS2_2号螺栓-9
				/*	5:type	*/	零件\LS2_2号螺栓.SLDPRT
				/*	5:location	*/	4.73317E-30	-0.556165	-0.831072	0.0	-4.51623E-29	0.831072	-0.556165	0.0	1.0	1.72006E-29	-1.97215E-31	0.0	0.868158	0.0212351	-0.095	1.0
				/*	5:child_number	*/	0
				/*	5:name	*/	49M,51M...57M齐头式(左端)-1/45M,47M齐头式左端(无畸零节间)-1/上承式上平联（1f型，配J2）-1/LS3_3号螺栓-59
				/*	5:type	*/	零件\LS3_3号螺栓.SLDPRT
				/*	5:location	*/	0.897189	0.441647	4.90327E-15	0.0	-0.441647	0.897189	9.9608E-15	0.0	1.97215E-31	-1.11022E-14	1.0	0.0	0.469158	0.276235	3.963	1.0
				/*	5:child_number	*/	0
				/*	5:name	*/	49M,51M...57M齐头式(左端)-1/45M,47M齐头式左端(无畸零节间)-1/上承式上平联（1f型，配J2）-1/LS3_3号螺栓-60
				/*	5:type	*/	零件\LS3_3号螺栓.SLDPRT
				/*	5:location	*/	0.897189	0.441647	4.90327E-15	0.0	-0.441647	0.897189	9.9608E-15	0.0	1.97215E-31	-1.11022E-14	1.0	0.0	0.469158	0.376235	3.963	1.0
				/*	5:child_number	*/	0
				/*	5:name	*/	49M,51M...57M齐头式(左端)-1/45M,47M齐头式左端(无畸零节间)-1/上承式上平联（1f型，配J2）-1/LS3_3号螺栓-61
				/*	5:type	*/	零件\LS3_3号螺栓.SLDPRT
				/*	5:location	*/	0.897189	0.441647	4.90327E-15	0.0	-0.441647	0.897189	9.9608E-15	0.0	1.97215E-31	-1.11022E-14	1.0	0.0	0.649158	0.376235	3.963	1.0
				/*	5:child_number	*/	0
				/*	5:name	*/	49M,51M...57M齐头式(左端)-1/45M,47M齐头式左端(无畸零节间)-1/上承式上平联（1f型，配J2）-1/LS3_3号螺栓-62
				/*	5:type	*/	零件\LS3_3号螺栓.SLDPRT
				/*	5:location	*/	0.897189	0.441647	4.90327E-15	0.0	-0.441647	0.897189	9.9608E-15	0.0	1.97215E-31	-1.11022E-14	1.0	0.0	-1.15084	0.376235	3.963	1.0
				/*	5:child_number	*/	0
				/*	5:name	*/	49M,51M...57M齐头式(左端)-1/45M,47M齐头式左端(无畸零节间)-1/上承式上平联（1f型，配J2）-1/LS3_3号螺栓-63
				/*	5:type	*/	零件\LS3_3号螺栓.SLDPRT
				/*	5:location	*/	0.897189	0.441647	4.90327E-15	0.0	-0.441647	0.897189	9.9608E-15	0.0	1.97215E-31	-1.11022E-14	1.0	0.0	-1.33084	0.376235	3.963	1.0
				/*	5:child_number	*/	0
				/*	5:name	*/	49M,51M...57M齐头式(左端)-1/45M,47M齐头式左端(无畸零节间)-1/上承式上平联（1f型，配J2）-1/LS3_3号螺栓-64
				/*	5:type	*/	零件\LS3_3号螺栓.SLDPRT
				/*	5:location	*/	0.897189	0.441647	4.90327E-15	0.0	-0.441647	0.897189	9.9608E-15	0.0	1.97215E-31	-1.11022E-14	1.0	0.0	0.469158	0.476235	3.963	1.0
				/*	5:child_number	*/	0
				/*	5:name	*/	49M,51M...57M齐头式(左端)-1/45M,47M齐头式左端(无畸零节间)-1/上承式上平联（1f型，配J2）-1/LS3_3号螺栓-65
				/*	5:type	*/	零件\LS3_3号螺栓.SLDPRT
				/*	5:location	*/	0.897189	0.441647	4.90327E-15	0.0	-0.441647	0.897189	9.9608E-15	0.0	1.97215E-31	-1.11022E-14	1.0	0.0	0.649158	0.476235	3.963	1.0
				/*	5:child_number	*/	0
				/*	5:name	*/	49M,51M...57M齐头式(左端)-1/45M,47M齐头式左端(无畸零节间)-1/上承式上平联（1f型，配J2）-1/LS3_3号螺栓-66
				/*	5:type	*/	零件\LS3_3号螺栓.SLDPRT
				/*	5:location	*/	0.897189	0.441647	4.90327E-15	0.0	-0.441647	0.897189	9.9608E-15	0.0	1.97215E-31	-1.11022E-14	1.0	0.0	-1.15084	0.476235	3.963	1.0
				/*	5:child_number	*/	0
				/*	5:name	*/	49M,51M...57M齐头式(左端)-1/45M,47M齐头式左端(无畸零节间)-1/上承式上平联（1f型，配J2）-1/LS3_3号螺栓-67
				/*	5:type	*/	零件\LS3_3号螺栓.SLDPRT
				/*	5:location	*/	0.897189	0.441647	4.90327E-15	0.0	-0.441647	0.897189	9.9608E-15	0.0	1.97215E-31	-1.11022E-14	1.0	0.0	-1.33084	0.476235	3.963	1.0
				/*	5:child_number	*/	0
				/*	5:name	*/	49M,51M...57M齐头式(左端)-1/45M,47M齐头式左端(无畸零节间)-1/上承式上平联（1f型，配J2）-1/LS3_3号螺栓-68
				/*	5:type	*/	零件\LS3_3号螺栓.SLDPRT
				/*	5:location	*/	0.897189	0.441647	4.90327E-15	0.0	-0.441647	0.897189	9.9608E-15	0.0	1.97215E-31	-1.11022E-14	1.0	0.0	0.649158	0.276235	3.963	1.0
				/*	5:child_number	*/	0
				/*	5:name	*/	49M,51M...57M齐头式(左端)-1/45M,47M齐头式左端(无畸零节间)-1/上承式上平联（1f型，配J2）-1/LS3_3号螺栓-69
				/*	5:type	*/	零件\LS3_3号螺栓.SLDPRT
				/*	5:location	*/	0.897189	0.441647	4.90327E-15	0.0	-0.441647	0.897189	9.9608E-15	0.0	1.97215E-31	-1.11022E-14	1.0	0.0	-1.15084	0.276235	3.963	1.0
				/*	5:child_number	*/	0
				/*	5:name	*/	49M,51M...57M齐头式(左端)-1/45M,47M齐头式左端(无畸零节间)-1/上承式上平联（1f型，配J2）-1/LS3_3号螺栓-70
				/*	5:type	*/	零件\LS3_3号螺栓.SLDPRT
				/*	5:location	*/	0.897189	0.441647	4.90327E-15	0.0	-0.441647	0.897189	9.9608E-15	0.0	1.97215E-31	-1.11022E-14	1.0	0.0	-1.33084	0.276235	3.963	1.0
				/*	5:child_number	*/	0
				/*	5:name	*/	49M,51M...57M齐头式(左端)-1/45M,47M齐头式左端(无畸零节间)-1/上承式上平联（1f型，配J2）-1/Q2_短横梁-1
				/*	5:type	*/	零件\Q2_短横梁.SLDPRT
				/*	5:location	*/	1.0	1.72006E-29	-1.97215E-31	0.0	-3.96291E-29	1.0	8.07794E-28	0.0	1.97215E-31	0.0	1.0	0.0	-0.340842	0.0892351	-7.10543E-15	1.0
				/*	5:child_number	*/	0
				/*	5:name	*/	49M,51M...57M齐头式(左端)-1/45M,47M齐头式左端(无畸零节间)-1/上承式上平联（1f型，配J2）-1/Q3+4J1-1
				/*	5:type	*/	上承式梁\公共组件\纵梁\Q3+4J1.SLDASM
				/*	5:location	*/	1.0	1.72006E-29	-1.97215E-31	0.0	-3.96291E-29	1.0	8.07794E-28	0.0	1.97215E-31	0.0	1.0	0.0	0.633069	0.383927	2.0	1.0
				/*	5:child_number	*/	25
					/*	6:name	*/	49M,51M...57M齐头式(左端)-1/45M,47M齐头式左端(无畸零节间)-1/上承式上平联（1f型，配J2）-1/Q3+4J1-1/J1_1号联结角钢-1
					/*	6:type	*/	零件\J1_1号联结角钢.SLDPRT
					/*	6:location	*/	-1.0	-1.72006E-29	1.97215E-31	0.0	-5.45011E-29	1.0	1.08247E-14	0.0	-1.97215E-31	1.08247E-14	-1.0	0.0	0.0570895	-0.152692	1.994	1.0
					/*	6:child_number	*/	0
					/*	6:name	*/	49M,51M...57M齐头式(左端)-1/45M,47M齐头式左端(无畸零节间)-1/上承式上平联（1f型，配J2）-1/Q3+4J1-1/J1_1号联结角钢-2
					/*	6:type	*/	零件\J1_1号联结角钢.SLDPRT
					/*	6:location	*/	1.0	1.72006E-29	-1.97215E-31	0.0	5.48825E-29	-1.0	-1.11022E-14	0.0	-1.97215E-31	1.11022E-14	-1.0	0.0	-0.20491	0.137308	1.994	1.0
					/*	6:child_number	*/	0
					/*	6:name	*/	49M,51M...57M齐头式(左端)-1/45M,47M齐头式左端(无畸零节间)-1/上承式上平联（1f型，配J2）-1/Q3+4J1-1/J1_1号联结角钢-3
					/*	6:type	*/	零件\J1_1号联结角钢.SLDPRT
					/*	6:location	*/	1.0	1.72006E-29	-1.97215E-31	0.0	-3.96291E-29	1.0	8.07794E-28	0.0	1.97215E-31	0.0	1.0	0.0	-0.20491	-0.152692	-1.994	1.0
					/*	6:child_number	*/	0
					/*	6:name	*/	49M,51M...57M齐头式(左端)-1/45M,47M齐头式左端(无畸零节间)-1/上承式上平联（1f型，配J2）-1/Q3+4J1-1/J1_1号联结角钢-4
					/*	6:type	*/	零件\J1_1号联结角钢.SLDPRT
					/*	6:location	*/	-1.0	-1.72006E-29	3.9443E-31	0.0	2.05624E-29	-1.0	1.38778E-14	0.0	5.91646E-31	1.41553E-14	1.0	0.0	0.0570895	0.137308	-1.994	1.0
					/*	6:child_number	*/	0
					/*	6:name	*/	49M,51M...57M齐头式(左端)-1/45M,47M齐头式左端(无畸零节间)-1/上承式上平联（1f型，配J2）-1/Q3+4J1-1/LS3_3号螺栓-10
					/*	6:type	*/	零件\LS3_3号螺栓.SLDPRT
					/*	6:location	*/	-1.19311E-16	-0.831072	-0.556165	0.0	-7.98449E-17	-0.556165	0.831072	0.0	-1.0	1.43563E-16	1.97215E-30	0.0	-0.0369105	0.092308	1.835	1.0
					/*	6:child_number	*/	0
					/*	6:name	*/	49M,51M...57M齐头式(左端)-1/45M,47M齐头式左端(无畸零节间)-1/上承式上平联（1f型，配J2）-1/Q3+4J1-1/LS3_3号螺栓-11
					/*	6:type	*/	零件\LS3_3号螺栓.SLDPRT
					/*	6:location	*/	-1.19311E-16	-0.831072	-0.556165	0.0	-7.98449E-17	-0.556165	0.831072	0.0	-1.0	1.43563E-16	1.97215E-30	0.0	-0.0369105	0.092308	-1.835	1.0
					/*	6:child_number	*/	0
					/*	6:name	*/	49M,51M...57M齐头式(左端)-1/45M,47M齐头式左端(无畸零节间)-1/上承式上平联（1f型，配J2）-1/Q3+4J1-1/LS3_3号螺栓-12
					/*	6:type	*/	零件\LS3_3号螺栓.SLDPRT
					/*	6:location	*/	-1.19311E-16	-0.831072	-0.556165	0.0	-7.98449E-17	-0.556165	0.831072	0.0	-1.0	1.43563E-16	1.97215E-30	0.0	-0.0369105	-0.107692	-1.835	1.0
					/*	6:child_number	*/	0
					/*	6:name	*/	49M,51M...57M齐头式(左端)-1/45M,47M齐头式左端(无畸零节间)-1/上承式上平联（1f型，配J2）-1/Q3+4J1-1/LS3_3号螺栓-13
					/*	6:type	*/	零件\LS3_3号螺栓.SLDPRT
					/*	6:location	*/	1.28803E-16	-0.897189	0.441647	0.0	-6.34043E-17	0.441647	0.897189	0.0	-1.0	-1.43563E-16	2.36658E-30	0.0	-0.0369105	-0.057692	-1.915	1.0
					/*	6:child_number	*/	0
					/*	6:name	*/	49M,51M...57M齐头式(左端)-1/45M,47M齐头式左端(无畸零节间)-1/上承式上平联（1f型，配J2）-1/Q3+4J1-1/LS3_3号螺栓-14
					/*	6:type	*/	零件\LS3_3号螺栓.SLDPRT
					/*	6:location	*/	1.28803E-16	-0.897189	0.441647	0.0	-6.34043E-17	0.441647	0.897189	0.0	-1.0	-1.43563E-16	2.36658E-30	0.0	-0.0369105	0.042308	-1.915	1.0
					/*	6:child_number	*/	0
					/*	6:name	*/	49M,51M...57M齐头式(左端)-1/45M,47M齐头式左端(无畸零节间)-1/上承式上平联（1f型，配J2）-1/Q3+4J1-1/LS3_3号螺栓-15
					/*	6:type	*/	零件\LS3_3号螺栓.SLDPRT
					/*	6:location	*/	1.28803E-16	-0.897189	0.441647	0.0	-6.34043E-17	0.441647	0.897189	0.0	-1.0	-1.43563E-16	2.36658E-30	0.0	-0.0369105	0.042308	1.915	1.0
					/*	6:child_number	*/	0
					/*	6:name	*/	49M,51M...57M齐头式(左端)-1/45M,47M齐头式左端(无畸零节间)-1/上承式上平联（1f型，配J2）-1/Q3+4J1-1/LS3_3号螺栓-16
					/*	6:type	*/	零件\LS3_3号螺栓.SLDPRT
					/*	6:location	*/	1.28803E-16	-0.897189	0.441647	0.0	-6.34043E-17	0.441647	0.897189	0.0	-1.0	-1.43563E-16	2.36658E-30	0.0	-0.0369105	-0.057692	1.915	1.0
					/*	6:child_number	*/	0
					/*	6:name	*/	49M,51M...57M齐头式(左端)-1/45M,47M齐头式左端(无畸零节间)-1/上承式上平联（1f型，配J2）-1/Q3+4J1-1/LS3_3号螺栓-5
					/*	6:type	*/	零件\LS3_3号螺栓.SLDPRT
					/*	6:location	*/	-1.19311E-16	-0.831072	-0.556165	0.0	-7.98449E-17	-0.556165	0.831072	0.0	-1.0	1.43563E-16	1.97215E-30	0.0	-0.0369105	-0.107692	1.835	1.0
					/*	6:child_number	*/	0
					/*	6:name	*/	49M,51M...57M齐头式(左端)-1/45M,47M齐头式左端(无畸零节间)-1/上承式上平联（1f型，配J2）-1/Q3+4J1-1/LS3_3号螺栓-6
					/*	6:type	*/	零件\LS3_3号螺栓.SLDPRT
					/*	6:location	*/	-1.19311E-16	-0.831072	-0.556165	0.0	-7.98449E-17	-0.556165	0.831072	0.0	-1.0	1.43563E-16	1.97215E-30	0.0	-0.0369105	-0.00769204	1.835	1.0
					/*	6:child_number	*/	0
					/*	6:name	*/	49M,51M...57M齐头式(左端)-1/45M,47M齐头式左端(无畸零节间)-1/上承式上平联（1f型，配J2）-1/Q3+4J1-1/LS3_3号螺栓-9
					/*	6:type	*/	零件\LS3_3号螺栓.SLDPRT
					/*	6:location	*/	-1.19311E-16	-0.831072	-0.556165	0.0	-7.98449E-17	-0.556165	0.831072	0.0	-1.0	1.43563E-16	1.97215E-30	0.0	-0.0369105	-0.00769204	-1.835	1.0
					/*	6:child_number	*/	0
					/*	6:name	*/	49M,51M...57M齐头式(左端)-1/45M,47M齐头式左端(无畸零节间)-1/上承式上平联（1f型，配J2）-1/Q3+4J1-1/Q3_4M纵梁-1
					/*	6:type	*/	零件\Q3_4M纵梁.SLDPRT
					/*	6:location	*/	1.0	1.72006E-29	-1.97215E-31	0.0	-3.96291E-29	1.0	8.07794E-28	0.0	1.97215E-31	0.0	1.0	0.0	-0.0739105	-0.00769204	-3.55271E-15	1.0
					/*	6:child_number	*/	0
					/*	6:name	*/	49M,51M...57M齐头式(左端)-1/45M,47M齐头式左端(无畸零节间)-1/上承式上平联（1f型，配J2）-1/Q3+4J1-1/螺母3-1
					/*	6:type	*/	零件\螺母3.SLDPRT
					/*	6:location	*/	1.43563E-16	-1.0	5.55112E-17	0.0	2.76101E-30	-2.77556E-16	1.0	0.0	-1.0	-1.43563E-16	2.36658E-30	0.0	-0.0919105	-0.057692	-1.915	1.0
					/*	6:child_number	*/	0
					/*	6:name	*/	49M,51M...57M齐头式(左端)-1/45M,47M齐头式左端(无畸零节间)-1/上承式上平联（1f型，配J2）-1/Q3+4J1-1/螺母3-10
					/*	6:type	*/	零件\螺母3.SLDPRT
					/*	6:location	*/	-7.17817E-17	-0.5	-0.866025	0.0	-1.24329E-16	-0.866025	0.5	0.0	-1.0	1.43563E-16	1.97215E-30	0.0	-0.0919105	-0.00769204	-1.835	1.0
					/*	6:child_number	*/	0
					/*	6:name	*/	49M,51M...57M齐头式(左端)-1/45M,47M齐头式左端(无畸零节间)-1/上承式上平联（1f型，配J2）-1/Q3+4J1-1/螺母3-11
					/*	6:type	*/	零件\螺母3.SLDPRT
					/*	6:location	*/	-7.17817E-17	-0.5	-0.866025	0.0	-1.24329E-16	-0.866025	0.5	0.0	-1.0	1.43563E-16	1.97215E-30	0.0	-0.0919105	0.092308	1.835	1.0
					/*	6:child_number	*/	0
					/*	6:name	*/	49M,51M...57M齐头式(左端)-1/45M,47M齐头式左端(无畸零节间)-1/上承式上平联（1f型，配J2）-1/Q3+4J1-1/螺母3-12
					/*	6:type	*/	零件\螺母3.SLDPRT
					/*	6:location	*/	-7.17817E-17	-0.5	-0.866025	0.0	-1.24329E-16	-0.866025	0.5	0.0	-1.0	1.43563E-16	1.97215E-30	0.0	-0.0919105	0.092308	-1.835	1.0
					/*	6:child_number	*/	0
					/*	6:name	*/	49M,51M...57M齐头式(左端)-1/45M,47M齐头式左端(无畸零节间)-1/上承式上平联（1f型，配J2）-1/Q3+4J1-1/螺母3-13
					/*	6:type	*/	零件\螺母3.SLDPRT
					/*	6:location	*/	-7.17817E-17	-0.5	-0.866025	0.0	-1.24329E-16	-0.866025	0.5	0.0	-1.0	1.43563E-16	1.97215E-30	0.0	-0.0919105	-0.107692	-1.835	1.0
					/*	6:child_number	*/	0
					/*	6:name	*/	49M,51M...57M齐头式(左端)-1/45M,47M齐头式左端(无畸零节间)-1/上承式上平联（1f型，配J2）-1/Q3+4J1-1/螺母3-2
					/*	6:type	*/	零件\螺母3.SLDPRT
					/*	6:location	*/	1.43563E-16	-1.0	5.55112E-17	0.0	2.76101E-30	-2.77556E-16	1.0	0.0	-1.0	-1.43563E-16	2.36658E-30	0.0	-0.0919105	0.042308	-1.915	1.0
					/*	6:child_number	*/	0
					/*	6:name	*/	49M,51M...57M齐头式(左端)-1/45M,47M齐头式左端(无畸零节间)-1/上承式上平联（1f型，配J2）-1/Q3+4J1-1/螺母3-3
					/*	6:type	*/	零件\螺母3.SLDPRT
					/*	6:location	*/	1.43563E-16	-1.0	5.55112E-17	0.0	2.76101E-30	-2.77556E-16	1.0	0.0	-1.0	-1.43563E-16	2.36658E-30	0.0	-0.0919105	0.042308	1.915	1.0
					/*	6:child_number	*/	0
					/*	6:name	*/	49M,51M...57M齐头式(左端)-1/45M,47M齐头式左端(无畸零节间)-1/上承式上平联（1f型，配J2）-1/Q3+4J1-1/螺母3-4
					/*	6:type	*/	零件\螺母3.SLDPRT
					/*	6:location	*/	1.43563E-16	-1.0	5.55112E-17	0.0	2.76101E-30	-2.77556E-16	1.0	0.0	-1.0	-1.43563E-16	2.36658E-30	0.0	-0.0919105	-0.057692	1.915	1.0
					/*	6:child_number	*/	0
					/*	6:name	*/	49M,51M...57M齐头式(左端)-1/45M,47M齐头式左端(无畸零节间)-1/上承式上平联（1f型，配J2）-1/Q3+4J1-1/螺母3-5
					/*	6:type	*/	零件\螺母3.SLDPRT
					/*	6:location	*/	-7.17817E-17	-0.5	-0.866025	0.0	-1.24329E-16	-0.866025	0.5	0.0	-1.0	1.43563E-16	1.97215E-30	0.0	-0.0919105	-0.107692	1.835	1.0
					/*	6:child_number	*/	0
					/*	6:name	*/	49M,51M...57M齐头式(左端)-1/45M,47M齐头式左端(无畸零节间)-1/上承式上平联（1f型，配J2）-1/Q3+4J1-1/螺母3-6
					/*	6:type	*/	零件\螺母3.SLDPRT
					/*	6:location	*/	-7.17817E-17	-0.5	-0.866025	0.0	-1.24329E-16	-0.866025	0.5	0.0	-1.0	1.43563E-16	1.97215E-30	0.0	-0.0919105	-0.00769204	1.835	1.0
					/*	6:child_number	*/	0
				/*	5:name	*/	49M,51M...57M齐头式(左端)-1/45M,47M齐头式左端(无畸零节间)-1/上承式上平联（1f型，配J2）-1/Q3+4J1-2
				/*	5:type	*/	上承式梁\公共组件\纵梁\Q3+4J1.SLDASM
				/*	5:location	*/	-1.0	-1.38778E-15	3.9443E-31	0.0	-1.38778E-15	1.0	1.08247E-14	0.0	-1.51856E-29	1.08247E-14	-1.0	0.0	-1.31475	0.383927	2.0	1.0
				/*	5:child_number	*/	25
					/*	6:name	*/	49M,51M...57M齐头式(左端)-1/45M,47M齐头式左端(无畸零节间)-1/上承式上平联（1f型，配J2）-1/Q3+4J1-2/J1_1号联结角钢-1
					/*	6:type	*/	零件\J1_1号联结角钢.SLDPRT
					/*	6:location	*/	-1.0	2.62897E-30	1.97215E-31	0.0	-6.13451E-29	1.0	1.08247E-14	0.0	-3.9443E-31	1.08247E-14	-1.0	0.0	0.0570895	-0.152692	1.994	1.0
					/*	6:child_number	*/	0
					/*	6:name	*/	49M,51M...57M齐头式(左端)-1/45M,47M齐头式左端(无畸零节间)-1/上承式上平联（1f型，配J2）-1/Q3+4J1-2/J1_1号联结角钢-2
					/*	6:type	*/	零件\J1_1号联结角钢.SLDPRT
					/*	6:location	*/	1.0	-2.62897E-30	-1.97215E-31	0.0	6.17264E-29	-1.0	-1.11022E-14	0.0	-1.97215E-31	1.11022E-14	-1.0	0.0	-0.20491	0.137308	1.994	1.0
					/*	6:child_number	*/	0
					/*	6:name	*/	49M,51M...57M齐头式(左端)-1/45M,47M齐头式左端(无畸零节间)-1/上承式上平联（1f型，配J2）-1/Q3+4J1-2/J1_1号联结角钢-3
					/*	6:type	*/	零件\J1_1号联结角钢.SLDPRT
					/*	6:location	*/	1.0	-2.62897E-30	-1.97215E-31	0.0	-4.64731E-29	1.0	-8.07794E-28	0.0	1.97215E-31	0.0	1.0	0.0	-0.20491	-0.152692	-1.994	1.0
					/*	6:child_number	*/	0
					/*	6:name	*/	49M,51M...57M齐头式(左端)-1/45M,47M齐头式左端(无畸零节间)-1/上承式上平联（1f型，配J2）-1/Q3+4J1-2/J1_1号联结角钢-4
					/*	6:type	*/	零件\J1_1号联结角钢.SLDPRT
					/*	6:location	*/	-1.0	2.62897E-30	3.9443E-31	0.0	7.80242E-27	-1.0	1.38778E-14	0.0	-2.77556E-17	1.38275E-14	1.0	0.0	0.0570895	0.137308	-1.994	1.0
					/*	6:child_number	*/	0
					/*	6:name	*/	49M,51M...57M齐头式(左端)-1/45M,47M齐头式左端(无畸零节间)-1/上承式上平联（1f型，配J2）-1/Q3+4J1-2/LS3_3号螺栓-10
					/*	6:type	*/	零件\LS3_3号螺栓.SLDPRT
					/*	6:location	*/	-1.19311E-16	-0.831072	-0.556165	0.0	-7.98449E-17	-0.556165	0.831072	0.0	-1.0	1.43563E-16	1.77494E-30	0.0	-0.0369105	0.092308	1.835	1.0
					/*	6:child_number	*/	0
					/*	6:name	*/	49M,51M...57M齐头式(左端)-1/45M,47M齐头式左端(无畸零节间)-1/上承式上平联（1f型，配J2）-1/Q3+4J1-2/LS3_3号螺栓-11
					/*	6:type	*/	零件\LS3_3号螺栓.SLDPRT
					/*	6:location	*/	-1.19311E-16	-0.831072	-0.556165	0.0	-7.98449E-17	-0.556165	0.831072	0.0	-1.0	1.43563E-16	1.77494E-30	0.0	-0.0369105	0.092308	-1.835	1.0
					/*	6:child_number	*/	0
					/*	6:name	*/	49M,51M...57M齐头式(左端)-1/45M,47M齐头式左端(无畸零节间)-1/上承式上平联（1f型，配J2）-1/Q3+4J1-2/LS3_3号螺栓-12
					/*	6:type	*/	零件\LS3_3号螺栓.SLDPRT
					/*	6:location	*/	-1.19311E-16	-0.831072	-0.556165	0.0	-7.98449E-17	-0.556165	0.831072	0.0	-1.0	1.43563E-16	1.77494E-30	0.0	-0.0369105	-0.107692	-1.835	1.0
					/*	6:child_number	*/	0
					/*	6:name	*/	49M,51M...57M齐头式(左端)-1/45M,47M齐头式左端(无畸零节间)-1/上承式上平联（1f型，配J2）-1/Q3+4J1-2/LS3_3号螺栓-13
					/*	6:type	*/	零件\LS3_3号螺栓.SLDPRT
					/*	6:location	*/	1.28803E-16	-0.897189	0.441647	0.0	-6.34043E-17	0.441647	0.897189	0.0	-1.0	-1.43563E-16	2.36658E-30	0.0	-0.0369105	-0.057692	-1.915	1.0
					/*	6:child_number	*/	0
					/*	6:name	*/	49M,51M...57M齐头式(左端)-1/45M,47M齐头式左端(无畸零节间)-1/上承式上平联（1f型，配J2）-1/Q3+4J1-2/LS3_3号螺栓-14
					/*	6:type	*/	零件\LS3_3号螺栓.SLDPRT
					/*	6:location	*/	1.28803E-16	-0.897189	0.441647	0.0	-6.34043E-17	0.441647	0.897189	0.0	-1.0	-1.43563E-16	2.36658E-30	0.0	-0.0369105	0.042308	-1.915	1.0
					/*	6:child_number	*/	0
					/*	6:name	*/	49M,51M...57M齐头式(左端)-1/45M,47M齐头式左端(无畸零节间)-1/上承式上平联（1f型，配J2）-1/Q3+4J1-2/LS3_3号螺栓-15
					/*	6:type	*/	零件\LS3_3号螺栓.SLDPRT
					/*	6:location	*/	1.28803E-16	-0.897189	0.441647	0.0	-6.34043E-17	0.441647	0.897189	0.0	-1.0	-1.43563E-16	2.36658E-30	0.0	-0.0369105	0.042308	1.915	1.0
					/*	6:child_number	*/	0
					/*	6:name	*/	49M,51M...57M齐头式(左端)-1/45M,47M齐头式左端(无畸零节间)-1/上承式上平联（1f型，配J2）-1/Q3+4J1-2/LS3_3号螺栓-16
					/*	6:type	*/	零件\LS3_3号螺栓.SLDPRT
					/*	6:location	*/	1.28803E-16	-0.897189	0.441647	0.0	-6.34043E-17	0.441647	0.897189	0.0	-1.0	-1.43563E-16	2.36658E-30	0.0	-0.0369105	-0.057692	1.915	1.0
					/*	6:child_number	*/	0
					/*	6:name	*/	49M,51M...57M齐头式(左端)-1/45M,47M齐头式左端(无畸零节间)-1/上承式上平联（1f型，配J2）-1/Q3+4J1-2/LS3_3号螺栓-5
					/*	6:type	*/	零件\LS3_3号螺栓.SLDPRT
					/*	6:location	*/	-1.19311E-16	-0.831072	-0.556165	0.0	-7.98449E-17	-0.556165	0.831072	0.0	-1.0	1.43563E-16	1.77494E-30	0.0	-0.0369105	-0.107692	1.835	1.0
					/*	6:child_number	*/	0
					/*	6:name	*/	49M,51M...57M齐头式(左端)-1/45M,47M齐头式左端(无畸零节间)-1/上承式上平联（1f型，配J2）-1/Q3+4J1-2/LS3_3号螺栓-6
					/*	6:type	*/	零件\LS3_3号螺栓.SLDPRT
					/*	6:location	*/	-1.19311E-16	-0.831072	-0.556165	0.0	-7.98449E-17	-0.556165	0.831072	0.0	-1.0	1.43563E-16	1.77494E-30	0.0	-0.0369105	-0.00769204	1.835	1.0
					/*	6:child_number	*/	0
					/*	6:name	*/	49M,51M...57M齐头式(左端)-1/45M,47M齐头式左端(无畸零节间)-1/上承式上平联（1f型，配J2）-1/Q3+4J1-2/LS3_3号螺栓-9
					/*	6:type	*/	零件\LS3_3号螺栓.SLDPRT
					/*	6:location	*/	-1.19311E-16	-0.831072	-0.556165	0.0	-7.98449E-17	-0.556165	0.831072	0.0	-1.0	1.43563E-16	1.77494E-30	0.0	-0.0369105	-0.00769204	-1.835	1.0
					/*	6:child_number	*/	0
					/*	6:name	*/	49M,51M...57M齐头式(左端)-1/45M,47M齐头式左端(无畸零节间)-1/上承式上平联（1f型，配J2）-1/Q3+4J1-2/Q3_4M纵梁-1
					/*	6:type	*/	零件\Q3_4M纵梁.SLDPRT
