

/*	1:名称	*/	上承式45.0M梁_低鱼腹式
/*	1:类型	*/	上承式梁\低鱼腹式\上承式45.0M梁_低鱼腹式.SLDASM
/*	1:位置	*/	1    0    0    0    0    1    0    0    0    0    1    0    0    0    0    1    
/*	1:子节点数	*/	3

        /*	2:名称	*/	42M~45M上承式中部-1
        /*	2:类型	*/	上承式梁\公共组件\上承式中部\42M~45M上承式中部.SLDASM
        /*	2:位置	*/	-1    -1.21014e-014    1.48862e-016    0    -1.21014e-014    1    2.53617e-014    0    -1.48862e-016    2.53617e-014    -1    0    0.506362    2.55517    -5.955    1    
        /*	2:子节点数	*/	3

                /*	3:名称	*/	42M~45M上承式中部-1/上承式单元(5a',6c,5a',5b',5b')-1
                /*	3:类型	*/	上承式梁\公共组件\上承式中部\上承式单元\上承式单元(5a',6c,5a',5b',5b').SLDASM
                /*	3:位置	*/	1    6.19953e-031    0    0    6.19953e-031    1    0    0    0    0    1    0    1.97358    0.242452    -0.105    1    
                /*	3:子节点数	*/	6

                        /*	4:名称	*/	42M~45M上承式中部-1/上承式单元(5a',6c,5a',5b',5b')-1/L2(配5b,5b')-1
                        /*	4:类型	*/	上承式梁\公共组件\上承式中部\上承式单元\带螺栓零件\L2(配5b,5b').SLDASM
                        /*	4:位置	*/	-5.0711e-016    8.00054e-014    1    0    -7.7e-016    1    -8.00054e-014    0    -1    -7.7e-016    -5.0711e-016    0    -2.72721    -2.4874    2.21486    1    
                        /*	4:子节点数	*/	13

                                /*	5:名称	*/	42M~45M上承式中部-1/上承式单元(5a',6c,5a',5b',5b')-1/L2(配5b,5b')-1/LS1_1号螺栓-1
                                /*	5:类型	*/	零件\LS1_1号螺栓.SLDPRT
                                /*	5:位置	*/	0.997812    -0.066117    9.86076e-032    0    0.066117    0.997812    -2.16937e-030    0    0    -1.1771e-031    1    0    -0.214864    -0.0402241    1.209    1    
                                /*	5:子节点数	*/	0

                                /*	5:名称	*/	42M~45M上承式中部-1/上承式单元(5a',6c,5a',5b',5b')-1/L2(配5b,5b')-1/LS1_1号螺栓-2
                                /*	5:类型	*/	零件\LS1_1号螺栓.SLDPRT
                                /*	5:位置	*/	0.997812    -0.066117    9.86076e-032    0    0.066117    0.997812    -2.16937e-030    0    0    -1.1771e-031    1    0    -0.114864    -0.0402241    1.209    1    
                                /*	5:子节点数	*/	0

                                /*	5:名称	*/	42M~45M上承式中部-1/上承式单元(5a',6c,5a',5b',5b')-1/L2(配5b,5b')-1/LS1_1号螺栓-3
                                /*	5:类型	*/	零件\LS1_1号螺栓.SLDPRT
                                /*	5:位置	*/	0.997812    -0.066117    9.86076e-032    0    0.066117    0.997812    -2.16937e-030    0    0    -1.1771e-031    1    0    0.00513641    -0.0402241    1.209    1    
                                /*	5:子节点数	*/	0

                                /*	5:名称	*/	42M~45M上承式中部-1/上承式单元(5a',6c,5a',5b',5b')-1/L2(配5b,5b')-1/LS1_1号螺栓-4
                                /*	5:类型	*/	零件\LS1_1号螺栓.SLDPRT
                                /*	5:位置	*/	0.997812    -0.066117    9.86076e-032    0    0.066117    0.997812    -2.16937e-030    0    0    -1.1771e-031    1    0    0.105136    -0.0402241    1.209    1    
                                /*	5:子节点数	*/	0

                                /*	5:名称	*/	42M~45M上承式中部-1/上承式单元(5a',6c,5a',5b',5b')-1/L2(配5b,5b')-1/LS1_1号螺栓-5
                                /*	5:类型	*/	零件\LS1_1号螺栓.SLDPRT
                                /*	5:位置	*/	0.997812    0.066117    -4.93038e-032    0    0.066117    -0.997812    1.38975e-030    0    0    1.1771e-031    -1    0    -0.214864    -0.0402241    -1.209    1    
                                /*	5:子节点数	*/	0

                                /*	5:名称	*/	42M~45M上承式中部-1/上承式单元(5a',6c,5a',5b',5b')-1/L2(配5b,5b')-1/LS1_1号螺栓-6
                                /*	5:类型	*/	零件\LS1_1号螺栓.SLDPRT
                                /*	5:位置	*/	0.997812    0.066117    -4.93038e-032    0    0.066117    -0.997812    1.38975e-030    0    0    1.1771e-031    -1    0    -0.114864    -0.0402241    -1.209    1    
                                /*	5:子节点数	*/	0

                                /*	5:名称	*/	42M~45M上承式中部-1/上承式单元(5a',6c,5a',5b',5b')-1/L2(配5b,5b')-1/LS1_1号螺栓-7
                                /*	5:类型	*/	零件\LS1_1号螺栓.SLDPRT
                                /*	5:位置	*/	0.997812    0.066117    -4.93038e-032    0    0.066117    -0.997812    1.38975e-030    0    0    1.1771e-031    -1    0    0.00513641    -0.0402241    -1.209    1    
                                /*	5:子节点数	*/	0

                                /*	5:名称	*/	42M~45M上承式中部-1/上承式单元(5a',6c,5a',5b',5b')-1/L2(配5b,5b')-1/LS1_1号螺栓-8
                                /*	5:类型	*/	零件\LS1_1号螺栓.SLDPRT
                                /*	5:位置	*/	0.997812    0.066117    -4.93038e-032    0    0.066117    -0.997812    1.38975e-030    0    0    1.1771e-031    -1    0    0.105136    -0.0402241    -1.209    1    
                                /*	5:子节点数	*/	0

                                /*	5:名称	*/	42M~45M上承式中部-1/上承式单元(5a',6c,5a',5b',5b')-1/L2(配5b,5b')-1/LS2_2号螺栓-1
                                /*	5:类型	*/	零件\LS2_2号螺栓.SLDPRT
                                /*	5:位置	*/	0.997812    -0.066117    9.86076e-032    0    0.066117    0.997812    -2.16937e-030    0    0    -1.1771e-031    1    0    -0.149864    0.0947759    1.209    1    
                                /*	5:子节点数	*/	0

                                /*	5:名称	*/	42M~45M上承式中部-1/上承式单元(5a',6c,5a',5b',5b')-1/L2(配5b,5b')-1/LS2_2号螺栓-2
                                /*	5:类型	*/	零件\LS2_2号螺栓.SLDPRT
                                /*	5:位置	*/	0.997812    -0.066117    9.86076e-032    0    0.066117    0.997812    -2.16937e-030    0    0    -1.1771e-031    1    0    0.0401364    0.0947759    1.209    1    
                                /*	5:子节点数	*/	0

                                /*	5:名称	*/	42M~45M上承式中部-1/上承式单元(5a',6c,5a',5b',5b')-1/L2(配5b,5b')-1/LS2_2号螺栓-3
                                /*	5:类型	*/	零件\LS2_2号螺栓.SLDPRT
                                /*	5:位置	*/	0.997812    0.066117    -4.93038e-032    0    0.066117    -0.997812    1.38975e-030    0    0    1.1771e-031    -1    0    -0.149864    0.0947759    -1.209    1    
                                /*	5:子节点数	*/	0

                                /*	5:名称	*/	42M~45M上承式中部-1/上承式单元(5a',6c,5a',5b',5b')-1/L2(配5b,5b')-1/LS2_2号螺栓-4
                                /*	5:类型	*/	零件\LS2_2号螺栓.SLDPRT
                                /*	5:位置	*/	0.997812    0.066117    -4.93038e-032    0    0.066117    -0.997812    1.38975e-030    0    0    1.1771e-031    -1    0    0.0401364    0.0947759    -1.209    1    
                                /*	5:子节点数	*/	0

                                /*	5:名称	*/	42M~45M上承式中部-1/上承式单元(5a',6c,5a',5b',5b')-1/L2(配5b,5b')-1/l2_直撑-1
                                /*	5:类型	*/	零件\l2_直撑.SLDPRT
                                /*	5:位置	*/	1    0    4.93038e-032    0    0    1    -1.69543e-030    0    0    -1.1771e-031    1    0    -0.0548636    -0.135224    0    1    
                                /*	5:子节点数	*/	0

                        /*	4:名称	*/	42M~45M上承式中部-1/上承式单元(5a',6c,5a',5b',5b')-1/上承式(5a',6c,5a',5b',5b')(右单片)-1
                        /*	4:类型	*/	上承式梁\公共组件\上承式中部\上承式单元\上承式单元(5a',6c,5a',5b',5b')\上承式(5a',6c,5a',5b',5b')(右单片).SLDASM
                        /*	4:位置	*/	-1    -1.21014e-014    -1.48862e-016    0    -1.21014e-014    1    2.53617e-014    0    1.48862e-016    2.53617e-014    -1    0    -4.29719    1.70004    -5.84    1    
                        /*	4:子节点数	*/	16

                                /*	5:名称	*/	42M~45M上承式中部-1/上承式单元(5a',6c,5a',5b',5b')-1/上承式(5a',6c,5a',5b',5b')(右单片)-1/5'b(内B1)-2
                                /*	5:类型	*/	上承式梁\公共组件\上承式中部\上承式单元\带螺栓零件\5'b(内B1).SLDASM
                                /*	5:位置	*/	1    9.55538e-017    7.64826e-016    0    7.64826e-016    8.99281e-015    -1    0    -9.55538e-017    1    8.99281e-015    0    0.012976    -4.15766    -7.93487    1    
                                /*	5:子节点数	*/	21

                                        /*	6:名称	*/	42M~45M上承式中部-1/上承式单元(5a',6c,5a',5b',5b')-1/上承式(5a',6c,5a',5b',5b')(右单片)-1/5'b(内B1)-2/B1_节点板-1
                                        /*	6:类型	*/	零件\B1_节点板.SLDPRT
                                        /*	6:位置	*/	8.99755e-017    -1    4.53302e-015    0    -5.173e-016    -4.36648e-015    -1    0    1    8.99755e-017    -5.173e-016    0    -0.338949    0.453455    0.08    1    
                                        /*	6:子节点数	*/	0

                                        /*	6:名称	*/	42M~45M上承式中部-1/上承式单元(5a',6c,5a',5b',5b')-1/上承式(5a',6c,5a',5b',5b')(右单片)-1/5'b(内B1)-2/LS1_1号螺栓-1
                                        /*	6:类型	*/	零件\LS1_1号螺栓.SLDPRT
                                        /*	6:位置	*/	-4.34974e-017    0.997812    -0.066117    0    -2.34944e-016    0.066117    0.997812    0    1    5.8936e-017    2.31554e-016    0    -0.357949    -0.194871    -0.26    1    
                                        /*	6:子节点数	*/	0

                                        /*	6:名称	*/	42M~45M上承式中部-1/上承式单元(5a',6c,5a',5b',5b')-1/上承式(5a',6c,5a',5b',5b')(右单片)-1/5'b(内B1)-2/LS1_1号螺栓-13
                                        /*	6:类型	*/	零件\LS1_1号螺栓.SLDPRT
                                        /*	6:位置	*/	-4.34974e-017    0.997812    -0.066117    0    -2.34944e-016    0.066117    0.997812    0    1    5.8936e-017    2.31554e-016    0    -0.357949    0.225129    -0.26    1    
                                        /*	6:子节点数	*/	0

                                        /*	6:名称	*/	42M~45M上承式中部-1/上承式单元(5a',6c,5a',5b',5b')-1/上承式(5a',6c,5a',5b',5b')(右单片)-1/5'b(内B1)-2/LS1_1号螺栓-14
                                        /*	6:类型	*/	零件\LS1_1号螺栓.SLDPRT
                                        /*	6:位置	*/	-4.34974e-017    0.997812    -0.066117    0    -2.34944e-016    0.066117    0.997812    0    1    5.8936e-017    2.31554e-016    0    -0.357949    0.325129    -0.26    1    
                                        /*	6:子节点数	*/	0

                                        /*	6:名称	*/	42M~45M上承式中部-1/上承式单元(5a',6c,5a',5b',5b')-1/上承式(5a',6c,5a',5b',5b')(右单片)-1/5'b(内B1)-2/LS1_1号螺栓-15
                                        /*	6:类型	*/	零件\LS1_1号螺栓.SLDPRT
                                        /*	6:位置	*/	-4.34974e-017    0.997812    -0.066117    0    -2.34944e-016    0.066117    0.997812    0    1    5.8936e-017    2.31554e-016    0    -0.357949    -0.0948709    -0.26    1    
                                        /*	6:子节点数	*/	0

                                        /*	6:名称	*/	42M~45M上承式中部-1/上承式单元(5a',6c,5a',5b',5b')-1/上承式(5a',6c,5a',5b',5b')(右单片)-1/5'b(内B1)-2/LS1_1号螺栓-16
                                        /*	6:类型	*/	零件\LS1_1号螺栓.SLDPRT
                                        /*	6:位置	*/	-4.34974e-017    0.997812    -0.066117    0    -2.34944e-016    0.066117    0.997812    0    1    5.8936e-017    2.31554e-016    0    -0.357949    0.00512915    -0.26    1    
                                        /*	6:子节点数	*/	0

                                        /*	6:名称	*/	42M~45M上承式中部-1/上承式单元(5a',6c,5a',5b',5b')-1/上承式(5a',6c,5a',5b',5b')(右单片)-1/5'b(内B1)-2/LS1_1号螺栓-17
                                        /*	6:类型	*/	零件\LS1_1号螺栓.SLDPRT
                                        /*	6:位置	*/	-4.34974e-017    0.997812    -0.066117    0    -2.34944e-016    0.066117    0.997812    0    1    5.8936e-017    2.31554e-016    0    -0.357949    0.325129    -0.07    1    
                                        /*	6:子节点数	*/	0

                                        /*	6:名称	*/	42M~45M上承式中部-1/上承式单元(5a',6c,5a',5b',5b')-1/上承式(5a',6c,5a',5b',5b')(右单片)-1/5'b(内B1)-2/LS1_1号螺栓-18
                                        /*	6:类型	*/	零件\LS1_1号螺栓.SLDPRT
                                        /*	6:位置	*/	-4.34974e-017    0.997812    -0.066117    0    -2.34944e-016    0.066117    0.997812    0    1    5.8936e-017    2.31554e-016    0    -0.357949    -0.194871    -0.07    1    
                                        /*	6:子节点数	*/	0

                                        /*	6:名称	*/	42M~45M上承式中部-1/上承式单元(5a',6c,5a',5b',5b')-1/上承式(5a',6c,5a',5b',5b')(右单片)-1/5'b(内B1)-2/LS1_1号螺栓-7
                                        /*	6:类型	*/	零件\LS1_1号螺栓.SLDPRT
                                        /*	6:位置	*/	-4.34974e-017    0.997812    -0.066117    0    -2.34944e-016    0.066117    0.997812    0    1    5.8936e-017    2.31554e-016    0    -0.357949    0.125129    -0.26    1    
                                        /*	6:子节点数	*/	0

                                        /*	6:名称	*/	42M~45M上承式中部-1/上承式单元(5a',6c,5a',5b',5b')-1/上承式(5a',6c,5a',5b',5b')(右单片)-1/5'b(内B1)-2/LS2_2号螺栓-1
                                        /*	6:类型	*/	零件\LS2_2号螺栓.SLDPRT
                                        /*	6:位置	*/	-5.18656e-016    0.322743    -0.946487    0    8.17941e-017    0.946487    0.322743    0    1    8.99755e-017    -5.173e-016    0    -0.357949    -0.282116    0.101095    1    
                                        /*	6:子节点数	*/	0

                                        /*	6:名称	*/	42M~45M上承式中部-1/上承式单元(5a',6c,5a',5b',5b')-1/上承式(5a',6c,5a',5b',5b')(右单片)-1/5'b(内B1)-2/LS2_2号螺栓-2
                                        /*	6:类型	*/	零件\LS2_2号螺栓.SLDPRT
                                        /*	6:位置	*/	-3.79872e-016    -0.556165    -0.831072    0    -3.6248e-016    0.831072    -0.556165    0    1    8.99755e-017    -5.173e-016    0    -0.357949    -0.253144    0.290992    1    
                                        /*	6:子节点数	*/	0

                                        /*	6:名称	*/	42M~45M上承式中部-1/上承式单元(5a',6c,5a',5b',5b')-1/上承式(5a',6c,5a',5b',5b')(右单片)-1/5'b(内B1)-2/LS2_2号螺栓-3
                                        /*	6:类型	*/	零件\LS2_2号螺栓.SLDPRT
                                        /*	6:位置	*/	-5.10219e-016    -0.066117    -0.997812    0    -1.23981e-016    0.997812    -0.066117    0    1    8.99755e-017    -5.173e-016    0    -0.357949    -0.363442    0.189334    1    
                                        /*	6:子节点数	*/	0

                                        /*	6:名称	*/	42M~45M上承式中部-1/上承式单元(5a',6c,5a',5b',5b')-1/上承式(5a',6c,5a',5b',5b')(右单片)-1/5'b(内B1)-2/LS2_2号螺栓-4
                                        /*	6:类型	*/	零件\LS2_2号螺栓.SLDPRT
                                        /*	6:位置	*/	-5.10219e-016    -0.066117    -0.997812    0    -1.23981e-016    0.997812    -0.066117    0    1    8.99755e-017    -5.173e-016    0    -0.357949    -0.171818    0.202753    1    
                                        /*	6:子节点数	*/	0

                                        /*	6:名称	*/	42M~45M上承式中部-1/上承式单元(5a',6c,5a',5b',5b')-1/上承式(5a',6c,5a',5b',5b')(右单片)-1/5'b(内B1)-2/LS2_2号螺栓-5
                                        /*	6:类型	*/	零件\LS2_2号螺栓.SLDPRT
                                        /*	6:位置	*/	-5.10219e-016    -0.066117    -0.997812    0    -1.23981e-016    0.997812    -0.066117    0    1    8.99755e-017    -5.173e-016    0    -0.357949    0.383402    0.290992    1    
                                        /*	6:子节点数	*/	0

                                        /*	6:名称	*/	42M~45M上承式中部-1/上承式单元(5a',6c,5a',5b',5b')-1/上承式(5a',6c,5a',5b',5b')(右单片)-1/5'b(内B1)-2/LS2_2号螺栓-6
                                        /*	6:类型	*/	零件\LS2_2号螺栓.SLDPRT
                                        /*	6:位置	*/	-5.10219e-016    -0.066117    -0.997812    0    -1.23981e-016    0.997812    -0.066117    0    1    8.99755e-017    -5.173e-016    0    -0.357949    0.4937    0.189334    1    
                                        /*	6:子节点数	*/	0

                                        /*	6:名称	*/	42M~45M上承式中部-1/上承式单元(5a',6c,5a',5b',5b')-1/上承式(5a',6c,5a',5b',5b')(右单片)-1/5'b(内B1)-2/LS2_2号螺栓-7
                                        /*	6:类型	*/	零件\LS2_2号螺栓.SLDPRT
                                        /*	6:位置	*/	-5.10219e-016    -0.066117    -0.997812    0    -1.23981e-016    0.997812    -0.066117    0    1    8.99755e-017    -5.173e-016    0    -0.357949    0.302076    0.202753    1    
                                        /*	6:子节点数	*/	0

                                        /*	6:名称	*/	42M~45M上承式中部-1/上承式单元(5a',6c,5a',5b',5b')-1/上承式(5a',6c,5a',5b',5b')(右单片)-1/5'b(内B1)-2/LS2_2号螺栓-8
                                        /*	6:类型	*/	零件\LS2_2号螺栓.SLDPRT
                                        /*	6:位置	*/	-5.10219e-016    -0.066117    -0.997812    0    -1.23981e-016    0.997812    -0.066117    0    1    8.99755e-017    -5.173e-016    0    -0.357949    0.412374    0.101095    1    
                                        /*	6:子节点数	*/	0

                                        /*	6:名称	*/	42M~45M上承式中部-1/上承式单元(5a',6c,5a',5b',5b')-1/上承式(5a',6c,5a',5b',5b')(右单片)-1/5'b(内B1)-2/LS3_3号螺栓-10
                                        /*	6:类型	*/	零件\LS3_3号螺栓.SLDPRT
                                        /*	6:位置	*/	-1.47739e-016    -0.897189    -0.441647    0    -5.03853e-016    0.441647    -0.897189    0    1    8.99755e-017    -5.173e-016    0    -0.357949    0.160129    0.265    1    
                                        /*	6:子节点数	*/	0

                                        /*	6:名称	*/	42M~45M上承式中部-1/上承式单元(5a',6c,5a',5b',5b')-1/上承式(5a',6c,5a',5b',5b')(右单片)-1/5'b(内B1)-2/LS3_3号螺栓-7
                                        /*	6:类型	*/	零件\LS3_3号螺栓.SLDPRT
                                        /*	6:位置	*/	-1.47739e-016    -0.897189    -0.441647    0    -5.03853e-016    0.441647    -0.897189    0    1    8.99755e-017    -5.173e-016    0    -0.357949    -0.0298709    0.165    1    
                                        /*	6:子节点数	*/	0

                                        /*	6:名称	*/	42M~45M上承式中部-1/上承式单元(5a',6c,5a',5b',5b')-1/上承式(5a',6c,5a',5b',5b')(右单片)-1/5'b(内B1)-2/LS3_3号螺栓-8
                                        /*	6:类型	*/	零件\LS3_3号螺栓.SLDPRT
                                        /*	6:位置	*/	-1.47739e-016    -0.897189    -0.441647    0    -5.03853e-016    0.441647    -0.897189    0    1    8.99755e-017    -5.173e-016    0    -0.357949    -0.0298709    0.265    1    
                                        /*	6:子节点数	*/	0

                                        /*	6:名称	*/	42M~45M上承式中部-1/上承式单元(5a',6c,5a',5b',5b')-1/上承式(5a',6c,5a',5b',5b')(右单片)-1/5'b(内B1)-2/LS3_3号螺栓-9
                                        /*	6:类型	*/	零件\LS3_3号螺栓.SLDPRT
                                        /*	6:位置	*/	-1.47739e-016    -0.897189    -0.441647    0    -5.03853e-016    0.441647    -0.897189    0    1    8.99755e-017    -5.173e-016    0    -0.357949    0.160129    0.165    1    
                                        /*	6:子节点数	*/	0

                                /*	5:名称	*/	42M~45M上承式中部-1/上承式单元(5a',6c,5a',5b',5b')-1/上承式(5a',6c,5a',5b',5b')(右单片)-1/5'b(外B1)-1
                                /*	5:类型	*/	上承式梁\公共组件\上承式中部\上承式单元\带螺栓零件\5'b(外B1).SLDASM
                                /*	5:位置	*/	-1    -4.44987e-016    -1.03017e-015    0    -1.03017e-015    4.30211e-015    1    0    -4.44987e-016    1    -4.30211e-015    0    -0.252923    -4.15766    -8.06513    1    
                                /*	5:子节点数	*/	27

                                        /*	6:名称	*/	42M~45M上承式中部-1/上承式单元(5a',6c,5a',5b',5b')-1/上承式(5a',6c,5a',5b',5b')(右单片)-1/5'b(外B1)-1/B1_节点板-1
                                        /*	6:类型	*/	零件\B1_节点板.SLDPRT
                                        /*	6:位置	*/	8.99755e-017    -1    4.53302e-015    0    -5.173e-016    -4.36648e-015    -1    0    1    8.99755e-017    -5.173e-016    0    -0.338949    0.453455    0.08    1    
                                        /*	6:子节点数	*/	0

                                        /*	6:名称	*/	42M~45M上承式中部-1/上承式单元(5a',6c,5a',5b',5b')-1/上承式(5a',6c,5a',5b',5b')(右单片)-1/5'b(外B1)-1/LS1_1号螺栓-1
                                        /*	6:类型	*/	零件\LS1_1号螺栓.SLDPRT
                                        /*	6:位置	*/	-4.34974e-017    0.997812    -0.066117    0    -2.34944e-016    0.066117    0.997812    0    1    5.8936e-017    2.31554e-016    0    -0.357949    -0.194871    -0.26    1    
                                        /*	6:子节点数	*/	0

                                        /*	6:名称	*/	42M~45M上承式中部-1/上承式单元(5a',6c,5a',5b',5b')-1/上承式(5a',6c,5a',5b',5b')(右单片)-1/5'b(外B1)-1/LS1_1号螺栓-10
                                        /*	6:类型	*/	零件\LS1_1号螺栓.SLDPRT
                                        /*	6:位置	*/	-4.34974e-017    0.997812    -0.066117    0    -2.34944e-016    0.066117    0.997812    0    1    5.8936e-017    2.31554e-016    0    -0.357949    0.225129    -0.07    1    
                                        /*	6:子节点数	*/	0

                                        /*	6:名称	*/	42M~45M上承式中部-1/上承式单元(5a',6c,5a',5b',5b')-1/上承式(5a',6c,5a',5b',5b')(右单片)-1/5'b(外B1)-1/LS1_1号螺栓-11
                                        /*	6:类型	*/	零件\LS1_1号螺栓.SLDPRT
                                        /*	6:位置	*/	-4.34974e-017    0.997812    -0.066117    0    -2.34944e-016    0.066117    0.997812    0    1    5.8936e-017    2.31554e-016    0    -0.357949    0.325129    -0.26    1    
                                        /*	6:子节点数	*/	0

                                        /*	6:名称	*/	42M~45M上承式中部-1/上承式单元(5a',6c,5a',5b',5b')-1/上承式(5a',6c,5a',5b',5b')(右单片)-1/5'b(外B1)-1/LS1_1号螺栓-12
                                        /*	6:类型	*/	零件\LS1_1号螺栓.SLDPRT
                                        /*	6:位置	*/	-4.34974e-017    0.997812    -0.066117    0    -2.34944e-016    0.066117    0.997812    0    1    5.8936e-017    2.31554e-016    0    -0.357949    0.325129    -0.07    1    
                                        /*	6:子节点数	*/	0

                                        /*	6:名称	*/	42M~45M上承式中部-1/上承式单元(5a',6c,5a',5b',5b')-1/上承式(5a',6c,5a',5b',5b')(右单片)-1/5'b(外B1)-1/LS1_1号螺栓-2
                                        /*	6:类型	*/	零件\LS1_1号螺栓.SLDPRT
                                        /*	6:位置	*/	-4.34974e-017    0.997812    -0.066117    0    -2.34944e-016    0.066117    0.997812    0    1    5.8936e-017    2.31554e-016    0    -0.357949    -0.194871    -0.07    1    
                                        /*	6:子节点数	*/	0

                                        /*	6:名称	*/	42M~45M上承式中部-1/上承式单元(5a',6c,5a',5b',5b')-1/上承式(5a',6c,5a',5b',5b')(右单片)-1/5'b(外B1)-1/LS1_1号螺栓-3
                                        /*	6:类型	*/	零件\LS1_1号螺栓.SLDPRT
                                        /*	6:位置	*/	-4.34974e-017    0.997812    -0.066117    0    -2.34944e-016    0.066117    0.997812    0    1    5.8936e-017    2.31554e-016    0    -0.357949    -0.0948709    -0.26    1    
                                        /*	6:子节点数	*/	0

                                        /*	6:名称	*/	42M~45M上承式中部-1/上承式单元(5a',6c,5a',5b',5b')-1/上承式(5a',6c,5a',5b',5b')(右单片)-1/5'b(外B1)-1/LS1_1号螺栓-4
                                        /*	6:类型	*/	零件\LS1_1号螺栓.SLDPRT
                                        /*	6:位置	*/	-4.34974e-017    0.997812    -0.066117    0    -2.34944e-016    0.066117    0.997812    0    1    5.8936e-017    2.31554e-016    0    -0.357949    -0.0948709    -0.07    1    
                                        /*	6:子节点数	*/	0

                                        /*	6:名称	*/	42M~45M上承式中部-1/上承式单元(5a',6c,5a',5b',5b')-1/上承式(5a',6c,5a',5b',5b')(右单片)-1/5'b(外B1)-1/LS1_1号螺栓-5
                                        /*	6:类型	*/	零件\LS1_1号螺栓.SLDPRT
                                        /*	6:位置	*/	-4.34974e-017    0.997812    -0.066117    0    -2.34944e-016    0.066117    0.997812    0    1    5.8936e-017    2.31554e-016    0    -0.357949    0.00512915    -0.26    1    
                                        /*	6:子节点数	*/	0

                                        /*	6:名称	*/	42M~45M上承式中部-1/上承式单元(5a',6c,5a',5b',5b')-1/上承式(5a',6c,5a',5b',5b')(右单片)-1/5'b(外B1)-1/LS1_1号螺栓-6
                                        /*	6:类型	*/	零件\LS1_1号螺栓.SLDPRT
                                        /*	6:位置	*/	-4.34974e-017    0.997812    -0.066117    0    -2.34944e-016    0.066117    0.997812    0    1    5.8936e-017    2.31554e-016    0    -0.357949    0.00512915    -0.07    1    
                                        /*	6:子节点数	*/	0

                                        /*	6:名称	*/	42M~45M上承式中部-1/上承式单元(5a',6c,5a',5b',5b')-1/上承式(5a',6c,5a',5b',5b')(右单片)-1/5'b(外B1)-1/LS1_1号螺栓-7
                                        /*	6:类型	*/	零件\LS1_1号螺栓.SLDPRT
                                        /*	6:位置	*/	-4.34974e-017    0.997812    -0.066117    0    -2.34944e-016    0.066117    0.997812    0    1    5.8936e-017    2.31554e-016    0    -0.357949    0.125129    -0.26    1    
                                        /*	6:子节点数	*/	0

                                        /*	6:名称	*/	42M~45M上承式中部-1/上承式单元(5a',6c,5a',5b',5b')-1/上承式(5a',6c,5a',5b',5b')(右单片)-1/5'b(外B1)-1/LS1_1号螺栓-8
                                        /*	6:类型	*/	零件\LS1_1号螺栓.SLDPRT
                                        /*	6:位置	*/	-4.34974e-017    0.997812    -0.066117    0    -2.34944e-016    0.066117    0.997812    0    1    5.8936e-017    2.31554e-016    0    -0.357949    0.125129    -0.07    1    
                                        /*	6:子节点数	*/	0

                                        /*	6:名称	*/	42M~45M上承式中部-1/上承式单元(5a',6c,5a',5b',5b')-1/上承式(5a',6c,5a',5b',5b')(右单片)-1/5'b(外B1)-1/LS1_1号螺栓-9
                                        /*	6:类型	*/	零件\LS1_1号螺栓.SLDPRT
                                        /*	6:位置	*/	-4.34974e-017    0.997812    -0.066117    0    -2.34944e-016    0.066117    0.997812    0    1    5.8936e-017    2.31554e-016    0    -0.357949    0.225129    -0.26    1    
                                        /*	6:子节点数	*/	0

                                        /*	6:名称	*/	42M~45M上承式中部-1/上承式单元(5a',6c,5a',5b',5b')-1/上承式(5a',6c,5a',5b',5b')(右单片)-1/5'b(外B1)-1/LS2_2号螺栓-1
                                        /*	6:类型	*/	零件\LS2_2号螺栓.SLDPRT
                                        /*	6:位置	*/	-5.18656e-016    0.322743    -0.946487    0    8.17941e-017    0.946487    0.322743    0    1    8.99755e-017    -5.173e-016    0    -0.357949    -0.282116    0.101095    1    
                                        /*	6:子节点数	*/	0

                                        /*	6:名称	*/	42M~45M上承式中部-1/上承式单元(5a',6c,5a',5b',5b')-1/上承式(5a',6c,5a',5b',5b')(右单片)-1/5'b(外B1)-1/LS2_2号螺栓-2
                                        /*	6:类型	*/	零件\LS2_2号螺栓.SLDPRT
                                        /*	6:位置	*/	-3.79872e-016    -0.556165    -0.831072    0    -3.6248e-016    0.831072    -0.556165    0    1    8.99755e-017    -5.173e-016    0    -0.357949    -0.253144    0.290992    1    
                                        /*	6:子节点数	*/	0

                                        /*	6:名称	*/	42M~45M上承式中部-1/上承式单元(5a',6c,5a',5b',5b')-1/上承式(5a',6c,5a',5b',5b')(右单片)-1/5'b(外B1)-1/LS2_2号螺栓-3
                                        /*	6:类型	*/	零件\LS2_2号螺栓.SLDPRT
                                        /*	6:位置	*/	-5.10219e-016    -0.066117    -0.997812    0    -1.23981e-016    0.997812    -0.066117    0    1    8.99755e-017    -5.173e-016    0    -0.357949    -0.363442    0.189334    1    
                                        /*	6:子节点数	*/	0

                                        /*	6:名称	*/	42M~45M上承式中部-1/上承式单元(5a',6c,5a',5b',5b')-1/上承式(5a',6c,5a',5b',5b')(右单片)-1/5'b(外B1)-1/LS2_2号螺栓-4
                                        /*	6:类型	*/	零件\LS2_2号螺栓.SLDPRT
                                        /*	6:位置	*/	-5.10219e-016    -0.066117    -0.997812    0    -1.23981e-016    0.997812    -0.066117    0    1    8.99755e-017    -5.173e-016    0    -0.357949    -0.171818    0.202753    1    
                                        /*	6:子节点数	*/	0

                                        /*	6:名称	*/	42M~45M上承式中部-1/上承式单元(5a',6c,5a',5b',5b')-1/上承式(5a',6c,5a',5b',5b')(右单片)-1/5'b(外B1)-1/LS2_2号螺栓-5
                                        /*	6:类型	*/	零件\LS2_2号螺栓.SLDPRT
                                        /*	6:位置	*/	-5.10219e-016    -0.066117    -0.997812    0    -1.23981e-016    0.997812    -0.066117    0    1    8.99755e-017    -5.173e-016    0    -0.357949    0.383402    0.290992    1    
                                        /*	6:子节点数	*/	0

                                        /*	6:名称	*/	42M~45M上承式中部-1/上承式单元(5a',6c,5a',5b',5b')-1/上承式(5a',6c,5a',5b',5b')(右单片)-1/5'b(外B1)-1/LS2_2号螺栓-6
                                        /*	6:类型	*/	零件\LS2_2号螺栓.SLDPRT
                                        /*	6:位置	*/	-5.10219e-016    -0.066117    -0.997812    0    -1.23981e-016    0.997812    -0.066117    0    1    8.99755e-017    -5.173e-016    0    -0.357949    0.4937    0.189334    1    
                                        /*	6:子节点数	*/	0

                                        /*	6:名称	*/	42M~45M上承式中部-1/上承式单元(5a',6c,5a',5b',5b')-1/上承式(5a',6c,5a',5b',5b')(右单片)-1/5'b(外B1)-1/LS2_2号螺栓-7
                                        /*	6:类型	*/	零件\LS2_2号螺栓.SLDPRT
                                        /*	6:位置	*/	-5.10219e-016    -0.066117    -0.997812    0    -1.23981e-016    0.997812    -0.066117    0    1    8.99755e-017    -5.173e-016    0    -0.357949    0.302076    0.202753    1    
                                        /*	6:子节点数	*/	0

                                        /*	6:名称	*/	42M~45M上承式中部-1/上承式单元(5a',6c,5a',5b',5b')-1/上承式(5a',6c,5a',5b',5b')(右单片)-1/5'b(外B1)-1/LS2_2号螺栓-8
                                        /*	6:类型	*/	零件\LS2_2号螺栓.SLDPRT
                                        /*	6:位置	*/	-5.10219e-016    -0.066117    -0.997812    0    -1.23981e-016    0.997812    -0.066117    0    1    8.99755e-017    -5.173e-016    0    -0.357949    0.412374    0.101095    1    
                                        /*	6:子节点数	*/	0

                                        /*	6:名称	*/	42M~45M上承式中部-1/上承式单元(5a',6c,5a',5b',5b')-1/上承式(5a',6c,5a',5b',5b')(右单片)-1/5'b(外B1)-1/LS3_3号螺栓-1
                                        /*	6:类型	*/	零件\LS3_3号螺栓.SLDPRT
                                        /*	6:位置	*/	-5.03853e-016    0.441647    -0.897189    0    1.47739e-016    0.897189    0.441647    0    1    8.99755e-017    -5.173e-016    0    -0.357949    -0.0298709    0.065    1    
                                        /*	6:子节点数	*/	0

                                        /*	6:名称	*/	42M~45M上承式中部-1/上承式单元(5a',6c,5a',5b',5b')-1/上承式(5a',6c,5a',5b',5b')(右单片)-1/5'b(外B1)-1/LS3_3号螺栓-2
                                        /*	6:类型	*/	零件\LS3_3号螺栓.SLDPRT
                                        /*	6:位置	*/	-5.03853e-016    0.441647    -0.897189    0    1.47739e-016    0.897189    0.441647    0    1    8.99755e-017    -5.173e-016    0    -0.357949    -0.0298709    0.165    1    
                                        /*	6:子节点数	*/	0

                                        /*	6:名称	*/	42M~45M上承式中部-1/上承式单元(5a',6c,5a',5b',5b')-1/上承式(5a',6c,5a',5b',5b')(右单片)-1/5'b(外B1)-1/LS3_3号螺栓-3
                                        /*	6:类型	*/	零件\LS3_3号螺栓.SLDPRT
                                        /*	6:位置	*/	-5.03853e-016    0.441647    -0.897189    0    1.47739e-016    0.897189    0.441647    0    1    8.99755e-017    -5.173e-016    0    -0.357949    -0.0298709    0.265    1    
                                        /*	6:子节点数	*/	0

                                        /*	6:名称	*/	42M~45M上承式中部-1/上承式单元(5a',6c,5a',5b',5b')-1/上承式(5a',6c,5a',5b',5b')(右单片)-1/5'b(外B1)-1/LS3_3号螺栓-4
                                        /*	6:类型	*/	零件\LS3_3号螺栓.SLDPRT
                                        /*	6:位置	*/	-5.03853e-016    0.441647    -0.897189    0    1.47739e-016    0.897189    0.441647    0    1    8.99755e-017    -5.173e-016    0    -0.357949    0.160129    0.065    1    
                                        /*	6:子节点数	*/	0

                                        /*	6:名称	*/	42M~45M上承式中部-1/上承式单元(5a',6c,5a',5b',5b')-1/上承式(5a',6c,5a',5b',5b')(右单片)-1/5'b(外B1)-1/LS3_3号螺栓-5
                                        /*	6:类型	*/	零件\LS3_3号螺栓.SLDPRT
                                        /*	6:位置	*/	-5.03853e-016    0.441647    -0.897189    0    1.47739e-016    0.897189    0.441647    0    1    8.99755e-017    -5.173e-016    0    -0.357949    0.160129    0.165    1    
                                        /*	6:子节点数	*/	0

                                        /*	6:名称	*/	42M~45M上承式中部-1/上承式单元(5a',6c,5a',5b',5b')-1/上承式(5a',6c,5a',5b',5b')(右单片)-1/5'b(外B1)-1/LS3_3号螺栓-6
                                        /*	6:类型	*/	零件\LS3_3号螺栓.SLDPRT
                                        /*	6:位置	*/	-5.03853e-016    0.441647    -0.897189    0    1.47739e-016    0.897189    0.441647    0    1    8.99755e-017    -5.173e-016    0    -0.357949    0.160129    0.265    1    
                                        /*	6:子节点数	*/	0

                                /*	5:名称	*/	42M~45M上承式中部-1/上承式单元(5a',6c,5a',5b',5b')-1/上承式(5a',6c,5a',5b',5b')(右单片)-1/6c(内B2)-1
                                /*	5:类型	*/	上承式梁\公共组件\上承式中部\上承式单元\带螺栓零件\6c(内B2).SLDASM
                                /*	5:位置	*/	-6.2811e-017    4.19109e-015    1    0    1.93985e-018    1    -4.19109e-015    0    -1    1.93985e-018    -6.2811e-017    0    -0.317973    -0.160612    -7.96584    1    
                                /*	5:子节点数	*/	5

                                        /*	6:名称	*/	42M~45M上承式中部-1/上承式单元(5a',6c,5a',5b',5b')-1/上承式(5a',6c,5a',5b',5b')(右单片)-1/6c(内B2)-1/B2_节点板-1
                                        /*	6:类型	*/	零件\B2_节点板.SLDPRT
                                        /*	6:位置	*/	1    0    0    0    0    1    1.64796e-034    0    0    1.64796e-034    1    0    -0.20494    0.00294935    -0.008    1    
                                        /*	6:子节点数	*/	0

                                        /*	6:名称	*/	42M~45M上承式中部-1/上承式单元(5a',6c,5a',5b',5b')-1/上承式(5a',6c,5a',5b',5b')(右单片)-1/6c(内B2)-1/LS3_3号螺栓-1
                                        /*	6:类型	*/	零件\LS3_3号螺栓.SLDPRT
                                        /*	6:位置	*/	0.997812    0.066117    1.11022e-016    0    0.066117    -0.997812    -2.77556e-017    0    1.08944e-016    3.50353e-017    -1    0    -0.19416    0.272949    0.027    1    
                                        /*	6:子节点数	*/	0

                                        /*	6:名称	*/	42M~45M上承式中部-1/上承式单元(5a',6c,5a',5b',5b')-1/上承式(5a',6c,5a',5b',5b')(右单片)-1/6c(内B2)-1/LS3_3号螺栓-2
                                        /*	6:类型	*/	零件\LS3_3号螺栓.SLDPRT
                                        /*	6:位置	*/	0.997812    0.066117    1.11022e-016    0    0.066117    -0.997812    -2.77556e-017    0    1.08944e-016    3.50353e-017    -1    0    -0.19416    0.0829493    0.027    1    
                                        /*	6:子节点数	*/	0

                                        /*	6:名称	*/	42M~45M上承式中部-1/上承式单元(5a',6c,5a',5b',5b')-1/上承式(5a',6c,5a',5b',5b')(右单片)-1/6c(内B2)-1/LS3_3号螺栓-3
                                        /*	6:类型	*/	零件\LS3_3号螺栓.SLDPRT
                                        /*	6:位置	*/	0.441647    0.897189    0    0    0.897189    -0.441647    0    0    -4.93038e-032    -3.09797e-032    -1    0    0.12584    0.272949    0.027    1    
                                        /*	6:子节点数	*/	0

                                        /*	6:名称	*/	42M~45M上承式中部-1/上承式单元(5a',6c,5a',5b',5b')-1/上承式(5a',6c,5a',5b',5b')(右单片)-1/6c(内B2)-1/LS3_3号螺栓-4
                                        /*	6:类型	*/	零件\LS3_3号螺栓.SLDPRT
                                        /*	6:位置	*/	0.441647    0.897189    0    0    0.897189    -0.441647    0    0    -4.93038e-032    -3.09797e-032    -1    0    0.12584    0.0829493    0.027    1    
                                        /*	6:子节点数	*/	0

                                /*	5:名称	*/	42M~45M上承式中部-1/上承式单元(5a',6c,5a',5b',5b')-1/上承式(5a',6c,5a',5b',5b')(右单片)-1/6c(外B2)-1
                                /*	5:类型	*/	上承式梁\公共组件\上承式中部\上承式单元\带螺栓零件\6c(外B2).SLDASM
                                /*	5:位置	*/	-7.70372e-031    1.02696e-015    -1    0    -3.17207e-016    1    1.02696e-015    0    1    3.17207e-016    -4.45344e-031    0    0.0780266    -0.153159    -8.10497    1    
                                /*	5:子节点数	*/	15

                                        /*	6:名称	*/	42M~45M上承式中部-1/上承式单元(5a',6c,5a',5b',5b')-1/上承式(5a',6c,5a',5b',5b')(右单片)-1/6c(外B2)-1/B2_节点板-1
                                        /*	6:类型	*/	零件\B2_节点板.SLDPRT
                                        /*	6:位置	*/	1    0    0    0    0    1    -4.566e-046    0    0    -4.57349e-046    1    0    -0.275745    -0.00450381    -0.008    1    
                                        /*	6:子节点数	*/	0

                                        /*	6:名称	*/	42M~45M上承式中部-1/上承式单元(5a',6c,5a',5b',5b')-1/上承式(5a',6c,5a',5b',5b')(右单片)-1/6c(外B2)-1/LS3_3号螺栓-10
                                        /*	6:类型	*/	零件\LS3_3号螺栓.SLDPRT
                                        /*	6:位置	*/	0.441647    0.897189    -8.52506e-034    0    0.897189    -0.441647    4.47292e-033    0    0    4.57349e-046    -1    0    -0.199965    -0.159504    0.027    1    
                                        /*	6:子节点数	*/	0

                                        /*	6:名称	*/	42M~45M上承式中部-1/上承式单元(5a',6c,5a',5b',5b')-1/上承式(5a',6c,5a',5b',5b')(右单片)-1/6c(外B2)-1/LS3_3号螺栓-11
                                        /*	6:类型	*/	零件\LS3_3号螺栓.SLDPRT
                                        /*	6:位置	*/	0.441647    0.897189    -8.52506e-034    0    0.897189    -0.441647    4.47292e-033    0    0    4.57349e-046    -1    0    -0.199965    -0.259504    0.027    1    
                                        /*	6:子节点数	*/	0

                                        /*	6:名称	*/	42M~45M上承式中部-1/上承式单元(5a',6c,5a',5b',5b')-1/上承式(5a',6c,5a',5b',5b')(右单片)-1/6c(外B2)-1/LS3_3号螺栓-12
                                        /*	6:类型	*/	零件\LS3_3号螺栓.SLDPRT
                                        /*	6:位置	*/	0.441647    0.897189    -8.52506e-034    0    0.897189    -0.441647    4.47292e-033    0    0    4.57349e-046    -1    0    -0.00996533    -0.0595038    0.027    1    
                                        /*	6:子节点数	*/	0

                                        /*	6:名称	*/	42M~45M上承式中部-1/上承式单元(5a',6c,5a',5b',5b')-1/上承式(5a',6c,5a',5b',5b')(右单片)-1/6c(外B2)-1/LS3_3号螺栓-13
                                        /*	6:类型	*/	零件\LS3_3号螺栓.SLDPRT
                                        /*	6:位置	*/	0.441647    0.897189    -8.52506e-034    0    0.897189    -0.441647    4.47292e-033    0    0    4.57349e-046    -1    0    -0.00996533    -0.159504    0.027    1    
                                        /*	6:子节点数	*/	0

                                        /*	6:名称	*/	42M~45M上承式中部-1/上承式单元(5a',6c,5a',5b',5b')-1/上承式(5a',6c,5a',5b',5b')(右单片)-1/6c(外B2)-1/LS3_3号螺栓-14
                                        /*	6:类型	*/	零件\LS3_3号螺栓.SLDPRT
                                        /*	6:位置	*/	0.441647    0.897189    -8.52506e-034    0    0.897189    -0.441647    4.47292e-033    0    0    4.57349e-046    -1    0    -0.00996533    -0.259504    0.027    1    
                                        /*	6:子节点数	*/	0

                                        /*	6:名称	*/	42M~45M上承式中部-1/上承式单元(5a',6c,5a',5b',5b')-1/上承式(5a',6c,5a',5b',5b')(右单片)-1/6c(外B2)-1/LS3_3号螺栓-15
                                        /*	6:类型	*/	零件\LS3_3号螺栓.SLDPRT
                                        /*	6:位置	*/	0.997812    0.066117    -9.24459e-035    0    0.066117    -0.997812    -1.99072e-032    0    0    4.57349e-046    -1    0    -0.264965    0.265496    0.027    1    
                                        /*	6:子节点数	*/	0

                                        /*	6:名称	*/	42M~45M上承式中部-1/上承式单元(5a',6c,5a',5b',5b')-1/上承式(5a',6c,5a',5b',5b')(右单片)-1/6c(外B2)-1/LS3_3号螺栓-16
                                        /*	6:类型	*/	零件\LS3_3号螺栓.SLDPRT
                                        /*	6:位置	*/	0.997812    0.066117    -9.24459e-035    0    0.066117    -0.997812    -1.99072e-032    0    0    4.57349e-046    -1    0    -0.264965    0.0754962    0.027    1    
                                        /*	6:子节点数	*/	0

                                        /*	6:名称	*/	42M~45M上承式中部-1/上承式单元(5a',6c,5a',5b',5b')-1/上承式(5a',6c,5a',5b',5b')(右单片)-1/6c(外B2)-1/LS3_3号螺栓-17
                                        /*	6:类型	*/	零件\LS3_3号螺栓.SLDPRT
                                        /*	6:位置	*/	0.997812    0.066117    -9.24459e-035    0    0.066117    -0.997812    -1.99072e-032    0    0    4.57349e-046    -1    0    -0.164965    0.265496    0.027    1    
                                        /*	6:子节点数	*/	0

