全形舟横向联结预拼
全形舟横向联结预拼.SLDASM
1.0	0.0	0.0	0.0	0.0	1.0	0.0	0.0	0.0	0.0	1.0	0.0	0.0	0.0	0.0	1.0
68
	M22x55-21
	M22x55.SLDPRT
	0.0	0.0	-1.0	0.0	0.996327	-0.0856268	0.0	0.0	-0.0856268	-0.996327	0.0	0.0	0.326862	0.0260745	1.37161	1.0
	0

	螺柱钩-5
	螺柱钩.SLDPRT
	0.215233	0.976563	0.0	0.0	0.0	0.0	-1.0	0.0	-0.976563	0.215233	0.0	0.0	12.1019	-1.01893	1.40042	1.0
	0

	横向接头旋塞-5
	横向接头旋塞.SLDPRT
	1.0	0.0	0.0	0.0	0.0	0.0	-1.0	0.0	0.0	1.0	0.0	0.0	12.1519	-1.01893	1.33735	1.0
	0

	螺柱钩-6
	螺柱钩.SLDPRT
	0.215233	0.976563	0.0	0.0	0.0	0.0	-1.0	0.0	-0.976563	0.215233	0.0	0.0	15.1019	-1.01893	1.40042	1.0
	0

	横向接头旋塞-6
	横向接头旋塞.SLDPRT
	1.0	0.0	0.0	0.0	0.0	0.0	-1.0	0.0	0.0	1.0	0.0	0.0	15.1519	-1.01893	1.33735	1.0
	0

	横向接头旋塞-3
	横向接头旋塞.SLDPRT
	1.0	0.0	0.0	0.0	0.0	0.0	-1.0	0.0	0.0	1.0	0.0	0.0	3.15186	-1.01893	1.33735	1.0
	0

	横向接头旋塞-2
	横向接头旋塞.SLDPRT
	1.0	0.0	0.0	0.0	0.0	0.0	-1.0	0.0	0.0	1.0	0.0	0.0	-2.84814	-1.01893	1.33735	1.0
	0

	横向接头旋塞-1
	横向接头旋塞.SLDPRT
	1.0	0.0	0.0	0.0	0.0	0.0	-1.0	0.0	0.0	1.0	0.0	0.0	-5.84814	-1.01893	1.33735	1.0
	0

	全型舟预拼-1
	全型舟预拼.SLDASM
	1.0	0.0	0.0	0.0	0.0	1.0	0.0	0.0	0.0	0.0	1.0	0.0	-4.45023	-0.968928	-0.00264908	1.0
	4
		全型舟预拼-1/标准舟节-2
		标准舟节.SLDASM
		1.0	0.0	0.0	0.0	0.0	1.0	0.0	0.0	0.0	0.0	1.0	0.0	9.22364	-0.328263	0.0	1.0
		5
			全型舟预拼-1/标准舟节-2/标准舟节-1-1
			标准舟节-1.SLDPRT
			1.0	0.0	0.0	0.0	0.0	1.0	0.0	0.0	0.0	0.0	1.0	0.0	-4.67155	0.553266	4.44089E-16	1.0
			0

			全型舟预拼-1/标准舟节-2/丙钩1-4
			丙钩1.SLDPRT
			-0.999223	-0.0394141	0.0	0.0	0.0394141	-0.999223	0.0	0.0	0.0	0.0	1.0	0.0	-4.60843	-0.221773	0.712264	1.0
			0

			全型舟预拼-1/标准舟节-2/丁钩-5
			丁钩.SLDPRT
			0.999225	-0.039366	0.0	0.0	0.039366	0.999225	0.0	0.0	0.0	0.0	1.0	0.0	4.26345	-0.271734	0.711704	1.0
			0

			全型舟预拼-1/标准舟节-2/丙钩1-3
			丙钩1.SLDPRT
			0.999225	-0.039366	0.0	0.0	0.039366	0.999225	0.0	0.0	0.0	0.0	1.0	0.0	4.26345	-0.271734	-0.712479	1.0
			0

			全型舟预拼-1/标准舟节-2/丁钩-6
			丁钩.SLDPRT
			-0.999223	-0.0394141	0.0	0.0	0.0394141	-0.999223	0.0	0.0	0.0	0.0	1.0	0.0	-4.60843	-0.221773	-0.712089	1.0
			0


		全型舟预拼-1/分水节-1
		分水节.SLDASM
		-1.0	0.0	6.30029E-17	0.0	-1.11022E-16	1.0	1.2545E-17	0.0	-6.30029E-17	1.2545E-17	-1.0	0.0	-6.45081	0.53527	4.98224E-8	1.0
		3
			全型舟预拼-1/分水节-1/丁钩-1
			丁钩.SLDPRT
			-1.0	7.90373E-34	-6.30029E-17	0.0	-1.11022E-16	1.0	1.2545E-17	0.0	6.30029E-17	1.2545E-17	-1.0	0.0	-1.9492	-1.13527	-0.70354	1.0
			0

			全型舟预拼-1/分水节-1/分水节1-1
			分水节1.SLDPRT
			1.0	0.0	0.0	0.0	7.90373E-34	1.0	0.0	0.0	0.0	0.0	1.0	0.0	-2.00291	-1.13527	-5.9952E-15	1.0
			0

			全型舟预拼-1/分水节-1/丙钩1-1
			丙钩1.SLDPRT
			-1.0	7.90373E-34	-6.30029E-17	0.0	-1.11022E-16	1.0	1.2545E-17	0.0	6.30029E-17	1.2545E-17	-1.0	0.0	-1.9492	-1.13527	0.720414	1.0
			0


		全型舟预拼-1/标准舟节-1
		标准舟节.SLDASM
		1.0	0.0	0.0	0.0	0.0	1.0	0.0	0.0	0.0	0.0	1.0	0.0	0.223638	-0.328263	0.0	1.0
		5
			全型舟预拼-1/标准舟节-1/标准舟节-1-1
			标准舟节-1.SLDPRT
			1.0	0.0	0.0	0.0	0.0	1.0	0.0	0.0	0.0	0.0	1.0	0.0	-4.67155	0.553266	4.44089E-16	1.0
			0

			全型舟预拼-1/标准舟节-1/丙钩1-4
			丙钩1.SLDPRT
			-0.999223	-0.0394141	0.0	0.0	0.0394141	-0.999223	0.0	0.0	0.0	0.0	1.0	0.0	-4.60843	-0.221773	0.712264	1.0
			0

			全型舟预拼-1/标准舟节-1/丁钩-5
			丁钩.SLDPRT
			0.999225	-0.039366	0.0	0.0	0.039366	0.999225	0.0	0.0	0.0	0.0	1.0	0.0	4.26345	-0.271734	0.711704	1.0
			0

			全型舟预拼-1/标准舟节-1/丙钩1-3
			丙钩1.SLDPRT
			0.999225	-0.039366	0.0	0.0	0.039366	0.999225	0.0	0.0	0.0	0.0	1.0	0.0	4.26345	-0.271734	-0.712479	1.0
			0

			全型舟预拼-1/标准舟节-1/丁钩-6
			丁钩.SLDPRT
			-0.999223	-0.0394141	0.0	0.0	0.0394141	-0.999223	0.0	0.0	0.0	0.0	1.0	0.0	-4.60843	-0.221773	-0.712089	1.0
			0


		全型舟预拼-1/标准舟节-3
		标准舟节.SLDASM
		1.0	0.0	0.0	0.0	0.0	1.0	0.0	0.0	0.0	0.0	1.0	0.0	18.2236	-0.328263	-1.66533E-16	1.0
		5
			全型舟预拼-1/标准舟节-3/标准舟节-1-1
			标准舟节-1.SLDPRT
			1.0	0.0	0.0	0.0	0.0	1.0	0.0	0.0	0.0	0.0	1.0	0.0	-4.67155	0.553266	4.44089E-16	1.0
			0

			全型舟预拼-1/标准舟节-3/丙钩1-4
			丙钩1.SLDPRT
			-0.999223	-0.0394141	0.0	0.0	0.0394141	-0.999223	0.0	0.0	0.0	0.0	1.0	0.0	-4.60843	-0.221773	0.712264	1.0
			0

			全型舟预拼-1/标准舟节-3/丁钩-5
			丁钩.SLDPRT
			0.999225	-0.039366	0.0	0.0	0.039366	0.999225	0.0	0.0	0.0	0.0	1.0	0.0	4.26345	-0.271734	0.711704	1.0
			0

			全型舟预拼-1/标准舟节-3/丙钩1-3
			丙钩1.SLDPRT
			0.999225	-0.039366	0.0	0.0	0.039366	0.999225	0.0	0.0	0.0	0.0	1.0	0.0	4.26345	-0.271734	-0.712479	1.0
			0

			全型舟预拼-1/标准舟节-3/丁钩-6
			丁钩.SLDPRT
			-0.999223	-0.0394141	0.0	0.0	0.0394141	-0.999223	0.0	0.0	0.0	0.0	1.0	0.0	-4.60843	-0.221773	-0.712089	1.0
			0



	螺柱钩-1
	螺柱钩.SLDPRT
	0.215233	0.976563	0.0	0.0	0.0	0.0	-1.0	0.0	-0.976563	0.215233	0.0	0.0	-5.89814	-1.01893	1.40042	1.0
	0

	横向接头旋塞-4
	横向接头旋塞.SLDPRT
	1.0	0.0	0.0	0.0	0.0	0.0	-1.0	0.0	0.0	1.0	0.0	0.0	6.15186	-1.01893	1.33735	1.0
	0

	螺柱钩-3
	螺柱钩.SLDPRT
	0.215233	0.976563	0.0	0.0	0.0	0.0	-1.0	0.0	-0.976563	0.215233	0.0	0.0	3.10186	-1.01893	1.40042	1.0
	0

	螺柱钩-2
	螺柱钩.SLDPRT
	0.215233	0.976563	0.0	0.0	0.0	0.0	-1.0	0.0	-0.976563	0.215233	0.0	0.0	-2.89814	-1.01893	1.40042	1.0
	0

	M22x55-1
	M22x55.SLDPRT
	0.0	0.0	-1.0	0.0	0.920601	-0.390504	0.0	0.0	-0.390504	-0.920601	0.0	0.0	8.87686	0.0260745	1.37161	1.0
	0

	全型舟预拼-2
	全型舟预拼.SLDASM
	1.0	0.0	0.0	0.0	0.0	1.0	0.0	0.0	0.0	0.0	1.0	0.0	-4.45023	-0.968928	2.69735	1.0
	4
		全型舟预拼-2/标准舟节-2
		标准舟节.SLDASM
		1.0	0.0	0.0	0.0	0.0	1.0	0.0	0.0	0.0	0.0	1.0	0.0	9.22364	-0.328263	0.0	1.0
		5
			全型舟预拼-2/标准舟节-2/标准舟节-1-1
			标准舟节-1.SLDPRT
			1.0	0.0	0.0	0.0	0.0	1.0	0.0	0.0	0.0	0.0	1.0	0.0	-4.67155	0.553266	4.44089E-16	1.0
			0

			全型舟预拼-2/标准舟节-2/丙钩1-4
			丙钩1.SLDPRT
			-0.999223	-0.0394141	0.0	0.0	0.0394141	-0.999223	0.0	0.0	0.0	0.0	1.0	0.0	-4.60843	-0.221773	0.712264	1.0
			0

			全型舟预拼-2/标准舟节-2/丁钩-5
			丁钩.SLDPRT
			0.999225	-0.039366	0.0	0.0	0.039366	0.999225	0.0	0.0	0.0	0.0	1.0	0.0	4.26345	-0.271734	0.711704	1.0
			0

			全型舟预拼-2/标准舟节-2/丙钩1-3
			丙钩1.SLDPRT
			0.999225	-0.039366	0.0	0.0	0.039366	0.999225	0.0	0.0	0.0	0.0	1.0	0.0	4.26345	-0.271734	-0.712479	1.0
			0

			全型舟预拼-2/标准舟节-2/丁钩-6
			丁钩.SLDPRT
			-0.999223	-0.0394141	0.0	0.0	0.0394141	-0.999223	0.0	0.0	0.0	0.0	1.0	0.0	-4.60843	-0.221773	-0.712089	1.0
			0


		全型舟预拼-2/分水节-1
		分水节.SLDASM
		-1.0	0.0	6.30029E-17	0.0	-1.11022E-16	1.0	1.2545E-17	0.0	-6.30029E-17	1.2545E-17	-1.0	0.0	-6.45081	0.53527	4.98224E-8	1.0
		3
			全型舟预拼-2/分水节-1/丁钩-1
			丁钩.SLDPRT
			-1.0	7.90373E-34	-6.30029E-17	0.0	-1.11022E-16	1.0	1.2545E-17	0.0	6.30029E-17	1.2545E-17	-1.0	0.0	-1.9492	-1.13527	-0.70354	1.0
			0

			全型舟预拼-2/分水节-1/分水节1-1
			分水节1.SLDPRT
			1.0	0.0	0.0	0.0	7.90373E-34	1.0	0.0	0.0	0.0	0.0	1.0	0.0	-2.00291	-1.13527	-6.21725E-15	1.0
			0

			全型舟预拼-2/分水节-1/丙钩1-1
			丙钩1.SLDPRT
			-1.0	7.90373E-34	-6.30029E-17	0.0	-1.11022E-16	1.0	1.2545E-17	0.0	6.30029E-17	1.2545E-17	-1.0	0.0	-1.9492	-1.13527	0.720414	1.0
			0


		全型舟预拼-2/标准舟节-1
		标准舟节.SLDASM
		1.0	0.0	0.0	0.0	0.0	1.0	0.0	0.0	0.0	0.0	1.0	0.0	0.223638	-0.328263	0.0	1.0
		5
			全型舟预拼-2/标准舟节-1/标准舟节-1-1
			标准舟节-1.SLDPRT
			1.0	0.0	0.0	0.0	0.0	1.0	0.0	0.0	0.0	0.0	1.0	0.0	-4.67155	0.553266	4.44089E-16	1.0
			0

			全型舟预拼-2/标准舟节-1/丙钩1-4
			丙钩1.SLDPRT
			-0.999223	-0.0394141	0.0	0.0	0.0394141	-0.999223	0.0	0.0	0.0	0.0	1.0	0.0	-4.60843	-0.221773	0.712264	1.0
			0

			全型舟预拼-2/标准舟节-1/丁钩-5
			丁钩.SLDPRT
			0.999225	-0.039366	0.0	0.0	0.039366	0.999225	0.0	0.0	0.0	0.0	1.0	0.0	4.26345	-0.271734	0.711704	1.0
			0

			全型舟预拼-2/标准舟节-1/丙钩1-3
			丙钩1.SLDPRT
			0.999225	-0.039366	0.0	0.0	0.039366	0.999225	0.0	0.0	0.0	0.0	1.0	0.0	4.26345	-0.271734	-0.712479	1.0
			0

			全型舟预拼-2/标准舟节-1/丁钩-6
			丁钩.SLDPRT
			-0.999223	-0.0394141	0.0	0.0	0.0394141	-0.999223	0.0	0.0	0.0	0.0	1.0	0.0	-4.60843	-0.221773	-0.712089	1.0
			0


		全型舟预拼-2/标准舟节-3
		标准舟节.SLDASM
		1.0	0.0	0.0	0.0	0.0	1.0	0.0	0.0	0.0	0.0	1.0	0.0	18.2236	-0.328263	0.0	1.0
		5
			全型舟预拼-2/标准舟节-3/标准舟节-1-1
			标准舟节-1.SLDPRT
			1.0	0.0	0.0	0.0	0.0	1.0	0.0	0.0	0.0	0.0	1.0	0.0	-4.67155	0.553266	4.44089E-16	1.0
			0

			全型舟预拼-2/标准舟节-3/丙钩1-4
			丙钩1.SLDPRT
			-0.999223	-0.0394141	0.0	0.0	0.0394141	-0.999223	0.0	0.0	0.0	0.0	1.0	0.0	-4.60843	-0.221773	0.712264	1.0
			0

			全型舟预拼-2/标准舟节-3/丁钩-5
			丁钩.SLDPRT
			0.999225	-0.039366	0.0	0.0	0.039366	0.999225	0.0	0.0	0.0	0.0	1.0	0.0	4.26345	-0.271734	0.711704	1.0
			0

			全型舟预拼-2/标准舟节-3/丙钩1-3
			丙钩1.SLDPRT
			0.999225	-0.039366	0.0	0.0	0.039366	0.999225	0.0	0.0	0.0	0.0	1.0	0.0	4.26345	-0.271734	-0.712479	1.0
			0

			全型舟预拼-2/标准舟节-3/丁钩-6
			丁钩.SLDPRT
			-0.999223	-0.0394141	0.0	0.0	0.0394141	-0.999223	0.0	0.0	0.0	0.0	1.0	0.0	-4.60843	-0.221773	-0.712089	1.0
			0



	螺柱钩-4
	螺柱钩.SLDPRT
	0.215233	0.976563	0.0	0.0	0.0	0.0	-1.0	0.0	-0.976563	0.215233	0.0	0.0	6.10186	-1.01893	1.40042	1.0
	0

	M22螺母-1
	M22螺母.SLDPRT
	0.652576	-0.757723	0.0	0.0	-0.757723	-0.652576	0.0	0.0	0.0	0.0	-1.0	0.0	8.87686	0.0260745	1.31369	1.0
	0

	M22x55-13
	M22x55.SLDPRT
	0.0	0.0	-1.0	0.0	0.0	1.0	0.0	0.0	1.0	0.0	0.0	0.0	7.37686	0.0260745	1.36982	1.0
	0

	M22x55-15
	M22x55.SLDPRT
	0.0	0.0	-1.0	0.0	0.0	1.0	0.0	0.0	1.0	0.0	0.0	0.0	5.12686	0.0260745	1.36982	1.0
	0

	M22x55-17
	M22x55.SLDPRT
	0.0	0.0	-1.0	0.0	0.0	1.0	0.0	0.0	1.0	0.0	0.0	0.0	4.07686	0.0260745	1.36982	1.0
	0

	M22x55-19
	M22x55.SLDPRT
	0.0	0.0	-1.0	0.0	0.0	1.0	0.0	0.0	1.0	0.0	0.0	0.0	1.82686	0.0260745	1.36982	1.0
	0

	M22螺母-15
	M22螺母.SLDPRT
	0.923728	0.383049	0.0	0.0	0.383049	-0.923728	0.0	0.0	0.0	0.0	-1.0	0.0	5.12686	0.0260745	1.31548	1.0
	0

	垫圈M22-4
	垫圈M22.SLDPRT
	0.0	0.0	1.0	0.0	0.0	1.0	0.0	0.0	-1.0	0.0	0.0	0.0	5.12686	0.0260745	1.33888	1.0
	0

	垫圈M22-2
	垫圈M22.SLDPRT
	0.0	0.0	1.0	0.0	0.0	1.0	0.0	0.0	-1.0	0.0	0.0	0.0	8.87686	0.0260745	1.33709	1.0
	0

	垫圈M22-3
	垫圈M22.SLDPRT
	0.0	0.0	1.0	0.0	0.0	1.0	0.0	0.0	-1.0	0.0	0.0	0.0	7.37686	0.0260745	1.33888	1.0
	0

	M22螺母-16
	M22螺母.SLDPRT
	0.923728	0.383049	0.0	0.0	0.383049	-0.923728	0.0	0.0	0.0	0.0	-1.0	0.0	4.07686	0.0260745	1.31548	1.0
	0

	M22螺母-14
	M22螺母.SLDPRT
	0.923728	0.383049	0.0	0.0	0.383049	-0.923728	0.0	0.0	0.0	0.0	-1.0	0.0	7.37686	0.0260745	1.31548	1.0
	0

	垫圈M22-6
	垫圈M22.SLDPRT
	0.0	0.0	1.0	0.0	0.0	1.0	0.0	0.0	-1.0	0.0	0.0	0.0	1.82686	0.0260745	1.33888	1.0
	0

	M22螺母-17
	M22螺母.SLDPRT
	0.923728	0.383049	0.0	0.0	0.383049	-0.923728	0.0	0.0	0.0	0.0	-1.0	0.0	1.82686	0.0260745	1.31548	1.0
	0

	垫圈M22-5
	垫圈M22.SLDPRT
	0.0	0.0	1.0	0.0	0.0	1.0	0.0	0.0	-1.0	0.0	0.0	0.0	4.07686	0.0260745	1.33888	1.0
	0

	M22螺母-18
	M22螺母.SLDPRT
	0.923728	0.383049	-2.26248E-16	0.0	0.383049	-0.923728	-9.38199E-17	0.0	-2.44929E-16	3.25162E-49	-1.0	0.0	0.326862	0.0260745	1.31369	1.0
	0

	垫圈M22-7
	垫圈M22.SLDPRT
	1.22465E-16	0.0	1.0	0.0	0.0	1.0	0.0	0.0	-1.0	0.0	1.22465E-16	0.0	0.326862	0.0260745	1.33709	1.0
	0

	M22螺母-21
	M22螺母.SLDPRT
	0.923728	0.383049	0.0	0.0	0.383049	-0.923728	0.0	0.0	0.0	0.0	-1.0	0.0	-4.92314	0.0260745	1.31548	1.0
	0

	M22x55-28
	M22x55.SLDPRT
	0.0	0.0	-1.0	0.0	0.920601	-0.390504	0.0	0.0	-0.390504	-0.920601	0.0	0.0	-0.123138	0.0260745	1.37161	1.0
	0

	垫圈M22-11
	垫圈M22.SLDPRT
	0.0	0.0	1.0	0.0	0.0	1.0	0.0	0.0	-1.0	0.0	0.0	0.0	-3.87314	0.0260745	1.33888	1.0
	0

	M22螺母-22
	M22螺母.SLDPRT
	0.923728	0.383049	0.0	0.0	0.383049	-0.923728	0.0	0.0	0.0	0.0	-1.0	0.0	-3.87314	0.0260745	1.31548	1.0
	0

	M22螺母-24
	M22螺母.SLDPRT
	0.652576	-0.757723	0.0	0.0	-0.757723	-0.652576	0.0	0.0	0.0	0.0	-1.0	0.0	-0.123138	0.0260745	1.31369	1.0
	0

	垫圈M22-10
	垫圈M22.SLDPRT
	0.0	0.0	1.0	0.0	0.0	1.0	0.0	0.0	-1.0	0.0	0.0	0.0	-4.92314	0.0260745	1.33888	1.0
	0

	M22螺母-23
	M22螺母.SLDPRT
	0.923728	0.383049	0.0	0.0	0.383049	-0.923728	0.0	0.0	0.0	0.0	-1.0	0.0	-1.62314	0.0260745	1.31548	1.0
	0

	垫圈M22-12
	垫圈M22.SLDPRT
	0.0	0.0	1.0	0.0	0.0	1.0	0.0	0.0	-1.0	0.0	0.0	0.0	-1.62314	0.0260745	1.33888	1.0
	0

	M22x55-24
	M22x55.SLDPRT
	0.0	0.0	-1.0	0.0	0.0	1.0	0.0	0.0	1.0	0.0	0.0	0.0	-7.17314	0.0260745	1.36982	1.0
	0

	M22x55-27
	M22x55.SLDPRT
	0.0	0.0	-1.0	0.0	0.0	1.0	0.0	0.0	1.0	0.0	0.0	0.0	-1.62314	0.0260745	1.36982	1.0
	0

	M22x55-26
	M22x55.SLDPRT
	0.0	0.0	-1.0	0.0	0.0	1.0	0.0	0.0	1.0	0.0	0.0	0.0	-3.87314	0.0260745	1.36982	1.0
	0

	M22x55-25
	M22x55.SLDPRT
	0.0	0.0	-1.0	0.0	0.0	1.0	0.0	0.0	1.0	0.0	0.0	0.0	-4.92314	0.0260745	1.36982	1.0
	0

	M22x55-23
	M22x55.SLDPRT
	0.0	0.0	-1.0	0.0	0.996327	-0.0856268	0.0	0.0	-0.0856268	-0.996327	0.0	0.0	-8.67314	0.0260745	1.37161	1.0
	0

	垫圈M22-13
	垫圈M22.SLDPRT
	0.0	0.0	1.0	0.0	0.0	1.0	0.0	0.0	-1.0	0.0	0.0	0.0	-0.123138	0.0260745	1.33709	1.0
	0

	垫圈M22-8
	垫圈M22.SLDPRT
	1.22465E-16	0.0	1.0	0.0	0.0	1.0	0.0	0.0	-1.0	0.0	1.22465E-16	0.0	-8.67314	0.0260745	1.33709	1.0
	0

	M22螺母-19
	M22螺母.SLDPRT
	0.923728	0.383049	-2.26248E-16	0.0	0.383049	-0.923728	-9.38199E-17	0.0	-2.44929E-16	3.25162E-49	-1.0	0.0	-8.67314	0.0260745	1.31369	1.0
	0

	M22螺母-20
	M22螺母.SLDPRT
	0.923728	0.383049	0.0	0.0	0.383049	-0.923728	0.0	0.0	0.0	0.0	-1.0	0.0	-7.17314	0.0260745	1.31548	1.0
	0

	垫圈M22-9
	垫圈M22.SLDPRT
	0.0	0.0	1.0	0.0	0.0	1.0	0.0	0.0	-1.0	0.0	0.0	0.0	-7.17314	0.0260745	1.33888	1.0
	0

	M22螺母-28
	M22螺母.SLDPRT
	0.923728	0.383049	0.0	0.0	0.383049	-0.923728	0.0	0.0	0.0	0.0	-1.0	0.0	14.1269	0.0260745	1.31548	1.0
	0

	M22螺母-27
	M22螺母.SLDPRT
	0.923728	0.383049	0.0	0.0	0.383049	-0.923728	0.0	0.0	0.0	0.0	-1.0	0.0	13.0769	0.0260745	1.31548	1.0
	0

	M22x55-32
	M22x55.SLDPRT
	0.0	0.0	-1.0	0.0	0.0	1.0	0.0	0.0	1.0	0.0	0.0	0.0	14.1269	0.0260745	1.36982	1.0
	0

	M22螺母-25
	M22螺母.SLDPRT
	0.923728	0.383049	-2.26248E-16	0.0	0.383049	-0.923728	-9.38199E-17	0.0	-2.44929E-16	3.25162E-49	-1.0	0.0	9.32686	0.0260745	1.31369	1.0
	0

	垫圈M22-14
	垫圈M22.SLDPRT
	1.22465E-16	0.0	1.0	0.0	0.0	1.0	0.0	0.0	-1.0	0.0	1.22465E-16	0.0	9.32686	0.0260745	1.33709	1.0
	0

	垫圈M22-17
	垫圈M22.SLDPRT
	0.0	0.0	1.0	0.0	0.0	1.0	0.0	0.0	-1.0	0.0	0.0	0.0	14.1269	0.0260745	1.33888	1.0
	0

	垫圈M22-16
	垫圈M22.SLDPRT
	0.0	0.0	1.0	0.0	0.0	1.0	0.0	0.0	-1.0	0.0	0.0	0.0	13.0769	0.0260745	1.33888	1.0
	0

	垫圈M22-15
	垫圈M22.SLDPRT
	0.0	0.0	1.0	0.0	0.0	1.0	0.0	0.0	-1.0	0.0	0.0	0.0	10.8269	0.0260745	1.33888	1.0
	0

	M22螺母-26
	M22螺母.SLDPRT
	0.923728	0.383049	0.0	0.0	0.383049	-0.923728	0.0	0.0	0.0	0.0	-1.0	0.0	10.8269	0.0260745	1.31548	1.0
	0

	M22螺母-30
	M22螺母.SLDPRT
	0.652576	-0.757723	0.0	0.0	-0.757723	-0.652576	0.0	0.0	0.0	0.0	-1.0	0.0	17.8769	0.0260745	1.31369	1.0
	0

	M22x55-29
	M22x55.SLDPRT
	0.0	0.0	-1.0	0.0	0.996327	-0.0856268	0.0	0.0	-0.0856268	-0.996327	0.0	0.0	9.32686	0.0260745	1.37161	1.0
	0

	M22x55-34
	M22x55.SLDPRT
	0.0	0.0	-1.0	0.0	0.920601	-0.390504	0.0	0.0	-0.390504	-0.920601	0.0	0.0	17.8769	0.0260745	1.37161	1.0
	0

	M22x55-33
	M22x55.SLDPRT
	0.0	0.0	-1.0	0.0	0.0	1.0	0.0	0.0	1.0	0.0	0.0	0.0	16.3769	0.0260745	1.36982	1.0
	0

	M22x55-30
	M22x55.SLDPRT
	0.0	0.0	-1.0	0.0	0.0	1.0	0.0	0.0	1.0	0.0	0.0	0.0	10.8269	0.0260745	1.36982	1.0
	0

	垫圈M22-18
	垫圈M22.SLDPRT
	0.0	0.0	1.0	0.0	0.0	1.0	0.0	0.0	-1.0	0.0	0.0	0.0	16.3769	0.0260745	1.33888	1.0
	0

	M22螺母-29
	M22螺母.SLDPRT
	0.923728	0.383049	0.0	0.0	0.383049	-0.923728	0.0	0.0	0.0	0.0	-1.0	0.0	16.3769	0.0260745	1.31548	1.0
	0

	M22x55-31
	M22x55.SLDPRT
	0.0	0.0	-1.0	0.0	0.0	1.0	0.0	0.0	1.0	0.0	0.0	0.0	13.0769	0.0260745	1.36982	1.0
	0

	垫圈M22-19
	垫圈M22.SLDPRT
	0.0	0.0	1.0	0.0	0.0	1.0	0.0	0.0	-1.0	0.0	0.0	0.0	17.8769	0.0260745	1.33709	1.0
	0


