/*	1:name	*/	43
/*	1:type	*/	半穿式梁\43.SLDASM
/*	1:location	*/	1.0	0.0	0.0	0.0	0.0	1.0	0.0	0.0	0.0	0.0	1.0	0.0	0.0	0.0	0.0	1.0
/*	1:child_number	*/	3
	/*	2:name	*/	42M-43M,47M半穿式左端-1
	/*	2:type	*/	半穿式梁\公共组件\梁端\左端\42M-43M,47M半穿式左端.SLDASM
	/*	2:location	*/	-1.0	-5.34222E-17	-4.18417E-16	0.0	4.18417E-16	8.27116E-15	-1.0	0.0	5.34222E-17	-1.0	-8.27116E-15	0.0	-2.6847	2.345	13.3575	1.0
	/*	2:child_number	*/	7
		/*	3:name	*/	42M-43M,47M半穿式左端-1/2M畸零节间(F1F2型)-1
		/*	3:type	*/	半穿式梁\公共组件\畸零节间\2M畸零节间\2M畸零节间(F1F2型).SLDASM
		/*	3:location	*/	1.0	0.0	-2.79719E-33	0.0	0.0	1.0	0.0	0.0	-2.79719E-33	0.0	1.0	0.0	-2.9203	0.0586858	-5.86198E-14	1.0
		/*	3:child_number	*/	3
			/*	4:name	*/	42M-43M,47M半穿式左端-1/2M畸零节间(F1F2型)-1/2M下平联-1
			/*	4:type	*/	半穿式梁\公共组件\畸零节间\2M畸零节间\2M畸零节间(左)\2M下平联.SLDASM
			/*	4:location	*/	-2.29168E-16	1.0	4.38538E-15	0.0	9.40436E-16	4.32987E-15	-1.0	0.0	-1.0	-2.79662E-16	-1.02099E-15	0.0	2.7396	-0.549313	1.97676	1.0
			/*	4:child_number	*/	41
				/*	5:name	*/	42M-43M,47M半穿式左端-1/2M畸零节间(F1F2型)-1/2M下平联-1/J3(带螺母)-1
				/*	5:type	*/	半穿式梁\公共组件\畸零节间\2M畸零节间\带螺栓零件\J3(带螺母).SLDASM
				/*	5:location	*/	0.0	5.55112E-17	-1.0	0.0	0.0	1.0	-2.50378E-17	0.0	1.0	5.55112E-17	5.04943E-17	0.0	-0.0583726	-0.103223	-0.0199802	1.0
				/*	5:child_number	*/	12
					/*	6:name	*/	42M-43M,47M半穿式左端-1/2M畸零节间(F1F2型)-1/2M下平联-1/J3(带螺母)-1/J3_3号联结角钢-1
					/*	6:type	*/	零件\J3_3号联结角钢.SLDPRT
					/*	6:location	*/	1.0	9.67864E-33	0.0	0.0	9.67864E-33	1.0	0.0	0.0	0.0	0.0	1.0	0.0	-0.19998	-0.0960119	-0.0975	1.0
					/*	6:child_number	*/	0
					/*	6:name	*/	42M-43M,47M半穿式左端-1/2M畸零节间(F1F2型)-1/2M下平联-1/J3(带螺母)-1/LS3_3号螺栓-4
					/*	6:type	*/	零件\LS3_3号螺栓.SLDPRT
					/*	6:location	*/	0.556165	3.9443E-31	0.831072	0.0	-0.831072	3.9443E-31	0.556165	0.0	-9.67864E-33	-1.0	0.0	0.0	-0.211712	-0.0650119	0.0506257	1.0
					/*	6:child_number	*/	0
					/*	6:name	*/	42M-43M,47M半穿式左端-1/2M畸零节间(F1F2型)-1/2M下平联-1/J3(带螺母)-1/LS3_3号螺栓-7
					/*	6:type	*/	零件\LS3_3号螺栓.SLDPRT
					/*	6:location	*/	0.556165	-5.55112E-17	0.831072	0.0	-0.831072	-6.93889E-18	0.556165	0.0	-2.51066E-17	-1.0	-4.99929E-17	0.0	0.171752	-0.0650119	0.0506257	1.0
					/*	6:child_number	*/	0
					/*	6:name	*/	42M-43M,47M半穿式左端-1/2M畸零节间(F1F2型)-1/2M下平联-1/J3(带螺母)-1/LS3_3号螺栓-8
					/*	6:type	*/	零件\LS3_3号螺栓.SLDPRT
					/*	6:location	*/	-0.441647	-2.77556E-17	0.897189	0.0	-0.897189	1.11022E-16	-0.441647	0.0	-8.73498E-17	-1.0	-7.39347E-17	0.0	0.101606	-0.0650119	-0.00576177	1.0
					/*	6:child_number	*/	0
					/*	6:name	*/	42M-43M,47M半穿式左端-1/2M畸零节间(F1F2型)-1/2M下平联-1/J3(带螺母)-1/LS3_3号螺栓-9
					/*	6:type	*/	零件\LS3_3号螺栓.SLDPRT
					/*	6:location	*/	0.556165	3.9443E-31	0.831072	0.0	-0.831072	3.9443E-31	0.556165	0.0	-9.67864E-33	-1.0	0.0	0.0	-0.141567	-0.0650119	-0.00576177	1.0
					/*	6:child_number	*/	0
					/*	6:name	*/	42M-43M,47M半穿式左端-1/2M畸零节间(F1F2型)-1/2M下平联-1/J3(带螺母)-1/螺母3-1
					/*	6:type	*/	零件\螺母3.SLDPRT
					/*	6:location	*/	0.866025	0.5	-1.97215E-31	0.0	-0.5	0.866025	7.88861E-31	0.0	0.0	0.0	1.0	0.0	-0.11998	-0.00101188	-0.0855	1.0
					/*	6:child_number	*/	0
					/*	6:name	*/	42M-43M,47M半穿式左端-1/2M畸零节间(F1F2型)-1/2M下平联-1/J3(带螺母)-1/螺母3-10
					/*	6:type	*/	零件\螺母3.SLDPRT
					/*	6:location	*/	1.0	-8.73498E-17	8.73498E-17	0.0	-8.73498E-17	4.853E-17	1.0	0.0	-8.73498E-17	-1.0	4.853E-17	0.0	0.101606	-0.106012	-0.00576177	1.0
					/*	6:child_number	*/	0
					/*	6:name	*/	42M-43M,47M半穿式左端-1/2M畸零节间(F1F2型)-1/2M下平联-1/J3(带螺母)-1/螺母3-11
					/*	6:type	*/	零件\螺母3.SLDPRT
					/*	6:location	*/	1.0	-2.19175E-18	2.19175E-18	0.0	-2.19175E-18	9.47958E-17	1.0	0.0	-2.19175E-18	-1.0	9.47958E-17	0.0	0.171752	-0.106012	0.0506257	1.0
					/*	6:child_number	*/	0
					/*	6:name	*/	42M-43M,47M半穿式左端-1/2M畸零节间(F1F2型)-1/2M下平联-1/J3(带螺母)-1/螺母3-2
					/*	6:type	*/	零件\螺母3.SLDPRT
					/*	6:location	*/	0.866025	0.5	-1.97215E-31	0.0	-0.5	0.866025	7.88861E-31	0.0	0.0	0.0	1.0	0.0	-0.0199802	-0.00101188	-0.0855	1.0
					/*	6:child_number	*/	0
					/*	6:name	*/	42M-43M,47M半穿式左端-1/2M畸零节间(F1F2型)-1/2M下平联-1/J3(带螺母)-1/螺母3-3
					/*	6:type	*/	零件\螺母3.SLDPRT
					/*	6:location	*/	0.866025	0.5	-1.97215E-31	0.0	-0.5	0.866025	7.88861E-31	0.0	0.0	0.0	1.0	0.0	0.0800198	-0.00101188	-0.0855	1.0
					/*	6:child_number	*/	0
					/*	6:name	*/	42M-43M,47M半穿式左端-1/2M畸零节间(F1F2型)-1/2M下平联-1/J3(带螺母)-1/螺母3-8
					/*	6:type	*/	零件\螺母3.SLDPRT
					/*	6:location	*/	0.866025	5.55112E-17	-0.5	0.0	0.5	1.14492E-16	0.866025	0.0	1.0532E-16	-1.0	7.13972E-17	0.0	-0.211712	-0.106012	0.0506257	1.0
					/*	6:child_number	*/	0
					/*	6:name	*/	42M-43M,47M半穿式左端-1/2M畸零节间(F1F2型)-1/2M下平联-1/J3(带螺母)-1/螺母3-9
					/*	6:type	*/	零件\螺母3.SLDPRT
					/*	6:location	*/	-0.866025	-2.63945E-17	0.5	0.0	-0.5	-1.52389E-17	-0.866025	0.0	-8.49042E-19	-1.0	7.24829E-17	0.0	-0.141567	-0.106012	-0.00576177	1.0
					/*	6:child_number	*/	0
				/*	5:name	*/	42M-43M,47M半穿式左端-1/2M畸零节间(F1F2型)-1/2M下平联-1/L3_长斜撑-1
				/*	5:type	*/	零件\L3_长斜撑.SLDPRT
				/*	5:location	*/	1.20182E-16	1.0	-4.10978E-17	0.0	-0.7794	1.19418E-16	0.626527	0.0	0.626527	-4.32654E-17	0.7794	0.0	0.873138	-0.269235	1.21573	1.0
				/*	5:child_number	*/	0
				/*	5:name	*/	42M-43M,47M半穿式左端-1/2M畸零节间(F1F2型)-1/2M下平联-1/L3_长斜撑-2
				/*	5:type	*/	零件\L3_长斜撑.SLDPRT
				/*	5:location	*/	1.20182E-16	1.0	1.5212E-16	0.0	-0.7794	1.96178E-16	-0.626527	0.0	-0.626527	-1.40824E-16	0.7794	0.0	0.873138	-0.269235	-1.21573	1.0
				/*	5:child_number	*/	0
				/*	5:name	*/	42M-43M,47M半穿式左端-1/2M畸零节间(F1F2型)-1/2M下平联-1/LS1_1号螺栓-1
				/*	5:type	*/	零件\LS1_1号螺栓.SLDPRT
				/*	5:location	*/	0.897189	0.441647	1.11022E-16	0.0	-0.441647	0.897189	-1.66533E-16	0.0	-1.22663E-16	1.98304E-17	1.0	0.0	-0.256873	0.236765	2.453	1.0
				/*	5:child_number	*/	0
				/*	5:name	*/	42M-43M,47M半穿式左端-1/2M畸零节间(F1F2型)-1/2M下平联-1/LS1_1号螺栓-10
				/*	5:type	*/	零件\LS1_1号螺栓.SLDPRT
				/*	5:location	*/	-0.831072	-0.556165	0.0	0.0	-0.556165	0.831072	2.95823E-31	0.0	-5.04943E-17	8.05489E-17	-1.0	0.0	-0.0668725	0.236765	-2.453	1.0
				/*	5:child_number	*/	0
				/*	5:name	*/	42M-43M,47M半穿式左端-1/2M畸零节间(F1F2型)-1/2M下平联-1/LS1_1号螺栓-11
				/*	5:type	*/	零件\LS1_1号螺栓.SLDPRT
				/*	5:location	*/	-0.831072	-0.556165	0.0	0.0	-0.556165	0.831072	2.95823E-31	0.0	-5.04943E-17	8.05489E-17	-1.0	0.0	-0.256873	0.136765	-2.453	1.0
				/*	5:child_number	*/	0
				/*	5:name	*/	42M-43M,47M半穿式左端-1/2M畸零节间(F1F2型)-1/2M下平联-1/LS1_1号螺栓-12
				/*	5:type	*/	零件\LS1_1号螺栓.SLDPRT
				/*	5:location	*/	-0.831072	-0.556165	0.0	0.0	-0.556165	0.831072	2.95823E-31	0.0	-5.04943E-17	8.05489E-17	-1.0	0.0	-0.0668725	0.136765	-2.453	1.0
				/*	5:child_number	*/	0
				/*	5:name	*/	42M-43M,47M半穿式左端-1/2M畸零节间(F1F2型)-1/2M下平联-1/LS1_1号螺栓-13
				/*	5:type	*/	零件\LS1_1号螺栓.SLDPRT
				/*	5:location	*/	-0.831072	-0.556165	0.0	0.0	-0.556165	0.831072	2.95823E-31	0.0	-5.04943E-17	8.05489E-17	-1.0	0.0	-0.256873	0.0367647	-2.453	1.0
				/*	5:child_number	*/	0
				/*	5:name	*/	42M-43M,47M半穿式左端-1/2M畸零节间(F1F2型)-1/2M下平联-1/LS1_1号螺栓-14
				/*	5:type	*/	零件\LS1_1号螺栓.SLDPRT
				/*	5:location	*/	-0.831072	-0.556165	0.0	0.0	-0.556165	0.831072	2.95823E-31	0.0	-5.04943E-17	8.05489E-17	-1.0	0.0	-0.0668725	0.0367647	-2.453	1.0
				/*	5:child_number	*/	0
				/*	5:name	*/	42M-43M,47M半穿式左端-1/2M畸零节间(F1F2型)-1/2M下平联-1/LS1_1号螺栓-15
				/*	5:type	*/	零件\LS1_1号螺栓.SLDPRT
				/*	5:location	*/	0.831072	-0.556165	0.0	0.0	0.556165	0.831072	0.0	0.0	0.0	-4.84298E-32	1.0	0.0	-0.221873	-0.288235	2.453	1.0
				/*	5:child_number	*/	0
				/*	5:name	*/	42M-43M,47M半穿式左端-1/2M畸零节间(F1F2型)-1/2M下平联-1/LS1_1号螺栓-16
				/*	5:type	*/	零件\LS1_1号螺栓.SLDPRT
				/*	5:location	*/	-0.831072	-0.556165	0.0	0.0	-0.556165	0.831072	2.95823E-31	0.0	-5.04943E-17	8.05489E-17	-1.0	0.0	-0.221873	-0.288235	-2.453	1.0
				/*	5:child_number	*/	0
				/*	5:name	*/	42M-43M,47M半穿式左端-1/2M畸零节间(F1F2型)-1/2M下平联-1/LS1_1号螺栓-2
				/*	5:type	*/	零件\LS1_1号螺栓.SLDPRT
				/*	5:location	*/	0.831072	-0.556165	0.0	0.0	0.556165	0.831072	0.0	0.0	0.0	-4.84298E-32	1.0	0.0	-0.221873	-0.0982353	2.453	1.0
				/*	5:child_number	*/	0
				/*	5:name	*/	42M-43M,47M半穿式左端-1/2M畸零节间(F1F2型)-1/2M下平联-1/LS1_1号螺栓-3
				/*	5:type	*/	零件\LS1_1号螺栓.SLDPRT
				/*	5:location	*/	-0.831072	-0.556165	0.0	0.0	-0.556165	0.831072	2.95823E-31	0.0	-5.04943E-17	8.05489E-17	-1.0	0.0	-0.221873	-0.0982353	-2.453	1.0
				/*	5:child_number	*/	0
				/*	5:name	*/	42M-43M,47M半穿式左端-1/2M畸零节间(F1F2型)-1/2M下平联-1/LS1_1号螺栓-4
				/*	5:type	*/	零件\LS1_1号螺栓.SLDPRT
				/*	5:location	*/	-0.831072	-0.556165	0.0	0.0	-0.556165	0.831072	2.95823E-31	0.0	-5.04943E-17	8.05489E-17	-1.0	0.0	-0.256873	0.236765	-2.453	1.0
				/*	5:child_number	*/	0
				/*	5:name	*/	42M-43M,47M半穿式左端-1/2M畸零节间(F1F2型)-1/2M下平联-1/LS1_1号螺栓-5
				/*	5:type	*/	零件\LS1_1号螺栓.SLDPRT
				/*	5:location	*/	0.897189	0.441647	1.11022E-16	0.0	-0.441647	0.897189	-1.66533E-16	0.0	-1.22663E-16	1.98304E-17	1.0	0.0	-0.0668725	0.236765	2.453	1.0
				/*	5:child_number	*/	0
				/*	5:name	*/	42M-43M,47M半穿式左端-1/2M畸零节间(F1F2型)-1/2M下平联-1/LS1_1号螺栓-6
				/*	5:type	*/	零件\LS1_1号螺栓.SLDPRT
				/*	5:location	*/	0.897189	0.441647	1.11022E-16	0.0	-0.441647	0.897189	-1.66533E-16	0.0	-1.22663E-16	1.98304E-17	1.0	0.0	-0.256873	0.136765	2.453	1.0
				/*	5:child_number	*/	0
				/*	5:name	*/	42M-43M,47M半穿式左端-1/2M畸零节间(F1F2型)-1/2M下平联-1/LS1_1号螺栓-7
				/*	5:type	*/	零件\LS1_1号螺栓.SLDPRT
				/*	5:location	*/	0.897189	0.441647	1.11022E-16	0.0	-0.441647	0.897189	-1.66533E-16	0.0	-1.22663E-16	1.98304E-17	1.0	0.0	-0.0668725	0.136765	2.453	1.0
				/*	5:child_number	*/	0
				/*	5:name	*/	42M-43M,47M半穿式左端-1/2M畸零节间(F1F2型)-1/2M下平联-1/LS1_1号螺栓-8
				/*	5:type	*/	零件\LS1_1号螺栓.SLDPRT
				/*	5:location	*/	0.897189	0.441647	1.11022E-16	0.0	-0.441647	0.897189	-1.66533E-16	0.0	-1.22663E-16	1.98304E-17	1.0	0.0	-0.256873	0.0367647	2.453	1.0
				/*	5:child_number	*/	0
				/*	5:name	*/	42M-43M,47M半穿式左端-1/2M畸零节间(F1F2型)-1/2M下平联-1/LS1_1号螺栓-9
				/*	5:type	*/	零件\LS1_1号螺栓.SLDPRT
				/*	5:location	*/	0.897189	0.441647	1.11022E-16	0.0	-0.441647	0.897189	-1.66533E-16	0.0	-1.22663E-16	1.98304E-17	1.0	0.0	-0.0668725	0.0367647	2.453	1.0
				/*	5:child_number	*/	0
				/*	5:name	*/	42M-43M,47M半穿式左端-1/2M畸零节间(F1F2型)-1/2M下平联-1/LS2_2号螺栓-1
				/*	5:type	*/	零件\LS2_2号螺栓.SLDPRT
				/*	5:location	*/	0.066117	0.997812	-6.16298E-33	0.0	-0.997812	0.066117	-6.93889E-18	0.0	-6.92371E-18	4.58779E-19	1.0	0.0	-0.101873	-0.0982353	2.453	1.0
				/*	5:child_number	*/	0
				/*	5:name	*/	42M-43M,47M半穿式左端-1/2M畸零节间(F1F2型)-1/2M下平联-1/LS2_2号螺栓-2
				/*	5:type	*/	零件\LS2_2号螺栓.SLDPRT
				/*	5:location	*/	-0.897189	0.441647	0.0	0.0	0.441647	0.897189	-4.93038E-32	0.0	-5.04943E-17	8.05489E-17	-1.0	0.0	-0.101873	-0.0982353	-2.453	1.0
				/*	5:child_number	*/	0
				/*	5:name	*/	42M-43M,47M半穿式左端-1/2M畸零节间(F1F2型)-1/2M下平联-1/LS2_2号螺栓-3
				/*	5:type	*/	零件\LS2_2号螺栓.SLDPRT
				/*	5:location	*/	-0.897189	0.441647	0.0	0.0	0.441647	0.897189	-4.93038E-32	0.0	-5.04943E-17	8.05489E-17	-1.0	0.0	-0.101873	-0.288235	-2.453	1.0
				/*	5:child_number	*/	0
				/*	5:name	*/	42M-43M,47M半穿式左端-1/2M畸零节间(F1F2型)-1/2M下平联-1/LS2_2号螺栓-4
				/*	5:type	*/	零件\LS2_2号螺栓.SLDPRT
				/*	5:location	*/	0.066117	0.997812	-6.16298E-33	0.0	-0.997812	0.066117	-6.93889E-18	0.0	-6.92371E-18	4.58779E-19	1.0	0.0	-0.101873	-0.288235	2.453	1.0
				/*	5:child_number	*/	0
				/*	5:name	*/	42M-43M,47M半穿式左端-1/2M畸零节间(F1F2型)-1/2M下平联-1/LS3_3号螺栓-1
				/*	5:type	*/	零件\LS3_3号螺栓.SLDPRT
				/*	5:location	*/	0.954164	6.60112E-17	0.299285	0.0	-0.299285	-1.19385E-16	0.954164	0.0	9.87157E-17	-1.0	-9.41571E-17	0.0	1.74026	-0.310235	2.36626	1.0
				/*	5:child_number	*/	0
				/*	5:name	*/	42M-43M,47M半穿式左端-1/2M畸零节间(F1F2型)-1/2M下平联-1/LS3_3号螺栓-2
				/*	5:type	*/	零件\LS3_3号螺栓.SLDPRT
				/*	5:location	*/	0.819118	-3.18426E-17	0.573625	0.0	-0.573625	-4.54702E-17	0.819118	0.0	0.0	-1.0	-5.55112E-17	0.0	1.74026	-0.310235	-2.36626	1.0
				/*	5:child_number	*/	0
				/*	5:name	*/	42M-43M,47M半穿式左端-1/2M畸零节间(F1F2型)-1/2M下平联-1/LS3_3号螺栓-3
				/*	5:type	*/	零件\LS3_3号螺栓.SLDPRT
				/*	5:location	*/	0.897189	3.9443E-31	0.441647	0.0	-0.441647	0.0	0.897189	0.0	-5.55112E-17	-1.0	8.05489E-17	0.0	-0.315998	-0.164235	-2.29627	1.0
				/*	5:child_number	*/	0
				/*	5:name	*/	42M-43M,47M半穿式左端-1/2M畸零节间(F1F2型)-1/2M下平联-1/LS3_3号螺栓-4
				/*	5:type	*/	零件\LS3_3号螺栓.SLDPRT
				/*	5:location	*/	0.897189	-3.45861E-16	0.441647	0.0	-0.441647	1.70252E-16	0.897189	0.0	-3.85494E-16	-1.0	-1.31661E-30	0.0	-0.259611	-0.164235	-2.36641	1.0
				/*	5:child_number	*/	0
				/*	5:name	*/	42M-43M,47M半穿式左端-1/2M畸零节间(F1F2型)-1/2M下平联-1/LS3_3号螺栓-5
				/*	5:type	*/	零件\LS3_3号螺栓.SLDPRT
				/*	5:location	*/	0.831072	9.67718E-17	-0.556165	0.0	0.556165	7.26341E-17	0.831072	0.0	1.20821E-16	-1.0	6.5431E-18	0.0	-0.315998	-0.164235	2.29627	1.0
				/*	5:child_number	*/	0
				/*	5:name	*/	42M-43M,47M半穿式左端-1/2M畸零节间(F1F2型)-1/2M下平联-1/LS3_3号螺栓-6
				/*	5:type	*/	零件\LS3_3号螺栓.SLDPRT
				/*	5:location	*/	0.897189	3.9443E-31	0.441647	0.0	-0.441647	0.0	0.897189	0.0	0.0	-1.0	1.14762E-32	0.0	-0.259611	-0.164235	2.36641	1.0
				/*	5:child_number	*/	0
				/*	5:name	*/	42M-43M,47M半穿式左端-1/2M畸零节间(F1F2型)-1/2M下平联-1/LS3_3号螺栓-7
				/*	5:type	*/	零件\LS3_3号螺栓.SLDPRT
				/*	5:location	*/	0.0	-0.066117	-0.997812	0.0	7.88861E-31	0.997812	-0.066117	0.0	1.0	0.0	0.0	0.0	-0.186873	-0.104235	-0.1	1.0
				/*	5:child_number	*/	0
				/*	5:name	*/	42M-43M,47M半穿式左端-1/2M畸零节间(F1F2型)-1/2M下平联-1/LS3_3号螺栓-8
				/*	5:type	*/	零件\LS3_3号螺栓.SLDPRT
				/*	5:location	*/	0.0	-0.066117	-0.997812	0.0	7.88861E-31	0.997812	-0.066117	0.0	1.0	0.0	0.0	0.0	-0.186873	-0.104235	4.44089E-16	1.0
				/*	5:child_number	*/	0
				/*	5:name	*/	42M-43M,47M半穿式左端-1/2M畸零节间(F1F2型)-1/2M下平联-1/LS3_3号螺栓-9
				/*	5:type	*/	零件\LS3_3号螺栓.SLDPRT
				/*	5:location	*/	0.0	-0.066117	-0.997812	0.0	7.88861E-31	0.997812	-0.066117	0.0	1.0	0.0	0.0	0.0	-0.186873	-0.104235	0.1	1.0
				/*	5:child_number	*/	0
				/*	5:name	*/	42M-43M,47M半穿式左端-1/2M畸零节间(F1F2型)-1/2M下平联-1/Q1_长横梁-1
				/*	5:type	*/	零件\Q1_长横梁.SLDPRT
				/*	5:location	*/	1.0	0.0	0.0	0.0	0.0	1.0	-1.14762E-32	0.0	0.0	-4.84298E-32	1.0	0.0	-0.161873	-0.0307353	0.0	1.0
				/*	5:child_number	*/	0
				/*	5:name	*/	42M-43M,47M半穿式左端-1/2M畸零节间(F1F2型)-1/2M下平联-1/Q4+4J1-1
				/*	5:type	*/	半穿式梁\公共组件\畸零节间\2M畸零节间\带螺栓零件\Q4+4J1.SLDASM
				/*	5:location	*/	6.98079E-16	-1.07441E-15	1.0	0.0	3.94129E-15	1.0	9.93859E-16	0.0	-1.0	3.88578E-15	6.47585E-16	0.0	0.838127	0.0121653	0.994646	1.0
				/*	5:child_number	*/	37
					/*	6:name	*/	42M-43M,47M半穿式左端-1/2M畸零节间(F1F2型)-1/2M下平联-1/Q4+4J1-1/J1_1号联结角钢-1
					/*	6:type	*/	零件\J1_1号联结角钢.SLDPRT
					/*	6:location	*/	-1.0	-7.41663E-33	3.06423E-33	0.0	-7.41663E-33	1.0	1.08247E-14	0.0	-3.06423E-33	1.08247E-14	-1.0	0.0	0.0363544	-0.165401	0.994	1.0
					/*	6:child_number	*/	0
					/*	6:name	*/	42M-43M,47M半穿式左端-1/2M畸零节间(F1F2型)-1/2M下平联-1/Q4+4J1-1/J1_1号联结角钢-2
					/*	6:type	*/	零件\J1_1号联结角钢.SLDPRT
					/*	6:location	*/	1.0	2.67977E-16	-7.16365E-17	0.0	2.67977E-16	-1.0	-9.60343E-15	0.0	-7.16365E-17	9.60343E-15	-1.0	0.0	-0.225646	0.124599	0.994	1.0
					/*	6:child_number	*/	0
					/*	6:name	*/	42M-43M,47M半穿式左端-1/2M畸零节间(F1F2型)-1/2M下平联-1/Q4+4J1-1/J1_1号联结角钢-3
					/*	6:type	*/	零件\J1_1号联结角钢.SLDPRT
					/*	6:location	*/	-1.0	2.88412E-17	-8.63092E-17	0.0	-2.88412E-17	-1.0	1.05749E-14	0.0	-8.63092E-17	1.05749E-14	1.0	0.0	0.0363544	0.124599	-0.994	1.0
					/*	6:child_number	*/	0
					/*	6:name	*/	42M-43M,47M半穿式左端-1/2M畸零节间(F1F2型)-1/2M下平联-1/Q4+4J1-1/J1_1号联结角钢-4
					/*	6:type	*/	零件\J1_1号联结角钢.SLDPRT
					/*	6:location	*/	1.0	0.0	0.0	0.0	0.0	1.0	0.0	0.0	0.0	0.0	1.0	0.0	-0.225646	-0.165401	-0.994	1.0
					/*	6:child_number	*/	0
					/*	6:name	*/	42M-43M,47M半穿式左端-1/2M畸零节间(F1F2型)-1/2M下平联-1/Q4+4J1-1/LS3_3号螺栓-1
					/*	6:type	*/	零件\LS3_3号螺栓.SLDPRT
					/*	6:location	*/	-1.28803E-16	-0.897189	0.441647	0.0	6.34043E-17	0.441647	0.897189	0.0	-1.0	1.43563E-16	1.54165E-30	0.0	-0.0576456	0.0795994	0.835	1.0
					/*	6:child_number	*/	0
					/*	6:name	*/	42M-43M,47M半穿式左端-1/2M畸零节间(F1F2型)-1/2M下平联-1/Q4+4J1-1/LS3_3号螺栓-10
					/*	6:type	*/	零件\LS3_3号螺栓.SLDPRT
					/*	6:location	*/	-1.19311E-16	-0.831072	-0.556165	0.0	-7.98449E-17	-0.556165	0.831072	0.0	-1.0	1.43563E-16	1.55068E-30	0.0	-0.0576456	0.0295994	-0.915	1.0
					/*	6:child_number	*/	0
					/*	6:name	*/	42M-43M,47M半穿式左端-1/2M畸零节间(F1F2型)-1/2M下平联-1/Q4+4J1-1/LS3_3号螺栓-17
					/*	6:type	*/	零件\LS3_3号螺栓.SLDPRT
					/*	6:location	*/	0.997812	0.066117	-6.13058E-16	0.0	0.066117	-0.997812	1.05574E-14	0.0	8.63092E-17	-1.05749E-14	-1.0	0.0	-0.00464557	0.0795994	-0.963	1.0
					/*	6:child_number	*/	0
					/*	6:name	*/	42M-43M,47M半穿式左端-1/2M畸零节间(F1F2型)-1/2M下平联-1/Q4+4J1-1/LS3_3号螺栓-18
					/*	6:type	*/	零件\LS3_3号螺栓.SLDPRT
					/*	6:location	*/	0.997812	0.066117	-6.13058E-16	0.0	0.066117	-0.997812	1.05574E-14	0.0	8.63092E-17	-1.05749E-14	-1.0	0.0	-0.00464557	-0.0204006	-0.963	1.0
					/*	6:child_number	*/	0
					/*	6:name	*/	42M-43M,47M半穿式左端-1/2M畸零节间(F1F2型)-1/2M下平联-1/Q4+4J1-1/LS3_3号螺栓-19
					/*	6:type	*/	零件\LS3_3号螺栓.SLDPRT
					/*	6:location	*/	0.997812	0.066117	-6.13058E-16	0.0	0.066117	-0.997812	1.05574E-14	0.0	8.63092E-17	-1.05749E-14	-1.0	0.0	-0.00464557	-0.120401	-0.963	1.0
					/*	6:child_number	*/	0
					/*	6:name	*/	42M-43M,47M半穿式左端-1/2M畸零节间(F1F2型)-1/2M下平联-1/Q4+4J1-1/LS3_3号螺栓-2
					/*	6:type	*/	零件\LS3_3号螺栓.SLDPRT
					/*	6:location	*/	-1.28803E-16	-0.897189	0.441647	0.0	6.34043E-17	0.441647	0.897189	0.0	-1.0	1.43563E-16	1.54165E-30	0.0	-0.0576456	-0.0204006	0.835	1.0
					/*	6:child_number	*/	0
					/*	6:name	*/	42M-43M,47M半穿式左端-1/2M畸零节间(F1F2型)-1/2M下平联-1/Q4+4J1-1/LS3_3号螺栓-20
					/*	6:type	*/	零件\LS3_3号螺栓.SLDPRT
					/*	6:location	*/	0.997812	0.066117	-6.13058E-16	0.0	0.066117	-0.997812	1.05574E-14	0.0	8.63092E-17	-1.05749E-14	-1.0	0.0	-0.184646	0.0795994	-0.963	1.0
					/*	6:child_number	*/	0
					/*	6:name	*/	42M-43M,47M半穿式左端-1/2M畸零节间(F1F2型)-1/2M下平联-1/Q4+4J1-1/LS3_3号螺栓-21
					/*	6:type	*/	零件\LS3_3号螺栓.SLDPRT
					/*	6:location	*/	0.997812	0.066117	-6.13058E-16	0.0	0.066117	-0.997812	1.05574E-14	0.0	8.63092E-17	-1.05749E-14	-1.0	0.0	-0.184646	-0.0204006	-0.963	1.0
					/*	6:child_number	*/	0
					/*	6:name	*/	42M-43M,47M半穿式左端-1/2M畸零节间(F1F2型)-1/2M下平联-1/Q4+4J1-1/LS3_3号螺栓-22
					/*	6:type	*/	零件\LS3_3号螺栓.SLDPRT
					/*	6:location	*/	0.997812	0.066117	-6.13058E-16	0.0	0.066117	-0.997812	1.05574E-14	0.0	8.63092E-17	-1.05749E-14	-1.0	0.0	-0.184646	-0.120401	-0.963	1.0
					/*	6:child_number	*/	0
					/*	6:name	*/	42M-43M,47M半穿式左端-1/2M畸零节间(F1F2型)-1/2M下平联-1/Q4+4J1-1/LS3_3号螺栓-3
					/*	6:type	*/	零件\LS3_3号螺栓.SLDPRT
					/*	6:location	*/	-1.28803E-16	-0.897189	0.441647	0.0	6.34043E-17	0.441647	0.897189	0.0	-1.0	1.43563E-16	1.54165E-30	0.0	-0.0576456	-0.120401	0.835	1.0
					/*	6:child_number	*/	0
					/*	6:name	*/	42M-43M,47M半穿式左端-1/2M畸零节间(F1F2型)-1/2M下平联-1/Q4+4J1-1/LS3_3号螺栓-4
					/*	6:type	*/	零件\LS3_3号螺栓.SLDPRT
					/*	6:location	*/	-1.19311E-16	-0.831072	-0.556165	0.0	-7.98449E-17	-0.556165	0.831072	0.0	-1.0	1.43563E-16	1.55068E-30	0.0	-0.0576456	0.0295994	0.915	1.0
					/*	6:child_number	*/	0
					/*	6:name	*/	42M-43M,47M半穿式左端-1/2M畸零节间(F1F2型)-1/2M下平联-1/Q4+4J1-1/LS3_3号螺栓-5
					/*	6:type	*/	零件\LS3_3号螺栓.SLDPRT
					/*	6:location	*/	-1.19311E-16	-0.831072	-0.556165	0.0	-7.98449E-17	-0.556165	0.831072	0.0	-1.0	1.43563E-16	1.55068E-30	0.0	-0.0576456	-0.0704006	0.915	1.0
					/*	6:child_number	*/	0
					/*	6:name	*/	42M-43M,47M半穿式左端-1/2M畸零节间(F1F2型)-1/2M下平联-1/Q4+4J1-1/LS3_3号螺栓-6
					/*	6:type	*/	零件\LS3_3号螺栓.SLDPRT
					/*	6:location	*/	-1.28803E-16	-0.897189	0.441647	0.0	6.34043E-17	0.441647	0.897189	0.0	-1.0	1.43563E-16	1.54165E-30	0.0	-0.0576456	-0.120401	-0.835	1.0
					/*	6:child_number	*/	0
					/*	6:name	*/	42M-43M,47M半穿式左端-1/2M畸零节间(F1F2型)-1/2M下平联-1/Q4+4J1-1/LS3_3号螺栓-7
					/*	6:type	*/	零件\LS3_3号螺栓.SLDPRT
					/*	6:location	*/	-1.28803E-16	-0.897189	0.441647	0.0	6.34043E-17	0.441647	0.897189	0.0	-1.0	1.43563E-16	1.54165E-30	0.0	-0.0576456	-0.0204006	-0.835	1.0
					/*	6:child_number	*/	0
					/*	6:name	*/	42M-43M,47M半穿式左端-1/2M畸零节间(F1F2型)-1/2M下平联-1/Q4+4J1-1/LS3_3号螺栓-8
					/*	6:type	*/	零件\LS3_3号螺栓.SLDPRT
					/*	6:location	*/	-1.28803E-16	-0.897189	0.441647	0.0	6.34043E-17	0.441647	0.897189	0.0	-1.0	1.43563E-16	1.54165E-30	0.0	-0.0576456	0.0795994	-0.835	1.0
					/*	6:child_number	*/	0
					/*	6:name	*/	42M-43M,47M半穿式左端-1/2M畸零节间(F1F2型)-1/2M下平联-1/Q4+4J1-1/LS3_3号螺栓-9
					/*	6:type	*/	零件\LS3_3号螺栓.SLDPRT
					/*	6:location	*/	-1.19311E-16	-0.831072	-0.556165	0.0	-7.98449E-17	-0.556165	0.831072	0.0	-1.0	1.43563E-16	1.55068E-30	0.0	-0.0576456	-0.0704006	-0.915	1.0
					/*	6:child_number	*/	0
					/*	6:name	*/	42M-43M,47M半穿式左端-1/2M畸零节间(F1F2型)-1/2M下平联-1/Q4+4J1-1/Q4_2M纵梁-1
					/*	6:type	*/	零件\Q4_2M纵梁.SLDPRT
					/*	6:location	*/	1.0	0.0	0.0	0.0	0.0	1.0	0.0	0.0	0.0	0.0	1.0	0.0	-0.0946456	-0.0204006	0.0	1.0
					/*	6:child_number	*/	0
					/*	6:name	*/	42M-43M,47M半穿式左端-1/2M畸零节间(F1F2型)-1/2M下平联-1/Q4+4J1-1/螺母3-1
					/*	6:type	*/	零件\螺母3.SLDPRT
					/*	6:location	*/	7.17817E-17	0.5	0.866025	0.0	1.24329E-16	0.866025	-0.5	0.0	-1.0	1.43563E-16	1.54465E-30	0.0	-0.112646	0.0795994	0.835	1.0
					/*	6:child_number	*/	0
					/*	6:name	*/	42M-43M,47M半穿式左端-1/2M畸零节间(F1F2型)-1/2M下平联-1/Q4+4J1-1/螺母3-10
					/*	6:type	*/	零件\螺母3.SLDPRT
					/*	6:location	*/	0.866025	0.5	5.41234E-15	0.0	0.5	-0.866025	-9.37444E-15	0.0	-3.03817E-33	1.08247E-14	-1.0	0.0	-0.184646	-0.0204006	0.982	1.0
					/*	6:child_number	*/	0
					/*	6:name	*/	42M-43M,47M半穿式左端-1/2M畸零节间(F1F2型)-1/2M下平联-1/Q4+4J1-1/螺母3-11
					/*	6:type	*/	零件\螺母3.SLDPRT
					/*	6:location	*/	0.866025	0.5	5.41234E-15	0.0	0.5	-0.866025	-9.37444E-15	0.0	-3.03817E-33	1.08247E-14	-1.0	0.0	-0.184646	-0.120401	0.982	1.0
					/*	6:child_number	*/	0
					/*	6:name	*/	42M-43M,47M半穿式左端-1/2M畸零节间(F1F2型)-1/2M下平联-1/Q4+4J1-1/螺母3-12
					/*	6:type	*/	零件\螺母3.SLDPRT
					/*	6:location	*/	7.17817E-17	0.5	0.866025	0.0	1.24329E-16	0.866025	-0.5	0.0	-1.0	1.43563E-16	1.54465E-30	0.0	-0.112646	-0.120401	-0.835	1.0
					/*	6:child_number	*/	0
					/*	6:name	*/	42M-43M,47M半穿式左端-1/2M畸零节间(F1F2型)-1/2M下平联-1/Q4+4J1-1/螺母3-13
					/*	6:type	*/	零件\螺母3.SLDPRT
					/*	6:location	*/	7.17817E-17	0.5	0.866025	0.0	1.24329E-16	0.866025	-0.5	0.0	-1.0	1.43563E-16	1.54465E-30	0.0	-0.112646	-0.0204006	-0.835	1.0
					/*	6:child_number	*/	0
					/*	6:name	*/	42M-43M,47M半穿式左端-1/2M畸零节间(F1F2型)-1/2M下平联-1/Q4+4J1-1/螺母3-14
					/*	6:type	*/	零件\螺母3.SLDPRT
					/*	6:location	*/	7.17817E-17	0.5	0.866025	0.0	1.24329E-16	0.866025	-0.5	0.0	-1.0	1.43563E-16	1.54465E-30	0.0	-0.112646	0.0795994	-0.835	1.0
					/*	6:child_number	*/	0
					/*	6:name	*/	42M-43M,47M半穿式左端-1/2M畸零节间(F1F2型)-1/2M下平联-1/Q4+4J1-1/螺母3-15
					/*	6:type	*/	零件\螺母3.SLDPRT
					/*	6:location	*/	-1.43563E-16	-1.0	7.27372E-33	0.0	1.52842E-30	-2.22045E-16	1.0	0.0	-1.0	1.43563E-16	1.55204E-30	0.0	-0.112646	-0.0704006	-0.915	1.0
					/*	6:child_number	*/	0
					/*	6:name	*/	42M-43M,47M半穿式左端-1/2M畸零节间(F1F2型)-1/2M下平联-1/Q4+4J1-1/螺母3-16
					/*	6:type	*/	零件\螺母3.SLDPRT
					/*	6:location	*/	-1.43563E-16	-1.0	7.27372E-33	0.0	1.52842E-30	-2.22045E-16	1.0	0.0	-1.0	1.43563E-16	1.55204E-30	0.0	-0.112646	0.0295994	-0.915	1.0
					/*	6:child_number	*/	0
					/*	6:name	*/	42M-43M,47M半穿式左端-1/2M畸零节间(F1F2型)-1/2M下平联-1/Q4+4J1-1/螺母3-2
					/*	6:type	*/	零件\螺母3.SLDPRT
					/*	6:location	*/	7.17817E-17	0.5	0.866025	0.0	1.24329E-16	0.866025	-0.5	0.0	-1.0	1.43563E-16	1.54465E-30	0.0	-0.112646	-0.0204006	0.835	1.0
					/*	6:child_number	*/	0
					/*	6:name	*/	42M-43M,47M半穿式左端-1/2M畸零节间(F1F2型)-1/2M下平联-1/Q4+4J1-1/螺母3-3
					/*	6:type	*/	零件\螺母3.SLDPRT
					/*	6:location	*/	7.17817E-17	0.5	0.866025	0.0	1.24329E-16	0.866025	-0.5	0.0	-1.0	1.43563E-16	1.54465E-30	0.0	-0.112646	-0.120401	0.835	1.0
					/*	6:child_number	*/	0
					/*	6:name	*/	42M-43M,47M半穿式左端-1/2M畸零节间(F1F2型)-1/2M下平联-1/Q4+4J1-1/螺母3-4
					/*	6:type	*/	零件\螺母3.SLDPRT
					/*	6:location	*/	-1.43563E-16	-1.0	7.27372E-33	0.0	1.52842E-30	-2.22045E-16	1.0	0.0	-1.0	1.43563E-16	1.55204E-30	0.0	-0.112646	0.0295994	0.915	1.0
					/*	6:child_number	*/	0
					/*	6:name	*/	42M-43M,47M半穿式左端-1/2M畸零节间(F1F2型)-1/2M下平联-1/Q4+4J1-1/螺母3-5
					/*	6:type	*/	零件\螺母3.SLDPRT
					/*	6:location	*/	-1.43563E-16	-1.0	7.27372E-33	0.0	1.52842E-30	-2.22045E-16	1.0	0.0	-1.0	1.43563E-16	1.55204E-30	0.0	-0.112646	-0.0704006	0.915	1.0
					/*	6:child_number	*/	0
					/*	6:name	*/	42M-43M,47M半穿式左端-1/2M畸零节间(F1F2型)-1/2M下平联-1/Q4+4J1-1/螺母3-6
					/*	6:type	*/	零件\螺母3.SLDPRT
					/*	6:location	*/	0.866025	0.5	5.41234E-15	0.0	0.5	-0.866025	-9.37444E-15	0.0	-3.03817E-33	1.08247E-14	-1.0	0.0	-0.00464557	0.0795994	0.982	1.0
					/*	6:child_number	*/	0
					/*	6:name	*/	42M-43M,47M半穿式左端-1/2M畸零节间(F1F2型)-1/2M下平联-1/Q4+4J1-1/螺母3-7
					/*	6:type	*/	零件\螺母3.SLDPRT
					/*	6:location	*/	0.866025	0.5	5.41234E-15	0.0	0.5	-0.866025	-9.37444E-15	0.0	-3.03817E-33	1.08247E-14	-1.0	0.0	-0.184646	0.0795994	0.982	1.0
					/*	6:child_number	*/	0
					/*	6:name	*/	42M-43M,47M半穿式左端-1/2M畸零节间(F1F2型)-1/2M下平联-1/Q4+4J1-1/螺母3-8
					/*	6:type	*/	零件\螺母3.SLDPRT
					/*	6:location	*/	0.866025	0.5	5.41234E-15	0.0	0.5	-0.866025	-9.37444E-15	0.0	-3.03817E-33	1.08247E-14	-1.0	0.0	-0.00464557	-0.0204006	0.982	1.0
					/*	6:child_number	*/	0
					/*	6:name	*/	42M-43M,47M半穿式左端-1/2M畸零节间(F1F2型)-1/2M下平联-1/Q4+4J1-1/螺母3-9
					/*	6:type	*/	零件\螺母3.SLDPRT
					/*	6:location	*/	0.866025	0.5	5.41234E-15	0.0	0.5	-0.866025	-9.37444E-15	0.0	-3.03817E-33	1.08247E-14	-1.0	0.0	-0.00464557	-0.120401	0.982	1.0
					/*	6:child_number	*/	0
				/*	5:name	*/	42M-43M,47M半穿式左端-1/2M畸零节间(F1F2型)-1/2M下平联-1/Q4+4J1-2
				/*	5:type	*/	半穿式梁\公共组件\畸零节间\2M畸零节间\带螺栓零件\Q4+4J1.SLDASM
				/*	5:location	*/	-1.66533E-16	-9.4369E-16	-1.0	0.0	9.54792E-15	-1.0	1.02424E-15	0.0	-1.0	-9.60343E-15	1.16039E-16	0.0	0.838127	-0.0286359	-0.994646	1.0
				/*	5:child_number	*/	37
					/*	6:name	*/	42M-43M,47M半穿式左端-1/2M畸零节间(F1F2型)-1/2M下平联-1/Q4+4J1-2/J1_1号联结角钢-1
					/*	6:type	*/	零件\J1_1号联结角钢.SLDPRT
					/*	6:location	*/	-1.0	-7.03865E-32	0.0	0.0	2.33032E-31	1.0	1.08247E-14	0.0	-9.86076E-32	1.08247E-14	-1.0	0.0	0.0363544	-0.165401	0.994	1.0
					/*	6:child_number	*/	0
					/*	6:name	*/	42M-43M,47M半穿式左端-1/2M畸零节间(F1F2型)-1/2M下平联-1/Q4+4J1-2/J1_1号联结角钢-2
					/*	6:type	*/	零件\J1_1号联结角钢.SLDPRT
					/*	6:location	*/	1.0	2.67977E-16	-7.16365E-17	0.0	2.67977E-16	-1.0	-9.60343E-15	0.0	-7.16365E-17	9.60343E-15	-1.0	0.0	-0.225646	0.124599	0.994	1.0
					/*	6:child_number	*/	0
					/*	6:name	*/	42M-43M,47M半穿式左端-1/2M畸零节间(F1F2型)-1/2M下平联-1/Q4+4J1-2/J1_1号联结角钢-3
					/*	6:type	*/	零件\J1_1号联结角钢.SLDPRT
					/*	6:location	*/	-1.0	2.0181E-15	-5.31546E-16	0.0	-2.0181E-15	-1.0	-1.34892E-14	0.0	-5.31546E-16	-1.34892E-14	1.0	0.0	0.0363544	0.124599	-0.994	1.0
					/*	6:child_number	*/	0
					/*	6:name	*/	42M-43M,47M半穿式左端-1/2M畸零节间(F1F2型)-1/2M下平联-1/Q4+4J1-2/J1_1号联结角钢-4
					/*	6:type	*/	零件\J1_1号联结角钢.SLDPRT
					/*	6:location	*/	1.0	7.03865E-32	0.0	0.0	7.03865E-32	1.0	0.0	0.0	0.0	0.0	1.0	0.0	-0.225646	-0.165401	-0.994	1.0
					/*	6:child_number	*/	0
					/*	6:name	*/	42M-43M,47M半穿式左端-1/2M畸零节间(F1F2型)-1/2M下平联-1/Q4+4J1-2/LS3_3号螺栓-1
					/*	6:type	*/	零件\LS3_3号螺栓.SLDPRT
					/*	6:location	*/	-1.28803E-16	-0.897189	0.441647	0.0	6.34043E-17	0.441647	0.897189	0.0	-1.0	1.43563E-16	1.57772E-30	0.0	-0.0576456	0.0795994	0.835	1.0
					/*	6:child_number	*/	0
					/*	6:name	*/	42M-43M,47M半穿式左端-1/2M畸零节间(F1F2型)-1/2M下平联-1/Q4+4J1-2/LS3_3号螺栓-10
					/*	6:type	*/	零件\LS3_3号螺栓.SLDPRT
					/*	6:location	*/	-1.19311E-16	-0.831072	-0.556165	0.0	-7.98449E-17	-0.556165	0.831072	0.0	-1.0	1.43563E-16	1.57772E-30	0.0	-0.0576456	0.0295994	-0.915	1.0
					/*	6:child_number	*/	0
					/*	6:name	*/	42M-43M,47M半穿式左端-1/2M畸零节间(F1F2型)-1/2M下平联-1/Q4+4J1-2/LS3_3号螺栓-17
					/*	6:type	*/	零件\LS3_3号螺栓.SLDPRT
					/*	6:location	*/	0.997812	0.066117	-6.13058E-16	0.0	0.066117	-0.997812	1.05574E-14	0.0	8.63092E-17	-1.05749E-14	-1.0	0.0	-0.00464557	0.0795994	-0.963	1.0
					/*	6:child_number	*/	0
					/*	6:name	*/	42M-43M,47M半穿式左端-1/2M畸零节间(F1F2型)-1/2M下平联-1/Q4+4J1-2/LS3_3号螺栓-18
					/*	6:type	*/	零件\LS3_3号螺栓.SLDPRT
					/*	6:location	*/	0.997812	0.066117	-6.13058E-16	0.0	0.066117	-0.997812	1.05574E-14	0.0	8.63092E-17	-1.05749E-14	-1.0	0.0	-0.00464557	-0.0204006	-0.963	1.0
					/*	6:child_number	*/	0
					/*	6:name	*/	42M-43M,47M半穿式左端-1/2M畸零节间(F1F2型)-1/2M下平联-1/Q4+4J1-2/LS3_3号螺栓-19
					/*	6:type	*/	零件\LS3_3号螺栓.SLDPRT
					/*	6:location	*/	0.997812	0.066117	-6.13058E-16	0.0	0.066117	-0.997812	1.05574E-14	0.0	8.63092E-17	-1.05749E-14	-1.0	0.0	-0.00464557	-0.120401	-0.963	1.0
					/*	6:child_number	*/	0
					/*	6:name	*/	42M-43M,47M半穿式左端-1/2M畸零节间(F1F2型)-1/2M下平联-1/Q4+4J1-2/LS3_3号螺栓-2
					/*	6:type	*/	零件\LS3_3号螺栓.SLDPRT
					/*	6:location	*/	-1.28803E-16	-0.897189	0.441647	0.0	6.34043E-17	0.441647	0.897189	0.0	-1.0	1.43563E-16	1.57772E-30	0.0	-0.0576456	-0.0204006	0.835	1.0
					/*	6:child_number	*/	0
					/*	6:name	*/	42M-43M,47M半穿式左端-1/2M畸零节间(F1F2型)-1/2M下平联-1/Q4+4J1-2/LS3_3号螺栓-20
					/*	6:type	*/	零件\LS3_3号螺栓.SLDPRT
					/*	6:location	*/	0.997812	0.066117	-6.13058E-16	0.0	0.066117	-0.997812	1.05574E-14	0.0	8.63092E-17	-1.05749E-14	-1.0	0.0	-0.184646	0.0795994	-0.963	1.0
					/*	6:child_number	*/	0
					/*	6:name	*/	42M-43M,47M半穿式左端-1/2M畸零节间(F1F2型)-1/2M下平联-1/Q4+4J1-2/LS3_3号螺栓-21
					/*	6:type	*/	零件\LS3_3号螺栓.SLDPRT
					/*	6:location	*/	0.997812	0.066117	-6.13058E-16	0.0	0.066117	-0.997812	1.05574E-14	0.0	8.63092E-17	-1.05749E-14	-1.0	0.0	-0.184646	-0.0204006	-0.963	1.0
					/*	6:child_number	*/	0
					/*	6:name	*/	42M-43M,47M半穿式左端-1/2M畸零节间(F1F2型)-1/2M下平联-1/Q4+4J1-2/LS3_3号螺栓-22
					/*	6:type	*/	零件\LS3_3号螺栓.SLDPRT
					/*	6:location	*/	0.997812	0.066117	-6.13058E-16	0.0	0.066117	-0.997812	1.05574E-14	0.0	8.63092E-17	-1.05749E-14	-1.0	0.0	-0.184646	-0.120401	-0.963	1.0
					/*	6:child_number	*/	0
					/*	6:name	*/	42M-43M,47M半穿式左端-1/2M畸零节间(F1F2型)-1/2M下平联-1/Q4+4J1-2/LS3_3号螺栓-3
					/*	6:type	*/	零件\LS3_3号螺栓.SLDPRT
					/*	6:location	*/	-1.28803E-16	-0.897189	0.441647	0.0	6.34043E-17	0.441647	0.897189	0.0	-1.0	1.43563E-16	1.57772E-30	0.0	-0.0576456	-0.120401	0.835	1.0
					/*	6:child_number	*/	0
					/*	6:name	*/	42M-43M,47M半穿式左端-1/2M畸零节间(F1F2型)-1/2M下平联-1/Q4+4J1-2/LS3_3号螺栓-4
					/*	6:type	*/	零件\LS3_3号螺栓.SLDPRT
					/*	6:location	*/	-1.19311E-16	-0.831072	-0.556165	0.0	-7.98449E-17	-0.556165	0.831072	0.0	-1.0	1.43563E-16	1.57772E-30	0.0	-0.0576456	0.0295994	0.915	1.0
					/*	6:child_number	*/	0
					/*	6:name	*/	42M-43M,47M半穿式左端-1/2M畸零节间(F1F2型)-1/2M下平联-1/Q4+4J1-2/LS3_3号螺栓-5
					/*	6:type	*/	零件\LS3_3号螺栓.SLDPRT
					/*	6:location	*/	-1.19311E-16	-0.831072	-0.556165	0.0	-7.98449E-17	-0.556165	0.831072	0.0	-1.0	1.43563E-16	1.57772E-30	0.0	-0.0576456	-0.0704006	0.915	1.0
					/*	6:child_number	*/	0
					/*	6:name	*/	42M-43M,47M半穿式左端-1/2M畸零节间(F1F2型)-1/2M下平联-1/Q4+4J1-2/LS3_3号螺栓-6
					/*	6:type	*/	零件\LS3_3号螺栓.SLDPRT
					/*	6:location	*/	-1.28803E-16	-0.897189	0.441647	0.0	6.34043E-17	0.441647	0.897189	0.0	-1.0	1.43563E-16	1.57772E-30	0.0	-0.0576456	-0.120401	-0.835	1.0
					/*	6:child_number	*/	0
					/*	6:name	*/	42M-43M,47M半穿式左端-1/2M畸零节间(F1F2型)-1/2M下平联-1/Q4+4J1-2/LS3_3号螺栓-7
					/*	6:type	*/	零件\LS3_3号螺栓.SLDPRT
					/*	6:location	*/	-1.28803E-16	-0.897189	0.441647	0.0	6.34043E-17	0.441647	0.897189	0.0	-1.0	1.43563E-16	1.57772E-30	0.0	-0.0576456	-0.0204006	-0.835	1.0
					/*	6:child_number	*/	0
					/*	6:name	*/	42M-43M,47M半穿式左端-1/2M畸零节间(F1F2型)-1/2M下平联-1/Q4+4J1-2/LS3_3号螺栓-8
					/*	6:type	*/	零件\LS3_3号螺栓.SLDPRT
					/*	6:location	*/	-1.28803E-16	-0.897189	0.441647	0.0	6.34043E-17	0.441647	0.897189	0.0	-1.0	1.43563E-16	1.57772E-30	0.0	-0.0576456	0.0795994	-0.835	1.0
					/*	6:child_number	*/	0
					/*	6:name	*/	42M-43M,47M半穿式左端-1/2M畸零节间(F1F2型)-1/2M下平联-1/Q4+4J1-2/LS3_3号螺栓-9
					/*	6:type	*/	零件\LS3_3号螺栓.SLDPRT
					/*	6:location	*/	-1.19311E-16	-0.831072	-0.556165	0.0	-7.98449E-17	-0.556165	0.831072	0.0	-1.0	1.43563E-16	1.57772E-30	0.0	-0.0576456	-0.0704006	-0.915	1.0
					/*	6:child_number	*/	0
					/*	6:name	*/	42M-43M,47M半穿式左端-1/2M畸零节间(F1F2型)-1/2M下平联-1/Q4+4J1-2/Q4_2M纵梁-1
					/*	6:type	*/	零件\Q4_2M纵梁.SLDPRT
					/*	6:location	*/	1.0	7.03865E-32	0.0	0.0	7.03865E-32	1.0	0.0	0.0	0.0	0.0	1.0	0.0	-0.0946456	-0.0204006	0.0	1.0
					/*	6:child_number	*/	0
					/*	6:name	*/	42M-43M,47M半穿式左端-1/2M畸零节间(F1F2型)-1/2M下平联-1/Q4+4J1-2/螺母3-1
					/*	6:type	*/	零件\螺母3.SLDPRT
					/*	6:location	*/	7.17817E-17	0.5	0.866025	0.0	1.24329E-16	0.866025	-0.5	0.0	-1.0	1.43563E-16	1.57772E-30	0.0	-0.112646	0.0795994	0.835	1.0
					/*	6:child_number	*/	0
					/*	6:name	*/	42M-43M,47M半穿式左端-1/2M畸零节间(F1F2型)-1/2M下平联-1/Q4+4J1-2/螺母3-10
					/*	6:type	*/	零件\螺母3.SLDPRT
					/*	6:location	*/	0.866025	0.5	5.41234E-15	0.0	0.5	-0.866025	-9.37444E-15	0.0	-9.86076E-32	1.08247E-14	-1.0	0.0	-0.184646	-0.0204006	0.982	1.0
					/*	6:child_number	*/	0
					/*	6:name	*/	42M-43M,47M半穿式左端-1/2M畸零节间(F1F2型)-1/2M下平联-1/Q4+4J1-2/螺母3-11
					/*	6:type	*/	零件\螺母3.SLDPRT
					/*	6:location	*/	0.866025	0.5	5.41234E-15	0.0	0.5	-0.866025	-9.37444E-15	0.0	-9.86076E-32	1.08247E-14	-1.0	0.0	-0.184646	-0.120401	0.982	1.0
					/*	6:child_number	*/	0
					/*	6:name	*/	42M-43M,47M半穿式左端-1/2M畸零节间(F1F2型)-1/2M下平联-1/Q4+4J1-2/螺母3-12
					/*	6:type	*/	零件\螺母3.SLDPRT
					/*	6:location	*/	7.17817E-17	0.5	0.866025	0.0	1.24329E-16	0.866025	-0.5	0.0	-1.0	1.43563E-16	1.57772E-30	0.0	-0.112646	-0.120401	-0.835	1.0
					/*	6:child_number	*/	0
					/*	6:name	*/	42M-43M,47M半穿式左端-1/2M畸零节间(F1F2型)-1/2M下平联-1/Q4+4J1-2/螺母3-13
					/*	6:type	*/	零件\螺母3.SLDPRT
					/*	6:location	*/	7.17817E-17	0.5	0.866025	0.0	1.24329E-16	0.866025	-0.5	0.0	-1.0	1.43563E-16	1.57772E-30	0.0	-0.112646	-0.0204006	-0.835	1.0
					/*	6:child_number	*/	0
					/*	6:name	*/	42M-43M,47M半穿式左端-1/2M畸零节间(F1F2型)-1/2M下平联-1/Q4+4J1-2/螺母3-14
					/*	6:type	*/	零件\螺母3.SLDPRT
					/*	6:location	*/	7.17817E-17	0.5	0.866025	0.0	1.24329E-16	0.866025	-0.5	0.0	-1.0	1.43563E-16	1.57772E-30	0.0	-0.112646	0.0795994	-0.835	1.0
					/*	6:child_number	*/	0
					/*	6:name	*/	42M-43M,47M半穿式左端-1/2M畸零节间(F1F2型)-1/2M下平联-1/Q4+4J1-2/螺母3-15
					/*	6:type	*/	零件\螺母3.SLDPRT
					/*	6:location	*/	-1.43563E-16	-1.0	0.0	0.0	1.57772E-30	-2.22045E-16	1.0	0.0	-1.0	1.43563E-16	1.57772E-30	0.0	-0.112646	-0.0704006	-0.915	1.0
					/*	6:child_number	*/	0
					/*	6:name	*/	42M-43M,47M半穿式左端-1/2M畸零节间(F1F2型)-1/2M下平联-1/Q4+4J1-2/螺母3-16
					/*	6:type	*/	零件\螺母3.SLDPRT
					/*	6:location	*/	-1.43563E-16	-1.0	0.0	0.0	1.57772E-30	-2.22045E-16	1.0	0.0	-1.0	1.43563E-16	1.57772E-30	0.0	-0.112646	0.0295994	-0.915	1.0
					/*	6:child_number	*/	0
					/*	6:name	*/	42M-43M,47M半穿式左端-1/2M畸零节间(F1F2型)-1/2M下平联-1/Q4+4J1-2/螺母3-2
					/*	6:type	*/	零件\螺母3.SLDPRT
					/*	6:location	*/	7.17817E-17	0.5	0.866025	0.0	1.24329E-16	0.866025	-0.5	0.0	-1.0	1.43563E-16	1.57772E-30	0.0	-0.112646	-0.0204006	0.835	1.0
					/*	6:child_number	*/	0
					/*	6:name	*/	42M-43M,47M半穿式左端-1/2M畸零节间(F1F2型)-1/2M下平联-1/Q4+4J1-2/螺母3-3
					/*	6:type	*/	零件\螺母3.SLDPRT
					/*	6:location	*/	7.17817E-17	0.5	0.866025	0.0	1.24329E-16	0.866025	-0.5	0.0	-1.0	1.43563E-16	1.57772E-30	0.0	-0.112646	-0.120401	0.835	1.0
					/*	6:child_number	*/	0
					/*	6:name	*/	42M-43M,47M半穿式左端-1/2M畸零节间(F1F2型)-1/2M下平联-1/Q4+4J1-2/螺母3-4
					/*	6:type	*/	零件\螺母3.SLDPRT
					/*	6:location	*/	-1.43563E-16	-1.0	0.0	0.0	1.57772E-30	-2.22045E-16	1.0	0.0	-1.0	1.43563E-16	1.57772E-30	0.0	-0.112646	0.0295994	0.915	1.0
					/*	6:child_number	*/	0
					/*	6:name	*/	42M-43M,47M半穿式左端-1/2M畸零节间(F1F2型)-1/2M下平联-1/Q4+4J1-2/螺母3-5
					/*	6:type	*/	零件\螺母3.SLDPRT
					/*	6:location	*/	-1.43563E-16	-1.0	0.0	0.0	1.57772E-30	-2.22045E-16	1.0	0.0	-1.0	1.43563E-16	1.57772E-30	0.0	-0.112646	-0.0704006	0.915	1.0
					/*	6:child_number	*/	0
					/*	6:name	*/	42M-43M,47M半穿式左端-1/2M畸零节间(F1F2型)-1/2M下平联-1/Q4+4J1-2/螺母3-6
					/*	6:type	*/	零件\螺母3.SLDPRT
					/*	6:location	*/	0.866025	0.5	5.41234E-15	0.0	0.5	-0.866025	-9.37444E-15	0.0	-9.86076E-32	1.08247E-14	-1.0	0.0	-0.00464557	0.0795994	0.982	1.0
					/*	6:child_number	*/	0
					/*	6:name	*/	42M-43M,47M半穿式左端-1/2M畸零节间(F1F2型)-1/2M下平联-1/Q4+4J1-2/螺母3-7
					/*	6:type	*/	零件\螺母3.SLDPRT
					/*	6:location	*/	0.866025	0.5	5.41234E-15	0.0	0.5	-0.866025	-9.37444E-15	0.0	-9.86076E-32	1.08247E-14	-1.0	0.0	-0.184646	0.0795994	0.982	1.0
					/*	6:child_number	*/	0
					/*	6:name	*/	42M-43M,47M半穿式左端-1/2M畸零节间(F1F2型)-1/2M下平联-1/Q4+4J1-2/螺母3-8
					/*	6:type	*/	零件\螺母3.SLDPRT
					/*	6:location	*/	0.866025	0.5	5.41234E-15	0.0	0.5	-0.866025	-9.37444E-15	0.0	-9.86076E-32	1.08247E-14	-1.0	0.0	-0.00464557	-0.0204006	0.982	1.0
					/*	6:child_number	*/	0
					/*	6:name	*/	42M-43M,47M半穿式左端-1/2M畸零节间(F1F2型)-1/2M下平联-1/Q4+4J1-2/螺母3-9
					/*	6:type	*/	零件\螺母3.SLDPRT
					/*	6:location	*/	0.866025	0.5	5.41234E-15	0.0	0.5	-0.866025	-9.37444E-15	0.0	-9.86076E-32	1.08247E-14	-1.0	0.0	-0.00464557	-0.120401	0.982	1.0
					/*	6:child_number	*/	0
				/*	5:name	*/	42M-43M,47M半穿式左端-1/2M畸零节间(F1F2型)-1/2M下平联-1/螺母3-1
				/*	5:type	*/	零件\螺母3.SLDPRT
				/*	5:location	*/	0.361716	5.17524E-17	-0.932288	0.0	0.932288	-2.00793E-17	0.361716	0.0	-5.55112E-17	-1.0	2.50378E-17	0.0	1.68388	-0.209235	2.29611	1.0
				/*	5:child_number	*/	0
				/*	5:name	*/	42M-43M,47M半穿式左端-1/2M畸零节间(F1F2型)-1/2M下平联-1/螺母3-2
				/*	5:type	*/	零件\螺母3.SLDPRT
				/*	5:location	*/	0.988243	8.48702E-18	-0.152889	0.0	0.152889	-5.48585E-17	0.988243	0.0	-5.55112E-17	-1.0	2.50378E-17	0.0	1.74026	-0.209235	2.36626	1.0
				/*	5:child_number	*/	0
				/*	5:name	*/	42M-43M,47M半穿式左端-1/2M畸零节间(F1F2型)-1/2M下平联-1/螺母3-3
				/*	5:type	*/	零件\螺母3.SLDPRT
				/*	5:location	*/	0.361716	-3.08354E-16	0.932288	0.0	-0.932288	-3.89734E-16	0.361716	0.0	2.51808E-16	-1.0	-4.28448E-16	0.0	1.74026	-0.209235	-2.36626	1.0
				/*	5:child_number	*/	0
				/*	5:name	*/	42M-43M,47M半穿式左端-1/2M畸零节间(F1F2型)-1/2M下平联-1/螺母3-4
				/*	5:type	*/	零件\螺母3.SLDPRT
				/*	5:location	*/	0.932288	-3.02909E-16	-0.361716	0.0	0.361716	-3.11389E-16	0.932288	0.0	-3.95033E-16	-1.0	-1.80737E-16	0.0	1.68388	-0.209235	-2.29611	1.0
				/*	5:child_number	*/	0
				/*	5:name	*/	42M-43M,47M半穿式左端-1/2M畸零节间(F1F2型)-1/2M下平联-1/螺母3-5
				/*	5:type	*/	零件\螺母3.SLDPRT
				/*	5:location	*/	1.0	-1.03094E-15	-5.24272E-17	0.0	-3.08395E-18	4.21687E-16	1.0	0.0	-1.03094E-15	-1.0	4.21687E-16	0.0	-0.259611	-0.363235	-2.36641	1.0
				/*	5:child_number	*/	0
				/*	5:name	*/	42M-43M,47M半穿式左端-1/2M畸零节间(F1F2型)-1/2M下平联-1/螺母3-6
				/*	5:type	*/	零件\螺母3.SLDPRT
				/*	5:location	*/	1.0	0.0	0.0	0.0	0.0	-4.84298E-32	1.0	0.0	0.0	-1.0	1.14762E-32	0.0	-0.259611	-0.363235	2.36641	1.0
				/*	5:child_number	*/	0
			/*	4:name	*/	42M-43M,47M半穿式左端-1/2M畸零节间(F1F2型)-1/2M畸零节间(右单片)(F1F2型)-1
			/*	4:type	*/	半穿式梁\公共组件\畸零节间\2M畸零节间\2M畸零节间(左)\2M畸零节间(右单片)(F1F2型).SLDASM
			/*	4:location	*/	1.0	0.0	-2.79719E-33	0.0	0.0	1.0	0.0	0.0	-2.79719E-33	0.0	1.0	0.0	0.753957	0.20673	-0.1775	1.0
			/*	4:child_number	*/	10
				/*	5:name	*/	42M-43M,47M半穿式左端-1/2M畸零节间(F1F2型)-1/2M畸零节间(右单片)(F1F2型)-1/25c(内B1)-1
				/*	5:type	*/	半穿式梁\公共组件\畸零节间\2M畸零节间\带螺栓零件\25c(内B1).SLDASM
				/*	5:location	*/	-4.19346E-16	1.0	-2.47719E-15	0.0	-1.06935E-15	2.47719E-15	1.0	0.0	1.0	4.19346E-16	1.06935E-15	0.0	-0.510355	-0.825059	2.15202	1.0
				/*	5:child_number	*/	9
					/*	6:name	*/	42M-43M,47M半穿式左端-1/2M畸零节间(F1F2型)-1/2M畸零节间(右单片)(F1F2型)-1/25c(内B1)-1/B1_节点板-1
					/*	6:type	*/	零件\B1_节点板.SLDPRT
					/*	6:location	*/	1.0	0.0	0.0	0.0	0.0	1.0	-6.73376E-32	0.0	0.0	-6.73376E-32	1.0	0.0	-0.481182	-0.0495202	-0.008	1.0
					/*	6:child_number	*/	0
					/*	6:name	*/	42M-43M,47M半穿式左端-1/2M畸零节间(F1F2型)-1/2M畸零节间(右单片)(F1F2型)-1/25c(内B1)-1/LS2_2号螺栓-45
					/*	6:type	*/	零件\LS2_2号螺栓.SLDPRT
					/*	6:location	*/	0.441647	0.897189	-1.47911E-31	0.0	0.897189	-0.441647	-9.86076E-32	0.0	2.95823E-31	4.61768E-31	-1.0	0.0	0.167143	0.29048	0.027	1.0
					/*	6:child_number	*/	0
					/*	6:name	*/	42M-43M,47M半穿式左端-1/2M畸零节间(F1F2型)-1/2M畸零节间(右单片)(F1F2型)-1/25c(内B1)-1/LS2_2号螺栓-46
					/*	6:type	*/	零件\LS2_2号螺栓.SLDPRT
					/*	6:location	*/	0.441647	0.897189	-1.47911E-31	0.0	0.897189	-0.441647	-9.86076E-32	0.0	2.95823E-31	4.61768E-31	-1.0	0.0	-0.352857	0.29048	0.027	1.0
					/*	6:child_number	*/	0
					/*	6:name	*/	42M-43M,47M半穿式左端-1/2M畸零节间(F1F2型)-1/2M畸零节间(右单片)(F1F2型)-1/25c(内B1)-1/LS2_2号螺栓-55
					/*	6:type	*/	零件\LS2_2号螺栓.SLDPRT
					/*	6:location	*/	0.441647	0.897189	-1.47911E-31	0.0	0.897189	-0.441647	-9.86076E-32	0.0	2.95823E-31	4.61768E-31	-1.0	0.0	0.167143	0.10048	0.027	1.0
					/*	6:child_number	*/	0
					/*	6:name	*/	42M-43M,47M半穿式左端-1/2M畸零节间(F1F2型)-1/2M畸零节间(右单片)(F1F2型)-1/25c(内B1)-1/LS2_2号螺栓-57
					/*	6:type	*/	零件\LS2_2号螺栓.SLDPRT
					/*	6:location	*/	0.441647	0.897189	-1.47911E-31	0.0	0.897189	-0.441647	-9.86076E-32	0.0	2.95823E-31	4.61768E-31	-1.0	0.0	-0.352857	0.10048	0.027	1.0
					/*	6:child_number	*/	0
					/*	6:name	*/	42M-43M,47M半穿式左端-1/2M畸零节间(F1F2型)-1/2M畸零节间(右单片)(F1F2型)-1/25c(内B1)-1/LS2_2号螺栓-76
					/*	6:type	*/	零件\LS2_2号螺栓.SLDPRT
