È«ÐÎÖÛÔ¤Æ´
È«ÐÎÖÛÔ¤Æ´.SLDASM
1.0	0.0	0.0	0.0	0.0	1.0	0.0	0.0	0.0	0.0	1.0	0.0	0.0	0.0	0.0	1.0
322
	±ê×¼ÖÛ½Ú-2
	±ê×¼ÖÛ½Ú.SLDASM
	-1.0	0.0	0.0	0.0	0.0	1.0	2.46519E-32	0.0	-6.56376E-18	-1.66404E-16	-1.0	0.0	7.74123	-0.903937	3.20024	1.0
	5
		±ê×¼ÖÛ½Ú-2/¶¡¹³-6
		¶¡¹³.SLDPRT
		-0.999223	-0.0394141	0.0	0.0	0.0394141	-0.999223	0.0	0.0	0.0	0.0	1.0	0.0	-4.60843	-0.221773	-0.712089	1.0
		0

		±ê×¼ÖÛ½Ú-2/±û¹³1-3
		±û¹³1.SLDPRT
		0.999225	-0.039366	0.0	0.0	0.039366	0.999225	0.0	0.0	0.0	0.0	1.0	0.0	4.26345	-0.271734	-0.712479	1.0
		0

		±ê×¼ÖÛ½Ú-2/¶¡¹³-5
		¶¡¹³.SLDPRT
		0.999225	-0.039366	0.0	0.0	0.039366	0.999225	0.0	0.0	0.0	0.0	1.0	0.0	4.26345	-0.271734	0.711704	1.0
		0

		±ê×¼ÖÛ½Ú-2/±û¹³1-4
		±û¹³1.SLDPRT
		-0.999223	-0.0394141	0.0	0.0	0.0394141	-0.999223	0.0	0.0	0.0	0.0	1.0	0.0	-4.60843	-0.221773	0.712264	1.0
		0

		±ê×¼ÖÛ½Ú-2/±ê×¼ÖÛ½Ú-1-1
		±ê×¼ÖÛ½Ú-1.SLDPRT
		1.0	0.0	0.0	0.0	0.0	1.0	0.0	0.0	0.0	0.0	1.0	0.0	-4.67155	0.553266	0.0	1.0
		0


	·ÖË®½Ú-3
	·ÖË®½Ú.SLDPRT
	-1.0	-1.87767E-32	-5.55112E-17	0.0	-1.14303E-31	1.0	-1.66404E-16	0.0	5.55112E-17	-1.66404E-16	-1.0	0.0	-5.58723	-1.17567	3.20024	1.0
	0

	±ê×¼ÖÛ½Ú-1
	±ê×¼ÖÛ½Ú.SLDASM
	-1.0	0.0	0.0	0.0	0.0	1.0	2.46519E-32	0.0	-6.56376E-18	-1.66404E-16	-1.0	0.0	-1.25877	-0.903937	3.20024	1.0
	5
		±ê×¼ÖÛ½Ú-1/¶¡¹³-6
		¶¡¹³.SLDPRT
		-0.999223	-0.0394141	0.0	0.0	0.0394141	-0.999223	0.0	0.0	0.0	0.0	1.0	0.0	-4.60843	-0.221773	-0.712089	1.0
		0

		±ê×¼ÖÛ½Ú-1/±û¹³1-3
		±û¹³1.SLDPRT
		0.999225	-0.039366	0.0	0.0	0.039366	0.999225	0.0	0.0	0.0	0.0	1.0	0.0	4.26345	-0.271734	-0.712479	1.0
		0

		±ê×¼ÖÛ½Ú-1/¶¡¹³-5
		¶¡¹³.SLDPRT
		0.999225	-0.039366	0.0	0.0	0.039366	0.999225	0.0	0.0	0.0	0.0	1.0	0.0	4.26345	-0.271734	0.711704	1.0
		0

		±ê×¼ÖÛ½Ú-1/±û¹³1-4
		±û¹³1.SLDPRT
		-0.999223	-0.0394141	0.0	0.0	0.0394141	-0.999223	0.0	0.0	0.0	0.0	1.0	0.0	-4.60843	-0.221773	0.712264	1.0
		0

		±ê×¼ÖÛ½Ú-1/±ê×¼ÖÛ½Ú-1-1
		±ê×¼ÖÛ½Ú-1.SLDPRT
		1.0	0.0	0.0	0.0	0.0	1.0	0.0	0.0	0.0	0.0	1.0	0.0	-4.67155	0.553266	0.0	1.0
		0


	M22x80-2
	M22x80.SLDPRT
	-1.0	-1.11022E-16	-3.08149E-33	0.0	-1.11022E-16	1.0	1.82063E-16	0.0	-6.56376E-18	1.56593E-17	-1.0	0.0	12.4376	0.394329	2.39024	1.0
	0

	µæÈ¦M22-1
	µæÈ¦M22.SLDPRT
	1.0	2.22045E-16	6.93335E-33	0.0	8.32667E-17	-0.381849	-0.924225	0.0	-1.66533E-16	0.924225	-0.381849	0.0	12.402	0.394329	2.39024	1.0
	0

	À­½ôÂÝË¨-1
	À­½ôÂÝË¨.SLDPRT
	2.22045E-16	-0.998604	-0.0528182	0.0	-1.38778E-17	0.0528182	-0.998604	0.0	1.0	2.22045E-16	2.31112E-33	0.0	12.2666	0.394329	2.20024	1.0
	0

	M22ÂÝÄ¸-2
	M22ÂÝÄ¸.SLDPRT
	6.56376E-18	-1.56593E-17	1.0	0.0	-3.88578E-16	1.0	1.82063E-16	0.0	-1.0	-3.88578E-16	-8.47409E-33	0.0	12.3786	0.394329	2.39024	1.0
	0

	M22x80-33
	M22x80.SLDPRT
	-1.0	-1.11022E-16	-3.08149E-33	0.0	-1.11022E-16	1.0	1.82063E-16	0.0	-6.56376E-18	1.56593E-17	-1.0	0.0	12.4376	0.394329	2.66024	1.0
	0

	M22x80-36
	M22x80.SLDPRT
	-1.0	-1.11022E-16	-3.08149E-33	0.0	-1.11022E-16	1.0	1.82063E-16	0.0	-6.56376E-18	1.56593E-17	-1.0	0.0	12.437	0.394329	2.80024	1.0
	0

	M22x80-39
	M22x80.SLDPRT
	-1.0	-1.11022E-16	-3.08149E-33	0.0	-1.11022E-16	1.0	1.82063E-16	0.0	-6.56376E-18	1.56593E-17	-1.0	0.0	12.437	0.394329	2.97524	1.0
	0

	M22x80-42
	M22x80.SLDPRT
	-1.0	-1.11022E-16	-3.08149E-33	0.0	-1.11022E-16	1.0	1.82063E-16	0.0	-6.56376E-18	1.56593E-17	-1.0	0.0	12.437	0.394329	3.10024	1.0
	0

	M22x80-45
	M22x80.SLDPRT
	-1.0	-1.11022E-16	-3.08149E-33	0.0	-1.11022E-16	1.0	1.82063E-16	0.0	-6.56376E-18	1.56593E-17	-1.0	0.0	12.437	0.394329	3.30024	1.0
	0

	M22x80-48
	M22x80.SLDPRT
	-1.0	-1.11022E-16	-3.08149E-33	0.0	-1.11022E-16	1.0	1.82063E-16	0.0	-6.56376E-18	1.56593E-17	-1.0	0.0	12.437	0.394329	3.42524	1.0
	0

	M22x80-51
	M22x80.SLDPRT
	-1.0	-1.11022E-16	-3.08149E-33	0.0	-1.11022E-16	1.0	1.82063E-16	0.0	-6.56376E-18	1.56593E-17	-1.0	0.0	12.437	0.394329	3.60024	1.0
	0

	M22x80-54
	M22x80.SLDPRT
	-1.0	-1.11022E-16	-3.08149E-33	0.0	-1.11022E-16	1.0	1.82063E-16	0.0	-6.56376E-18	1.56593E-17	-1.0	0.0	12.4376	0.394329	3.74024	1.0
	0

	M22x80-57
	M22x80.SLDPRT
	-1.0	-1.11022E-16	-3.08149E-33	0.0	-1.11022E-16	1.0	1.82063E-16	0.0	-6.56376E-18	1.56593E-17	-1.0	0.0	12.4376	0.394329	4.01024	1.0
	0

	µæÈ¦M22-2
	µæÈ¦M22.SLDPRT
	1.0	2.22045E-16	6.93335E-33	0.0	8.32667E-17	-0.381849	-0.924225	0.0	-1.66533E-16	0.924225	-0.381849	0.0	12.402	0.394329	2.66024	1.0
	0

	À­½ôÂÝË¨-2
	À­½ôÂÝË¨.SLDPRT
	-6.56376E-18	1.56593E-17	-1.0	0.0	-3.88578E-16	1.0	1.82063E-16	0.0	1.0	3.88578E-16	7.70372E-33	0.0	12.2666	0.394329	4.20024	1.0
	0

	µæÈ¦M22-3
	µæÈ¦M22.SLDPRT
	1.0	2.22045E-16	6.93335E-33	0.0	8.32667E-17	-0.381849	-0.924225	0.0	-1.66533E-16	0.924225	-0.381849	0.0	12.4025	0.394329	2.80024	1.0
	0

	M22ÂÝÄ¸-3
	M22ÂÝÄ¸.SLDPRT
	6.56376E-18	-1.56593E-17	1.0	0.0	-3.88578E-16	1.0	1.82063E-16	0.0	-1.0	-3.88578E-16	-8.47409E-33	0.0	12.3786	0.394329	2.66024	1.0
	0

	µæÈ¦M22-4
	µæÈ¦M22.SLDPRT
	1.0	2.22045E-16	6.93335E-33	0.0	8.32667E-17	-0.381849	-0.924225	0.0	-1.66533E-16	0.924225	-0.381849	0.0	12.4025	0.394329	2.97524	1.0
	0

	M22ÂÝÄ¸-4
	M22ÂÝÄ¸.SLDPRT
	6.56376E-18	-1.56593E-17	1.0	0.0	-3.88578E-16	1.0	1.82063E-16	0.0	-1.0	-3.88578E-16	-8.47409E-33	0.0	12.3791	0.394329	2.80024	1.0
	0

	M22ÂÝÄ¸-7
	M22ÂÝÄ¸.SLDPRT
	6.56376E-18	-1.56593E-17	1.0	0.0	-3.88578E-16	1.0	1.82063E-16	0.0	-1.0	-3.88578E-16	-8.47409E-33	0.0	12.3791	0.394329	2.97524	1.0
	0

	µæÈ¦M22-5
	µæÈ¦M22.SLDPRT
	1.0	2.22045E-16	6.93335E-33	0.0	8.32667E-17	-0.381849	-0.924225	0.0	-1.66533E-16	0.924225	-0.381849	0.0	12.4025	0.394329	3.10024	1.0
	0

	µæÈ¦M22-6
	µæÈ¦M22.SLDPRT
	1.0	2.22045E-16	6.93335E-33	0.0	8.32667E-17	-0.381849	-0.924225	0.0	-1.66533E-16	0.924225	-0.381849	0.0	12.4025	0.394329	3.30024	1.0
	0

	M22ÂÝÄ¸-8
	M22ÂÝÄ¸.SLDPRT
	6.56376E-18	-1.56593E-17	1.0	0.0	-3.88578E-16	1.0	1.82063E-16	0.0	-1.0	-3.88578E-16	-8.47409E-33	0.0	12.3791	0.394329	3.10024	1.0
	0

	µæÈ¦M22-7
	µæÈ¦M22.SLDPRT
	1.0	2.22045E-16	6.93335E-33	0.0	8.32667E-17	-0.381849	-0.924225	0.0	-1.66533E-16	0.924225	-0.381849	0.0	12.4025	0.394329	3.42524	1.0
	0

	M22ÂÝÄ¸-9
	M22ÂÝÄ¸.SLDPRT
	6.56376E-18	-1.56593E-17	1.0	0.0	-3.88578E-16	1.0	1.82063E-16	0.0	-1.0	-3.88578E-16	-8.47409E-33	0.0	12.3791	0.394329	3.30024	1.0
	0

	M22ÂÝÄ¸-10
	M22ÂÝÄ¸.SLDPRT
	6.56376E-18	-1.56593E-17	1.0	0.0	-3.88578E-16	1.0	1.82063E-16	0.0	-1.0	-3.88578E-16	-8.47409E-33	0.0	12.3791	0.394329	3.42524	1.0
	0

	µæÈ¦M22-9
	µæÈ¦M22.SLDPRT
	1.0	2.22045E-16	6.93335E-33	0.0	8.32667E-17	-0.381849	-0.924225	0.0	-1.66533E-16	0.924225	-0.381849	0.0	12.402	0.394329	3.74024	1.0
	0

	µæÈ¦M22-8
	µæÈ¦M22.SLDPRT
	1.0	2.22045E-16	6.93335E-33	0.0	8.32667E-17	-0.381849	-0.924225	0.0	-1.66533E-16	0.924225	-0.381849	0.0	12.4025	0.394329	3.60024	1.0
	0

	M22ÂÝÄ¸-11
	M22ÂÝÄ¸.SLDPRT
	6.56376E-18	-1.56593E-17	1.0	0.0	-3.88578E-16	1.0	1.82063E-16	0.0	-1.0	-3.88578E-16	-8.47409E-33	0.0	12.3791	0.394329	3.60024	1.0
	0

	µæÈ¦M22-10
	µæÈ¦M22.SLDPRT
	1.0	2.22045E-16	6.93335E-33	0.0	8.32667E-17	-0.381849	-0.924225	0.0	-1.66533E-16	0.924225	-0.381849	0.0	12.402	0.394329	4.01024	1.0
	0

	M22ÂÝÄ¸-12
	M22ÂÝÄ¸.SLDPRT
	6.56376E-18	-1.56593E-17	1.0	0.0	-3.88578E-16	1.0	1.82063E-16	0.0	-1.0	-3.88578E-16	-8.47409E-33	0.0	12.3786	0.394329	3.74024	1.0
	0

	M22ÂÝÄ¸-14
	M22ÂÝÄ¸.SLDPRT
	6.56376E-18	-1.56593E-17	1.0	0.0	-3.88578E-16	1.0	1.82063E-16	0.0	-1.0	-3.88578E-16	-8.47409E-33	0.0	3.37858	0.394329	4.01024	1.0
	0

	M22ÂÝÄ¸-13
	M22ÂÝÄ¸.SLDPRT
	6.56376E-18	-1.56593E-17	1.0	0.0	-3.88578E-16	1.0	1.82063E-16	0.0	-1.0	-3.88578E-16	-8.47409E-33	0.0	12.3786	0.394329	4.01024	1.0
	0

	M22ÂÝÄ¸-15
	M22ÂÝÄ¸.SLDPRT
	6.56376E-18	-1.56593E-17	1.0	0.0	-3.88578E-16	1.0	1.82063E-16	0.0	-1.0	-3.88578E-16	-8.47409E-33	0.0	-5.62142	0.394329	4.01024	1.0
	0

	M22ÂÝÄ¸-16
	M22ÂÝÄ¸.SLDPRT
	6.56376E-18	-1.56593E-17	1.0	0.0	-3.88578E-16	1.0	1.82063E-16	0.0	-1.0	-3.88578E-16	-8.47409E-33	0.0	3.37858	0.394329	3.74024	1.0
	0

	M22ÂÝÄ¸-17
	M22ÂÝÄ¸.SLDPRT
	6.56376E-18	-1.56593E-17	1.0	0.0	-3.88578E-16	1.0	1.82063E-16	0.0	-1.0	-3.88578E-16	-8.47409E-33	0.0	-5.62142	0.394329	3.74024	1.0
	0

	M22ÂÝÄ¸-18
	M22ÂÝÄ¸.SLDPRT
	6.56376E-18	-1.56593E-17	1.0	0.0	-3.88578E-16	1.0	1.82063E-16	0.0	-1.0	-3.88578E-16	-8.47409E-33	0.0	3.37913	0.394329	3.60024	1.0
	0

	M22ÂÝÄ¸-19
	M22ÂÝÄ¸.SLDPRT
	6.56376E-18	-1.56593E-17	1.0	0.0	-3.88578E-16	1.0	1.82063E-16	0.0	-1.0	-3.88578E-16	-8.47409E-33	0.0	-5.62087	0.394329	3.60024	1.0
	0

	µæÈ¦M22-11
	µæÈ¦M22.SLDPRT
	1.0	2.22045E-16	6.93335E-33	0.0	8.32667E-17	-0.381849	-0.924225	0.0	-1.66533E-16	0.924225	-0.381849	0.0	3.40198	0.394329	4.01024	1.0
	0

	µæÈ¦M22-12
	µæÈ¦M22.SLDPRT
	1.0	2.22045E-16	6.93335E-33	0.0	8.32667E-17	-0.381849	-0.924225	0.0	-1.66533E-16	0.924225	-0.381849	0.0	-5.59802	0.394329	4.01024	1.0
	0

	µæÈ¦M22-14
	µæÈ¦M22.SLDPRT
	1.0	2.22045E-16	6.93335E-33	0.0	8.32667E-17	-0.381849	-0.924225	0.0	-1.66533E-16	0.924225	-0.381849	0.0	-5.59802	0.394329	3.74024	1.0
	0

	µæÈ¦M22-13
	µæÈ¦M22.SLDPRT
	1.0	2.22045E-16	6.93335E-33	0.0	8.32667E-17	-0.381849	-0.924225	0.0	-1.66533E-16	0.924225	-0.381849	0.0	3.40198	0.394329	3.74024	1.0
	0

	µæÈ¦M22-15
	µæÈ¦M22.SLDPRT
	1.0	2.22045E-16	6.93335E-33	0.0	8.32667E-17	-0.381849	-0.924225	0.0	-1.66533E-16	0.924225	-0.381849	0.0	3.40253	0.394329	3.60024	1.0
	0

	M22ÂÝÄ¸-20
	M22ÂÝÄ¸.SLDPRT
	6.56376E-18	-1.56593E-17	1.0	0.0	-3.88578E-16	1.0	1.82063E-16	0.0	-1.0	-3.88578E-16	-8.47409E-33	0.0	3.37913	0.394329	3.42524	1.0
	0

	µæÈ¦M22-16
	µæÈ¦M22.SLDPRT
	1.0	2.22045E-16	6.93335E-33	0.0	8.32667E-17	-0.381849	-0.924225	0.0	-1.66533E-16	0.924225	-0.381849	0.0	-5.59747	0.394329	3.60024	1.0
	0

	M22ÂÝÄ¸-21
	M22ÂÝÄ¸.SLDPRT
	6.56376E-18	-1.56593E-17	1.0	0.0	-3.88578E-16	1.0	1.82063E-16	0.0	-1.0	-3.88578E-16	-8.47409E-33	0.0	-5.62087	0.394329	3.42524	1.0
	0

	M22ÂÝÄ¸-22
	M22ÂÝÄ¸.SLDPRT
	6.56376E-18	-1.56593E-17	1.0	0.0	-3.88578E-16	1.0	1.82063E-16	0.0	-1.0	-3.88578E-16	-8.47409E-33	0.0	3.37913	0.394329	3.30024	1.0
	0

	M22ÂÝÄ¸-23
	M22ÂÝÄ¸.SLDPRT
	6.56376E-18	-1.56593E-17	1.0	0.0	-3.88578E-16	1.0	1.82063E-16	0.0	-1.0	-3.88578E-16	-8.47409E-33	0.0	-5.62087	0.394329	3.30024	1.0
	0

	µæÈ¦M22-17
	µæÈ¦M22.SLDPRT
	1.0	2.22045E-16	6.93335E-33	0.0	8.32667E-17	-0.381849	-0.924225	0.0	-1.66533E-16	0.924225	-0.381849	0.0	3.40253	0.394329	3.42524	1.0
	0

	µæÈ¦M22-18
	µæÈ¦M22.SLDPRT
	1.0	2.22045E-16	6.93335E-33	0.0	8.32667E-17	-0.381849	-0.924225	0.0	-1.66533E-16	0.924225	-0.381849	0.0	-5.59747	0.394329	3.42524	1.0
	0

	µæÈ¦M22-20
	µæÈ¦M22.SLDPRT
	1.0	2.22045E-16	6.93335E-33	0.0	8.32667E-17	-0.381849	-0.924225	0.0	-1.66533E-16	0.924225	-0.381849	0.0	-5.59747	0.394329	3.30024	1.0
	0

	µæÈ¦M22-19
	µæÈ¦M22.SLDPRT
	1.0	2.22045E-16	6.93335E-33	0.0	8.32667E-17	-0.381849	-0.924225	0.0	-1.66533E-16	0.924225	-0.381849	0.0	3.40253	0.394329	3.30024	1.0
	0

	M22ÂÝÄ¸-24
	M22ÂÝÄ¸.SLDPRT
	6.56376E-18	-1.56593E-17	1.0	0.0	-3.88578E-16	1.0	1.82063E-16	0.0	-1.0	-3.88578E-16	-8.47409E-33	0.0	3.37913	0.394329	3.10024	1.0
	0

	M22ÂÝÄ¸-25
	M22ÂÝÄ¸.SLDPRT
	6.56376E-18	-1.56593E-17	1.0	0.0	-3.88578E-16	1.0	1.82063E-16	0.0	-1.0	-3.88578E-16	-8.47409E-33	0.0	-5.62087	0.394329	3.10024	1.0
	0

	µæÈ¦M22-21
	µæÈ¦M22.SLDPRT
	1.0	2.22045E-16	6.93335E-33	0.0	8.32667E-17	-0.381849	-0.924225	0.0	-1.66533E-16	0.924225	-0.381849	0.0	3.40253	0.394329	3.10024	1.0
	0

	µæÈ¦M22-22
	µæÈ¦M22.SLDPRT
	1.0	2.22045E-16	6.93335E-33	0.0	8.32667E-17	-0.381849	-0.924225	0.0	-1.66533E-16	0.924225	-0.381849	0.0	-5.59747	0.394329	3.10024	1.0
	0

	M22ÂÝÄ¸-26
	M22ÂÝÄ¸.SLDPRT
	6.56376E-18	-1.56593E-17	1.0	0.0	-3.88578E-16	1.0	1.82063E-16	0.0	-1.0	-3.88578E-16	-8.47409E-33	0.0	3.37913	0.394329	2.97524	1.0
	0

	M22ÂÝÄ¸-27
	M22ÂÝÄ¸.SLDPRT
	6.56376E-18	-1.56593E-17	1.0	0.0	-3.88578E-16	1.0	1.82063E-16	0.0	-1.0	-3.88578E-16	-8.47409E-33	0.0	-5.62087	0.394329	2.97524	1.0
	0

	M22ÂÝÄ¸-28
	M22ÂÝÄ¸.SLDPRT
	6.56376E-18	-1.56593E-17	1.0	0.0	-3.88578E-16	1.0	1.82063E-16	0.0	-1.0	-3.88578E-16	-8.47409E-33	0.0	3.37913	0.394329	2.80024	1.0
	0

	M22ÂÝÄ¸-29
	M22ÂÝÄ¸.SLDPRT
	6.56376E-18	-1.56593E-17	1.0	0.0	-3.88578E-16	1.0	1.82063E-16	0.0	-1.0	-3.88578E-16	-8.47409E-33	0.0	-5.62087	0.394329	2.80024	1.0
	0

	µæÈ¦M22-23
	µæÈ¦M22.SLDPRT
	1.0	2.22045E-16	6.93335E-33	0.0	8.32667E-17	-0.381849	-0.924225	0.0	-1.66533E-16	0.924225	-0.381849	0.0	3.40253	0.394329	2.97524	1.0
	0

	µæÈ¦M22-25
	µæÈ¦M22.SLDPRT
	1.0	2.22045E-16	6.93335E-33	0.0	8.32667E-17	-0.381849	-0.924225	0.0	-1.66533E-16	0.924225	-0.381849	0.0	3.40253	0.394329	2.80024	1.0
	0

	µæÈ¦M22-24
	µæÈ¦M22.SLDPRT
	1.0	2.22045E-16	6.93335E-33	0.0	8.32667E-17	-0.381849	-0.924225	0.0	-1.66533E-16	0.924225	-0.381849	0.0	-5.59747	0.394329	2.97524	1.0
	0

	µæÈ¦M22-26
	µæÈ¦M22.SLDPRT
	1.0	2.22045E-16	6.93335E-33	0.0	8.32667E-17	-0.381849	-0.924225	0.0	-1.66533E-16	0.924225	-0.381849	0.0	-5.59747	0.394329	2.80024	1.0
	0

	M22ÂÝÄ¸-30
	M22ÂÝÄ¸.SLDPRT
	6.56376E-18	-1.56593E-17	1.0	0.0	-3.88578E-16	1.0	1.82063E-16	0.0	-1.0	-3.88578E-16	-8.47409E-33	0.0	3.37858	0.394329	2.66024	1.0
	0

	M22ÂÝÄ¸-31
	M22ÂÝÄ¸.SLDPRT
	6.56376E-18	-1.56593E-17	1.0	0.0	-3.88578E-16	1.0	1.82063E-16	0.0	-1.0	-3.88578E-16	-8.47409E-33	0.0	-5.62142	0.394329	2.66024	1.0
	0

	µæÈ¦M22-27
	µæÈ¦M22.SLDPRT
	1.0	2.22045E-16	6.93335E-33	0.0	8.32667E-17	-0.381849	-0.924225	0.0	-1.66533E-16	0.924225	-0.381849	0.0	3.40198	0.394329	2.66024	1.0
	0

	À­½ôÂÝË¨-3
	À­½ôÂÝË¨.SLDPRT
	-6.56376E-18	1.56593E-17	-1.0	0.0	-3.88578E-16	1.0	1.82063E-16	0.0	1.0	3.88578E-16	7.70372E-33	0.0	3.26657	0.394329	4.20024	1.0
	0

	µæÈ¦M22-28
	µæÈ¦M22.SLDPRT
	1.0	2.22045E-16	6.93335E-33	0.0	8.32667E-17	-0.381849	-0.924225	0.0	-1.66533E-16	0.924225	-0.381849	0.0	-5.59802	0.394329	2.66024	1.0
	0

	M22x80-58
	M22x80.SLDPRT
	-1.0	-1.11022E-16	-3.08149E-33	0.0	-1.11022E-16	1.0	1.82063E-16	0.0	-6.56376E-18	1.56593E-17	-1.0	0.0	3.43757	0.394329	4.01024	1.0
	0

	À­½ôÂÝË¨-4
	À­½ôÂÝË¨.SLDPRT
	-6.56376E-18	1.56593E-17	-1.0	0.0	-3.88578E-16	1.0	1.82063E-16	0.0	1.0	3.88578E-16	7.70372E-33	0.0	-5.73343	0.394329	4.20024	1.0
	0

	M22x80-59
	M22x80.SLDPRT
	-1.0	-1.11022E-16	-3.08149E-33	0.0	-1.11022E-16	1.0	1.82063E-16	0.0	-6.56376E-18	1.56593E-17	-1.0	0.0	-5.56243	0.394329	4.01024	1.0
	0

	M22x80-55
	M22x80.SLDPRT
	-1.0	-1.11022E-16	-3.08149E-33	0.0	-1.11022E-16	1.0	1.82063E-16	0.0	-6.56376E-18	1.56593E-17	-1.0	0.0	3.43757	0.394329	3.74024	1.0
	0

	M22x80-56
	M22x80.SLDPRT
	-1.0	-1.11022E-16	-3.08149E-33	0.0	-1.11022E-16	1.0	1.82063E-16	0.0	-6.56376E-18	1.56593E-17	-1.0	0.0	-5.56243	0.394329	3.74024	1.0
	0

	M22x80-52
	M22x80.SLDPRT
	-1.0	-1.11022E-16	-3.08149E-33	0.0	-1.11022E-16	1.0	1.82063E-16	0.0	-6.56376E-18	1.56593E-17	-1.0	0.0	3.43702	0.394329	3.60024	1.0
	0

	M22x80-53
	M22x80.SLDPRT
	-1.0	-1.11022E-16	-3.08149E-33	0.0	-1.11022E-16	1.0	1.82063E-16	0.0	-6.56376E-18	1.56593E-17	-1.0	0.0	-5.56298	0.394329	3.60024	1.0
	0

	M22x80-49
	M22x80.SLDPRT
	-1.0	-1.11022E-16	-3.08149E-33	0.0	-1.11022E-16	1.0	1.82063E-16	0.0	-6.56376E-18	1.56593E-17	-1.0	0.0	3.43702	0.394329	3.42524	1.0
	0

	M22x80-50
	M22x80.SLDPRT
	-1.0	-1.11022E-16	-3.08149E-33	0.0	-1.11022E-16	1.0	1.82063E-16	0.0	-6.56376E-18	1.56593E-17	-1.0	0.0	-5.56298	0.394329	3.42524	1.0
	0

	M22x80-46
	M22x80.SLDPRT
	-1.0	-1.11022E-16	-3.08149E-33	0.0	-1.11022E-16	1.0	1.82063E-16	0.0	-6.56376E-18	1.56593E-17	-1.0	0.0	3.43702	0.394329	3.30024	1.0
	0

	M22x80-47
	M22x80.SLDPRT
	-1.0	-1.11022E-16	-3.08149E-33	0.0	-1.11022E-16	1.0	1.82063E-16	0.0	-6.56376E-18	1.56593E-17	-1.0	0.0	-5.56298	0.394329	3.30024	1.0
	0

	M22x80-43
	M22x80.SLDPRT
	-1.0	-1.11022E-16	-3.08149E-33	0.0	-1.11022E-16	1.0	1.82063E-16	0.0	-6.56376E-18	1.56593E-17	-1.0	0.0	3.43702	0.394329	3.10024	1.0
	0

	M22x80-44
	M22x80.SLDPRT
	-1.0	-1.11022E-16	-3.08149E-33	0.0	-1.11022E-16	1.0	1.82063E-16	0.0	-6.56376E-18	1.56593E-17	-1.0	0.0	-5.56298	0.394329	3.10024	1.0
	0

	M22x80-40
	M22x80.SLDPRT
	-1.0	-1.11022E-16	-3.08149E-33	0.0	-1.11022E-16	1.0	1.82063E-16	0.0	-6.56376E-18	1.56593E-17	-1.0	0.0	3.43702	0.394329	2.97524	1.0
	0

	M22x80-41
	M22x80.SLDPRT
	-1.0	-1.11022E-16	-3.08149E-33	0.0	-1.11022E-16	1.0	1.82063E-16	0.0	-6.56376E-18	1.56593E-17	-1.0	0.0	-5.56298	0.394329	2.97524	1.0
	0

	M22x80-37
	M22x80.SLDPRT
	-1.0	-1.11022E-16	-3.08149E-33	0.0	-1.11022E-16	1.0	1.82063E-16	0.0	-6.56376E-18	1.56593E-17	-1.0	0.0	3.43702	0.394329	2.80024	1.0
	0

	M22x80-38
	M22x80.SLDPRT
	-1.0	-1.11022E-16	-3.08149E-33	0.0	-1.11022E-16	1.0	1.82063E-16	0.0	-6.56376E-18	1.56593E-17	-1.0	0.0	-5.56298	0.394329	2.80024	1.0
	0

	M22x80-34
	M22x80.SLDPRT
	-1.0	-1.11022E-16	-3.08149E-33	0.0	-1.11022E-16	1.0	1.82063E-16	0.0	-6.56376E-18	1.56593E-17	-1.0	0.0	3.43757	0.394329	2.66024	1.0
	0

	M22x80-35
	M22x80.SLDPRT
	-1.0	-1.11022E-16	-3.08149E-33	0.0	-1.11022E-16	1.0	1.82063E-16	0.0	-6.56376E-18	1.56593E-17	-1.0	0.0	-5.56243	0.394329	2.66024	1.0
	0

	M22ÂÝÄ¸-32
	M22ÂÝÄ¸.SLDPRT
	6.56376E-18	-1.56593E-17	1.0	0.0	-3.88578E-16	1.0	1.82063E-16	0.0	-1.0	-3.88578E-16	-8.47409E-33	0.0	3.37858	0.394329	2.39024	1.0
	0

	M22ÂÝÄ¸-33
	M22ÂÝÄ¸.SLDPRT
	6.56376E-18	-1.56593E-17	1.0	0.0	-3.88578E-16	1.0	1.82063E-16	0.0	-1.0	-3.88578E-16	-8.47409E-33	0.0	-5.62142	0.394329	2.39024	1.0
	0

	µæÈ¦M22-29
	µæÈ¦M22.SLDPRT
	1.0	2.22045E-16	6.93335E-33	0.0	8.32667E-17	-0.381849	-0.924225	0.0	-1.66533E-16	0.924225	-0.381849	0.0	3.40198	0.394329	2.39024	1.0
	0

	µæÈ¦M22-30
	µæÈ¦M22.SLDPRT
	1.0	2.22045E-16	6.93335E-33	0.0	8.32667E-17	-0.381849	-0.924225	0.0	-1.66533E-16	0.924225	-0.381849	0.0	-5.59802	0.394329	2.39024	1.0
	0

	M22x80-31
	M22x80.SLDPRT
	-1.0	-1.11022E-16	-3.08149E-33	0.0	-1.11022E-16	1.0	1.82063E-16	0.0	-6.56376E-18	1.56593E-17	-1.0	0.0	3.43757	0.394329	2.39024	1.0
	0

	À­½ôÂÝË¨-6
	À­½ôÂÝË¨.SLDPRT
	2.22045E-16	-0.998604	-0.0528182	0.0	-1.38778E-17	0.0528182	-0.998604	0.0	1.0	2.22045E-16	2.31112E-33	0.0	-5.73343	0.394329	2.20024	1.0
	0

	À­½ôÂÝË¨-5
	À­½ôÂÝË¨.SLDPRT
	2.22045E-16	-0.998604	-0.0528182	0.0	-1.38778E-17	0.0528182	-0.998604	0.0	1.0	2.22045E-16	2.31112E-33	0.0	3.26657	0.394329	2.20024	1.0
	0

	M22x80-32
	M22x80.SLDPRT
	-1.0	-1.11022E-16	-3.08149E-33	0.0	-1.11022E-16	1.0	1.82063E-16	0.0	-6.56376E-18	1.56593E-17	-1.0	0.0	-5.56243	0.394329	2.39024	1.0
	0

	´øÀÂ×®-2
	´øÀÂ×®.SLDPRT
	1.0	0.0	0.0	0.0	0.0	1.0	0.0	0.0	0.0	0.0	1.0	0.0	20.2878	0.474329	1.96524	1.0
	0

	´øÀÂ×®-1
	´øÀÂ×®.SLDPRT
	-1.0	0.0	0.0	0.0	0.0	1.0	2.46519E-32	0.0	-6.56376E-18	-1.66404E-16	-1.0	0.0	20.2876	0.474329	4.43523	1.0
	0

	´ø¹öÂÖµ¼ÀÂÇ¯-2
	´ø¹öÂÖµ¼ÀÂÇ¯.SLDPRT
	-0.00238638	4.99384E-16	0.999997	0.0	-1.10228E-16	1.0	-4.99648E-16	0.0	-0.999997	-1.1142E-16	-0.00238638	0.0	-8.61589	0.974329	2.89974	1.0
	0

	´ø¹öÂÖµ¼ÀÂÇ¯-1
	´ø¹öÂÖµ¼ÀÂÇ¯.SLDPRT
	-7.85638E-17	-3.30882E-16	-1.0	0.0	0.0	1.0	-1.64477E-16	0.0	1.0	0.0	-7.2E-17	0.0	21.3778	0.474329	3.50024	1.0
	0

	µ¼Ïò¹öÂÖ-1
	µ¼Ïò¹öÂÖ.SLDPRT
	-1.29028E-16	-3.30882E-16	-1.0	0.0	-1.0	0.0	1.22465E-16	0.0	0.0	1.0	-1.64477E-16	0.0	21.3128	0.474329	4.34024	1.0
	0

	M22x55-1
	M22x55.SLDPRT
	-1.11022E-16	1.0	9.09039E-32	0.0	0.837169	5.55112E-17	0.546944	0.0	0.546944	5.55112E-17	-0.837169	0.0	20.5626	0.448042	4.49023	1.0
	0

	¶¥ÍÆµæ°å-1
	¶¥ÍÆµæ°å.SLDPRT
	0.0940242	0.99557	-6.74374E-34	0.0	0.99557	-0.0940242	-1.23075E-32	0.0	-1.23164E-32	4.85816E-34	-1.0	0.0	21.3533	-0.276596	4.07548	1.0
	0

	µæÈ¦M22-31
	µæÈ¦M22.SLDPRT
	0.0	-1.0	-6.0089E-32	0.0	-1.0	0.0	5.73642E-17	0.0	-6.39279E-17	-1.66404E-16	-1.0	0.0	20.5626	0.488329	4.49023	1.0
	0

	M22ÂÝÄ¸-34
	M22ÂÝÄ¸.SLDPRT
	-1.0	0.0	5.73642E-17	0.0	6.39279E-17	1.66404E-16	1.0	0.0	0.0	1.0	4.93038E-32	0.0	20.5626	0.511729	4.49023	1.0
	0

	M22x55-80
	M22x55.SLDPRT
	-5.55112E-17	1.0	2.13568E-17	0.0	0.837169	0.0	0.546944	0.0	0.546944	5.55112E-17	-0.837169	0.0	20.5426	0.448042	4.39023	1.0
	0

	µæÈ¦M22-32
	µæÈ¦M22.SLDPRT
	0.0	-1.0	-7.16446E-32	0.0	-1.0	0.0	5.73642E-17	0.0	-6.39279E-17	-1.66404E-16	-1.0	0.0	20.5426	0.488329	4.39023	1.0
	0

	M22ÂÝÄ¸-35
	M22ÂÝÄ¸.SLDPRT
	-1.0	0.0	5.73642E-17	0.0	6.39279E-17	1.66404E-16	1.0	0.0	0.0	1.0	7.39557E-32	0.0	20.5426	0.511729	4.39023	1.0
	0

	µæÈ¦M22-34
	µæÈ¦M22.SLDPRT
	0.0	-1.0	-6.0089E-32	0.0	-1.0	0.0	5.73642E-17	0.0	-6.39279E-17	-1.66404E-16	-1.0	0.0	20.0126	0.488329	4.49023	1.0
	0

	µæÈ¦M22-33
	µæÈ¦M22.SLDPRT
	0.0	-1.0	-6.0089E-32	0.0	-1.0	0.0	5.73642E-17	0.0	-6.39279E-17	-1.66404E-16	-1.0	0.0	20.2876	0.488329	4.49023	1.0
	0

	M22ÂÝÄ¸-36
	M22ÂÝÄ¸.SLDPRT
	-1.0	0.0	5.73642E-17	0.0	6.39279E-17	1.66404E-16	1.0	0.0	0.0	1.0	4.93038E-32	0.0	20.2876	0.511729	4.49023	1.0
	0

	M22ÂÝÄ¸-37
	M22ÂÝÄ¸.SLDPRT
	-1.0	0.0	5.73642E-17	0.0	6.39279E-17	1.66404E-16	1.0	0.0	0.0	1.0	4.93038E-32	0.0	20.0126	0.511729	4.49023	1.0
	0

	M22x55-3
	M22x55.SLDPRT
	-1.11022E-16	1.0	9.09039E-32	0.0	0.837169	5.55112E-17	0.546944	0.0	0.546944	5.55112E-17	-0.837169	0.0	20.2876	0.448042	4.49023	1.0
	0

	M22x55-65
	M22x55.SLDPRT
	-1.11022E-16	1.0	9.09039E-32	0.0	0.837169	5.55112E-17	0.546944	0.0	0.546944	5.55112E-17	-0.837169	0.0	20.0126	0.448042	4.49023	1.0
	0

	µæÈ¦M22-35
	µæÈ¦M22.SLDPRT
	0.0	-1.0	-6.0089E-32	0.0	-1.0	0.0	5.73642E-17	0.0	-6.39279E-17	-1.66404E-16	-1.0	0.0	20.2876	0.488329	4.38023	1.0
	0

	M22ÂÝÄ¸-38
	M22ÂÝÄ¸.SLDPRT
	-1.0	0.0	5.73642E-17	0.0	6.39279E-17	1.66404E-16	1.0	0.0	0.0	1.0	4.93038E-32	0.0	20.2876	0.511729	4.38023	1.0
	0

	M22x55-5
	M22x55.SLDPRT
	-1.11022E-16	1.0	9.09039E-32	0.0	0.837169	5.55112E-17	0.546944	0.0	0.546944	5.55112E-17	-0.837169	0.0	20.2876	0.448042	4.38023	1.0
	0

	µæÈ¦M22-36
	µæÈ¦M22.SLDPRT
	0.0	-1.0	-7.16446E-32	0.0	-1.0	0.0	5.73642E-17	0.0	-6.39279E-17	-1.66404E-16	-1.0	0.0	20.0326	0.488329	4.39023	1.0
	0

	M22ÂÝÄ¸-39
	M22ÂÝÄ¸.SLDPRT
	-1.0	0.0	5.73642E-17	0.0	6.39279E-17	1.66404E-16	1.0	0.0	0.0	1.0	7.39557E-32	0.0	20.0326	0.511729	4.39023	1.0
	0

	M22x55-81
	M22x55.SLDPRT
	-5.55112E-17	1.0	2.13568E-17	0.0	0.837169	0.0	0.546944	0.0	0.546944	5.55112E-17	-0.837169	0.0	20.0326	0.448042	4.39023	1.0
	0

	µæÈ¦M22-37
	µæÈ¦M22.SLDPRT
	0.0	-1.0	-6.0089E-32	0.0	-1.0	0.0	5.73642E-17	0.0	-6.39279E-17	-1.66404E-16	-1.0	0.0	20.5626	0.488329	1.91023	1.0
	0

	M22ÂÝÄ¸-40
	M22ÂÝÄ¸.SLDPRT
	-1.0	0.0	5.73642E-17	0.0	6.39279E-17	1.66404E-16	1.0	0.0	0.0	1.0	4.93038E-32	0.0	20.5626	0.511729	1.91023	1.0
	0

	M22x55-73
	M22x55.SLDPRT
	-1.11022E-16	1.0	9.09039E-32	0.0	0.837169	5.55112E-17	0.546944	0.0	0.546944	5.55112E-17	-0.837169	0.0	20.5626	0.448042	1.91023	1.0
	0

	M22x55-66
	M22x55.SLDPRT
	-1.11022E-16	1.0	9.09039E-32	0.0	0.837169	5.55112E-17	0.546944	0.0	0.546944	5.55112E-17	-0.837169	0.0	20.0126	0.448042	1.91023	1.0
	0

	M22x55-54
	M22x55.SLDPRT
	-1.11022E-16	1.0	9.09039E-32	0.0	0.837169	5.55112E-17	0.546944	0.0	0.546944	5.55112E-17	-0.837169	0.0	20.2876	0.448042	1.91023	1.0
	0

	M22ÂÝÄ¸-41
	M22ÂÝÄ¸.SLDPRT
	-1.0	0.0	5.73642E-17	0.0	6.39279E-17	1.66404E-16	1.0	0.0	0.0	1.0	4.93038E-32	0.0	20.0126	0.511729	1.91023	1.0
	0

	M22ÂÝÄ¸-42
	M22ÂÝÄ¸.SLDPRT
	-1.0	0.0	5.73642E-17	0.0	6.39279E-17	1.66404E-16	1.0	0.0	0.0	1.0	4.93038E-32	0.0	20.2876	0.511729	1.91023	1.0
	0

	µæÈ¦M22-38
	µæÈ¦M22.SLDPRT
	0.0	-1.0	-6.0089E-32	0.0	-1.0	0.0	5.73642E-17	0.0	-6.39279E-17	-1.66404E-16	-1.0	0.0	20.0126	0.488329	1.91023	1.0
	0

	µæÈ¦M22-39
	µæÈ¦M22.SLDPRT
	0.0	-1.0	-6.0089E-32	0.0	-1.0	0.0	5.73642E-17	0.0	-6.39279E-17	-1.66404E-16	-1.0	0.0	20.2876	0.488329	1.91023	1.0
	0

	M22ÂÝÄ¸-43
	M22ÂÝÄ¸.SLDPRT
	-1.0	0.0	5.73642E-17	0.0	6.39279E-17	1.66404E-16	1.0	0.0	0.0	1.0	7.39557E-32	0.0	20.5426	0.511729	2.01023	1.0
	0

	µæÈ¦M22-40
	µæÈ¦M22.SLDPRT
	0.0	-1.0	-7.16446E-32	0.0	-1.0	0.0	5.73642E-17	0.0	-6.39279E-17	-1.66404E-16	-1.0	0.0	20.5426	0.488329	2.01023	1.0
	0

	M22x55-89
	M22x55.SLDPRT
	-5.55112E-17	1.0	2.13568E-17	0.0	0.837169	0.0	0.546944	0.0	0.546944	5.55112E-17	-0.837169	0.0	20.5426	0.448042	2.01023	1.0
	0

	M22x55-82
	M22x55.SLDPRT
	-5.55112E-17	1.0	2.13568E-17	0.0	0.837169	0.0	0.546944	0.0	0.546944	5.55112E-17	-0.837169	0.0	20.0326	0.448042	2.01023	1.0
	0

	M22ÂÝÄ¸-44
	M22ÂÝÄ¸.SLDPRT
	-1.0	0.0	5.73642E-17	0.0	6.39279E-17	1.66404E-16	1.0	0.0	0.0	1.0	7.39557E-32	0.0	20.0326	0.511729	2.01023	1.0
	0

	µæÈ¦M22-41
	µæÈ¦M22.SLDPRT
	0.0	-1.0	-7.16446E-32	0.0	-1.0	0.0	5.73642E-17	0.0	-6.39279E-17	-1.66404E-16	-1.0	0.0	20.0326	0.488329	2.01023	1.0
	0

	µæÈ¦M22-42
	µæÈ¦M22.SLDPRT
	0.0	-1.0	-6.0089E-32	0.0	-1.0	0.0	5.73642E-17	0.0	-6.39279E-17	-1.66404E-16	-1.0	0.0	20.2876	0.488329	2.02023	1.0
	0

	M22ÂÝÄ¸-45
	M22ÂÝÄ¸.SLDPRT
	-1.0	0.0	5.73642E-17	0.0	6.39279E-17	1.66404E-16	1.0	0.0	0.0	1.0	4.93038E-32	0.0	20.2876	0.511729	2.02023	1.0
	0

	M22x55-55
	M22x55.SLDPRT
	-1.11022E-16	1.0	9.09039E-32	0.0	0.837169	5.55112E-17	0.546944	0.0	0.546944	5.55112E-17	-0.837169	0.0	20.2876	0.448042	2.02023	1.0
	0

	M22x55-96
	M22x55.SLDPRT
	-5.55112E-17	1.0	2.13568E-17	0.0	0.837169	0.0	0.546944	0.0	0.546944	5.55112E-17	-0.837169	0.0	21.3128	0.447846	4.19024	1.0
	0

	µæÈ¦M22-43
	µæÈ¦M22.SLDPRT
	5.55112E-17	-1.0	-6.47112E-32	0.0	-1.0	-5.55112E-17	2.96086E-17	0.0	-2.96086E-17	3.38964E-32	-1.0	0.0	21.3128	0.484329	4.19024	1.0
	0

	M22x80-60
	M22x80.SLDPRT
	-4.44089E-16	1.0	-1.64477E-16	0.0	0.837169	4.44089E-16	0.546944	0.0	0.546944	1.11022E-16	-0.837169	0.0	21.3528	0.447846	3.47524	1.0
	0

	M22ÂÝÄ¸-46
	M22ÂÝÄ¸.SLDPRT
	-1.0	5.55112E-17	-2.85797E-16	0.0	-2.85797E-16	4.99212E-16	1.0	0.0	5.55112E-17	1.0	-4.99212E-16	0.0	21.3128	0.507729	4.19024	1.0
	0

	M22X80-Æ½Í·ÂÝË¨-1
	M22X80-Æ½Í·ÂÝË¨.SLDPRT
	0.0	-1.0	1.64477E-16	0.0	-1.0	0.0	1.30196E-16	0.0	-1.36759E-16	-3.30882E-16	-1.0	0.0	21.3528	0.506329	3.20024	1.0
	0

	M22x80-62
	M22x80.SLDPRT
	-2.22045E-16	1.0	-1.02301E-16	0.0	0.837169	2.22045E-16	0.546944	0.0	0.546944	2.77556E-17	-0.837169	0.0	21.2528	0.447846	3.45524	1.0
	0

	µæÈ¦M22-44
	µæÈ¦M22.SLDPRT
	3.88578E-16	-1.0	1.64477E-16	0.0	-1.0	-3.88578E-16	1.30196E-16	0.0	-1.30196E-16	-1.64477E-16	-1.0	0.0	21.3528	0.504329	3.47524	1.0
	0

	M22ÂÝÄ¸-47
	M22ÂÝÄ¸.SLDPRT
	-1.0	-2.77556E-16	-2.65264E-16	0.0	-2.65264E-16	1.64477E-16	1.0	0.0	-2.77556E-16	1.0	-1.64477E-16	0.0	21.3528	0.527729	3.47524	1.0
	0

	µæÈ¦M22-45
	µæÈ¦M22.SLDPRT
	5.55112E-17	-1.0	1.64477E-16	0.0	-1.0	-5.55112E-17	1.30196E-16	0.0	-1.30196E-16	-1.64477E-16	-1.0	0.0	21.2528	0.504329	3.45524	1.0
	0

	M22ÂÝÄ¸-48
	M22ÂÝÄ¸.SLDPRT
	-1.0	5.55112E-17	-4.05199E-16	0.0	-4.05199E-16	6.6369E-16	1.0	0.0	5.55112E-17	1.0	-6.6369E-16	0.0	21.2528	0.527729	3.45524	1.0
	0

	M22x55-100
	M22x55.SLDPRT
	1.0	1.11022E-16	4.14075E-33	0.0	2.77556E-17	-0.381849	-0.924225	0.0	-1.11022E-16	0.924225	-0.381849	0.0	21.388	0.394329	4.01024	1.0
	0

	µæÈ¦M22-46
	µæÈ¦M22.SLDPRT
	-0.999223	0.0394141	0.0	0.0	0.0394141	0.999223	0.0	0.0	0.0	0.0	-1.0	0.0	21.4127	0.395688	4.01048	1.0
	0

	M22ÂÝÄ¸-49
	M22ÂÝÄ¸.SLDPRT
	-0.00155347	-0.0393834	-0.999223	0.0	0.0393834	0.998447	-0.0394141	0.0	0.999223	-0.0394141	2.56585E-49	0.0	21.4361	0.394765	4.01048	1.0
	0

	M22x80-64
	M22x80.SLDPRT
	-5.55112E-17	1.0	-2.19331E-18	0.0	0.784265	-5.55112E-17	0.620426	0.0	0.620426	2.77556E-17	-0.784265	0.0	-8.59227	0.949622	3.4748	1.0
	0

	M22x80-66
	M22x80.SLDPRT
	-5.55112E-17	1.0	2.13568E-17	0.0	0.563805	1.36586E-17	0.825908	0.0	0.825908	5.78882E-17	-0.563805	0.0	-8.49222	0.949622	3.45504	1.0
	0

	µæÈ¦M22-47
	µæÈ¦M22.SLDPRT
	0.0	-1.0	-6.0089E-32	0.0	-1.0	0.0	5.73642E-17	0.0	-6.39279E-17	-1.66404E-16	-1.0	0.0	-8.49222	1.00433	3.45504	1.0
	0

	µæÈ¦M22-48
	µæÈ¦M22.SLDPRT
	1.11022E-16	-1.0	1.66671E-16	0.0	-1.0	-1.11022E-16	-5.34647E-17	0.0	4.6901E-17	-3.33076E-16	-1.0	0.0	-8.59227	1.00433	3.4748	1.0
	0

	M22ÂÝÄ¸-51
	M22ÂÝÄ¸.SLDPRT
	-1.0	-1.11022E-16	-5.34647E-17	0.0	-4.6901E-17	3.33076E-16	1.0	0.0	-1.11022E-16	1.0	-1.66671E-16	0.0	-8.49222	1.02373	3.45504	1.0
	0

	M22ÂÝÄ¸-50
	M22ÂÝÄ¸.SLDPRT
	-1.0	-1.11022E-16	-5.34647E-17	0.0	-4.6901E-17	3.33076E-16	1.0	0.0	-1.11022E-16	1.0	-1.66671E-16	0.0	-8.59227	1.02773	3.4748	1.0
	0

	M22X80-Æ½Í·ÂÝË¨-2
	M22X80-Æ½Í·ÂÝË¨.SLDPRT
	0.0	-1.0	-6.0089E-32	0.0	-1.0	0.0	5.73642E-17	0.0	-6.39279E-17	-1.66404E-16	-1.0	0.0	-8.59161	1.00633	3.1998	1.0
	0

	µæÈ¦M22-49
	µæÈ¦M22.SLDPRT
	1.11022E-16	-1.0	1.66671E-16	0.0	-1.0	-1.11022E-16	-5.34647E-17	0.0	4.6901E-17	-3.33076E-16	-1.0	0.0	-8.59095	1.00433	2.9248	1.0
	0

	M22ÂÝÄ¸-52
	M22ÂÝÄ¸.SLDPRT
	-1.0	-1.11022E-16	-5.34647E-17	0.0	-4.6901E-17	3.33076E-16	1.0	0.0	-1.11022E-16	1.0	-1.66671E-16	0.0	-8.59095	1.02773	2.9248	1.0
	0

	M22x80-65
	M22x80.SLDPRT
	-5.55112E-17	1.0	-2.19331E-18	0.0	0.784265	-5.55112E-17	0.620426	0.0	0.620426	2.77556E-17	-0.784265	0.0	-8.59095	0.949622	2.9248	1.0
	0

	µæÈ¦M22-50
	µæÈ¦M22.SLDPRT
	0.0	-1.0	-6.0089E-32	0.0	-1.0	0.0	5.73642E-17	0.0	-6.39279E-17	-1.66404E-16	-1.0	0.0	-8.491	1.00433	2.94504	1.0
	0

	M22ÂÝÄ¸-53
	M22ÂÝÄ¸.SLDPRT
	-1.0	-1.11022E-16	-5.34647E-17	0.0	-4.6901E-17	3.33076E-16	1.0	0.0	-1.11022E-16	1.0	-1.66671E-16	0.0	-8.491	1.02373	2.94504	1.0
	0

	M22x80-67
	M22x80.SLDPRT
	-5.55112E-17	1.0	2.13568E-17	0.0	0.563805	1.36586E-17	0.825908	0.0	0.825908	5.78882E-17	-0.563805	0.0	-8.491	0.949622	2.94504	1.0
	0

	M22X80-Æ½Í·ÂÝË¨-3
	M22X80-Æ½Í·ÂÝË¨.SLDPRT
	0.0	-1.0	-6.0089E-32	0.0	-1.0	0.0	5.73642E-17	0.0	-6.39279E-17	-1.66404E-16	-1.0	0.0	-8.48161	1.00633	3.20006	1.0
	0

	µæÈ¦M22-51
	µæÈ¦M22.SLDPRT
	5.55112E-17	-1.0	1.64477E-16	0.0	-1.0	-5.55112E-17	1.30196E-16	0.0	-1.30196E-16	-1.64477E-16	-1.0	0.0	21.2528	0.504329	2.94524	1.0
	0

	M22ÂÝÄ¸-54
	M22ÂÝÄ¸.SLDPRT
	-1.0	5.55112E-17	-4.05199E-16	0.0	-4.05199E-16	6.6369E-16	1.0	0.0	5.55112E-17	1.0	-6.6369E-16	0.0	21.2528	0.527729	2.94524	1.0
	0

	M22x80-63
	M22x80.SLDPRT
	-2.22045E-16	1.0	-1.02301E-16	0.0	0.837169	2.22045E-16	0.546944	0.0	0.546944	2.77556E-17	-0.837169	0.0	21.2528	0.447846	2.94524	1.0
	0

	µæÈ¦M22-52
	µæÈ¦M22.SLDPRT
	3.88578E-16	-1.0	1.64477E-16	0.0	-1.0	-3.88578E-16	1.30196E-16	0.0	-1.30196E-16	-1.64477E-16	-1.0	0.0	21.3528	0.504329	2.92524	1.0
	0

	M22ÂÝÄ¸-55
	M22ÂÝÄ¸.SLDPRT
	-1.0	-2.77556E-16	-2.65264E-16	0.0	-2.65264E-16	1.64477E-16	1.0	0.0	-2.77556E-16	1.0	-1.64477E-16	0.0	21.3528	0.527729	2.92524	1.0
	0

	M22x80-61
	M22x80.SLDPRT
	-4.44089E-16	1.0	-1.64477E-16	0.0	0.837169	4.44089E-16	0.546944	0.0	0.546944	1.11022E-16	-0.837169	0.0	21.3528	0.447846	2.92524	1.0
	0

	M22X80-Æ½Í·ÂÝË¨-4
	M22X80-Æ½Í·ÂÝË¨.SLDPRT
	0.0	-1.0	1.64477E-16	0.0	-1.0	0.0	1.30196E-16	0.0	-1.36759E-16	-3.30882E-16	-1.0	0.0	21.2428	0.506329	3.20024	1.0
	0

	M22ÂÝÄ¸-64
	M22ÂÝÄ¸.SLDPRT
	-1.0	0.0	5.73642E-17	0.0	6.39279E-17	1.66404E-16	1.0	0.0	0.0	1.0	4.93038E-32	0.0	13.8126	0.511729	1.91023	1.0
	0

	µæÈ¦M22-53
	µæÈ¦M22.SLDPRT
	-0.999223	0.0394141	0.0	0.0	0.0394141	0.999223	0.0	0.0	0.0	0.0	-1.0	0.0	21.4127	0.395688	3.74048	1.0
	0

	M22ÂÝÄ¸-56
	M22ÂÝÄ¸.SLDPRT
	-0.00155347	-0.0393834	-0.999223	0.0	0.0393834	0.998447	-0.0394141	0.0	0.999223	-0.0394141	2.56585E-49	0.0	21.4361	0.394765	3.74048	1.0
	0

	M22x55-101
	M22x55.SLDPRT
	1.0	1.11022E-16	4.14075E-33	0.0	2.77556E-17	-0.381849	-0.924225	0.0	-1.11022E-16	0.924225	-0.381849	0.0	21.388	0.394329	3.74024	1.0
	0

	µæÈ¦M22-54
	µæÈ¦M22.SLDPRT
	-0.999223	0.0394141	0.0	0.0	0.0394141	0.999223	0.0	0.0	0.0	0.0	-1.0	0.0	21.4127	0.395688	2.39048	1.0
	0

	M22ÂÝÄ¸-57
	M22ÂÝÄ¸.SLDPRT
	-0.00155347	-0.0393834	-0.999223	0.0	0.0393834	0.998447	-0.0394141	0.0	0.999223	-0.0394141	2.56585E-49	0.0	21.4361	0.394765	2.39048	1.0
	0

	M22x55-102
	M22x55.SLDPRT
	1.0	1.11022E-16	4.14075E-33	0.0	2.77556E-17	-0.381849	-0.924225	0.0	-1.11022E-16	0.924225	-0.381849	0.0	21.388	0.394329	2.39024	1.0
	0

	µæÈ¦M22-55
	µæÈ¦M22.SLDPRT
	-0.999223	0.0394141	0.0	0.0	0.0394141	0.999223	0.0	0.0	0.0	0.0	-1.0	0.0	21.4127	0.395688	2.66048	1.0
	0

	M22ÂÝÄ¸-58
	M22ÂÝÄ¸.SLDPRT
	-0.00155347	-0.0393834	-0.999223	0.0	0.0393834	0.998447	-0.0394141	0.0	0.999223	-0.0394141	2.56585E-49	0.0	21.4361	0.394765	2.66048	1.0
	0

	M22x55-103
	M22x55.SLDPRT
	1.0	1.11022E-16	4.14075E-33	0.0	2.77556E-17	-0.381849	-0.924225	0.0	-1.11022E-16	0.924225	-0.381849	0.0	21.388	0.394329	2.66024	1.0
	0

	µæÈ¦M22-56
	µæÈ¦M22.SLDPRT
	5.55112E-17	-1.0	-6.47112E-32	0.0	-1.0	-5.55112E-17	2.96086E-17	0.0	-2.96086E-17	3.38964E-32	-1.0	0.0	21.3128	0.484329	4.49024	1.0
	0

	¶¥ÍÆµæ°å-2
	¶¥ÍÆµæ°å.SLDPRT
	0.0940242	0.99557	-6.74374E-34	0.0	0.99557	-0.0940242	-1.23075E-32	0.0	-1.23164E-32	4.85816E-34	-1.0	0.0	21.3533	-0.276596	2.72548	1.0
	0

	M22ÂÝÄ¸-59
	M22ÂÝÄ¸.SLDPRT
	-1.0	5.55112E-17	-2.85797E-16	0.0	-2.85797E-16	4.99212E-16	1.0	0.0	5.55112E-17	1.0	-4.99212E-16	0.0	21.3128	0.507729	4.49024	1.0
	0

	M22x55-97
	M22x55.SLDPRT
	-5.55112E-17	1.0	2.13568E-17	0.0	0.837169	0.0	0.546944	0.0	0.546944	5.55112E-17	-0.837169	0.0	21.3128	0.447846	4.49024	1.0
	0

	M22x55-98
	M22x55.SLDPRT
	-5.55112E-17	1.0	2.13568E-17	0.0	0.837169	0.0	0.546944	0.0	0.546944	5.55112E-17	-0.837169	0.0	21.3128	0.447846	2.21024	1.0
	0

	M22ÂÝÄ¸-60
	M22ÂÝÄ¸.SLDPRT
	-1.0	5.55112E-17	-2.85797E-16	0.0	-2.85797E-16	4.99212E-16	1.0	0.0	5.55112E-17	1.0	-4.99212E-16	0.0	21.3128	0.507729	2.21024	1.0
	0

	µæÈ¦M22-57
	µæÈ¦M22.SLDPRT
	5.55112E-17	-1.0	-6.47112E-32	0.0	-1.0	-5.55112E-17	2.96086E-17	0.0	-2.96086E-17	3.38964E-32	-1.0	0.0	21.3128	0.484329	2.21024	1.0
	0

	M22x55-99
	M22x55.SLDPRT
	-5.55112E-17	1.0	2.13568E-17	0.0	0.837169	0.0	0.546944	0.0	0.546944	5.55112E-17	-0.837169	0.0	21.3128	0.447846	1.91024	1.0
	0

	µæÈ¦M22-58
	µæÈ¦M22.SLDPRT
	5.55112E-17	-1.0	-6.47112E-32	0.0	-1.0	-5.55112E-17	2.96086E-17	0.0	-2.96086E-17	3.38964E-32	-1.0	0.0	21.3128	0.484329	1.91024	1.0
	0

	M22ÂÝÄ¸-61
	M22ÂÝÄ¸.SLDPRT
	-1.0	5.55112E-17	-2.85797E-16	0.0	-2.85797E-16	4.99212E-16	1.0	0.0	5.55112E-17	1.0	-4.99212E-16	0.0	21.3128	0.507729	1.91024	1.0
	0

	M22x55-56
	M22x55.SLDPRT
	-1.11022E-16	1.0	9.09039E-32	0.0	0.837169	5.55112E-17	0.546944	0.0	0.546944	5.55112E-17	-0.837169	0.0	13.5376	0.448042	2.02023	1.0
	0

	µ¼Ïò¹öÂÖ-2
	µ¼Ïò¹öÂÖ.SLDPRT
	-1.29028E-16	-3.30882E-16	-1.0	0.0	-1.0	0.0	1.22465E-16	0.0	0.0	1.0	-1.64477E-16	0.0	21.3128	0.474329	2.06024	1.0
	0

	M22ÂÝÄ¸-62
	M22ÂÝÄ¸.SLDPRT
	-1.0	0.0	5.73642E-17	0.0	6.39279E-17	1.66404E-16	1.0	0.0	0.0	1.0	4.93038E-32	0.0	13.5376	0.511729	2.02023	1.0
	0

	µæÈ¦M22-59
	µæÈ¦M22.SLDPRT
	0.0	-1.0	-6.0089E-32	0.0	-1.0	0.0	5.73642E-17	0.0	-6.39279E-17	-1.66404E-16	-1.0	0.0	13.5376	0.488329	2.02023	1.0
	0

	M22ÂÝÄ¸-63
	M22ÂÝÄ¸.SLDPRT
	-1.0	0.0	5.73642E-17	0.0	6.39279E-17	1.66404E-16	1.0	0.0	0.0	1.0	4.93038E-32	0.0	13.5376	0.511729	1.91023	1.0
	0

	µæÈ¦M22-60
	µæÈ¦M22.SLDPRT
	0.0	-1.0	-6.0089E-32	0.0	-1.0	0.0	5.73642E-17	0.0	-6.39279E-17	-1.66404E-16	-1.0	0.0	13.5376	0.488329	1.91023	1.0
	0

	M22x55-67
	M22x55.SLDPRT
	-1.11022E-16	1.0	9.09039E-32	0.0	0.837169	5.55112E-17	0.546944	0.0	0.546944	5.55112E-17	-0.837169	0.0	13.2626	0.448042	1.91023	1.0
	0

	M22x55-59
	M22x55.SLDPRT
	-1.11022E-16	1.0	9.09039E-32	0.0	0.837169	5.55112E-17	0.546944	0.0	0.546944	5.55112E-17	-0.837169	0.0	13.5376	0.448042	1.91023	1.0
	0

	µæÈ¦M22-61
	µæÈ¦M22.SLDPRT
	0.0	-1.0	-7.16446E-32	0.0	-1.0	0.0	5.73642E-17	0.0	-6.39279E-17	-1.66404E-16	-1.0	0.0	13.2826	0.488329	2.01023	1.0
	0

	M22x55-83
	M22x55.SLDPRT
	-5.55112E-17	1.0	2.13568E-17	0.0	0.837169	0.0	0.546944	0.0	0.546944	5.55112E-17	-0.837169	0.0	13.2826	0.448042	2.01023	1.0
	0

	M22ÂÝÄ¸-65
	M22ÂÝÄ¸.SLDPRT
	-1.0	0.0	5.73642E-17	0.0	6.39279E-17	1.66404E-16	1.0	0.0	0.0	1.0	7.39557E-32	0.0	13.7926	0.511729	2.01023	1.0
	0

	µæÈ¦M22-62
	µæÈ¦M22.SLDPRT
	0.0	-1.0	-7.16446E-32	0.0	-1.0	0.0	5.73642E-17	0.0	-6.39279E-17	-1.66404E-16	-1.0	0.0	13.7926	0.488329	2.01023	1.0
	0

	M22x55-90
	M22x55.SLDPRT
	-5.55112E-17	1.0	2.13568E-17	0.0	0.837169	0.0	0.546944	0.0	0.546944	5.55112E-17	-0.837169	0.0	13.7926	0.448042	2.01023	1.0
	0

	M22ÂÝÄ¸-66
	M22ÂÝÄ¸.SLDPRT
	-1.0	0.0	5.73642E-17	0.0	6.39279E-17	1.66404E-16	1.0	0.0	0.0	1.0	7.39557E-32	0.0	13.2826	0.511729	2.01023	1.0
	0

	M22ÂÝÄ¸-67
	M22ÂÝÄ¸.SLDPRT
	-1.0	0.0	5.73642E-17	0.0	6.39279E-17	1.66404E-16	1.0	0.0	0.0	1.0	4.93038E-32	0.0	13.2626	0.511729	1.91023	1.0
	0

	µæÈ¦M22-63
	µæÈ¦M22.SLDPRT
	0.0	-1.0	-6.0089E-32	0.0	-1.0	0.0	5.73642E-17	0.0	-6.39279E-17	-1.66404E-16	-1.0	0.0	13.2626	0.488329	1.91023	1.0
	0

	M22x55-74
	M22x55.SLDPRT
	-1.11022E-16	1.0	9.09039E-32	0.0	0.837169	5.55112E-17	0.546944	0.0	0.546944	5.55112E-17	-0.837169	0.0	13.8126	0.448042	1.91023	1.0
	0

	µæÈ¦M22-64
	µæÈ¦M22.SLDPRT
	0.0	-1.0	-6.0089E-32	0.0	-1.0	0.0	5.73642E-17	0.0	-6.39279E-17	-1.66404E-16	-1.0	0.0	13.8126	0.488329	1.91023	1.0
	0

	M22ÂÝÄ¸-68
	M22ÂÝÄ¸.SLDPRT
	-1.0	0.0	5.73642E-17	0.0	6.39279E-17	1.66404E-16	1.0	0.0	0.0	1.0	4.93038E-32	0.0	13.5376	0.511729	4.38023	1.0
	0

	µæÈ¦M22-65
	µæÈ¦M22.SLDPRT
	0.0	-1.0	-6.0089E-32	0.0	-1.0	0.0	5.73642E-17	0.0	-6.39279E-17	-1.66404E-16	-1.0	0.0	13.5376	0.488329	4.38023	1.0
	0

	M22x55-28
	M22x55.SLDPRT
	-1.11022E-16	1.0	9.09039E-32	0.0	0.837169	5.55112E-17	0.546944	0.0	0.546944	5.55112E-17	-0.837169	0.0	13.5376	0.448042	4.38023	1.0
	0

	M22x55-62
	M22x55.SLDPRT
	-1.11022E-16	1.0	9.09039E-32	0.0	0.837169	5.55112E-17	0.546944	0.0	0.546944	5.55112E-17	-0.837169	0.0	13.5376	0.448042	4.49023	1.0
	0

	M22ÂÝÄ¸-69
	M22ÂÝÄ¸.SLDPRT
	-1.0	0.0	5.73642E-17	0.0	6.39279E-17	1.66404E-16	1.0	0.0	0.0	1.0	4.93038E-32	0.0	13.5376	0.511729	4.49023	1.0
	0

	M22x55-70
	M22x55.SLDPRT
	-1.11022E-16	1.0	9.09039E-32	0.0	0.837169	5.55112E-17	0.546944	0.0	0.546944	5.55112E-17	-0.837169	0.0	13.2626	0.448042	4.49023	1.0
	0

	M22ÂÝÄ¸-70
	M22ÂÝÄ¸.SLDPRT
	-1.0	0.0	5.73642E-17	0.0	6.39279E-17	1.66404E-16	1.0	0.0	0.0	1.0	4.93038E-32	0.0	13.2626	0.511729	4.49023	1.0
	0

	M22x55-86
	M22x55.SLDPRT
	-5.55112E-17	1.0	2.13568E-17	0.0	0.837169	0.0	0.546944	0.0	0.546944	5.55112E-17	-0.837169	0.0	13.2826	0.448042	4.39023	1.0
	0

	M22ÂÝÄ¸-71
	M22ÂÝÄ¸.SLDPRT
	-1.0	0.0	5.73642E-17	0.0	6.39279E-17	1.66404E-16	1.0	0.0	0.0	1.0	7.39557E-32	0.0	13.2826	0.511729	4.39023	1.0
	0

	µæÈ¦M22-66
	µæÈ¦M22.SLDPRT
	0.0	-1.0	-7.16446E-32	0.0	-1.0	0.0	5.73642E-17	0.0	-6.39279E-17	-1.66404E-16	-1.0	0.0	13.2826	0.488329	4.39023	1.0
	0

	µæÈ¦M22-67
	µæÈ¦M22.SLDPRT
	0.0	-1.0	-7.16446E-32	0.0	-1.0	0.0	5.73642E-17	0.0	-6.39279E-17	-1.66404E-16	-1.0	0.0	13.7926	0.488329	4.39023	1.0
	0

	µæÈ¦M22-69
	µæÈ¦M22.SLDPRT
	0.0	-1.0	-6.0089E-32	0.0	-1.0	0.0	5.73642E-17	0.0	-6.39279E-17	-1.66404E-16	-1.0	0.0	13.5376	0.488329	4.49023	1.0
	0

	µæÈ¦M22-68
	µæÈ¦M22.SLDPRT
	0.0	-1.0	-6.0089E-32	0.0	-1.0	0.0	5.73642E-17	0.0	-6.39279E-17	-1.66404E-16	-1.0	0.0	13.2626	0.488329	4.49023	1.0
	0

	M22x55-93
	M22x55.SLDPRT
	-5.55112E-17	1.0	2.13568E-17	0.0	0.837169	0.0	0.546944	0.0	0.546944	5.55112E-17	-0.837169	0.0	13.7926	0.448042	4.39023	1.0
	0

	M22ÂÝÄ¸-72
	M22ÂÝÄ¸.SLDPRT
	-1.0	0.0	5.73642E-17	0.0	6.39279E-17	1.66404E-16	1.0	0.0	0.0	1.0	7.39557E-32	0.0	13.7926	0.511729	4.39023	1.0
	0

	µæÈ¦M22-70
	µæÈ¦M22.SLDPRT
	0.0	-1.0	-6.0089E-32	0.0	-1.0	0.0	5.73642E-17	0.0	-6.39279E-17	-1.66404E-16	-1.0	0.0	13.8126	0.488329	4.49023	1.0
	0

	´øÀÂ×®-3
	´øÀÂ×®.SLDPRT
	1.0	0.0	0.0	0.0	0.0	1.0	0.0	0.0	0.0	0.0	1.0	0.0	13.5378	0.474329	1.96524	1.0
	0

	M22x55-77
	M22x55.SLDPRT
	-1.11022E-16	1.0	9.09039E-32	0.0	0.837169	5.55112E-17	0.546944	0.0	0.546944	5.55112E-17	-0.837169	0.0	13.8126	0.448042	4.49023	1.0
	0

	´øÀÂ×®-4
	´øÀÂ×®.SLDPRT
	-1.0	0.0	0.0	0.0	0.0	1.0	2.46519E-32	0.0	-6.56376E-18	-1.66404E-16	-1.0	0.0	13.5376	0.474329	4.43523	1.0
	0

	M22ÂÝÄ¸-73
	M22ÂÝÄ¸.SLDPRT
	-1.0	0.0	5.73642E-17	0.0	6.39279E-17	1.66404E-16	1.0	0.0	0.0	1.0	4.93038E-32	0.0	13.8126	0.511729	4.49023	1.0
	0

	M22ÂÝÄ¸-74
	M22ÂÝÄ¸.SLDPRT
	-1.0	0.0	5.73642E-17	0.0	6.39279E-17	1.66404E-16	1.0	0.0	0.0	1.0	4.93038E-32	0.0	2.56258	0.511729	4.49023	1.0
	0

	´øÀÂ×®-5
	´øÀÂ×®.SLDPRT
	-1.0	0.0	0.0	0.0	0.0	1.0	2.46519E-32	0.0	-6.56376E-18	-1.66404E-16	-1.0	0.0	2.28758	0.474329	4.43523	1.0
	0

	µæÈ¦M22-71
	µæÈ¦M22.SLDPRT
	0.0	-1.0	-6.0089E-32	0.0	-1.0	0.0	5.73642E-17	0.0	-6.39279E-17	-1.66404E-16	-1.0	0.0	2.28758	0.488329	4.49023	1.0
	0

	M22ÂÝÄ¸-75
	M22ÂÝÄ¸.SLDPRT
	-1.0	0.0	5.73642E-17	0.0	6.39279E-17	1.66404E-16	1.0	0.0	0.0	1.0	7.39557E-32	0.0	2.54258	0.511729	4.39023	1.0
	0

	µæÈ¦M22-72
	µæÈ¦M22.SLDPRT
	0.0	-1.0	-7.16446E-32	0.0	-1.0	0.0	5.73642E-17	0.0	-6.39279E-17	-1.66404E-16	-1.0	0.0	2.54258	0.488329	4.39023	1.0
	0

	M22ÂÝÄ¸-76
	M22ÂÝÄ¸.SLDPRT
	-1.0	0.0	5.73642E-17	0.0	6.39279E-17	1.66404E-16	1.0	0.0	0.0	1.0	7.39557E-32	0.0	2.03258	0.511729	4.39023	1.0
	0

	M22ÂÝÄ¸-77
	M22ÂÝÄ¸.SLDPRT
	-1.0	0.0	5.73642E-17	0.0	6.39279E-17	1.66404E-16	1.0	0.0	0.0	1.0	4.93038E-32	0.0	2.28758	0.511729	4.38023	1.0
	0

	M22ÂÝÄ¸-78
	M22ÂÝÄ¸.SLDPRT
	-1.0	0.0	5.73642E-17	0.0	6.39279E-17	1.66404E-16	1.0	0.0	0.0	1.0	4.93038E-32	0.0	2.28758	0.511729	4.49023	1.0
	0

	M22x55-94
	M22x55.SLDPRT
	-5.55112E-17	1.0	2.13568E-17	0.0	0.837169	0.0	0.546944	0.0	0.546944	5.55112E-17	-0.837169	0.0	2.54258	0.448042	4.39023	1.0
	0

	M22ÂÝÄ¸-79
	M22ÂÝÄ¸.SLDPRT
	-1.0	0.0	5.73642E-17	0.0	6.39279E-17	1.66404E-16	1.0	0.0	0.0	1.0	4.93038E-32	0.0	2.01258	0.511729	4.49023	1.0
	0

	M22x55-87
	M22x55.SLDPRT
	-5.55112E-17	1.0	2.13568E-17	0.0	0.837169	0.0	0.546944	0.0	0.546944	5.55112E-17	-0.837169	0.0	2.03258	0.448042	4.39023	1.0
	0

	M22x55-36
	M22x55.SLDPRT
	-1.11022E-16	1.0	9.09039E-32	0.0	0.837169	5.55112E-17	0.546944	0.0	0.546944	5.55112E-17	-0.837169	0.0	2.28758	0.448042	4.38023	1.0
	0

