/*   component name    */   32Ã×±ê×¼Ê½²ð×°Ê½èìÁº
/*   part name         */   32Ã×±ê×¼Ê½²ð×°Ê½èìÁº.SLDASM
/*   location          */   1 0 0 0 0 1 0 0 0 0 1 0 0 0 0 1
/*   children number   */   623

    /*   component name    */   24ºÅ_x1_5_2-1
    /*   part name         */   24ºÅ_x1_5_2.SLDASM
    /*   location          */   1 -4.996E-16 -3.09537E-15 0 -4.996E-16 -1 5.13721E-16 0 -3.09537E-15 -5.13721E-16 -1 0 -1.1525 0.3 0.0115 1
    /*   children number   */   1

        /*   component name    */   24ºÅ_x1_5_2-1/24ºÅ-1
        /*   part name         */   24ºÅ.SLDPRT
        /*   location          */   1 -1.24347613279812E-32 0 0 -1.24347613279763E-32 1 0 0 0 0 1 0 0 0 1.73472347597681E-18 1
        /*   children number   */   0

    /*   component name    */   218ºÅ_x1_2_1-1
    /*   part name         */   218ºÅ_x1_2_1.sldasm
    /*   location          */   -1 2.22045E-16 5.14926E-17 0 2.22045E-16 -1 -3.70361E-17 0 -2.54192E-17 4.47853E-18 1 0 -0.55 2.15105711021124E-16 -0.032 1
    /*   children number   */   1

        /*   component name    */   218ºÅ_x1_2_1-1/218ºÅ-1
        /*   part name         */   218ºÅ.SLDPRT
        /*   location          */   1 2.30611153878E-34 0 0 9.4142803312E-34 1 0 0 0 0 1 0 0 0 0 1
        /*   children number   */   0

    /*   component name    */   13ºÅ_x1_3_2-1
    /*   part name         */   13ºÅ_x1_3_2.SLDASM
    /*   location          */   -1 2.77556E-16 1.38778E-17 0 0 1 0 0 -1.73736E-17 1.22899E-16 -1 0 7.141498E-17 2.77555756156289E-16 -0.032 1
    /*   children number   */   1

        /*   component name    */   13ºÅ_x1_3_2-1/13ºÅ-1
        /*   part name         */   13ºÅ.SLDPRT
        /*   location          */   1 1.7055677422E-33 0 0 0 1 0 0 0 0 1 0 0 0 0 1
        /*   children number   */   0

    /*   component name    */   29ºÅÒÒÂÝË¨_x1_5_2-1
    /*   part name         */   29ºÅÒÒÂÝË¨_x1_5_2.sldasm
    /*   location          */   1 9.4369E-16 -3.09537E-15 0 1.11022E-15 -1 5.13721E-16 0 -3.09537E-15 -5.13721E-16 -1 0 -1.22 0.07 2.0285 1
    /*   children number   */   6

        /*   component name    */   29ºÅÒÒÂÝË¨_x1_5_2-1/29ÒÒÂÝË¨-1
        /*   part name         */   29ÒÒÂÝË¨.SLDPRT
        /*   location          */   1 -1.24347613279672E-32 0 0 -1.24347613279767E-32 1 0 0 0 0 1 0 0 0 -4.44089209850063E-16 1
        /*   children number   */   0

        /*   component name    */   29ºÅÒÒÂÝË¨_x1_5_2-1/33ºÅË¨¶¤-3
        /*   part name         */   33ºÅË¨¶¤.SLDPRT
        /*   location          */   -0.923728021067927 -0.383049008736391 -3.75969008269465E-22 0 -1.55197537369193E-21 2.76109350586813E-21 1 0 -0.383049008736391 0.923728021067927 -3.14498207158362E-21 0 0.0800000000000001 -0.0799999999417012 0.00500000000000078 1
        /*   children number   */   0

        /*   component name    */   29ºÅÒÒÂÝË¨_x1_5_2-1/33ºÅË¨¶¤-1
        /*   part name         */   33ºÅË¨¶¤.SLDPRT
        /*   location          */   -0.923728021067927 -0.383049008736391 -3.75969008269465E-22 0 -1.55197537369193E-21 2.76109350586813E-21 1 0 -0.383049008736391 0.923728021067927 -3.14498207158362E-21 0 4.44089209850063E-16 -0.0799999999999999 0.00499999999999989 1
        /*   children number   */   0

        /*   component name    */   29ºÅÒÒÂÝË¨_x1_5_2-1/33ºÅË¨¶¤-4
        /*   part name         */   33ºÅË¨¶¤.SLDPRT
        /*   location          */   -0.923728021067927 -0.383049008736391 -3.75969008269465E-22 0 -1.55197537369193E-21 2.76109350586813E-21 1 0 -0.383049008736391 0.923728021067927 -3.14498207158362E-21 0 0.0799999999417009 5.82988518571526E-11 0.00500000000000034 1
        /*   children number   */   0

        /*   component name    */   29ºÅÒÒÂÝË¨_x1_5_2-1/29ÒÒÂÝË¨-2
        /*   part name         */   29ÒÒÂÝË¨.SLDPRT
        /*   location          */   1 -1.24347613279672E-32 0 0 -1.24347613279767E-32 1 0 0 0 0 1 0 0 -0.16 -4.44089209850063E-16 1
        /*   children number   */   0

        /*   component name    */   29ºÅÒÒÂÝË¨_x1_5_2-1/33ºÅË¨¶¤-2
        /*   part name         */   33ºÅË¨¶¤.SLDPRT
        /*   location          */   -0.923728021067927 -0.383049008736391 -3.75969008269465E-22 0 -1.55197537369193E-21 2.76109350586813E-21 1 0 -0.383049008736391 0.923728021067927 -3.14498207158362E-21 0 0.0800000000582988 -0.159999999941701 0.00500000000000078 1
        /*   children number   */   0

    /*   component name    */   Á½¸ö13ºÅ_x1_3_1-1
    /*   part name         */   Á½¸ö13ºÅ_x1_3_1.SLDASM
    /*   location          */   1 0 0 0 0 1 0 0 0 0 1 0 1.10372E-16 -2.77555756156289E-17 2 1
    /*   children number   */   2

        /*   component name    */   Á½¸ö13ºÅ_x1_3_1-1/13ºÅ-2
        /*   part name         */   13ºÅ.SLDPRT
        /*   location          */   -1 2.77555756156289E-16 1.38777878078144E-17 0 0 1 0 0 -1.73736403877118E-17 1.22898862354255E-16 -1 0 -1.11022302462516E-16 2.63677968348475E-16 -0.032 1
        /*   children number   */   0

        /*   component name    */   Á½¸ö13ºÅ_x1_3_1-1/13ºÅ-1
        /*   part name         */   13ºÅ.SLDPRT
        /*   location          */   1 0 0 0 0 1 0 0 0 0 1 0 0 0 0 1
        /*   children number   */   0

    /*   component name    */   29¼×ÂÝË¨29ÒÒÂÝË¨_x1_4_2-1
    /*   part name         */   29¼×ÂÝË¨29ÒÒÂÝË¨_x1_4_2.sldasm
    /*   location          */   -1 1.33227E-15 -7.03594E-18 0 1.16573E-15 1 -4.97912E-17 0 7.03594E-18 -4.97912E-17 -1 0 -0.615762 0.634853 1.951 1
    /*   children number   */   10

        /*   component name    */   29¼×ÂÝË¨29ÒÒÂÝË¨_x1_4_2-1/33ºÅË¨¶¤-6
        /*   part name         */   33ºÅË¨¶¤.SLDPRT
        /*   location          */   -1 1.16573E-15 7.03594E-18 0 7.03594000000049E-18 4.171732E-16 1 0 1.33227E-15 1 -4.171732E-16 0 0.164237999999999 -0.564853 -0.0724999999999998 1
        /*   children number   */   0

        /*   component name    */   29¼×ÂÝË¨29ÒÒÂÝË¨_x1_4_2-1/29ÒÒÂÝË¨-2
        /*   part name         */   29ÒÒÂÝË¨.SLDPRT
        /*   location          */   1 3.50327895728E-34 0 0 3.50327895728003E-34 1 0 0 0 0 1 0 0.0842381522216628 -0.404853216739538 -0.0775000000000001 1
        /*   children number   */   0

        /*   component name    */   29¼×ÂÝË¨29ÒÒÂÝË¨_x1_4_2-1/33ºÅË¨¶¤-5
        /*   part name         */   33ºÅË¨¶¤.SLDPRT
        /*   location          */   -1 1.16573E-15 7.03594E-18 0 7.03594000000049E-18 4.171732E-16 1 0 1.33227E-15 1 -4.171732E-16 0 0.164237999999999 -0.484853 -0.0724999999999998 1
        /*   children number   */   0

        /*   component name    */   29¼×ÂÝË¨29ÒÒÂÝË¨_x1_4_2-1/33ºÅË¨¶¤-2
        /*   part name         */   33ºÅË¨¶¤.SLDPRT
        /*   location          */   -1 1.16573E-15 7.03594E-18 0 7.03594000000049E-18 4.171732E-16 1 0 1.33227E-15 1 -4.171732E-16 0 0.244237999999999 -0.484853 -0.0724999999999998 1
        /*   children number   */   0

        /*   component name    */   29¼×ÂÝË¨29ÒÒÂÝË¨_x1_4_2-1/33ºÅË¨¶¤-7
        /*   part name         */   33ºÅË¨¶¤.SLDPRT
        /*   location          */   -1 1.16573E-15 7.03594E-18 0 7.03594000000049E-18 4.171732E-16 1 0 1.33227E-15 1 -4.171732E-16 0 0.0842379999999994 -0.484853 -0.0724999999999998 1
        /*   children number   */   0

        /*   component name    */   29¼×ÂÝË¨29ÒÒÂÝË¨_x1_4_2-1/29¼×ÂÝË¨1-1
        /*   part name         */   29¼×ÂÝË¨1.SLDASM
        /*   location          */   1 3.50327895728E-34 0 0 3.50327895728003E-34 1 0 0 0 0 1 0 0 0 0 1
        /*   children number   */   1

            /*   component name    */   29¼×ÂÝË¨29ÒÒÂÝË¨_x1_4_2-1/29¼×ÂÝË¨1-1/29¼×ÂÝË¨-1
            /*   part name         */   29¼×ÂÝË¨.SLDPRT
            /*   location          */   1 3.50327895728E-34 0 0 3.50327895728003E-34 1 0 0 0 0 1 0 -0.00378035019455247 0 -0.0659999999999998 1
            /*   children number   */   0

        /*   component name    */   29¼×ÂÝË¨29ÒÒÂÝË¨_x1_4_2-1/29ÒÒÂÝË¨-1
        /*   part name         */   29ÒÒÂÝË¨.SLDPRT
        /*   location          */   1 3.50327895728E-34 0 0 3.50327895728003E-34 1 0 0 0 0 1 0 0.0842381522216629 -0.564853216739538 -0.0775000000000001 1
        /*   children number   */   0

        /*   component name    */   29¼×ÂÝË¨29ÒÒÂÝË¨_x1_4_2-1/33ºÅË¨¶¤-1
        /*   part name         */   33ºÅË¨¶¤.SLDPRT
        /*   location          */   -1 1.16573E-15 7.03594E-18 0 7.03594000000049E-18 4.171732E-16 1 0 1.33227E-15 1 -4.171732E-16 0 0.244237999999999 -0.404853 -0.0724999999999998 1
        /*   children number   */   0

        /*   component name    */   29¼×ÂÝË¨29ÒÒÂÝË¨_x1_4_2-1/33ºÅË¨¶¤-3
        /*   part name         */   33ºÅË¨¶¤.SLDPRT
        /*   location          */   -1 1.16573E-15 7.03594E-18 0 7.03594000000049E-18 4.171732E-16 1 0 1.33227E-15 1 -4.171732E-16 0 0.244237999999999 -0.564853 -0.0724999999999998 1
        /*   children number   */   0

        /*   component name    */   29¼×ÂÝË¨29ÒÒÂÝË¨_x1_4_2-1/33ºÅË¨¶¤-4
        /*   part name         */   33ºÅË¨¶¤.SLDPRT
        /*   location          */   -1 1.16573E-15 7.03594E-18 0 7.03594000000049E-18 4.171732E-16 1 0 1.33227E-15 1 -4.171732E-16 0 0.164237999999999 -0.404853 -0.0724999999999998 1
        /*   children number   */   0

    /*   component name    */   24ºÅ_x1_5_1-1
    /*   part name         */   24ºÅ_x1_5_1.SLDASM
    /*   location          */   1 0 0 0 0 1 0 0 0 0 1 0 -1.1525 6.10623E-16 -0.0435 1
    /*   children number   */   1

        /*   component name    */   24ºÅ_x1_5_1-1/24ºÅ-1
        /*   part name         */   24ºÅ.SLDPRT
        /*   location          */   1 0 0 0 0 1 0 0 0 0 1 0 0 0 0 1
        /*   children number   */   0

    /*   component name    */   Á½¸ö24ºÅ_x1_5_1-1
    /*   part name         */   Á½¸ö24ºÅ_x1_5_1.SLDASM
    /*   location          */   1 0 0 0 0 1 0 0 0 0 1 0 -1.1525 -3.67697E-16 1.9565 1
    /*   children number   */   2

        /*   component name    */   Á½¸ö24ºÅ_x1_5_1-1/24ºÅ-1
        /*   part name         */   24ºÅ.SLDPRT
        /*   location          */   1 0 0 0 0 1 0 0 0 0 1 0 0 0 0 1
        /*   children number   */   0

        /*   component name    */   Á½¸ö24ºÅ_x1_5_1-1/24ºÅ-2
        /*   part name         */   24ºÅ.SLDPRT
        /*   location          */   1 -4.99600361081319E-16 -3.09537432281552E-15 0 -4.9960036108132E-16 -1 5.13721182014538E-16 0 -3.09537432281555E-15 -5.13721182014547E-16 -1 0 -2.22044604925031E-16 0.3 0.0550000000000008 1
        /*   children number   */   0

    /*   component name    */   218ºÅ_x1_2_2-1
    /*   part name         */   218ºÅ_x1_2_2.sldasm
    /*   location          */   -1 -1.11022E-16 1.01741E-15 0 3.88578E-16 -1 3.88583E-16 0 1.01741E-15 3.88583E-16 1 0 -0.55 5.68989300120393E-16 -0.016 1
    /*   children number   */   1

        /*   component name    */   218ºÅ_x1_2_2-1/218ºÅ-1
        /*   part name         */   218ºÅ.SLDPRT
        /*   location          */   1 9.17777419494041E-34 0 0 9.17777419494216E-34 1 0 0 0 0 1 0 0 -9.86076131526265E-32 0 1
        /*   children number   */   0

    /*   component name    */   13ºÅ_x1_3_1-1
    /*   part name         */   13ºÅ_x1_3_1.SLDASM
    /*   location          */   1 0 0 0 0 1 0 0 0 0 1 0 0 0 0 1
    /*   children number   */   1

        /*   component name    */   13ºÅ_x1_3_1-1/13ºÅ-1
        /*   part name         */   13ºÅ.SLDPRT
        /*   location          */   1 0 0 0 0 1 0 0 0 0 1 0 0 0 0 1
        /*   children number   */   0

    /*   component name    */   ÕíÄ¾_x1_2_1-1
    /*   part name         */   ÕíÄ¾_x1_2_1.SLDASM
    /*   location          */   -5.52737999999997E-17 -1.88984E-16 1 0 -5.55112000000005E-17 1 1.88984E-16 0 -1 -5.55112000000005E-17 -5.52737999999998E-17 0 -0.59 -0.139718484848485 -0.153448 1
    /*   children number   */   20

        /*   component name    */   ÕíÄ¾_x1_2_1-1/ÕíÄ¾-13
        /*   part name         */   ÕíÄ¾.SLDPRT
        /*   location          */   1 0 0 0 0 1 1.88008782487836E-33 0 0 1.88008782487836E-33 1 0 -3.83026943495679E-15 -1.09356967925578E-14 -18 1
        /*   children number   */   0

        /*   component name    */   ÕíÄ¾_x1_2_1-1/ÕíÄ¾-16
        /*   part name         */   ÕíÄ¾.SLDPRT
        /*   location          */   1 0 0 0 0 1 1.88008782487836E-33 0 0 1.88008782487836E-33 1 0 -4.44089209850063E-15 -1.66533453693773E-14 -29.39 1
        /*   children number   */   0

        /*   component name    */   ÕíÄ¾_x1_2_1-1/ÕíÄ¾-20
        /*   part name         */   ÕíÄ¾.SLDPRT
        /*   location          */   1 0 0 0 0 1 1.88008782487836E-33 0 0 1.88008782487836E-33 1 0 -4.88498130835069E-15 -1.72917236085368E-14 -30 1
        /*   children number   */   0

        /*   component name    */   ÕíÄ¾_x1_2_1-1/ÕíÄ¾-9
        /*   part name         */   ÕíÄ¾.SLDPRT
        /*   location          */   1 0 0 0 0 1 1.88008782487836E-33 0 0 1.88008782487836E-33 1 0 -1.63757896132211E-15 -6.41153796721028E-15 -9.99999999999999 1
        /*   children number   */   0

        /*   component name    */   ÕíÄ¾_x1_2_1-1/ÕíÄ¾-10
        /*   part name         */   ÕíÄ¾.SLDPRT
        /*   location          */   1 0 0 0 0 1 1.88008782487836E-33 0 0 1.88008782487836E-33 1 0 -2.63677968348475E-15 -9.90874049477952E-15 -17.39 1
        /*   children number   */   0

        /*   component name    */   ÕíÄ¾_x1_2_1-1/ÕíÄ¾-15
        /*   part name         */   ÕíÄ¾.SLDPRT
        /*   location          */   1 0 0 0 0 1 1.88008782487836E-33 0 0 1.88008782487836E-33 1 0 -4.02455846426619E-15 -1.31561428418081E-14 -22 1
        /*   children number   */   0

        /*   component name    */   ÕíÄ¾_x1_2_1-1/ÕíÄ¾-18
        /*   part name         */   ÕíÄ¾.SLDPRT
        /*   location          */   1 0 0 0 0 1 1.88008782487836E-33 0 0 1.88008782487836E-33 1 0 -4.77395900588817E-15 -1.79578574233119E-14 -31.89 1
        /*   children number   */   0

        /*   component name    */   ÕíÄ¾_x1_2_1-1/ÕíÄ¾-5
        /*   part name         */   ÕíÄ¾.SLDPRT
        /*   location          */   1 0 0 0 0 1 1.88008782487836E-33 0 0 1.88008782487836E-33 1 0 -5.27355936696949E-16 -3.88578058618805E-16 -2 1
        /*   children number   */   0

        /*   component name    */   ÕíÄ¾_x1_2_1-1/ÕíÄ¾-7
        /*   part name         */   ÕíÄ¾.SLDPRT
        /*   location          */   1 0 0 0 0 1 1.88008782487836E-33 0 0 1.88008782487836E-33 1 0 -5.27355936696949E-16 -4.21884749357559E-15 -6 1
        /*   children number   */   0

        /*   component name    */   ÕíÄ¾_x1_2_1-1/ÕíÄ¾-17
        /*   part name         */   ÕíÄ¾.SLDPRT
        /*   location          */   1 0 0 0 0 1 1.88008782487836E-33 0 0 1.88008782487836E-33 1 0 -4.57966997657877E-15 -1.54321000422897E-14 -26 1
        /*   children number   */   0

        /*   component name    */   ÕíÄ¾_x1_2_1-1/ÕíÄ¾-8
        /*   part name         */   ÕíÄ¾.SLDPRT
        /*   location          */   1 0 0 0 0 1 1.88008782487836E-33 0 0 1.88008782487836E-33 1 0 -2.02615701994091E-15 -7.66053886991358E-15 -13.39 1
        /*   children number   */   0

        /*   component name    */   ÕíÄ¾_x1_2_1-1/ÕíÄ¾-11
        /*   part name         */   ÕíÄ¾.SLDPRT
        /*   location          */   1 0 0 0 0 1 1.88008782487836E-33 0 0 1.88008782487836E-33 1 0 -2.27595720048157E-15 -8.68749516769185E-15 -14 1
        /*   children number   */   0

        /*   component name    */   ÕíÄ¾_x1_2_1-1/ÕíÄ¾-14
        /*   part name         */   ÕíÄ¾.SLDPRT
        /*   location          */   1 0 0 0 0 1 1.88008782487836E-33 0 0 1.88008782487836E-33 1 0 -3.83026943495679E-15 -1.43773881688958E-14 -25.39 1
        /*   children number   */   0

        /*   component name    */   ÕíÄ¾_x1_2_1-1/ÕíÄ¾-6
        /*   part name         */   ÕíÄ¾.SLDPRT
        /*   location          */   1 0 0 0 0 1 1.88008782487836E-33 0 0 1.88008782487836E-33 1 0 -1.41553435639707E-15 -5.44009282066327E-15 -9.39 1
        /*   children number   */   0

        /*   component name    */   ÕíÄ¾_x1_2_1-1/ÕíÄ¾-12
        /*   part name         */   ÕíÄ¾.SLDPRT
        /*   location          */   1 0 0 0 0 1 1.88008782487836E-33 0 0 1.88008782487836E-33 1 0 -3.21964677141295E-15 -1.21569421196455E-14 -21.39 1
        /*   children number   */   0

        /*   component name    */   ÕíÄ¾_x1_2_1-1/ÕíÄ¾-19
        /*   part name         */   ÕíÄ¾.SLDPRT
        /*   location          */   1 0 0 0 0 1 1.88008782487836E-33 0 0 1.88008782487836E-33 1 0 -4.74620343027254E-15 -1.77913239696181E-14 -31.39 1
        /*   children number   */   0

        /*   component name    */   ÕíÄ¾_x1_2_1-1/ÕíÄ¾-1
        /*   part name         */   ÕíÄ¾.SLDPRT
        /*   location          */   1 0 0 0 0 1 1.88008782487836E-33 0 0 1.88008782487836E-33 1 0 0 0 0 1
        /*   children number   */   0

        /*   component name    */   ÕíÄ¾_x1_2_1-1/ÕíÄ¾-3
        /*   part name         */   ÕíÄ¾.SLDPRT
        /*   location          */   1 0 0 0 0 1 1.88008782487836E-33 0 0 1.88008782487836E-33 1 0 -1.94289029309402E-16 -2.77555756156289E-17 -1.39 1
        /*   children number   */   0

        /*   component name    */   ÕíÄ¾_x1_2_1-1/ÕíÄ¾-4
        /*   part name         */   ÕíÄ¾.SLDPRT
        /*   location          */   1 0 0 0 0 1 1.88008782487836E-33 0 0 1.88008782487836E-33 1 0 -8.32667268468867E-16 -1.16573417585641E-15 -5.39 1
        /*   children number   */   0

        /*   component name    */   ÕíÄ¾_x1_2_1-1/ÕíÄ¾-2
        /*   part name         */   ÕíÄ¾.SLDPRT
        /*   location          */   1 0 0 0 0 1 1.88008782487836E-33 0 0 1.88008782487836E-33 1 0 2.77555756156289E-17 -2.77555756156289E-17 0.5 1
        /*   children number   */   0

    /*   component name    */   33ºÅË¨¶¤_x1_3_1-1
    /*   part name         */   33ºÅË¨¶¤_x1_3_1.sldasm
    /*   location          */   0.902339988168067 -0.431024994348185 -6.86493990998348E-17 0 1.73736659403756E-17 -1.22898779131979E-16 1 0 -0.431024994348185 -0.902339988168067 -1.03407998644063E-16 0 -0.3 0.15 -0.0555000000000001 1
    /*   children number   */   6

        /*   component name    */   33ºÅË¨¶¤_x1_3_1-1/29ÒÒÂÝË¨-2
        /*   part name         */   29ÒÒÂÝË¨.SLDPRT
        /*   location          */   0.902339988168067 1.73736659403756E-17 -0.431024994348185 0 -0.431024994348185 -1.2289877913198E-16 -0.902339988168067 0 -6.86493990998348E-17 1 -1.03407998644063E-16 0 0.506921993352985 -0.005 -0.330802195662356 1
        /*   children number   */   0

        /*   component name    */   33ºÅË¨¶¤_x1_3_1-1/33ºÅË¨¶¤-1
        /*   part name         */   33ºÅË¨¶¤.SLDPRT
        /*   location          */   1 -1.23259516440783E-32 7.09889696903143E-33 0 0 1 -1.23259516440783E-32 0 7.09889696903143E-33 1.23259516440783E-32 1 0 0 0 -3.46944695195361E-18 1
        /*   children number   */   0

        /*   component name    */   33ºÅË¨¶¤_x1_3_1-1/33ºÅË¨¶¤-2
        /*   part name         */   33ºÅË¨¶¤.SLDPRT
        /*   location          */   1 -1.23259516440783E-32 7.09889696903143E-33 0 0 1 -1.23259516440783E-32 0 7.09889696903143E-33 1.23259516440783E-32 1 0 0.54140398921505 -6.93889390390723E-18 -0.25861500432502 1
        /*   children number   */   0

        /*   component name    */   33ºÅË¨¶¤_x1_3_1-1/29ÒÒÂÝË¨-1
        /*   part name         */   29ÒÒÂÝË¨.SLDPRT
        /*   location          */   0.902339988168067 1.73736659403756E-17 -0.431024994348185 0 -0.431024994348185 -1.2289877913198E-16 -0.902339988168067 0 -6.86493990998348E-17 1 -1.03407998644063E-16 0 -0.0344819995478548 -0.00500000000000002 -0.0721871990534454 1
        /*   children number   */   0

        /*   component name    */   33ºÅË¨¶¤_x1_3_1-1/29ÒÒÂÝË¨-4
        /*   part name         */   29ÒÒÂÝË¨.SLDPRT
        /*   location          */   0.902339988168067 1.73736659403756E-17 -0.431024994348185 0 -0.431024994348185 -1.2289877913198E-16 -0.902339988168067 0 -6.86493990998348E-17 1 -1.03407998644063E-16 0 0.575885992448695 -0.00499999999999998 -0.186427797555465 1
        /*   children number   */   0

        /*   component name    */   33ºÅË¨¶¤_x1_3_1-1/29ÒÒÂÝË¨-3
        /*   part name         */   29ÒÒÂÝË¨.SLDPRT
        /*   location          */   0.902339988168067 1.73736659403756E-17 -0.431024994348185 0 -0.431024994348185 -1.2289877913198E-16 -0.902339988168067 0 -6.86493990998348E-17 1 -1.03407998644063E-16 0 0.0344819995478548 -0.005 0.0721871990534454 1
        /*   children number   */   0

    /*   component name    */   33ºÅË¨¶¤_x1_3_2-1
    /*   part name         */   33ºÅË¨¶¤_x1_3_2.sldasm
    /*   location          */   -0.902339988168067 -0.431024994348185 0 0 0 0 -1 0 0.431024994348185 -0.902339988168067 0 0 0.3 0.15 2.0235 1
    /*   children number   */   6

        /*   component name    */   33ºÅË¨¶¤_x1_3_2-1/29ÒÒÂÝË¨-2
        /*   part name         */   29ÒÒÂÝË¨.SLDPRT
        /*   location          */   -0.902339988168067 -1.36541E-17 0.431024994348184 0 0.431024994348184 2.43079E-16 0.902339988168067 0 -1.17093765033608E-16 1 -2.13454643608576E-16 0 0.0344819995478544 -0.00500000000000034 0.0721871990534448 1
        /*   children number   */   0

        /*   component name    */   33ºÅË¨¶¤_x1_3_2-1/29ÒÒÂÝË¨-3
        /*   part name         */   29ÒÒÂÝË¨.SLDPRT
        /*   location          */   -0.902339988168067 -1.36541E-17 0.431024994348184 0 0.431024994348184 2.43079E-16 0.902339988168067 0 -1.17093765033608E-16 1 -2.13454643608576E-16 0 0.506921993352986 -0.00500000000000034 -0.330802195662356 1
        /*   children number   */   0

        /*   component name    */   33ºÅË¨¶¤_x1_3_2-1/33ºÅË¨¶¤-1
        /*   part name         */   33ºÅË¨¶¤.SLDPRT
        /*   location          */   1 0 0 0 0 1 0 0 0 0 1 0 0 0 -4.33680868994202E-18 1
        /*   children number   */   0

        /*   component name    */   33ºÅË¨¶¤_x1_3_2-1/29ÒÒÂÝË¨-4
        /*   part name         */   29ÒÒÂÝË¨.SLDPRT
        /*   location          */   -0.902339988168067 -1.36541E-17 0.431024994348184 0 0.431024994348184 2.43079E-16 0.902339988168067 0 -1.17093765033608E-16 1 -2.13454643608576E-16 0 -0.034481999547855 -0.00500000000000034 -0.072187199053446 1
        /*   children number   */   0

        /*   component name    */   33ºÅË¨¶¤_x1_3_2-1/33ºÅË¨¶¤-2
        /*   part name         */   33ºÅË¨¶¤.SLDPRT
        /*   location          */   1 0 0 0 0 1 0 0 0 0 1 0 0.54140398921505 0 -0.25861500432502 1
        /*   children number   */   0

        /*   component name    */   33ºÅË¨¶¤_x1_3_2-1/29ÒÒÂÝË¨-1
        /*   part name         */   29ÒÒÂÝË¨.SLDPRT
        /*   location          */   -0.902339988168067 -1.36541E-17 0.431024994348184 0 0.431024994348184 2.43079E-16 0.902339988168067 0 -1.17093765033608E-16 1 -2.13454643608576E-16 0 0.575885992448695 -0.00500000000000034 -0.186427797555466 1
        /*   children number   */   0

    /*   component name    */   Á½¸ö218ºÅ_x1_2_1-1
    /*   part name         */   Á½¸ö218ºÅ_x1_2_1.sldasm
    /*   location          */   -1 5.55112E-17 1.16608E-15 0 -2.22045E-16 -1 1.90171E-16 0 1.16608E-15 1.90171E-16 1 0 -0.55 -5.55111512312578E-17 1.968 1
    /*   children number   */   2

        /*   component name    */   Á½¸ö218ºÅ_x1_2_1-1/218ºÅ-1
        /*   part name         */   218ºÅ.SLDPRT
        /*   location          */   1 -1.12529913409466E-34 0 0 2.45393733747471E-32 1 0 0 0 0 1 0 0 0 0 1
        /*   children number   */   0

        /*   component name    */   Á½¸ö218ºÅ_x1_2_1-1/218ºÅ-2
        /*   part name         */   218ºÅ.SLDPRT
        /*   location          */   1 -1.12529913409466E-34 0 0 2.45393733747471E-32 1 0 0 0 0 1 0 0 0 0.016 1
        /*   children number   */   0

    /*   component name    */   29ºÅÒÒÂÝË¨_x1_5_1-1
    /*   part name         */   29ºÅÒÒÂÝË¨_x1_5_1.sldasm
    /*   location          */   1 0 0 0 0 1 0 0 0 0 1 0 -1.22 0.23 -0.0605 1
    /*   children number   */   6

        /*   component name    */   29ºÅÒÒÂÝË¨_x1_5_1-1/33ºÅË¨¶¤-4
        /*   part name         */   33ºÅË¨¶¤.SLDPRT
        /*   location          */   -0.923728021067927 -0.38304900873639 0 0 -1.40725314137185E-16 3.39361055575955E-16 1 0 -0.38304900873639 0.923728021067927 -3.67382008379065E-16 0 0.0799999999417009 5.82986992014867E-11 0.005 1
        /*   children number   */   0

        /*   component name    */   29ºÅÒÒÂÝË¨_x1_5_1-1/29ÒÒÂÝË¨-2
        /*   part name         */   29ÒÒÂÝË¨.SLDPRT
        /*   location          */   1 0 0 0 0 1 0 0 0 0 1 0 0 -0.16 0 1
        /*   children number   */   0

        /*   component name    */   29ºÅÒÒÂÝË¨_x1_5_1-1/33ºÅË¨¶¤-3
        /*   part name         */   33ºÅË¨¶¤.SLDPRT
        /*   location          */   -0.923728021067927 -0.38304900873639 0 0 -1.40725314137185E-16 3.39361055575955E-16 1 0 -0.38304900873639 0.923728021067927 -3.67382008379065E-16 0 0.0799999999999998 -0.0799999999417013 0.005 1
        /*   children number   */   0

        /*   component name    */   29ºÅÒÒÂÝË¨_x1_5_1-1/33ºÅË¨¶¤-1
        /*   part name         */   33ºÅË¨¶¤.SLDPRT
        /*   location          */   -0.923728021067927 -0.38304900873639 0 0 -1.40725314137185E-16 3.39361055575955E-16 1 0 -0.38304900873639 0.923728021067927 -3.67382008379065E-16 0 0 -0.0799999999999999 0.005 1
        /*   children number   */   0

        /*   component name    */   29ºÅÒÒÂÝË¨_x1_5_1-1/33ºÅË¨¶¤-2
        /*   part name         */   33ºÅË¨¶¤.SLDPRT
        /*   location          */   -0.923728021067927 -0.38304900873639 0 0 -1.40725314137185E-16 3.39361055575955E-16 1 0 -0.38304900873639 0.923728021067927 -3.67382008379065E-16 0 0.0800000000582985 -0.159999999941701 0.005 1
        /*   children number   */   0

        /*   component name    */   29ºÅÒÒÂÝË¨_x1_5_1-1/29ÒÒÂÝË¨-1
        /*   part name         */   29ÒÒÂÝË¨.SLDPRT
        /*   location          */   1 0 0 0 0 1 0 0 0 0 1 0 0 0 0 1
        /*   children number   */   0

    /*   component name    */   29¼×ÂÝË¨29ÒÒÂÝË¨_x1_4_1-1
    /*   part name         */   29¼×ÂÝË¨29ÒÒÂÝË¨_x1_4_1.sldasm
    /*   location          */   1 0 0 0 0 1 0 0 0 0 1 0 -0.608201 0.634853 0.017 1
    /*   children number   */   10

        /*   component name    */   29¼×ÂÝË¨29ÒÒÂÝË¨_x1_4_1-1/33ºÅË¨¶¤-6
        /*   part name         */   33ºÅË¨¶¤.SLDPRT
        /*   location          */   1 7.77156E-16 -8.00658E-16 0 8.00658E-16 -9.36517E-16 1 0 7.77156E-16 -1 -9.36517E-16 0 -0.171799 -0.404853 -0.0724999999999999 1
        /*   children number   */   0

        /*   component name    */   29¼×ÂÝË¨29ÒÒÂÝË¨_x1_4_1-1/33ºÅË¨¶¤-1
        /*   part name         */   33ºÅË¨¶¤.SLDPRT
        /*   location          */   1 7.77156E-16 -8.00658E-16 0 8.00658E-16 -9.36517E-16 1 0 7.77156E-16 -1 -9.36517E-16 0 -0.251799 -0.564853 -0.0725 1
        /*   children number   */   0

        /*   component name    */   29¼×ÂÝË¨29ÒÒÂÝË¨_x1_4_1-1/33ºÅË¨¶¤-3
        /*   part name         */   33ºÅË¨¶¤.SLDPRT
        /*   location          */   1 7.77156E-16 -8.00658E-16 0 8.00658E-16 -9.36517E-16 1 0 7.77156E-16 -1 -9.36517E-16 0 -0.251799 -0.404853 -0.0724999999999999 1
        /*   children number   */   0

        /*   component name    */   29¼×ÂÝË¨29ÒÒÂÝË¨_x1_4_1-1/29¼×ÂÝË¨1-1
        /*   part name         */   29¼×ÂÝË¨1.SLDASM
        /*   location          */   1 0 0 0 0 1 0 0 0 0 1 0 0 0 0 1
        /*   children number   */   1

            /*   component name    */   29¼×ÂÝË¨29ÒÒÂÝË¨_x1_4_1-1/29¼×ÂÝË¨1-1/29¼×ÂÝË¨-1
            /*   part name         */   29¼×ÂÝË¨.SLDPRT
            /*   location          */   1 0 0 0 0 1 0 0 0 0 1 0 -0.00378035019455258 0 -0.066 1
            /*   children number   */   0

        /*   component name    */   29¼×ÂÝË¨29ÒÒÂÝË¨_x1_4_1-1/33ºÅË¨¶¤-4
        /*   part name         */   33ºÅË¨¶¤.SLDPRT
        /*   location          */   1 7.77156E-16 -8.00658E-16 0 8.00658E-16 -9.36517E-16 1 0 7.77156E-16 -1 -9.36517E-16 0 -0.171799 -0.564853 -0.0725000000000001 1
        /*   children number   */   0

        /*   component name    */   29¼×ÂÝË¨29ÒÒÂÝË¨_x1_4_1-1/33ºÅË¨¶¤-5
        /*   part name         */   33ºÅË¨¶¤.SLDPRT
        /*   location          */   1 7.77156E-16 -8.00658E-16 0 8.00658E-16 -9.36517E-16 1 0 7.77156E-16 -1 -9.36517E-16 0 -0.171799 -0.484853 -0.0725 1
        /*   children number   */   0

        /*   component name    */   29¼×ÂÝË¨29ÒÒÂÝË¨_x1_4_1-1/29ÒÒÂÝË¨-1
        /*   part name         */   29ÒÒÂÝË¨.SLDPRT
        /*   location          */   1 0 0 0 0 1 0 0 0 0 1 0 -0.091798852610768 -0.564853216739538 -0.0775 1
        /*   children number   */   0

        /*   component name    */   29¼×ÂÝË¨29ÒÒÂÝË¨_x1_4_1-1/29ÒÒÂÝË¨-2
        /*   part name         */   29ÒÒÂÝË¨.SLDPRT
        /*   location          */   1 0 0 0 0 1 0 0 0 0 1 0 -0.091798852610768 -0.404853216739538 -0.0775 1
        /*   children number   */   0

        /*   component name    */   29¼×ÂÝË¨29ÒÒÂÝË¨_x1_4_1-1/33ºÅË¨¶¤-2
        /*   part name         */   33ºÅË¨¶¤.SLDPRT
        /*   location          */   1 7.77156E-16 -8.00658E-16 0 8.00658E-16 -9.36517E-16 1 0 7.77156E-16 -1 -9.36517E-16 0 -0.251799 -0.484853 -0.0724999999999999 1
        /*   children number   */   0

        /*   component name    */   29¼×ÂÝË¨29ÒÒÂÝË¨_x1_4_1-1/33ºÅË¨¶¤-7
        /*   part name         */   33ºÅË¨¶¤.SLDPRT
        /*   location          */   1 7.77156E-16 -8.00658E-16 0 8.00658E-16 -9.36517E-16 1 0 7.77156E-16 -1 -9.36517E-16 0 -0.0917990000000002 -0.484853 -0.0725000000000001 1
        /*   children number   */   0

    /*   component name    */   Á½¸ö22ºÅ¼×_s4_34_1-1
    /*   part name         */   Á½¸ö22ºÅ¼×_s4_34_1.SLDASM
    /*   location          */   1 1.16573E-15 -5.26932E-16 0 5.26932E-16 -1.87101E-17 1 0 1.16573E-15 -1 -1.87101E-17 0 4.73 2.48 1.703 1
    /*   children number   */   2

        /*   component name    */   Á½¸ö22ºÅ¼×_s4_34_1-1/22ºÅ¼×-1
        /*   part name         */   22ºÅ¼×.SLDPRT
        /*   location          */   1 0 9.85895041320032E-33 0 0 1 0 0 9.8589504132E-33 0 1 0 0 0 0 1
        /*   children number   */   0

        /*   component name    */   Á½¸ö22ºÅ¼×_s4_34_1-1/22ºÅ¼×-2
        /*   part name         */   22ºÅ¼×.SLDPRT
        /*   location          */   -1 9.00344778174245E-17 2.05391259555654E-14 0 -9.00344778174183E-17 -1 2.96115357323277E-16 0 2.05391259555654E-14 2.96115357323275E-16 1 0 0.540000000000015 -1.438 4.30766533554561E-14 1
        /*   children number   */   0

    /*   component name    */   ËÄ¸ö29¼×ÂÝË¨_s3_36_1-1
    /*   part name         */   ËÄ¸ö29¼×ÂÝË¨_s3_36_1.SLDASM
    /*   location          */   1 1.28394E-15 -1.28394E-15 0 1.28394E-15 1.71624E-16 1 0 1.28394E-15 -1 1.71624E-16 0 4.82716 2.505 0.156836 1
    /*   children number   */   13

        /*   component name    */   ËÄ¸ö29¼×ÂÝË¨_s3_36_1-1/29¼×ÂÝË¨-10
        /*   part name         */   29¼×ÂÝË¨.SLDPRT
        /*   location          */   0.979860504311575 0.199683229366579 2.18083816529088E-14 0 -0.199683229366579 0.979860504311575 -4.09365277385234E-15 0 -2.21452392581366E-14 -3.75783297001219E-16 1 0 -0.714177186257614 0.714484666567131 -3.5527136788005E-15 1
        /*   children number   */   0

        /*   component name    */   ËÄ¸ö29¼×ÂÝË¨_s3_36_1-1/29¼×ÂÝË¨-13
        /*   part name         */   29¼×ÂÝË¨.SLDPRT
        /*   location          */   0.979860504311575 0.19968322936658 6.88270519674936E-17 0 -0.19968322936658 0.979860504311575 2.77850385609185E-16 0 -1.19588475719559E-17 -2.8599822697083E-16 1 0 -0.940451356237314 0.714182643762691 0.0054999999999934 1
        /*   children number   */   0

        /*   component name    */   ËÄ¸ö29¼×ÂÝË¨_s3_36_1-1/29¼×ÂÝË¨-8
        /*   part name         */   29¼×ÂÝË¨.SLDPRT
        /*   location          */   0.773318021219079 0.634018326279145 -7.14693652318017E-15 0 -0.634018326279145 0.773318021219079 6.10566765922092E-15 0 9.39796E-15 -1.90334100000064E-16 1 0 -1.59775132548161 0.0565726745184083 0.00800000000001466 1
        /*   children number   */   0

        /*   component name    */   ËÄ¸ö29¼×ÂÝË¨_s3_36_1-1/29¼×ÂÝË¨-11
        /*   part name         */   29¼×ÂÝË¨.SLDPRT
        /*   location          */   0.979860504311575 0.19968322936658 6.88270519674936E-17 0 -0.19968322936658 0.979860504311575 2.77850385609185E-16 0 -1.19588475719559E-17 -2.8599822697083E-16 1 0 -0.827314271247465 0.827319728752537 -1.33226762955019E-15 1
        /*   children number   */   0

        /*   component name    */   ËÄ¸ö29¼×ÂÝË¨_s3_36_1-1/29¼×ÂÝË¨-7
        /*   part name         */   29¼×ÂÝË¨.SLDPRT
        /*   location          */   5.98802E-15 1 1.90334100000009E-16 0 -1 5.48842E-15 9.39796E-15 0 9.39796E-15 -1.90334099999986E-16 1 0 -0.0562585424949278 1.59806545750508 0.0080000000000009 1
        /*   children number   */   0

        /*   component name    */   ËÄ¸ö29¼×ÂÝË¨_s3_36_1-1/29¼×ÂÝË¨-2
        /*   part name         */   29¼×ÂÝË¨.SLDPRT
        /*   location          */   1 0 -2.31396922547449E-32 0 0 1 0 0 -2.31396922547471E-32 0 1 0 -1.65462986797652 1.65462986797652 0 1
        /*   children number   */   0

        /*   component name    */   ËÄ¸ö29¼×ÂÝË¨_s3_36_1-1/29¼×ÂÝË¨-3
        /*   part name         */   29¼×ÂÝË¨.SLDPRT
        /*   location          */   1 0 -2.31396922547449E-32 0 0 1 0 0 -2.31396922547471E-32 0 1 0 -0.056568542494924 0.0565685424949239 0 1
        /*   children number   */   0

        /*   component name    */   ËÄ¸ö29¼×ÂÝË¨_s3_36_1-1/29¼×ÂÝË¨-1
        /*   part name         */   29¼×ÂÝË¨.SLDPRT
        /*   location          */   1 0 -2.31396922547449E-32 0 0 1 0 0 -2.31396922547471E-32 0 1 0 0 2.77555756156289E-17 0 1
        /*   children number   */   0

        /*   component name    */   ËÄ¸ö29¼×ÂÝË¨_s3_36_1-1/29¼×ÂÝË¨-5
        /*   part name         */   29¼×ÂÝË¨.SLDPRT
        /*   location          */   5.98802E-15 1 1.90334100000009E-16 0 -1 5.48842E-15 9.39796E-15 0 9.39796E-15 -1.90334099999986E-16 1 0 0.000309999999996258 1.654634 0.00800000000000045 1
        /*   children number   */   0

        /*   component name    */   ËÄ¸ö29¼×ÂÝË¨_s3_36_1-1/29¼×ÂÝË¨-6
        /*   part name         */   29¼×ÂÝË¨.SLDPRT
        /*   location          */   5.98802E-15 1 1.90334100000009E-16 0 -1 5.48842E-15 9.39796E-15 0 9.39796E-15 -1.90334099999986E-16 1 0 -1.65431986797653 4.13202348456543E-06 0.00800000000001555 1
        /*   children number   */   0

        /*   component name    */   ËÄ¸ö29¼×ÂÝË¨_s3_36_1-1/29¼×ÂÝË¨-9
        /*   part name         */   29¼×ÂÝË¨.SLDPRT
        /*   location          */   0.979860504311575 0.199683229366579 2.17042982443502E-14 0 -0.199683229366579 0.979860504311575 -3.89936374454293E-15 0 -2.20562315752981E-14 -5.18456249423607E-16 1 0 -0.940451356237309 0.940758836546828 -4.44089209850063E-15 1
        /*   children number   */   0

        /*   component name    */   ËÄ¸ö29¼×ÂÝË¨_s3_36_1-1/29¼×ÂÝË¨-4
        /*   part name         */   29¼×ÂÝË¨.SLDPRT
        /*   location          */   0.63401832627915 -0.773318021219075 2.46519032881566E-32 0 0.773318021219075 0.63401832627915 -2.71170936169723E-31 0 -2.3139692254747E-32 -9.86076131526265E-32 1 0 -1.5980613254816 1.59806132548159 0 1
        /*   children number   */   0

        /*   component name    */   ËÄ¸ö29¼×ÂÝË¨_s3_36_1-1/29¼×ÂÝË¨-12
        /*   part name         */   29¼×ÂÝË¨.SLDPRT
        /*   location          */   0.979860504311575 0.19968322936658 6.88270519674936E-17 0 -0.19968322936658 0.979860504311575 2.77850385609185E-16 0 -1.19588475719559E-17 -2.8599822697083E-16 1 0 -0.714177186257616 0.940456813742384 0.00549999999999384 1
        /*   children number   */   0

    /*   component name    */   502ºÅ_s3_37_2-1
    /*   part name         */   502ºÅ_s3_37_2.SLDASM
    /*   location          */   1 -5.66214E-15 -4.50615E-59 0 -5.55112E-15 -1 -5.381E-58 0 -4.50615E-59 5.381E-58 -1 0 5 2.65 -0.032 1
    /*   children number   */   1

        /*   component name    */   502ºÅ_s3_37_2-1/502ºÅ-1
        /*   part name         */   502ºÅ.SLDPRT
        /*   location          */   1 2.424759315E-116 0 0 2.42475931500016E-116 1 0 0 0 0 1 0 0 0 0 1
        /*   children number   */   0

    /*   component name    */   29ÒÒ33ºÅË¨¶¤_s4_33_1-1
    /*   part name         */   29ÒÒ33ºÅË¨¶¤_s4_33_1.SLDASM
    /*   location          */   1 0 0 0 0 1 0 0 0 0 1 0 5 2.17 -0.057 1
    /*   children number   */   3

        /*   component name    */   29ÒÒ33ºÅË¨¶¤_s4_33_1-1/29ÒÒÂÝË¨-1
        /*   part name         */   29ÒÒÂÝË¨.SLDPRT
        /*   location          */   1 0 0 0 0 1 0 0 0 0 1 0 0 0 0 1
        /*   children number   */   0

        /*   component name    */   29ÒÒ33ºÅË¨¶¤_s4_33_1-1/33ºÅË¨¶¤-1
        /*   part name         */   33ºÅË¨¶¤.SLDPRT
        /*   location          */   0.923728021347068 0.383049008063238 -8.12674466471614E-17 0 -3.28863001576949E-17 2.91465168349484E-16 1 0 0.383049008063237 -0.923728021347068 2.81831607905335E-16 0 -8.88178419700125E-16 0.080000000000001 -4.16333634234434E-17 1
        /*   children number   */   0

        /*   component name    */   29ÒÒ33ºÅË¨¶¤_s4_33_1-1/29ÒÒÂÝË¨-2
        /*   part name         */   29ÒÒÂÝË¨.SLDPRT
        /*   location          */   1 0 0 0 0 1 0 0 0 0 1 0 0 0.16 0 1
        /*   children number   */   0

    /*   component name    */   13¸ö29¼×ÂÝË¨_x4_35_1-1
    /*   part name         */   13¸ö29¼×ÂÝË¨_x4_35_1.SLDASM
    /*   location          */   -1.67448209677262E-15 0.000416059963988779 -0.99999991344705 0 -3.77877065856766E-14 0.99999991344705 0.000416059963988779 0 1 3.77884E-14 -1.65876E-15 0 4.968 2.36415 0.127259 1
    /*   children number   */   13

        /*   component name    */   13¸ö29¼×ÂÝË¨_x4_35_1-1/29¼×ÂÝË¨-13
        /*   part name         */   29¼×ÂÝË¨.SLDPRT
        /*   location          */   1 -5.42101086242752E-20 -1.97215226305253E-31 0 -5.42101086242752E-20 1 2.55850163462122E-30 0 0 -3.75228931064965E-30 1 0 -0.0531561620314055 -1.86886123012994 0.00799999999999557 1
        /*   children number   */   0

        /*   component name    */   13¸ö29¼×ÂÝË¨_x4_35_1-1/29¼×ÂÝË¨-11
        /*   part name         */   29¼×ÂÝË¨.SLDPRT
        /*   location          */   1 -5.42101086242752E-20 -1.97215226305253E-31 0 -5.42101086242752E-20 1 2.55850163462122E-30 0 0 -3.75228931064965E-30 1 0 -1.6611294670497 -0.0597864737048823 0.00800000000004886 1
        /*   children number   */   0

        /*   component name    */   13¸ö29¼×ÂÝË¨_x4_35_1-1/29¼×ÂÝË¨-10
        /*   part name         */   29¼×ÂÝË¨.SLDPRT
        /*   location          */   0.381849318686572 -0.924224592736311 -1.50348756772784E-16 0 0.924224592736311 0.381849318686572 -4.55764066461138E-16 0 4.78638929047953E-16 3.50771797632762E-17 1 0 -0.923557549292315 -0.889296453640852 0.00799999999999823 1
        /*   children number   */   0

        /*   component name    */   13¸ö29¼×ÂÝË¨_x4_35_1-1/29¼×ÂÝË¨-12
        /*   part name         */   29¼×ÂÝË¨.SLDPRT
        /*   location          */   1 -5.42101086242752E-20 -1.97215226305253E-31 0 -5.42101086242752E-20 1 2.55850163462122E-30 0 0 -3.75228931064965E-30 1 0 -1.7142856290811 1.77191594730175E-13 0.00800000000005241 1
        /*   children number   */   0

        /*   component name    */   13¸ö29¼×ÂÝË¨_x4_35_1-1/29¼×ÂÝË¨-7
        /*   part name         */   29¼×ÂÝË¨.SLDPRT
        /*   location          */   1 -5.42101086242752E-20 -1.97215226305253E-31 0 -5.42101086242752E-20 1 2.55850163462122E-30 0 0 -3.75228931064965E-30 1 0 3.80251385934116E-15 -1.92864770383503 0.00799999999999823 1
        /*   children number   */   0

        /*   component name    */   13¸ö29¼×ÂÝË¨_x4_35_1-1/29¼×ÂÝË¨-4
        /*   part name         */   29¼×ÂÝË¨.SLDPRT
        /*   location          */   1 -5.42101086242752E-20 -1.97215226305253E-31 0 -5.42101086242752E-20 1 2.55850163462122E-30 0 0 -3.75228931064965E-30 1 0 -0.857143112756285 -0.9640568884949 -8.88178419700125E-16 1
        /*   children number   */   0

        /*   component name    */   13¸ö29¼×ÂÝË¨_x4_35_1-1/29¼×ÂÝË¨-8
        /*   part name         */   29¼×ÂÝË¨.SLDPRT
