/*	1:name	*/	53
/*	1:type	*/	半穿式梁\53.SLDASM
/*	1:location	*/	1.0	0.0	0.0	0.0	0.0	1.0	0.0	0.0	0.0	0.0	1.0	0.0	0.0	0.0	0.0	1.0
/*	1:child_number	*/	3
	/*	2:name	*/	48M-49M,53M,56M半穿式左端-1
	/*	2:type	*/	半穿式梁\公共组件\梁端\左端\48M-49M,53M,56M半穿式左端.SLDASM
	/*	2:location	*/	-1.0	4.39894E-16	1.33359E-15	0.0	4.39894E-16	1.0	3.22242E-13	0.0	-1.33359E-15	3.22242E-13	-1.0	0.0	-5.78086	1.38629	28.255	1.0
	/*	2:child_number	*/	4
		/*	3:name	*/	48M-49M,53M,56M半穿式左端-1/半穿式下平联(10b型)-1
		/*	3:type	*/	半穿式梁\公共组件\下平联\半穿式下平联(10b型).SLDASM
		/*	3:location	*/	-5.71353E-17	-1.12335E-16	1.0	0.0	-1.12335E-16	1.0	1.12335E-16	0.0	-1.0	-1.12335E-16	-5.71353E-17	0.0	-3.27686	-1.07889	2.78243	1.0
		/*	3:child_number	*/	74
			/*	4:name	*/	48M-49M,53M,56M半穿式左端-1/半穿式下平联(10b型)-1/L6带螺母-1
			/*	4:type	*/	半穿式梁\公共组件\下平联\带螺栓零件\L6带螺母.SLDASM
			/*	4:location	*/	-1.27645E-15	5.52228E-16	1.0	0.0	3.2213E-13	1.0	-5.52228E-16	0.0	-1.0	3.2213E-13	-1.27645E-15	0.0	-2.21755	0.944011	-2.20986	1.0
			/*	4:child_number	*/	13
				/*	5:name	*/	48M-49M,53M,56M半穿式左端-1/半穿式下平联(10b型)-1/L6带螺母-1/L6_隅撑-1
				/*	5:type	*/	零件\L6_隅撑.SLDPRT
				/*	5:location	*/	1.0	0.0	0.0	0.0	0.0	1.0	0.0	0.0	0.0	0.0	1.0	0.0	0.0218564	-0.0655444	0.0	1.0
				/*	5:child_number	*/	0
				/*	5:name	*/	48M-49M,53M,56M半穿式左端-1/半穿式下平联(10b型)-1/L6带螺母-1/螺母3-1
				/*	5:type	*/	零件\螺母3.SLDPRT
				/*	5:location	*/	0.0	-0.5	-0.866025	0.0	0.0	0.866025	-0.5	0.0	1.0	0.0	0.0	0.0	-0.278144	0.568456	0.095	1.0
				/*	5:child_number	*/	0
				/*	5:name	*/	48M-49M,53M,56M半穿式左端-1/半穿式下平联(10b型)-1/L6带螺母-1/螺母3-10
				/*	5:type	*/	零件\螺母3.SLDPRT
				/*	5:location	*/	0.866025	0.0	-0.5	0.0	-0.5	0.0	-0.866025	0.0	0.0	1.0	0.0	0.0	0.320856	-0.565544	-0.095	1.0
				/*	5:child_number	*/	0
				/*	5:name	*/	48M-49M,53M,56M半穿式左端-1/半穿式下平联(10b型)-1/L6带螺母-1/螺母3-11
				/*	5:type	*/	零件\螺母3.SLDPRT
				/*	5:location	*/	0.866025	0.0	-0.5	0.0	-0.5	0.0	-0.866025	0.0	0.0	1.0	0.0	0.0	0.440856	-0.565544	0.095	1.0
				/*	5:child_number	*/	0
				/*	5:name	*/	48M-49M,53M,56M半穿式左端-1/半穿式下平联(10b型)-1/L6带螺母-1/螺母3-12
				/*	5:type	*/	零件\螺母3.SLDPRT
				/*	5:location	*/	0.866025	0.0	-0.5	0.0	-0.5	0.0	-0.866025	0.0	0.0	1.0	0.0	0.0	0.440856	-0.565544	-0.095	1.0
				/*	5:child_number	*/	0
				/*	5:name	*/	48M-49M,53M,56M半穿式左端-1/半穿式下平联(10b型)-1/L6带螺母-1/螺母3-2
				/*	5:type	*/	零件\螺母3.SLDPRT
				/*	5:location	*/	0.0	-0.5	-0.866025	0.0	0.0	0.866025	-0.5	0.0	1.0	0.0	0.0	0.0	-0.278144	0.368456	0.095	1.0
				/*	5:child_number	*/	0
				/*	5:name	*/	48M-49M,53M,56M半穿式左端-1/半穿式下平联(10b型)-1/L6带螺母-1/螺母3-3
				/*	5:type	*/	零件\螺母3.SLDPRT
				/*	5:location	*/	0.0	-0.5	-0.866025	0.0	0.0	0.866025	-0.5	0.0	1.0	0.0	0.0	0.0	-0.278144	0.168456	0.095	1.0
				/*	5:child_number	*/	0
				/*	5:name	*/	48M-49M,53M,56M半穿式左端-1/半穿式下平联(10b型)-1/L6带螺母-1/螺母3-4
				/*	5:type	*/	零件\螺母3.SLDPRT
				/*	5:location	*/	0.0	-0.5	-0.866025	0.0	0.0	0.866025	-0.5	0.0	1.0	0.0	0.0	0.0	-0.278144	0.568456	-0.095	1.0
				/*	5:child_number	*/	0
				/*	5:name	*/	48M-49M,53M,56M半穿式左端-1/半穿式下平联(10b型)-1/L6带螺母-1/螺母3-5
				/*	5:type	*/	零件\螺母3.SLDPRT
				/*	5:location	*/	0.0	-0.5	-0.866025	0.0	0.0	0.866025	-0.5	0.0	1.0	0.0	0.0	0.0	-0.278144	0.368456	-0.095	1.0
				/*	5:child_number	*/	0
				/*	5:name	*/	48M-49M,53M,56M半穿式左端-1/半穿式下平联(10b型)-1/L6带螺母-1/螺母3-6
				/*	5:type	*/	零件\螺母3.SLDPRT
				/*	5:location	*/	0.0	-0.5	-0.866025	0.0	0.0	0.866025	-0.5	0.0	1.0	0.0	0.0	0.0	-0.278144	0.168456	-0.095	1.0
				/*	5:child_number	*/	0
				/*	5:name	*/	48M-49M,53M,56M半穿式左端-1/半穿式下平联(10b型)-1/L6带螺母-1/螺母3-7
				/*	5:type	*/	零件\螺母3.SLDPRT
				/*	5:location	*/	0.866025	0.0	-0.5	0.0	-0.5	0.0	-0.866025	0.0	0.0	1.0	0.0	0.0	0.200856	-0.565544	0.095	1.0
				/*	5:child_number	*/	0
				/*	5:name	*/	48M-49M,53M,56M半穿式左端-1/半穿式下平联(10b型)-1/L6带螺母-1/螺母3-8
				/*	5:type	*/	零件\螺母3.SLDPRT
				/*	5:location	*/	0.866025	0.0	-0.5	0.0	-0.5	0.0	-0.866025	0.0	0.0	1.0	0.0	0.0	0.200856	-0.565544	-0.095	1.0
				/*	5:child_number	*/	0
				/*	5:name	*/	48M-49M,53M,56M半穿式左端-1/半穿式下平联(10b型)-1/L6带螺母-1/螺母3-9
				/*	5:type	*/	零件\螺母3.SLDPRT
				/*	5:location	*/	0.866025	0.0	-0.5	0.0	-0.5	0.0	-0.866025	0.0	0.0	1.0	0.0	0.0	0.320856	-0.565544	0.095	1.0
				/*	5:child_number	*/	0
			/*	4:name	*/	48M-49M,53M,56M半穿式左端-1/半穿式下平联(10b型)-1/L6带螺母-2
			/*	4:type	*/	半穿式梁\公共组件\下平联\带螺栓零件\L6带螺母.SLDASM
			/*	4:location	*/	-8.32667E-16	4.23987E-33	-1.0	0.0	0.0	1.0	1.00749E-32	0.0	1.0	0.0	-8.32667E-16	0.0	-2.21755	0.944011	2.20986	1.0
			/*	4:child_number	*/	13
				/*	5:name	*/	48M-49M,53M,56M半穿式左端-1/半穿式下平联(10b型)-1/L6带螺母-2/L6_隅撑-1
				/*	5:type	*/	零件\L6_隅撑.SLDPRT
				/*	5:location	*/	1.0	4.23987E-33	0.0	0.0	4.23987E-33	1.0	0.0	0.0	0.0	0.0	1.0	0.0	0.0218564	-0.0655444	3.55271E-15	1.0
				/*	5:child_number	*/	0
				/*	5:name	*/	48M-49M,53M,56M半穿式左端-1/半穿式下平联(10b型)-1/L6带螺母-2/螺母3-1
				/*	5:type	*/	零件\螺母3.SLDPRT
				/*	5:location	*/	0.0	-0.5	-0.866025	0.0	0.0	0.866025	-0.5	0.0	1.0	1.02847E-31	3.9443E-31	0.0	-0.278144	0.568456	0.095	1.0
				/*	5:child_number	*/	0
				/*	5:name	*/	48M-49M,53M,56M半穿式左端-1/半穿式下平联(10b型)-1/L6带螺母-2/螺母3-10
				/*	5:type	*/	零件\螺母3.SLDPRT
				/*	5:location	*/	0.866025	0.0	-0.5	0.0	-0.5	0.0	-0.866025	0.0	4.23987E-33	1.0	0.0	0.0	0.320856	-0.565544	-0.095	1.0
				/*	5:child_number	*/	0
				/*	5:name	*/	48M-49M,53M,56M半穿式左端-1/半穿式下平联(10b型)-1/L6带螺母-2/螺母3-11
				/*	5:type	*/	零件\螺母3.SLDPRT
				/*	5:location	*/	0.866025	0.0	-0.5	0.0	-0.5	0.0	-0.866025	0.0	4.23987E-33	1.0	0.0	0.0	0.440856	-0.565544	0.095	1.0
				/*	5:child_number	*/	0
				/*	5:name	*/	48M-49M,53M,56M半穿式左端-1/半穿式下平联(10b型)-1/L6带螺母-2/螺母3-12
				/*	5:type	*/	零件\螺母3.SLDPRT
				/*	5:location	*/	0.866025	0.0	-0.5	0.0	-0.5	0.0	-0.866025	0.0	4.23987E-33	1.0	0.0	0.0	0.440856	-0.565544	-0.095	1.0
				/*	5:child_number	*/	0
				/*	5:name	*/	48M-49M,53M,56M半穿式左端-1/半穿式下平联(10b型)-1/L6带螺母-2/螺母3-2
				/*	5:type	*/	零件\螺母3.SLDPRT
				/*	5:location	*/	0.0	-0.5	-0.866025	0.0	0.0	0.866025	-0.5	0.0	1.0	1.02847E-31	3.9443E-31	0.0	-0.278144	0.368456	0.095	1.0
				/*	5:child_number	*/	0
				/*	5:name	*/	48M-49M,53M,56M半穿式左端-1/半穿式下平联(10b型)-1/L6带螺母-2/螺母3-3
				/*	5:type	*/	零件\螺母3.SLDPRT
				/*	5:location	*/	0.0	-0.5	-0.866025	0.0	0.0	0.866025	-0.5	0.0	1.0	1.02847E-31	3.9443E-31	0.0	-0.278144	0.168456	0.095	1.0
				/*	5:child_number	*/	0
				/*	5:name	*/	48M-49M,53M,56M半穿式左端-1/半穿式下平联(10b型)-1/L6带螺母-2/螺母3-4
				/*	5:type	*/	零件\螺母3.SLDPRT
				/*	5:location	*/	0.0	-0.5	-0.866025	0.0	0.0	0.866025	-0.5	0.0	1.0	1.02847E-31	3.9443E-31	0.0	-0.278144	0.568456	-0.095	1.0
				/*	5:child_number	*/	0
				/*	5:name	*/	48M-49M,53M,56M半穿式左端-1/半穿式下平联(10b型)-1/L6带螺母-2/螺母3-5
				/*	5:type	*/	零件\螺母3.SLDPRT
				/*	5:location	*/	0.0	-0.5	-0.866025	0.0	0.0	0.866025	-0.5	0.0	1.0	1.02847E-31	3.9443E-31	0.0	-0.278144	0.368456	-0.095	1.0
				/*	5:child_number	*/	0
				/*	5:name	*/	48M-49M,53M,56M半穿式左端-1/半穿式下平联(10b型)-1/L6带螺母-2/螺母3-6
				/*	5:type	*/	零件\螺母3.SLDPRT
				/*	5:location	*/	0.0	-0.5	-0.866025	0.0	0.0	0.866025	-0.5	0.0	1.0	1.02847E-31	3.9443E-31	0.0	-0.278144	0.168456	-0.095	1.0
				/*	5:child_number	*/	0
				/*	5:name	*/	48M-49M,53M,56M半穿式左端-1/半穿式下平联(10b型)-1/L6带螺母-2/螺母3-7
				/*	5:type	*/	零件\螺母3.SLDPRT
				/*	5:location	*/	0.866025	0.0	-0.5	0.0	-0.5	0.0	-0.866025	0.0	4.23987E-33	1.0	0.0	0.0	0.200856	-0.565544	0.095	1.0
				/*	5:child_number	*/	0
				/*	5:name	*/	48M-49M,53M,56M半穿式左端-1/半穿式下平联(10b型)-1/L6带螺母-2/螺母3-8
				/*	5:type	*/	零件\螺母3.SLDPRT
				/*	5:location	*/	0.866025	0.0	-0.5	0.0	-0.5	0.0	-0.866025	0.0	4.23987E-33	1.0	0.0	0.0	0.200856	-0.565544	-0.095	1.0
				/*	5:child_number	*/	0
				/*	5:name	*/	48M-49M,53M,56M半穿式左端-1/半穿式下平联(10b型)-1/L6带螺母-2/螺母3-9
				/*	5:type	*/	零件\螺母3.SLDPRT
				/*	5:location	*/	0.866025	0.0	-0.5	0.0	-0.5	0.0	-0.866025	0.0	4.23987E-33	1.0	0.0	0.0	0.320856	-0.565544	0.095	1.0
				/*	5:child_number	*/	0
			/*	4:name	*/	48M-49M,53M,56M半穿式左端-1/半穿式下平联(10b型)-1/LS2_2号螺栓-1
			/*	4:type	*/	零件\LS2_2号螺栓.SLDPRT
			/*	4:location	*/	0.897189	0.441647	1.97215E-31	0.0	-0.441647	0.897189	-9.86076E-32	0.0	-3.9443E-31	-8.85327E-32	1.0	0.0	-2.27755	-0.0375331	2.453	1.0
			/*	4:child_number	*/	0
			/*	4:name	*/	48M-49M,53M,56M半穿式左端-1/半穿式下平联(10b型)-1/LS2_2号螺栓-2
			/*	4:type	*/	零件\LS2_2号螺栓.SLDPRT
			/*	4:location	*/	0.897189	0.441647	1.97215E-31	0.0	-0.441647	0.897189	-9.86076E-32	0.0	-3.9443E-31	-8.85327E-32	1.0	0.0	-2.15755	-0.0375331	2.453	1.0
			/*	4:child_number	*/	0
			/*	4:name	*/	48M-49M,53M,56M半穿式左端-1/半穿式下平联(10b型)-1/LS2_2号螺栓-3
			/*	4:type	*/	零件\LS2_2号螺栓.SLDPRT
			/*	4:location	*/	0.897189	0.441647	1.97215E-31	0.0	-0.441647	0.897189	-9.86076E-32	0.0	-3.9443E-31	-8.85327E-32	1.0	0.0	-2.27755	-0.227533	2.453	1.0
			/*	4:child_number	*/	0
			/*	4:name	*/	48M-49M,53M,56M半穿式左端-1/半穿式下平联(10b型)-1/LS2_2号螺栓-33
			/*	4:type	*/	零件\LS2_2号螺栓.SLDPRT
			/*	4:location	*/	0.897189	0.441647	1.97215E-31	0.0	-0.441647	0.897189	-9.86076E-32	0.0	-3.9443E-31	-8.85327E-32	1.0	0.0	-2.31255	0.297467	2.453	1.0
			/*	4:child_number	*/	0
			/*	4:name	*/	48M-49M,53M,56M半穿式左端-1/半穿式下平联(10b型)-1/LS2_2号螺栓-34
			/*	4:type	*/	零件\LS2_2号螺栓.SLDPRT
			/*	4:location	*/	0.897189	0.441647	1.97215E-31	0.0	-0.441647	0.897189	-9.86076E-32	0.0	-3.9443E-31	-8.85327E-32	1.0	0.0	-2.31255	0.197467	2.453	1.0
			/*	4:child_number	*/	0
			/*	4:name	*/	48M-49M,53M,56M半穿式左端-1/半穿式下平联(10b型)-1/LS2_2号螺栓-35
			/*	4:type	*/	零件\LS2_2号螺栓.SLDPRT
			/*	4:location	*/	0.897189	0.441647	1.97215E-31	0.0	-0.441647	0.897189	-9.86076E-32	0.0	-3.9443E-31	-8.85327E-32	1.0	0.0	-2.31255	0.0974669	2.453	1.0
			/*	4:child_number	*/	0
			/*	4:name	*/	48M-49M,53M,56M半穿式左端-1/半穿式下平联(10b型)-1/LS2_2号螺栓-36
			/*	4:type	*/	零件\LS2_2号螺栓.SLDPRT
			/*	4:location	*/	0.897189	0.441647	1.97215E-31	0.0	-0.441647	0.897189	-9.86076E-32	0.0	-3.9443E-31	-8.85327E-32	1.0	0.0	-2.12255	0.297467	2.453	1.0
			/*	4:child_number	*/	0
			/*	4:name	*/	48M-49M,53M,56M半穿式左端-1/半穿式下平联(10b型)-1/LS2_2号螺栓-37
			/*	4:type	*/	零件\LS2_2号螺栓.SLDPRT
			/*	4:location	*/	0.897189	0.441647	1.97215E-31	0.0	-0.441647	0.897189	-9.86076E-32	0.0	-3.9443E-31	-8.85327E-32	1.0	0.0	-2.12255	0.197467	2.453	1.0
			/*	4:child_number	*/	0
			/*	4:name	*/	48M-49M,53M,56M半穿式左端-1/半穿式下平联(10b型)-1/LS2_2号螺栓-38
			/*	4:type	*/	零件\LS2_2号螺栓.SLDPRT
			/*	4:location	*/	0.897189	0.441647	1.97215E-31	0.0	-0.441647	0.897189	-9.86076E-32	0.0	-3.9443E-31	-8.85327E-32	1.0	0.0	-2.12255	0.0974669	2.453	1.0
			/*	4:child_number	*/	0
			/*	4:name	*/	48M-49M,53M,56M半穿式左端-1/半穿式下平联(10b型)-1/LS2_2号螺栓-39
			/*	4:type	*/	零件\LS2_2号螺栓.SLDPRT
			/*	4:location	*/	-0.831072	-0.556165	-1.97215E-31	0.0	-0.556165	0.831072	9.86076E-32	0.0	1.97215E-31	2.85748E-31	-1.0	0.0	-2.31255	0.297467	-2.453	1.0
			/*	4:child_number	*/	0
			/*	4:name	*/	48M-49M,53M,56M半穿式左端-1/半穿式下平联(10b型)-1/LS2_2号螺栓-4
			/*	4:type	*/	零件\LS2_2号螺栓.SLDPRT
			/*	4:location	*/	0.897189	0.441647	1.97215E-31	0.0	-0.441647	0.897189	-9.86076E-32	0.0	-3.9443E-31	-8.85327E-32	1.0	0.0	-2.15755	-0.227533	2.453	1.0
			/*	4:child_number	*/	0
			/*	4:name	*/	48M-49M,53M,56M半穿式左端-1/半穿式下平联(10b型)-1/LS2_2号螺栓-40
			/*	4:type	*/	零件\LS2_2号螺栓.SLDPRT
			/*	4:location	*/	-0.831072	-0.556165	-1.97215E-31	0.0	-0.556165	0.831072	9.86076E-32	0.0	1.97215E-31	2.85748E-31	-1.0	0.0	-2.31255	0.197467	-2.453	1.0
			/*	4:child_number	*/	0
			/*	4:name	*/	48M-49M,53M,56M半穿式左端-1/半穿式下平联(10b型)-1/LS2_2号螺栓-41
			/*	4:type	*/	零件\LS2_2号螺栓.SLDPRT
			/*	4:location	*/	-0.831072	-0.556165	-1.97215E-31	0.0	-0.556165	0.831072	9.86076E-32	0.0	1.97215E-31	2.85748E-31	-1.0	0.0	-2.31255	0.0974669	-2.453	1.0
			/*	4:child_number	*/	0
			/*	4:name	*/	48M-49M,53M,56M半穿式左端-1/半穿式下平联(10b型)-1/LS2_2号螺栓-42
			/*	4:type	*/	零件\LS2_2号螺栓.SLDPRT
			/*	4:location	*/	-0.831072	-0.556165	-1.97215E-31	0.0	-0.556165	0.831072	9.86076E-32	0.0	1.97215E-31	2.85748E-31	-1.0	0.0	-2.12255	0.297467	-2.453	1.0
			/*	4:child_number	*/	0
			/*	4:name	*/	48M-49M,53M,56M半穿式左端-1/半穿式下平联(10b型)-1/LS2_2号螺栓-43
			/*	4:type	*/	零件\LS2_2号螺栓.SLDPRT
			/*	4:location	*/	-0.831072	-0.556165	-1.97215E-31	0.0	-0.556165	0.831072	9.86076E-32	0.0	1.97215E-31	2.85748E-31	-1.0	0.0	-2.12255	0.197467	-2.453	1.0
			/*	4:child_number	*/	0
			/*	4:name	*/	48M-49M,53M,56M半穿式左端-1/半穿式下平联(10b型)-1/LS2_2号螺栓-44
			/*	4:type	*/	零件\LS2_2号螺栓.SLDPRT
			/*	4:location	*/	-0.831072	-0.556165	-1.97215E-31	0.0	-0.556165	0.831072	9.86076E-32	0.0	1.97215E-31	2.85748E-31	-1.0	0.0	-2.12255	0.0974669	-2.453	1.0
			/*	4:child_number	*/	0
			/*	4:name	*/	48M-49M,53M,56M半穿式左端-1/半穿式下平联(10b型)-1/LS2_2号螺栓-5
			/*	4:type	*/	零件\LS2_2号螺栓.SLDPRT
			/*	4:location	*/	-0.831072	-0.556165	-1.97215E-31	0.0	-0.556165	0.831072	9.86076E-32	0.0	1.97215E-31	2.85748E-31	-1.0	0.0	-2.27755	-0.0375331	-2.453	1.0
			/*	4:child_number	*/	0
			/*	4:name	*/	48M-49M,53M,56M半穿式左端-1/半穿式下平联(10b型)-1/LS2_2号螺栓-6
			/*	4:type	*/	零件\LS2_2号螺栓.SLDPRT
			/*	4:location	*/	-0.831072	-0.556165	-1.97215E-31	0.0	-0.556165	0.831072	9.86076E-32	0.0	1.97215E-31	2.85748E-31	-1.0	0.0	-2.15755	-0.0375331	-2.453	1.0
			/*	4:child_number	*/	0
			/*	4:name	*/	48M-49M,53M,56M半穿式左端-1/半穿式下平联(10b型)-1/LS2_2号螺栓-7
			/*	4:type	*/	零件\LS2_2号螺栓.SLDPRT
			/*	4:location	*/	-0.831072	-0.556165	-1.97215E-31	0.0	-0.556165	0.831072	9.86076E-32	0.0	1.97215E-31	2.85748E-31	-1.0	0.0	-2.27755	-0.227533	-2.453	1.0
			/*	4:child_number	*/	0
			/*	4:name	*/	48M-49M,53M,56M半穿式左端-1/半穿式下平联(10b型)-1/LS2_2号螺栓-8
			/*	4:type	*/	零件\LS2_2号螺栓.SLDPRT
			/*	4:location	*/	-0.831072	-0.556165	-1.97215E-31	0.0	-0.556165	0.831072	9.86076E-32	0.0	1.97215E-31	2.85748E-31	-1.0	0.0	-2.15755	-0.227533	-2.453	1.0
			/*	4:child_number	*/	0
			/*	4:name	*/	48M-49M,53M,56M半穿式左端-1/半穿式下平联(10b型)-1/LS3_3号螺栓-1
			/*	4:type	*/	零件\LS3_3号螺栓.SLDPRT
			/*	4:location	*/	1.11549E-14	0.441647	-0.897189	0.0	2.26608E-14	0.897189	0.441647	0.0	1.0	-2.52576E-14	-3.12211E-27	0.0	1.74545	0.152467	-0.81	1.0
			/*	4:child_number	*/	0
			/*	4:name	*/	48M-49M,53M,56M半穿式左端-1/半穿式下平联(10b型)-1/LS3_3号螺栓-10
			/*	4:type	*/	零件\LS3_3号螺栓.SLDPRT
			/*	4:location	*/	1.11549E-14	0.441647	-0.897189	0.0	2.26608E-14	0.897189	0.441647	0.0	1.0	-2.52576E-14	-3.12211E-27	0.0	1.74545	0.0524669	-0.99	1.0
			/*	4:child_number	*/	0
			/*	4:name	*/	48M-49M,53M,56M半穿式左端-1/半穿式下平联(10b型)-1/LS3_3号螺栓-11
			/*	4:type	*/	零件\LS3_3号螺栓.SLDPRT
			/*	4:location	*/	1.11549E-14	0.441647	-0.897189	0.0	2.26608E-14	0.897189	0.441647	0.0	1.0	-2.52576E-14	-3.12211E-27	0.0	1.74545	-0.0475331	-0.81	1.0
			/*	4:child_number	*/	0
			/*	4:name	*/	48M-49M,53M,56M半穿式左端-1/半穿式下平联(10b型)-1/LS3_3号螺栓-12
			/*	4:type	*/	零件\LS3_3号螺栓.SLDPRT
			/*	4:location	*/	1.11549E-14	0.441647	-0.897189	0.0	2.26608E-14	0.897189	0.441647	0.0	1.0	-2.52576E-14	-3.12211E-27	0.0	1.74545	-0.0475331	-0.99	1.0
			/*	4:child_number	*/	0
			/*	4:name	*/	48M-49M,53M,56M半穿式左端-1/半穿式下平联(10b型)-1/LS3_3号螺栓-13
			/*	4:type	*/	零件\LS3_3号螺栓.SLDPRT
			/*	4:location	*/	0.441647	-2.52435E-29	-0.897189	0.0	0.897189	0.0	0.441647	0.0	0.0	-1.0	2.63182E-29	0.0	-2.11981	-0.103533	-2.36641	1.0
			/*	4:child_number	*/	0
			/*	4:name	*/	48M-49M,53M,56M半穿式左端-1/半穿式下平联(10b型)-1/LS3_3号螺栓-14
			/*	4:type	*/	零件\LS3_3号螺栓.SLDPRT
			/*	4:location	*/	0.897189	5.04871E-29	0.441647	0.0	-0.441647	2.52435E-29	0.897189	0.0	0.0	-1.0	2.63182E-29	0.0	-2.11981	-0.103533	2.36641	1.0
			/*	4:child_number	*/	0
			/*	4:name	*/	48M-49M,53M,56M半穿式左端-1/半穿式下平联(10b型)-1/LS3_3号螺栓-15
			/*	4:type	*/	零件\LS3_3号螺栓.SLDPRT
			/*	4:location	*/	0.441647	-2.52435E-29	-0.897189	0.0	0.897189	0.0	0.441647	0.0	0.0	-1.0	2.63182E-29	0.0	-2.06342	-0.103533	-2.29627	1.0
			/*	4:child_number	*/	0
			/*	4:name	*/	48M-49M,53M,56M半穿式左端-1/半穿式下平联(10b型)-1/LS3_3号螺栓-16
			/*	4:type	*/	零件\LS3_3号螺栓.SLDPRT
			/*	4:location	*/	0.897189	5.04871E-29	0.441647	0.0	-0.441647	2.52435E-29	0.897189	0.0	0.0	-1.0	2.63182E-29	0.0	-2.06342	-0.103533	2.29627	1.0
			/*	4:child_number	*/	0
			/*	4:name	*/	48M-49M,53M,56M半穿式左端-1/半穿式下平联(10b型)-1/LS3_3号螺栓-17
			/*	4:type	*/	零件\LS3_3号螺栓.SLDPRT
			/*	4:location	*/	0.897189	0.0	0.441647	0.0	-0.441647	0.0	0.897189	0.0	0.0	-1.0	1.07461E-30	0.0	-2.31529	-0.103533	-2.36641	1.0
			/*	4:child_number	*/	0
			/*	4:name	*/	48M-49M,53M,56M半穿式左端-1/半穿式下平联(10b型)-1/LS3_3号螺栓-18
			/*	4:type	*/	零件\LS3_3号螺栓.SLDPRT
			/*	4:location	*/	0.897189	0.0	0.441647	0.0	-0.441647	0.0	0.897189	0.0	0.0	-1.0	1.07461E-30	0.0	-2.37167	-0.103533	-2.29627	1.0
			/*	4:child_number	*/	0
			/*	4:name	*/	48M-49M,53M,56M半穿式左端-1/半穿式下平联(10b型)-1/LS3_3号螺栓-19
			/*	4:type	*/	零件\LS3_3号螺栓.SLDPRT
			/*	4:location	*/	0.935822	0.0	-0.352472	0.0	0.352472	-1.26218E-29	0.935822	0.0	5.04871E-29	-1.0	9.76001E-31	0.0	-2.37167	-0.103533	2.29627	1.0
			/*	4:child_number	*/	0
			/*	4:name	*/	48M-49M,53M,56M半穿式左端-1/半穿式下平联(10b型)-1/LS3_3号螺栓-2
			/*	4:type	*/	零件\LS3_3号螺栓.SLDPRT
			/*	4:location	*/	1.11481E-14	0.441647	-0.897189	0.0	2.26551E-14	0.897189	0.441647	0.0	1.0	-2.52494E-14	-3.57801E-18	0.0	1.74545	0.152467	0.99	1.0
			/*	4:child_number	*/	0
			/*	4:name	*/	48M-49M,53M,56M半穿式左端-1/半穿式下平联(10b型)-1/LS3_3号螺栓-20
			/*	4:type	*/	零件\LS3_3号螺栓.SLDPRT
			/*	4:location	*/	0.935822	0.0	-0.352472	0.0	0.352472	-1.26218E-29	0.935822	0.0	5.04871E-29	-1.0	9.76001E-31	0.0	-2.31529	-0.103533	2.36641	1.0
			/*	4:child_number	*/	0
			/*	4:name	*/	48M-49M,53M,56M半穿式左端-1/半穿式下平联(10b型)-1/LS3_3号螺栓-21
			/*	4:type	*/	零件\LS3_3号螺栓.SLDPRT
			/*	4:location	*/	0.897189	0.0	-0.441647	0.0	-0.441647	2.52435E-29	-0.897189	0.0	0.0	1.0	4.94125E-29	0.0	-2.12255	0.323467	2.009	1.0
			/*	4:child_number	*/	0
			/*	4:name	*/	48M-49M,53M,56M半穿式左端-1/半穿式下平联(10b型)-1/LS3_3号螺栓-22
			/*	4:type	*/	零件\LS3_3号螺栓.SLDPRT
			/*	4:location	*/	0.897189	3.85494E-16	-0.441647	0.0	-0.441647	0.0	-0.897189	0.0	-3.45861E-16	1.0	1.70252E-16	0.0	-2.12255	0.323467	-1.769	1.0
			/*	4:child_number	*/	0
			/*	4:name	*/	48M-49M,53M,56M半穿式左端-1/半穿式下平联(10b型)-1/LS3_3号螺栓-23
			/*	4:type	*/	零件\LS3_3号螺栓.SLDPRT
			/*	4:location	*/	0.897189	3.85494E-16	-0.441647	0.0	-0.441647	0.0	-0.897189	0.0	-3.45861E-16	1.0	1.70252E-16	0.0	-2.31255	0.323467	-1.769	1.0
			/*	4:child_number	*/	0
			/*	4:name	*/	48M-49M,53M,56M半穿式左端-1/半穿式下平联(10b型)-1/LS3_3号螺栓-24
			/*	4:type	*/	零件\LS3_3号螺栓.SLDPRT
			/*	4:location	*/	0.897189	3.85494E-16	-0.441647	0.0	-0.441647	0.0	-0.897189	0.0	-3.45861E-16	1.0	1.70252E-16	0.0	-2.12255	0.323467	-1.889	1.0
			/*	4:child_number	*/	0
			/*	4:name	*/	48M-49M,53M,56M半穿式左端-1/半穿式下平联(10b型)-1/LS3_3号螺栓-25
			/*	4:type	*/	零件\LS3_3号螺栓.SLDPRT
			/*	4:location	*/	0.897189	3.85494E-16	-0.441647	0.0	-0.441647	0.0	-0.897189	0.0	-3.45861E-16	1.0	1.70252E-16	0.0	-2.31255	0.323467	-1.889	1.0
			/*	4:child_number	*/	0
			/*	4:name	*/	48M-49M,53M,56M半穿式左端-1/半穿式下平联(10b型)-1/LS3_3号螺栓-26
			/*	4:type	*/	零件\LS3_3号螺栓.SLDPRT
			/*	4:location	*/	0.897189	3.85494E-16	-0.441647	0.0	-0.441647	0.0	-0.897189	0.0	-3.45861E-16	1.0	1.70252E-16	0.0	-2.12255	0.323467	-2.009	1.0
			/*	4:child_number	*/	0
			/*	4:name	*/	48M-49M,53M,56M半穿式左端-1/半穿式下平联(10b型)-1/LS3_3号螺栓-27
			/*	4:type	*/	零件\LS3_3号螺栓.SLDPRT
			/*	4:location	*/	0.897189	3.85494E-16	-0.441647	0.0	-0.441647	0.0	-0.897189	0.0	-3.45861E-16	1.0	1.70252E-16	0.0	-2.31255	0.323467	-2.009	1.0
			/*	4:child_number	*/	0
			/*	4:name	*/	48M-49M,53M,56M半穿式左端-1/半穿式下平联(10b型)-1/LS3_3号螺栓-28
			/*	4:type	*/	零件\LS3_3号螺栓.SLDPRT
			/*	4:location	*/	0.897189	0.0	-0.441647	0.0	-0.441647	2.52435E-29	-0.897189	0.0	0.0	1.0	4.94125E-29	0.0	-2.31255	0.323467	2.009	1.0
			/*	4:child_number	*/	0
			/*	4:name	*/	48M-49M,53M,56M半穿式左端-1/半穿式下平联(10b型)-1/LS3_3号螺栓-29
			/*	4:type	*/	零件\LS3_3号螺栓.SLDPRT
			/*	4:location	*/	0.897189	0.0	-0.441647	0.0	-0.441647	2.52435E-29	-0.897189	0.0	0.0	1.0	4.94125E-29	0.0	-2.12255	0.323467	1.889	1.0
			/*	4:child_number	*/	0
			/*	4:name	*/	48M-49M,53M,56M半穿式左端-1/半穿式下平联(10b型)-1/LS3_3号螺栓-3
			/*	4:type	*/	零件\LS3_3号螺栓.SLDPRT
			/*	4:location	*/	1.11481E-14	0.441647	-0.897189	0.0	2.26551E-14	0.897189	0.441647	0.0	1.0	-2.52494E-14	-3.57801E-18	0.0	1.74545	0.152467	0.81	1.0
			/*	4:child_number	*/	0
			/*	4:name	*/	48M-49M,53M,56M半穿式左端-1/半穿式下平联(10b型)-1/LS3_3号螺栓-30
			/*	4:type	*/	零件\LS3_3号螺栓.SLDPRT
			/*	4:location	*/	0.897189	0.0	-0.441647	0.0	-0.441647	2.52435E-29	-0.897189	0.0	0.0	1.0	4.94125E-29	0.0	-2.31255	0.323467	1.889	1.0
			/*	4:child_number	*/	0
			/*	4:name	*/	48M-49M,53M,56M半穿式左端-1/半穿式下平联(10b型)-1/LS3_3号螺栓-31
			/*	4:type	*/	零件\LS3_3号螺栓.SLDPRT
			/*	4:location	*/	0.897189	0.0	-0.441647	0.0	-0.441647	2.52435E-29	-0.897189	0.0	0.0	1.0	4.94125E-29	0.0	-2.12255	0.323467	1.769	1.0
			/*	4:child_number	*/	0
			/*	4:name	*/	48M-49M,53M,56M半穿式左端-1/半穿式下平联(10b型)-1/LS3_3号螺栓-32
			/*	4:type	*/	零件\LS3_3号螺栓.SLDPRT
			/*	4:location	*/	0.897189	0.0	-0.441647	0.0	-0.441647	2.52435E-29	-0.897189	0.0	0.0	1.0	4.94125E-29	0.0	-2.31255	0.323467	1.769	1.0
			/*	4:child_number	*/	0
			/*	4:name	*/	48M-49M,53M,56M半穿式左端-1/半穿式下平联(10b型)-1/LS3_3号螺栓-4
			/*	4:type	*/	零件\LS3_3号螺栓.SLDPRT
			/*	4:location	*/	1.11481E-14	0.441647	-0.897189	0.0	2.26551E-14	0.897189	0.441647	0.0	1.0	-2.52494E-14	-3.57801E-18	0.0	1.74545	0.0524669	0.99	1.0
			/*	4:child_number	*/	0
			/*	4:name	*/	48M-49M,53M,56M半穿式左端-1/半穿式下平联(10b型)-1/LS3_3号螺栓-5
			/*	4:type	*/	零件\LS3_3号螺栓.SLDPRT
			/*	4:location	*/	1.11481E-14	0.441647	-0.897189	0.0	2.26551E-14	0.897189	0.441647	0.0	1.0	-2.52494E-14	-3.57801E-18	0.0	1.74545	0.0524669	0.81	1.0
			/*	4:child_number	*/	0
			/*	4:name	*/	48M-49M,53M,56M半穿式左端-1/半穿式下平联(10b型)-1/LS3_3号螺栓-6
			/*	4:type	*/	零件\LS3_3号螺栓.SLDPRT
			/*	4:location	*/	1.11481E-14	0.441647	-0.897189	0.0	2.26551E-14	0.897189	0.441647	0.0	1.0	-2.52494E-14	-3.57801E-18	0.0	1.74545	-0.0475331	0.99	1.0
			/*	4:child_number	*/	0
			/*	4:name	*/	48M-49M,53M,56M半穿式左端-1/半穿式下平联(10b型)-1/LS3_3号螺栓-7
			/*	4:type	*/	零件\LS3_3号螺栓.SLDPRT
			/*	4:location	*/	1.11481E-14	0.441647	-0.897189	0.0	2.26551E-14	0.897189	0.441647	0.0	1.0	-2.52494E-14	-3.57801E-18	0.0	1.74545	-0.0475331	0.81	1.0
			/*	4:child_number	*/	0
			/*	4:name	*/	48M-49M,53M,56M半穿式左端-1/半穿式下平联(10b型)-1/LS3_3号螺栓-8
			/*	4:type	*/	零件\LS3_3号螺栓.SLDPRT
			/*	4:location	*/	1.11549E-14	0.441647	-0.897189	0.0	2.26608E-14	0.897189	0.441647	0.0	1.0	-2.52576E-14	-3.12211E-27	0.0	1.74545	0.152467	-0.99	1.0
			/*	4:child_number	*/	0
			/*	4:name	*/	48M-49M,53M,56M半穿式左端-1/半穿式下平联(10b型)-1/LS3_3号螺栓-9
			/*	4:type	*/	零件\LS3_3号螺栓.SLDPRT
			/*	4:location	*/	1.11549E-14	0.441647	-0.897189	0.0	2.26608E-14	0.897189	0.441647	0.0	1.0	-2.52576E-14	-3.12211E-27	0.0	1.74545	0.0524669	-0.81	1.0
			/*	4:child_number	*/	0
			/*	4:name	*/	48M-49M,53M,56M半穿式左端-1/半穿式下平联(10b型)-1/Q1_长横梁-1
			/*	4:type	*/	零件\Q1_长横梁.SLDPRT
			/*	4:location	*/	1.0	0.0	0.0	0.0	0.0	1.0	1.00749E-32	0.0	0.0	1.00749E-32	1.0	0.0	-2.21755	0.0299669	-4.44089E-16	1.0
			/*	4:child_number	*/	0
			/*	4:name	*/	48M-49M,53M,56M半穿式左端-1/半穿式下平联(10b型)-1/Q3+4J1-1
			/*	4:type	*/	半穿式梁\公共组件\下平联\带螺栓零件\Q3+4J1.SLDASM
			/*	4:location	*/	7.88861E-31	1.23873E-13	-1.0	0.0	1.41553E-14	1.0	1.23873E-13	0.0	1.0	-1.41553E-14	-1.75265E-27	0.0	-0.217549	0.0601589	-0.97391	1.0
			/*	4:child_number	*/	25
				/*	5:name	*/	48M-49M,53M,56M半穿式左端-1/半穿式下平联(10b型)-1/Q3+4J1-1/J1_1号联结角钢-1
				/*	5:type	*/	零件\J1_1号联结角钢.SLDPRT
				/*	5:location	*/	-1.0	1.24425E-13	-1.27645E-15	0.0	1.24425E-13	1.0	3.07975E-13	0.0	1.27645E-15	3.07975E-13	-1.0	0.0	0.0570895	-0.152692	1.994	1.0
				/*	5:child_number	*/	0
				/*	5:name	*/	48M-49M,53M,56M半穿式左端-1/半穿式下平联(10b型)-1/Q3+4J1-1/J1_1号联结角钢-2
				/*	5:type	*/	零件\J1_1号联结角钢.SLDPRT
				/*	5:location	*/	1.0	-1.07817E-29	0.0	0.0	-2.90332E-31	-1.0	-1.11022E-14	0.0	0.0	1.11022E-14	-1.0	0.0	-0.20491	0.137308	1.994	1.0
				/*	5:child_number	*/	0
				/*	5:name	*/	48M-49M,53M,56M半穿式左端-1/半穿式下平联(10b型)-1/Q3+4J1-1/J1_1号联结角钢-3
				/*	5:type	*/	零件\J1_1号联结角钢.SLDPRT
				/*	5:location	*/	1.0	-1.07817E-29	0.0	0.0	-1.07817E-29	1.0	0.0	0.0	0.0	0.0	1.0	0.0	-0.20491	-0.152692	-1.994	1.0
				/*	5:child_number	*/	0
				/*	5:name	*/	48M-49M,53M,56M半穿式左端-1/半穿式下平联(10b型)-1/Q3+4J1-1/J1_1号联结角钢-4
				/*	5:type	*/	零件\J1_1号联结角钢.SLDPRT
				/*	5:location	*/	-1.0	1.07817E-29	1.97215E-31	0.0	1.83109E-29	-1.0	1.38778E-14	0.0	0.0	1.41553E-14	1.0	0.0	0.0570895	0.137308	-1.994	1.0
				/*	5:child_number	*/	0
				/*	5:name	*/	48M-49M,53M,56M半穿式左端-1/半穿式下平联(10b型)-1/Q3+4J1-1/LS3_3号螺栓-10
				/*	5:type	*/	零件\LS3_3号螺栓.SLDPRT
				/*	5:location	*/	-1.19311E-16	-0.831072	-0.556165	0.0	-7.98449E-17	-0.556165	0.831072	0.0	-1.0	1.43563E-16	6.11367E-30	0.0	-0.0369105	0.092308	1.835	1.0
				/*	5:child_number	*/	0
				/*	5:name	*/	48M-49M,53M,56M半穿式左端-1/半穿式下平联(10b型)-1/Q3+4J1-1/LS3_3号螺栓-11
				/*	5:type	*/	零件\LS3_3号螺栓.SLDPRT
				/*	5:location	*/	-1.19311E-16	-0.831072	-0.556165	0.0	-7.98449E-17	-0.556165	0.831072	0.0	-1.0	1.43563E-16	6.11367E-30	0.0	-0.0369105	0.092308	-1.835	1.0
				/*	5:child_number	*/	0
				/*	5:name	*/	48M-49M,53M,56M半穿式左端-1/半穿式下平联(10b型)-1/Q3+4J1-1/LS3_3号螺栓-12
				/*	5:type	*/	零件\LS3_3号螺栓.SLDPRT
				/*	5:location	*/	-1.19311E-16	-0.831072	-0.556165	0.0	-7.98449E-17	-0.556165	0.831072	0.0	-1.0	1.43563E-16	6.11367E-30	0.0	-0.0369105	-0.107692	-1.835	1.0
				/*	5:child_number	*/	0
				/*	5:name	*/	48M-49M,53M,56M半穿式左端-1/半穿式下平联(10b型)-1/Q3+4J1-1/LS3_3号螺栓-13
				/*	5:type	*/	零件\LS3_3号螺栓.SLDPRT
				/*	5:location	*/	1.28803E-16	-0.897189	0.441647	0.0	-6.34043E-17	0.441647	0.897189	0.0	-1.0	-1.43563E-16	-1.97215E-31	0.0	-0.0369105	-0.057692	-1.915	1.0
				/*	5:child_number	*/	0
				/*	5:name	*/	48M-49M,53M,56M半穿式左端-1/半穿式下平联(10b型)-1/Q3+4J1-1/LS3_3号螺栓-14
				/*	5:type	*/	零件\LS3_3号螺栓.SLDPRT
				/*	5:location	*/	1.28803E-16	-0.897189	0.441647	0.0	-6.34043E-17	0.441647	0.897189	0.0	-1.0	-1.43563E-16	-1.97215E-31	0.0	-0.0369105	0.042308	-1.915	1.0
				/*	5:child_number	*/	0
				/*	5:name	*/	48M-49M,53M,56M半穿式左端-1/半穿式下平联(10b型)-1/Q3+4J1-1/LS3_3号螺栓-15
				/*	5:type	*/	零件\LS3_3号螺栓.SLDPRT
				/*	5:location	*/	1.28803E-16	-0.897189	0.441647	0.0	-6.34043E-17	0.441647	0.897189	0.0	-1.0	-1.43563E-16	-1.97215E-31	0.0	-0.0369105	0.042308	1.915	1.0
				/*	5:child_number	*/	0
				/*	5:name	*/	48M-49M,53M,56M半穿式左端-1/半穿式下平联(10b型)-1/Q3+4J1-1/LS3_3号螺栓-16
				/*	5:type	*/	零件\LS3_3号螺栓.SLDPRT
				/*	5:location	*/	1.28803E-16	-0.897189	0.441647	0.0	-6.34043E-17	0.441647	0.897189	0.0	-1.0	-1.43563E-16	-1.97215E-31	0.0	-0.0369105	-0.057692	1.915	1.0
				/*	5:child_number	*/	0
				/*	5:name	*/	48M-49M,53M,56M半穿式左端-1/半穿式下平联(10b型)-1/Q3+4J1-1/LS3_3号螺栓-5
				/*	5:type	*/	零件\LS3_3号螺栓.SLDPRT
				/*	5:location	*/	-1.19311E-16	-0.831072	-0.556165	0.0	-7.98449E-17	-0.556165	0.831072	0.0	-1.0	1.43563E-16	6.11367E-30	0.0	-0.0369105	-0.107692	1.835	1.0
				/*	5:child_number	*/	0
				/*	5:name	*/	48M-49M,53M,56M半穿式左端-1/半穿式下平联(10b型)-1/Q3+4J1-1/LS3_3号螺栓-6
				/*	5:type	*/	零件\LS3_3号螺栓.SLDPRT
				/*	5:location	*/	-1.19311E-16	-0.831072	-0.556165	0.0	-7.98449E-17	-0.556165	0.831072	0.0	-1.0	1.43563E-16	6.11367E-30	0.0	-0.0369105	-0.00769204	1.835	1.0
				/*	5:child_number	*/	0
				/*	5:name	*/	48M-49M,53M,56M半穿式左端-1/半穿式下平联(10b型)-1/Q3+4J1-1/LS3_3号螺栓-9
				/*	5:type	*/	零件\LS3_3号螺栓.SLDPRT
				/*	5:location	*/	-1.19311E-16	-0.831072	-0.556165	0.0	-7.98449E-17	-0.556165	0.831072	0.0	-1.0	1.43563E-16	6.11367E-30	0.0	-0.0369105	-0.00769204	-1.835	1.0
				/*	5:child_number	*/	0
				/*	5:name	*/	48M-49M,53M,56M半穿式左端-1/半穿式下平联(10b型)-1/Q3+4J1-1/Q3_4M纵梁-1
				/*	5:type	*/	零件\Q3_4M纵梁.SLDPRT
				/*	5:location	*/	1.0	-1.07817E-29	0.0	0.0	-1.07817E-29	1.0	0.0	0.0	0.0	0.0	1.0	0.0	-0.0739105	-0.00769204	0.0	1.0
				/*	5:child_number	*/	0
				/*	5:name	*/	48M-49M,53M,56M半穿式左端-1/半穿式下平联(10b型)-1/Q3+4J1-1/螺母3-1
				/*	5:type	*/	零件\螺母3.SLDPRT
				/*	5:location	*/	1.43563E-16	-1.0	5.55112E-17	0.0	2.16937E-30	5.55112E-17	1.0	0.0	-1.0	-1.43563E-16	2.36658E-30	0.0	-0.0919105	-0.057692	-1.915	1.0
				/*	5:child_number	*/	0
				/*	5:name	*/	48M-49M,53M,56M半穿式左端-1/半穿式下平联(10b型)-1/Q3+4J1-1/螺母3-10
				/*	5:type	*/	零件\螺母3.SLDPRT
				/*	5:location	*/	-7.17817E-17	-0.5	-0.866025	0.0	-1.24329E-16	-0.866025	0.5	0.0	-1.0	1.43563E-16	6.31089E-30	0.0	-0.0919105	-0.00769204	-1.835	1.0
				/*	5:child_number	*/	0
				/*	5:name	*/	48M-49M,53M,56M半穿式左端-1/半穿式下平联(10b型)-1/Q3+4J1-1/螺母3-11
				/*	5:type	*/	零件\螺母3.SLDPRT
				/*	5:location	*/	-7.17817E-17	-0.5	-0.866025	0.0	-1.24329E-16	-0.866025	0.5	0.0	-1.0	1.43563E-16	6.31089E-30	0.0	-0.0919105	0.092308	1.835	1.0
				/*	5:child_number	*/	0
				/*	5:name	*/	48M-49M,53M,56M半穿式左端-1/半穿式下平联(10b型)-1/Q3+4J1-1/螺母3-12
				/*	5:type	*/	零件\螺母3.SLDPRT
				/*	5:location	*/	-7.17817E-17	-0.5	-0.866025	0.0	-1.24329E-16	-0.866025	0.5	0.0	-1.0	1.43563E-16	6.31089E-30	0.0	-0.0919105	0.092308	-1.835	1.0
				/*	5:child_number	*/	0
				/*	5:name	*/	48M-49M,53M,56M半穿式左端-1/半穿式下平联(10b型)-1/Q3+4J1-1/螺母3-13
				/*	5:type	*/	零件\螺母3.SLDPRT
				/*	5:location	*/	-7.17817E-17	-0.5	-0.866025	0.0	-1.24329E-16	-0.866025	0.5	0.0	-1.0	1.43563E-16	6.31089E-30	0.0	-0.0919105	-0.107692	-1.835	1.0
				/*	5:child_number	*/	0
				/*	5:name	*/	48M-49M,53M,56M半穿式左端-1/半穿式下平联(10b型)-1/Q3+4J1-1/螺母3-2
				/*	5:type	*/	零件\螺母3.SLDPRT
				/*	5:location	*/	1.43563E-16	-1.0	5.55112E-17	0.0	2.16937E-30	5.55112E-17	1.0	0.0	-1.0	-1.43563E-16	2.36658E-30	0.0	-0.0919105	0.042308	-1.915	1.0
				/*	5:child_number	*/	0
				/*	5:name	*/	48M-49M,53M,56M半穿式左端-1/半穿式下平联(10b型)-1/Q3+4J1-1/螺母3-3
				/*	5:type	*/	零件\螺母3.SLDPRT
				/*	5:location	*/	1.43563E-16	-1.0	5.55112E-17	0.0	2.16937E-30	5.55112E-17	1.0	0.0	-1.0	-1.43563E-16	2.36658E-30	0.0	-0.0919105	0.042308	1.915	1.0
				/*	5:child_number	*/	0
				/*	5:name	*/	48M-49M,53M,56M半穿式左端-1/半穿式下平联(10b型)-1/Q3+4J1-1/螺母3-4
				/*	5:type	*/	零件\螺母3.SLDPRT
				/*	5:location	*/	1.43563E-16	-1.0	5.55112E-17	0.0	2.16937E-30	5.55112E-17	1.0	0.0	-1.0	-1.43563E-16	2.36658E-30	0.0	-0.0919105	-0.057692	1.915	1.0
				/*	5:child_number	*/	0
				/*	5:name	*/	48M-49M,53M,56M半穿式左端-1/半穿式下平联(10b型)-1/Q3+4J1-1/螺母3-5
				/*	5:type	*/	零件\螺母3.SLDPRT
				/*	5:location	*/	-7.17817E-17	-0.5	-0.866025	0.0	-1.24329E-16	-0.866025	0.5	0.0	-1.0	1.43563E-16	6.31089E-30	0.0	-0.0919105	-0.107692	1.835	1.0
				/*	5:child_number	*/	0
				/*	5:name	*/	48M-49M,53M,56M半穿式左端-1/半穿式下平联(10b型)-1/Q3+4J1-1/螺母3-6
				/*	5:type	*/	零件\螺母3.SLDPRT
				/*	5:location	*/	-7.17817E-17	-0.5	-0.866025	0.0	-1.24329E-16	-0.866025	0.5	0.0	-1.0	1.43563E-16	6.31089E-30	0.0	-0.0919105	-0.00769204	1.835	1.0
				/*	5:child_number	*/	0
			/*	4:name	*/	48M-49M,53M,56M半穿式左端-1/半穿式下平联(10b型)-1/Q3+4J1-2
			/*	4:type	*/	半穿式梁\公共组件\下平联\带螺栓零件\Q3+4J1.SLDASM
			/*	4:location	*/	-1.27645E-15	5.52228E-16	1.0	0.0	3.2213E-13	1.0	-5.52228E-16	0.0	-1.0	3.2213E-13	-1.27645E-15	0.0	-0.217549	0.0601589	0.97391	1.0
			/*	4:child_number	*/	25
				/*	5:name	*/	48M-49M,53M,56M半穿式左端-1/半穿式下平联(10b型)-1/Q3+4J1-2/J1_1号联结角钢-1
				/*	5:type	*/	零件\J1_1号联结角钢.SLDPRT
				/*	5:location	*/	-1.0	-7.41663E-33	3.06423E-33	0.0	-7.41663E-33	1.0	1.08247E-14	0.0	-3.06423E-33	1.08247E-14	-1.0	0.0	0.0570895	-0.152692	1.994	1.0
				/*	5:child_number	*/	0
				/*	5:name	*/	48M-49M,53M,56M半穿式左端-1/半穿式下平联(10b型)-1/Q3+4J1-2/J1_1号联结角钢-2
				/*	5:type	*/	零件\J1_1号联结角钢.SLDPRT
				/*	5:location	*/	1.0	0.0	0.0	0.0	0.0	-1.0	-1.11022E-14	0.0	0.0	1.11022E-14	-1.0	0.0	-0.20491	0.137308	1.994	1.0
				/*	5:child_number	*/	0
				/*	5:name	*/	48M-49M,53M,56M半穿式左端-1/半穿式下平联(10b型)-1/Q3+4J1-2/J1_1号联结角钢-3
				/*	5:type	*/	零件\J1_1号联结角钢.SLDPRT
				/*	5:location	*/	1.0	0.0	0.0	0.0	0.0	1.0	0.0	0.0	0.0	0.0	1.0	0.0	-0.20491	-0.152692	-1.994	1.0
				/*	5:child_number	*/	0
				/*	5:name	*/	48M-49M,53M,56M半穿式左端-1/半穿式下平联(10b型)-1/Q3+4J1-2/J1_1号联结角钢-4
				/*	5:type	*/	零件\J1_1号联结角钢.SLDPRT
				/*	5:location	*/	-1.0	-1.47911E-30	1.97215E-31	0.0	1.55307E-30	-1.0	1.38778E-14	0.0	1.72563E-31	1.41553E-14	1.0	0.0	0.0570895	0.137308	-1.994	1.0
				/*	5:child_number	*/	0
				/*	5:name	*/	48M-49M,53M,56M半穿式左端-1/半穿式下平联(10b型)-1/Q3+4J1-2/LS3_3号螺栓-10
				/*	5:type	*/	零件\LS3_3号螺栓.SLDPRT
				/*	5:location	*/	-1.19311E-16	-0.831072	-0.556165	0.0	-7.98449E-17	-0.556165	0.831072	0.0	-1.0	1.43563E-16	1.55068E-30	0.0	-0.0369105	0.092308	1.835	1.0
				/*	5:child_number	*/	0
				/*	5:name	*/	48M-49M,53M,56M半穿式左端-1/半穿式下平联(10b型)-1/Q3+4J1-2/LS3_3号螺栓-11
				/*	5:type	*/	零件\LS3_3号螺栓.SLDPRT
				/*	5:location	*/	-1.19311E-16	-0.831072	-0.556165	0.0	-7.98449E-17	-0.556165	0.831072	0.0	-1.0	1.43563E-16	1.55068E-30	0.0	-0.0369105	0.092308	-1.835	1.0
				/*	5:child_number	*/	0
				/*	5:name	*/	48M-49M,53M,56M半穿式左端-1/半穿式下平联(10b型)-1/Q3+4J1-2/LS3_3号螺栓-12
				/*	5:type	*/	零件\LS3_3号螺栓.SLDPRT
				/*	5:location	*/	-1.19311E-16	-0.831072	-0.556165	0.0	-7.98449E-17	-0.556165	0.831072	0.0	-1.0	1.43563E-16	1.55068E-30	0.0	-0.0369105	-0.107692	-1.835	1.0
				/*	5:child_number	*/	0
				/*	5:name	*/	48M-49M,53M,56M半穿式左端-1/半穿式下平联(10b型)-1/Q3+4J1-2/LS3_3号螺栓-13
				/*	5:type	*/	零件\LS3_3号螺栓.SLDPRT
				/*	5:location	*/	1.28803E-16	-0.897189	0.441647	0.0	-6.34043E-17	0.441647	0.897189	0.0	-1.0	-1.43563E-16	2.19961E-30	0.0	-0.0369105	-0.057692	-1.915	1.0
				/*	5:child_number	*/	0
				/*	5:name	*/	48M-49M,53M,56M半穿式左端-1/半穿式下平联(10b型)-1/Q3+4J1-2/LS3_3号螺栓-14
				/*	5:type	*/	零件\LS3_3号螺栓.SLDPRT
				/*	5:location	*/	1.28803E-16	-0.897189	0.441647	0.0	-6.34043E-17	0.441647	0.897189	0.0	-1.0	-1.43563E-16	2.19961E-30	0.0	-0.0369105	0.042308	-1.915	1.0
				/*	5:child_number	*/	0
				/*	5:name	*/	48M-49M,53M,56M半穿式左端-1/半穿式下平联(10b型)-1/Q3+4J1-2/LS3_3号螺栓-15
				/*	5:type	*/	零件\LS3_3号螺栓.SLDPRT
				/*	5:location	*/	1.28803E-16	-0.897189	0.441647	0.0	-6.34043E-17	0.441647	0.897189	0.0	-1.0	-1.43563E-16	2.19961E-30	0.0	-0.0369105	0.042308	1.915	1.0
				/*	5:child_number	*/	0
				/*	5:name	*/	48M-49M,53M,56M半穿式左端-1/半穿式下平联(10b型)-1/Q3+4J1-2/LS3_3号螺栓-16
				/*	5:type	*/	零件\LS3_3号螺栓.SLDPRT
				/*	5:location	*/	1.28803E-16	-0.897189	0.441647	0.0	-6.34043E-17	0.441647	0.897189	0.0	-1.0	-1.43563E-16	2.19961E-30	0.0	-0.0369105	-0.057692	1.915	1.0
				/*	5:child_number	*/	0
				/*	5:name	*/	48M-49M,53M,56M半穿式左端-1/半穿式下平联(10b型)-1/Q3+4J1-2/LS3_3号螺栓-5
				/*	5:type	*/	零件\LS3_3号螺栓.SLDPRT
				/*	5:location	*/	-1.19311E-16	-0.831072	-0.556165	0.0	-7.98449E-17	-0.556165	0.831072	0.0	-1.0	1.43563E-16	1.55068E-30	0.0	-0.0369105	-0.107692	1.835	1.0
				/*	5:child_number	*/	0
				/*	5:name	*/	48M-49M,53M,56M半穿式左端-1/半穿式下平联(10b型)-1/Q3+4J1-2/LS3_3号螺栓-6
				/*	5:type	*/	零件\LS3_3号螺栓.SLDPRT
				/*	5:location	*/	-1.19311E-16	-0.831072	-0.556165	0.0	-7.98449E-17	-0.556165	0.831072	0.0	-1.0	1.43563E-16	1.55068E-30	0.0	-0.0369105	-0.00769204	1.835	1.0
				/*	5:child_number	*/	0
				/*	5:name	*/	48M-49M,53M,56M半穿式左端-1/半穿式下平联(10b型)-1/Q3+4J1-2/LS3_3号螺栓-9
				/*	5:type	*/	零件\LS3_3号螺栓.SLDPRT
				/*	5:location	*/	-1.19311E-16	-0.831072	-0.556165	0.0	-7.98449E-17	-0.556165	0.831072	0.0	-1.0	1.43563E-16	1.55068E-30	0.0	-0.0369105	-0.00769204	-1.835	1.0
				/*	5:child_number	*/	0
				/*	5:name	*/	48M-49M,53M,56M半穿式左端-1/半穿式下平联(10b型)-1/Q3+4J1-2/Q3_4M纵梁-1
				/*	5:type	*/	零件\Q3_4M纵梁.SLDPRT
				/*	5:location	*/	1.0	0.0	0.0	0.0	0.0	1.0	0.0	0.0	0.0	0.0	1.0	0.0	-0.0739105	-0.00769204	0.0	1.0
				/*	5:child_number	*/	0
				/*	5:name	*/	48M-49M,53M,56M半穿式左端-1/半穿式下平联(10b型)-1/Q3+4J1-2/螺母3-1
				/*	5:type	*/	零件\螺母3.SLDPRT
				/*	5:location	*/	1.43563E-16	-1.0	5.55112E-17	0.0	2.231E-30	-2.77556E-16	1.0	0.0	-1.0	-1.43563E-16	2.15127E-30	0.0	-0.0919105	-0.057692	-1.915	1.0
				/*	5:child_number	*/	0
				/*	5:name	*/	48M-49M,53M,56M半穿式左端-1/半穿式下平联(10b型)-1/Q3+4J1-2/螺母3-10
				/*	5:type	*/	零件\螺母3.SLDPRT
				/*	5:location	*/	-7.17817E-17	-0.5	-0.866025	0.0	-1.24329E-16	-0.866025	0.5	0.0	-1.0	1.43563E-16	1.55137E-30	0.0	-0.0919105	-0.00769204	-1.835	1.0
				/*	5:child_number	*/	0
				/*	5:name	*/	48M-49M,53M,56M半穿式左端-1/半穿式下平联(10b型)-1/Q3+4J1-2/螺母3-11
				/*	5:type	*/	零件\螺母3.SLDPRT
				/*	5:location	*/	-7.17817E-17	-0.5	-0.866025	0.0	-1.24329E-16	-0.866025	0.5	0.0	-1.0	1.43563E-16	1.55137E-30	0.0	-0.0919105	0.092308	1.835	1.0
				/*	5:child_number	*/	0
				/*	5:name	*/	48M-49M,53M,56M半穿式左端-1/半穿式下平联(10b型)-1/Q3+4J1-2/螺母3-12
				/*	5:type	*/	零件\螺母3.SLDPRT
				/*	5:location	*/	-7.17817E-17	-0.5	-0.866025	0.0	-1.24329E-16	-0.866025	0.5	0.0	-1.0	1.43563E-16	1.55137E-30	0.0	-0.0919105	0.092308	-1.835	1.0
				/*	5:child_number	*/	0
				/*	5:name	*/	48M-49M,53M,56M半穿式左端-1/半穿式下平联(10b型)-1/Q3+4J1-2/螺母3-13
				/*	5:type	*/	零件\螺母3.SLDPRT
				/*	5:location	*/	-7.17817E-17	-0.5	-0.866025	0.0	-1.24329E-16	-0.866025	0.5	0.0	-1.0	1.43563E-16	1.55137E-30	0.0	-0.0919105	-0.107692	-1.835	1.0
				/*	5:child_number	*/	0
				/*	5:name	*/	48M-49M,53M,56M半穿式左端-1/半穿式下平联(10b型)-1/Q3+4J1-2/螺母3-2
				/*	5:type	*/	零件\螺母3.SLDPRT
				/*	5:location	*/	1.43563E-16	-1.0	5.55112E-17	0.0	2.231E-30	-2.77556E-16	1.0	0.0	-1.0	-1.43563E-16	2.15127E-30	0.0	-0.0919105	0.042308	-1.915	1.0
				/*	5:child_number	*/	0
				/*	5:name	*/	48M-49M,53M,56M半穿式左端-1/半穿式下平联(10b型)-1/Q3+4J1-2/螺母3-3
				/*	5:type	*/	零件\螺母3.SLDPRT
				/*	5:location	*/	1.43563E-16	-1.0	5.55112E-17	0.0	2.231E-30	-2.77556E-16	1.0	0.0	-1.0	-1.43563E-16	2.15127E-30	0.0	-0.0919105	0.042308	1.915	1.0
				/*	5:child_number	*/	0
				/*	5:name	*/	48M-49M,53M,56M半穿式左端-1/半穿式下平联(10b型)-1/Q3+4J1-2/螺母3-4
				/*	5:type	*/	零件\螺母3.SLDPRT
				/*	5:location	*/	1.43563E-16	-1.0	5.55112E-17	0.0	2.231E-30	-2.77556E-16	1.0	0.0	-1.0	-1.43563E-16	2.15127E-30	0.0	-0.0919105	-0.057692	1.915	1.0
				/*	5:child_number	*/	0
				/*	5:name	*/	48M-49M,53M,56M半穿式左端-1/半穿式下平联(10b型)-1/Q3+4J1-2/螺母3-5
				/*	5:type	*/	零件\螺母3.SLDPRT
				/*	5:location	*/	-7.17817E-17	-0.5	-0.866025	0.0	-1.24329E-16	-0.866025	0.5	0.0	-1.0	1.43563E-16	1.55137E-30	0.0	-0.0919105	-0.107692	1.835	1.0
				/*	5:child_number	*/	0
				/*	5:name	*/	48M-49M,53M,56M半穿式左端-1/半穿式下平联(10b型)-1/Q3+4J1-2/螺母3-6
				/*	5:type	*/	零件\螺母3.SLDPRT
				/*	5:location	*/	-7.17817E-17	-0.5	-0.866025	0.0	-1.24329E-16	-0.866025	0.5	0.0	-1.0	1.43563E-16	1.55137E-30	0.0	-0.0919105	-0.00769204	1.835	1.0
				/*	5:child_number	*/	0
			/*	4:name	*/	48M-49M,53M,56M半穿式左端-1/半穿式下平联(10b型)-1/简易单片(2B7+4L3)-1
			/*	4:type	*/	半穿式梁\公共组件\下平联\简易单片\简易单片(2B7+4L3).SLDASM
			/*	4:location	*/	1.0	-6.55897E-17	7.91034E-16	0.0	7.91034E-16	1.9771E-17	-1.0	0.0	6.55897E-17	1.0	1.9771E-17	0.0	-0.187602	-0.157033	-0.00557923	1.0
			/*	4:child_number	*/	6
				/*	5:name	*/	48M-49M,53M,56M半穿式左端-1/半穿式下平联(10b型)-1/简易单片(2B7+4L3)-1/B7(带螺母)-1
				/*	5:type	*/	半穿式梁\公共组件\下平联\带螺栓零件\B7(带螺母).SLDASM
				/*	5:location	*/	1.0	0.0	0.0	0.0	0.0	1.0	4.30951E-32	0.0	0.0	4.30951E-32	1.0	0.0	-0.0562017	-0.00788796	0.0225	1.0
				/*	5:child_number	*/	9
					/*	6:name	*/	48M-49M,53M,56M半穿式左端-1/半穿式下平联(10b型)-1/简易单片(2B7+4L3)-1/B7(带螺母)-1/B7_平联节点板-1
					/*	6:type	*/	零件\B7_平联节点板.SLDPRT
					/*	6:location	*/	1.0	0.0	0.0	0.0	0.0	1.0	4.30951E-32	0.0	0.0	4.30951E-32	1.0	0.0	-0.178871	-0.237535	-0.008	1.0
					/*	6:child_number	*/	0
					/*	6:name	*/	48M-49M,53M,56M半穿式左端-1/半穿式下平联(10b型)-1/简易单片(2B7+4L3)-1/B7(带螺母)-1/LS3_3号螺栓-1
					/*	6:type	*/	零件\LS3_3号螺栓.SLDPRT
					/*	6:location	*/	-0.556165	0.831072	5.04871E-29	0.0	0.831072	0.556165	-5.04871E-29	0.0	-5.04871E-29	-1.05941E-29	-1.0	0.0	-0.127997	-0.189267	0.027	1.0
					/*	6:child_number	*/	0
					/*	6:name	*/	48M-49M,53M,56M半穿式左端-1/半穿式下平联(10b型)-1/简易单片(2B7+4L3)-1/B7(带螺母)-1/LS3_3号螺栓-2
					/*	6:type	*/	零件\LS3_3号螺栓.SLDPRT
					/*	6:location	*/	-0.441647	-0.897189	2.52435E-29	0.0	-0.897189	0.441647	0.0	0.0	0.0	-4.30951E-32	-1.0	0.0	0.180255	0.194197	0.027	1.0
					/*	6:child_number	*/	0
					/*	6:name	*/	48M-49M,53M,56M半穿式左端-1/半穿式下平联(10b型)-1/简易单片(2B7+4L3)-1/B7(带螺母)-1/LS3_3号螺栓-3
					/*	6:type	*/	零件\LS3_3号螺栓.SLDPRT
					/*	6:location	*/	-0.897189	0.441647	0.0	0.0	0.441647	0.897189	-2.52435E-29	0.0	0.0	-4.30951E-32	-1.0	0.0	0.123867	-0.119121	0.027	1.0
					/*	6:child_number	*/	0
					/*	6:name	*/	48M-49M,53M,56M半穿式左端-1/半穿式下平联(10b型)-1/简易单片(2B7+4L3)-1/B7(带螺母)-1/LS3_3号螺栓-4
					/*	6:type	*/	零件\LS3_3号螺栓.SLDPRT
					/*	6:location	*/	-0.897189	0.441647	0.0	0.0	0.441647	0.897189	-2.52435E-29	0.0	0.0	-4.30951E-32	-1.0	0.0	0.180255	-0.189267	0.027	1.0
					/*	6:child_number	*/	0
					/*	6:name	*/	48M-49M,53M,56M半穿式左端-1/半穿式下平联(10b型)-1/简易单片(2B7+4L3)-1/B7(带螺母)-1/LS3_3号螺栓-5
					/*	6:type	*/	零件\LS3_3号螺栓.SLDPRT
					/*	6:location	*/	-0.441647	-0.897189	2.52435E-29	0.0	-0.897189	0.441647	0.0	0.0	0.0	-4.30951E-32	-1.0	0.0	0.123867	0.124051	0.027	1.0
					/*	6:child_number	*/	0
					/*	6:name	*/	48M-49M,53M,56M半穿式左端-1/半穿式下平联(10b型)-1/简易单片(2B7+4L3)-1/B7(带螺母)-1/LS3_3号螺栓-6
					/*	6:type	*/	零件\LS3_3号螺栓.SLDPRT
					/*	6:location	*/	-0.441647	-0.897189	2.52435E-29	0.0	-0.897189	0.441647	0.0	0.0	0.0	-4.30951E-32	-1.0	0.0	-0.0716094	0.124051	0.027	1.0
					/*	6:child_number	*/	0
					/*	6:name	*/	48M-49M,53M,56M半穿式左端-1/半穿式下平联(10b型)-1/简易单片(2B7+4L3)-1/B7(带螺母)-1/LS3_3号螺栓-7
					/*	6:type	*/	零件\LS3_3号螺栓.SLDPRT
					/*	6:location	*/	-0.441647	-0.897189	2.52435E-29	0.0	-0.897189	0.441647	0.0	0.0	0.0	-4.30951E-32	-1.0	0.0	-0.127997	0.194197	0.027	1.0
					/*	6:child_number	*/	0
					/*	6:name	*/	48M-49M,53M,56M半穿式左端-1/半穿式下平联(10b型)-1/简易单片(2B7+4L3)-1/B7(带螺母)-1/LS3_3号螺栓-8
					/*	6:type	*/	零件\LS3_3号螺栓.SLDPRT
