/*	1:name	*/	3_4
/*	1:type	*/	3_4.SLDASM
/*	1:location	*/	1.0	0.0	0.0	0.0	0.0	1.0	0.0	0.0	0.0	0.0	1.0	0.0	0.0	0.0	0.0	1.0
/*	1:child_number	*/	1
	/*	2:name	*/	全(0-9)-1
	/*	2:type	*/	按层建桥\全(0-9).SLDASM
	/*	2:location	*/	-1.0	1.39164E-5	-1.93667E-10	0.0	1.4988E-15	-1.39164E-5	-1.0	0.0	-1.39164E-5	-1.0	1.39164E-5	0.0	4.15444	8.29995	3.04332	1.0
	/*	2:child_number	*/	8
		/*	3:name	*/	全(0-9)-1/3rd_new-1
		/*	3:type	*/	按层建桥\3rd_new.sldasm
		/*	3:location	*/	1.0	0.0	3.25426E-22	0.0	0.0	1.0	0.0	0.0	-1.36864E-21	1.69407E-21	1.0	0.0	-0.0880441	-0.0218212	-1.77636E-15	1.0
		/*	3:child_number	*/	24
			/*	4:name	*/	全(0-9)-1/3rd_new-1/立柱C1和12个螺栓-1
			/*	4:type	*/	基本组合\立柱C1和12个螺栓.SLDASM
			/*	4:location	*/	1.0	0.0	3.25426E-22	0.0	0.0	1.0	0.0	0.0	-1.36864E-21	1.69407E-21	1.0	0.0	-8.88178E-16	4.44089E-16	1.77636E-15	1.0
			/*	4:child_number	*/	2
				/*	5:name	*/	全(0-9)-1/3rd_new-1/立柱C1和12个螺栓-1/立柱与立柱固定的12个螺栓-2
				/*	5:type	*/	基本组合\立柱与立柱固定的12个螺栓.SLDASM
				/*	5:location	*/	0.923728	-0.383049	-2.05322E-16	0.0	0.383049	0.923728	3.11996E-17	0.0	1.77711E-16	-1.0747E-16	1.0	0.0	-0.180615	0.24316	1.49931	1.0
				/*	5:child_number	*/	14
					/*	6:name	*/	全(0-9)-1/3rd_new-1/立柱C1和12个螺栓-1/立柱与立柱固定的12个螺栓-2/M80螺栓-4
					/*	6:type	*/	基本器材\M80螺栓.SLDPRT
					/*	6:location	*/	0.948319	0.317319	-1.66532E-16	0.0	-0.317319	0.948319	-1.11022E-16	0.0	1.2269E-16	1.58133E-16	1.0	0.0	0.0668029	0.0428201	-0.0363057	1.0
					/*	6:child_number	*/	0
					/*	6:name	*/	全(0-9)-1/3rd_new-1/立柱C1和12个螺栓-1/立柱与立柱固定的12个螺栓-2/M80螺栓-3
					/*	6:type	*/	基本器材\M80螺栓.SLDPRT
					/*	6:location	*/	0.98013	-0.198357	1.69407E-21	0.0	0.198357	0.98013	5.55128E-17	0.0	-1.10131E-17	-5.44083E-17	1.0	0.0	0.0235485	-0.061722	-0.0363057	1.0
					/*	6:child_number	*/	0
					/*	6:name	*/	全(0-9)-1/3rd_new-1/立柱C1和12个螺栓-1/立柱与立柱固定的12个螺栓-2/M80螺栓-2
					/*	6:type	*/	基本器材\M80螺栓.SLDPRT
					/*	6:location	*/	1.0	5.55112E-17	3.38813E-21	0.0	0.0	1.0	-1.69407E-21	0.0	-3.38813E-21	1.69407E-21	1.0	0.0	-0.00709538	0.0121762	-0.0363057	1.0
					/*	6:child_number	*/	0
					/*	6:name	*/	全(0-9)-1/3rd_new-1/立柱C1和12个螺栓-1/立柱与立柱固定的12个螺栓-2/M80螺栓-7
					/*	6:type	*/	基本器材\M80螺栓.SLDPRT
					/*	6:location	*/	0.998598	-0.0529428	2.22048E-16	0.0	0.0529428	0.998598	-1.69407E-21	0.0	-1.11026E-16	-1.80408E-16	1.0	0.0	0.343921	0.157735	-0.0363057	1.0
					/*	6:child_number	*/	0
					/*	6:name	*/	全(0-9)-1/3rd_new-1/立柱C1和12个螺栓-1/立柱与立柱固定的12个螺栓-2/M80螺栓-6
					/*	6:type	*/	基本器材\M80螺栓.SLDPRT
					/*	6:location	*/	0.984937	-0.172913	-2.22039E-16	0.0	0.172913	0.984937	0.0	0.0	2.18695E-16	-3.83909E-17	1.0	0.0	0.270023	0.127091	-0.0363057	1.0
					/*	6:child_number	*/	0
					/*	6:name	*/	全(0-9)-1/3rd_new-1/立柱C1和12个螺栓-1/立柱与立柱固定的12个螺栓-2/M80螺栓-5
					/*	6:type	*/	基本器材\M80螺栓.SLDPRT
					/*	6:location	*/	0.983503	-0.180894	4.23516E-21	0.0	0.180894	0.983503	1.11021E-16	0.0	-2.00899E-17	-1.09189E-16	1.0	0.0	0.168413	0.0849555	-0.0363057	1.0
					/*	6:child_number	*/	0
					/*	6:name	*/	全(0-9)-1/3rd_new-1/立柱C1和12个螺栓-1/立柱与立柱固定的12个螺栓-2/M80螺栓-10
					/*	6:type	*/	基本器材\M80螺栓.SLDPRT
					/*	6:location	*/	0.992391	-0.123124	1.66535E-16	0.0	0.123124	0.992391	-2.77557E-16	0.0	-1.31097E-16	2.9595E-16	1.0	0.0	0.48948	-0.193282	-0.0363057	1.0
					/*	6:child_number	*/	0
					/*	6:name	*/	全(0-9)-1/3rd_new-1/立柱C1和12个螺栓-1/立柱与立柱固定的12个螺栓-2/M80螺栓-9
					/*	6:type	*/	基本器材\M80螺栓.SLDPRT
					/*	6:location	*/	0.954553	-0.29804	5.0822E-21	0.0	0.29804	0.954553	5.55095E-17	0.0	5.55078E-17	1.69407E-21	1.0	0.0	0.458836	-0.119384	-0.0363057	1.0
					/*	6:child_number	*/	0
					/*	6:name	*/	全(0-9)-1/3rd_new-1/立柱C1和12个螺栓-1/立柱与立柱固定的12个螺栓-2/M80螺栓-8
					/*	6:type	*/	基本器材\M80螺栓.SLDPRT
					/*	6:location	*/	0.868193	-0.496227	2.22048E-16	0.0	0.496227	0.868193	5.55112E-17	0.0	5.55061E-17	-5.55095E-17	1.0	0.0	0.374565	0.0838366	-0.0363057	1.0
					/*	6:child_number	*/	0
					/*	6:name	*/	全(0-9)-1/3rd_new-1/立柱C1和12个螺栓-1/立柱与立柱固定的12个螺栓-2/M80螺栓-13
					/*	6:type	*/	基本器材\M80螺栓.SLDPRT
					/*	6:location	*/	0.990121	0.140217	2.22042E-16	0.0	-0.140217	0.990121	1.11021E-16	0.0	-2.04287E-16	-1.41051E-16	1.0	0.0	0.212361	-0.308197	-0.0363057	1.0
					/*	6:child_number	*/	0
					/*	6:name	*/	全(0-9)-1/3rd_new-1/立柱C1和12个螺栓-1/立柱与立柱固定的12个螺栓-2/M80螺栓-12
					/*	6:type	*/	基本器材\M80螺栓.SLDPRT
					/*	6:location	*/	0.998422	0.0561485	-5.55052E-17	0.0	-0.0561485	0.998422	-1.11022E-16	0.0	1.11017E-16	8.32684E-17	1.0	0.0	0.313972	-0.266061	-0.0363057	1.0
					/*	6:child_number	*/	0
					/*	6:name	*/	全(0-9)-1/3rd_new-1/立柱C1和12个螺栓-1/立柱与立柱固定的12个螺栓-2/M80螺栓-11
					/*	6:type	*/	基本器材\M80螺栓.SLDPRT
					/*	6:location	*/	0.98584	-0.167691	-1.11021E-16	0.0	0.167691	0.98584	-5.55112E-17	0.0	5.55069E-17	-8.3265E-17	1.0	0.0	0.415582	-0.223926	-0.0363057	1.0
					/*	6:child_number	*/	0
					/*	6:name	*/	全(0-9)-1/3rd_new-1/立柱C1和12个螺栓-1/立柱与立柱固定的12个螺栓-2/M80螺栓-15
					/*	6:type	*/	基本器材\M80螺栓.SLDPRT
					/*	6:location	*/	0.989305	0.145863	2.96462E-21	0.0	-0.145863	0.989305	-1.69407E-21	0.0	5.55061E-17	-5.55095E-17	1.0	0.0	0.107819	-0.264942	-0.0363057	1.0
					/*	6:child_number	*/	0
					/*	6:name	*/	全(0-9)-1/3rd_new-1/立柱C1和12个螺栓-1/立柱与立柱固定的12个螺栓-2/M80螺栓-14
					/*	6:type	*/	基本器材\M80螺栓.SLDPRT
					/*	6:location	*/	0.998337	-0.0576459	2.22047E-16	0.0	0.0576459	0.998337	-5.55112E-17	0.0	-2.1848E-16	6.822E-17	1.0	0.0	0.138463	-0.33884	-0.0363057	1.0
					/*	6:child_number	*/	0
				/*	5:name	*/	全(0-9)-1/3rd_new-1/立柱C1和12个螺栓-1/C1_3米立柱-1
				/*	5:type	*/	基本器材\C1_3米立柱.SLDPRT
				/*	5:location	*/	1.0	0.0	3.25426E-22	0.0	0.0	1.0	0.0	0.0	-1.36864E-21	1.69407E-21	1.0	0.0	-0.142505	-0.0828745	-1.478	1.0
				/*	5:child_number	*/	0
			/*	4:name	*/	全(0-9)-1/3rd_new-1/I-I截面南面（斜拉向下）C9+2mC4+2mC5-1
			/*	4:type	*/	I-I截面\I-I截面南面（斜拉向下）C9+2mC4+2mC5.SLDASM
			/*	4:location	*/	-1.18842E-17	2.33147E-15	-1.0	0.0	-2.87957E-17	-1.0	-2.33147E-15	0.0	-1.0	2.87957E-17	1.18865E-17	0.0	-0.247505	0.0878276	-1.01459	1.0
			/*	4:child_number	*/	6
				/*	5:name	*/	全(0-9)-1/3rd_new-1/I-I截面南面（斜拉向下）C9+2mC4+2mC5-1/水平拉撑2mC4及四个螺栓-1
				/*	5:type	*/	基本组合\水平拉撑2mC4及四个螺栓.SLDASM
				/*	5:location	*/	6.52257E-16	-2.58494E-26	-1.0	0.0	1.0	0.0	6.52257E-16	0.0	-1.69407E-21	-1.0	5.16988E-26	0.0	0.109352	0.0487021	0.736162	1.0
				/*	5:child_number	*/	3
					/*	6:name	*/	全(0-9)-1/3rd_new-1/I-I截面南面（斜拉向下）C9+2mC4+2mC5-1/水平拉撑2mC4及四个螺栓-1/拉撑两螺栓-1
					/*	6:type	*/	基本组合\拉撑两螺栓.sldasm
					/*	6:location	*/	0.844007	0.536332	0.0	0.0	-0.536332	0.844007	-1.69407E-21	0.0	-1.03162E-21	1.69407E-21	1.0	0.0	0.751162	-0.0589374	-2.22045E-14	1.0
					/*	6:child_number	*/	2
						/*	7:name	*/	全(0-9)-1/3rd_new-1/I-I截面南面（斜拉向下）C9+2mC4+2mC5-1/水平拉撑2mC4及四个螺栓-1/拉撑两螺栓-1/M60螺栓-2
						/*	7:type	*/	基本器材\M60螺栓.SLDPRT
						/*	7:location	*/	1.0	7.52484E-17	-1.69407E-21	0.0	-3.57739E-17	1.0	3.38813E-21	0.0	-8.47033E-22	-1.69407E-21	1.0	0.0	-0.0590805	0.0375432	4.44089E-16	1.0
						/*	7:child_number	*/	0
						/*	7:name	*/	全(0-9)-1/3rd_new-1/I-I截面南面（斜拉向下）C9+2mC4+2mC5-1/水平拉撑2mC4及四个螺栓-1/拉撑两螺栓-1/M60螺栓-1
						/*	7:type	*/	基本器材\M60螺栓.SLDPRT
						/*	7:location	*/	1.0	7.52484E-17	-1.69407E-21	0.0	-3.57739E-17	1.0	3.38813E-21	0.0	-8.47033E-22	-1.69407E-21	1.0	0.0	-4.44089E-16	0.0	4.44089E-16	1.0
						/*	7:child_number	*/	0
					/*	6:name	*/	全(0-9)-1/3rd_new-1/I-I截面南面（斜拉向下）C9+2mC4+2mC5-1/水平拉撑2mC4及四个螺栓-1/拉撑两螺栓-2
					/*	6:type	*/	基本组合\拉撑两螺栓.sldasm
					/*	6:location	*/	0.844007	0.536332	-8.47033E-22	0.0	-0.536332	0.844007	-1.69407E-21	0.0	0.0	0.0	1.0	0.0	-0.698838	-0.0589374	-2.22045E-14	1.0
					/*	6:child_number	*/	2
						/*	7:name	*/	全(0-9)-1/3rd_new-1/I-I截面南面（斜拉向下）C9+2mC4+2mC5-1/水平拉撑2mC4及四个螺栓-1/拉撑两螺栓-2/M60螺栓-2
						/*	7:type	*/	基本器材\M60螺栓.SLDPRT
						/*	7:location	*/	1.0	7.52484E-17	-8.47033E-22	0.0	-3.57739E-17	1.0	-1.69407E-21	0.0	0.0	0.0	1.0	0.0	-0.0590805	0.0375432	0.0	1.0
						/*	7:child_number	*/	0
						/*	7:name	*/	全(0-9)-1/3rd_new-1/I-I截面南面（斜拉向下）C9+2mC4+2mC5-1/水平拉撑2mC4及四个螺栓-1/拉撑两螺栓-2/M60螺栓-1
						/*	7:type	*/	基本器材\M60螺栓.SLDPRT
						/*	7:location	*/	1.0	7.52484E-17	-8.47033E-22	0.0	-3.57739E-17	1.0	-1.69407E-21	0.0	0.0	0.0	1.0	0.0	-4.33681E-16	1.77636E-15	0.0	1.0
						/*	7:child_number	*/	0
					/*	6:name	*/	全(0-9)-1/3rd_new-1/I-I截面南面（斜拉向下）C9+2mC4+2mC5-1/水平拉撑2mC4及四个螺栓-1/C4_水平拉撑-1
					/*	6:type	*/	基本器材\C4_水平拉撑.SLDPRT
					/*	6:location	*/	1.0	9.68489E-22	-2.58494E-26	0.0	0.0	0.0	-1.0	0.0	9.68489E-22	1.0	-1.69407E-21	0.0	-0.808838	-0.103937	0.023	1.0
					/*	6:child_number	*/	0
				/*	5:name	*/	全(0-9)-1/3rd_new-1/I-I截面南面（斜拉向下）C9+2mC4+2mC5-1/固定节点板四个螺栓-1
				/*	5:type	*/	基本组合\固定节点板四个螺栓.SLDASM
				/*	5:location	*/	0.0424734	0.999098	2.36522E-23	0.0	0.999098	-0.0424734	9.72034E-22	0.0	9.68362E-22	-2.58494E-26	-1.0	0.0	0.0554144	0.122702	-0.062	1.0
				/*	5:child_number	*/	4
					/*	6:name	*/	全(0-9)-1/3rd_new-1/I-I截面南面（斜拉向下）C9+2mC4+2mC5-1/固定节点板四个螺栓-1/M80螺栓-3
					/*	6:type	*/	基本器材\M80螺栓.SLDPRT
					/*	6:location	*/	-0.5	-0.866025	-6.7286E-22	0.0	0.866025	-0.5	-4.95197E-22	0.0	-2.3678E-23	-9.72031E-22	1.0	0.0	-0.209762	-0.131209	0.0	1.0
					/*	6:child_number	*/	0
					/*	6:name	*/	全(0-9)-1/3rd_new-1/I-I截面南面（斜拉向下）C9+2mC4+2mC5-1/固定节点板四个螺栓-1/M80螺栓-2
					/*	6:type	*/	基本器材\M80螺栓.SLDPRT
					/*	6:location	*/	-0.5	-0.866025	-6.72847E-22	0.0	0.866025	-0.5	-4.95197E-22	0.0	-2.3678E-23	-9.72031E-22	1.0	0.0	-0.203816	0.00866456	0.0	1.0
					/*	6:child_number	*/	0
					/*	6:name	*/	全(0-9)-1/3rd_new-1/I-I截面南面（斜拉向下）C9+2mC4+2mC5-1/固定节点板四个螺栓-1/M80螺栓-1
					/*	6:type	*/	基本器材\M80螺栓.SLDPRT
					/*	6:location	*/	1.0	0.0	-3.73524E-23	0.0	0.0	1.0	7.22615E-22	0.0	-2.3678E-23	-9.72031E-22	1.0	0.0	4.44089E-16	0.0	0.0	1.0
					/*	6:child_number	*/	0
					/*	6:name	*/	全(0-9)-1/3rd_new-1/I-I截面南面（斜拉向下）C9+2mC4+2mC5-1/固定节点板四个螺栓-1/M80螺栓-4
					/*	6:type	*/	基本器材\M80螺栓.SLDPRT
					/*	6:location	*/	1.0	0.0	-3.73524E-23	0.0	0.0	1.0	7.22615E-22	0.0	-2.3678E-23	-9.72031E-22	1.0	0.0	-0.00594627	-0.139874	0.0	1.0
					/*	6:child_number	*/	0
				/*	5:name	*/	全(0-9)-1/3rd_new-1/I-I截面南面（斜拉向下）C9+2mC4+2mC5-1/C9_十字型节点板-1
				/*	5:type	*/	基本器材\C9_十字型节点板.SLDPRT
				/*	5:location	*/	1.0	0.0	7.25704E-22	0.0	1.69407E-21	1.0	-5.16988E-26	0.0	-9.68362E-22	2.58494E-26	1.0	0.0	-0.154586	-0.116298	-0.095	1.0
				/*	5:child_number	*/	0
				/*	5:name	*/	全(0-9)-1/3rd_new-1/I-I截面南面（斜拉向下）C9+2mC4+2mC5-1/两米斜拉撑及四个螺栓-3
				/*	5:type	*/	基本组合\两米斜拉撑及四个螺栓.SLDASM
				/*	5:location	*/	-0.392819	2.86999E-16	0.919616	0.0	0.919616	8.71117E-16	0.392819	0.0	-6.88353E-16	1.0	-6.06119E-16	0.0	-0.685133	-0.0220352	0.671367	1.0
				/*	5:child_number	*/	3
					/*	6:name	*/	全(0-9)-1/3rd_new-1/I-I截面南面（斜拉向下）C9+2mC4+2mC5-1/两米斜拉撑及四个螺栓-3/拉撑两螺栓-1
					/*	6:type	*/	基本组合\拉撑两螺栓.sldasm
					/*	6:location	*/	-0.530511	0.847678	-1.19818E-15	0.0	0.847678	0.530511	-5.07272E-16	0.0	2.05647E-16	-1.28479E-15	-1.0	0.0	1.12844	-0.71878	0.0717373	1.0
					/*	6:child_number	*/	2
						/*	7:name	*/	全(0-9)-1/3rd_new-1/I-I截面南面（斜拉向下）C9+2mC4+2mC5-1/两米斜拉撑及四个螺栓-3/拉撑两螺栓-1/M60螺栓-2
						/*	7:type	*/	基本器材\M60螺栓.SLDPRT
						/*	7:location	*/	1.0	-4.25526E-18	-1.69407E-21	0.0	-4.25526E-18	1.0	-4.23516E-22	0.0	-1.69407E-21	0.0	1.0	0.0	-0.0590805	0.0375432	0.0	1.0
						/*	7:child_number	*/	0
						/*	7:name	*/	全(0-9)-1/3rd_new-1/I-I截面南面（斜拉向下）C9+2mC4+2mC5-1/两米斜拉撑及四个螺栓-3/拉撑两螺栓-1/M60螺栓-1
						/*	7:type	*/	基本器材\M60螺栓.SLDPRT
						/*	7:location	*/	1.0	-4.25526E-18	-1.69407E-21	0.0	-4.25526E-18	1.0	-4.23516E-22	0.0	-1.69407E-21	0.0	1.0	0.0	8.88178E-16	0.0	0.0	1.0
						/*	7:child_number	*/	0
					/*	6:name	*/	全(0-9)-1/3rd_new-1/I-I截面南面（斜拉向下）C9+2mC4+2mC5-1/两米斜拉撑及四个螺栓-3/C5_2米斜拉撑-1
					/*	6:type	*/	基本器材\C5_2米斜拉撑.SLDPRT
					/*	6:location	*/	0.902392	-0.430916	-4.06881E-17	0.0	4.49779E-16	8.47468E-16	1.0	0.0	-0.430916	-0.902392	9.58563E-16	0.0	-0.816169	0.25415	0.0477373	1.0
					/*	6:child_number	*/	0
					/*	6:name	*/	全(0-9)-1/3rd_new-1/I-I截面南面（斜拉向下）C9+2mC4+2mC5-1/两米斜拉撑及四个螺栓-3/拉撑两螺栓-2
					/*	6:type	*/	基本组合\拉撑两螺栓.sldasm
					/*	6:location	*/	-0.530511	0.847678	-4.79768E-16	0.0	0.847678	0.530511	-8.30859E-16	0.0	-4.49779E-16	-8.47467E-16	-1.0	0.0	-0.797355	0.200839	0.0717373	1.0
					/*	6:child_number	*/	2
						/*	7:name	*/	全(0-9)-1/3rd_new-1/I-I截面南面（斜拉向下）C9+2mC4+2mC5-1/两米斜拉撑及四个螺栓-3/拉撑两螺栓-2/M60螺栓-2
						/*	7:type	*/	基本器材\M60螺栓.SLDPRT
						/*	7:location	*/	1.0	-4.25236E-18	0.0	0.0	-4.25236E-18	1.0	-4.23516E-22	0.0	1.69407E-21	4.23516E-22	1.0	0.0	-0.0590805	0.0375432	0.0	1.0
						/*	7:child_number	*/	0
						/*	7:name	*/	全(0-9)-1/3rd_new-1/I-I截面南面（斜拉向下）C9+2mC4+2mC5-1/两米斜拉撑及四个螺栓-3/拉撑两螺栓-2/M60螺栓-1
						/*	7:type	*/	基本器材\M60螺栓.SLDPRT
						/*	7:location	*/	1.0	-4.25236E-18	0.0	0.0	-4.25236E-18	1.0	-4.23516E-22	0.0	1.69407E-21	4.23516E-22	1.0	0.0	-1.77636E-15	0.0	0.0	1.0
						/*	7:child_number	*/	0
				/*	5:name	*/	全(0-9)-1/3rd_new-1/I-I截面南面（斜拉向下）C9+2mC4+2mC5-1/两米斜拉撑及四个螺栓-2
				/*	5:type	*/	基本组合\两米斜拉撑及四个螺栓.SLDASM
				/*	5:location	*/	4.36684E-16	-0.962128	0.272598	0.0	8.83509E-16	-0.272598	-0.962128	0.0	1.0	6.60992E-16	7.3101E-16	0.0	-0.0573229	-0.864344	0.42759	1.0
				/*	5:child_number	*/	3
					/*	6:name	*/	全(0-9)-1/3rd_new-1/I-I截面南面（斜拉向下）C9+2mC4+2mC5-1/两米斜拉撑及四个螺栓-2/拉撑两螺栓-1
					/*	6:type	*/	基本组合\拉撑两螺栓.sldasm
					/*	6:location	*/	-0.530511	0.847678	-1.19818E-15	0.0	0.847678	0.530511	-5.07271E-16	0.0	2.05648E-16	-1.28479E-15	-1.0	0.0	1.12844	-0.71878	0.0717373	1.0
					/*	6:child_number	*/	2
						/*	7:name	*/	全(0-9)-1/3rd_new-1/I-I截面南面（斜拉向下）C9+2mC4+2mC5-1/两米斜拉撑及四个螺栓-2/拉撑两螺栓-1/M60螺栓-2
						/*	7:type	*/	基本器材\M60螺栓.SLDPRT
						/*	7:location	*/	1.0	0.0	1.69407E-21	0.0	5.55112E-17	1.0	0.0	0.0	-8.47033E-22	-3.38813E-21	1.0	0.0	-0.0590805	0.0375432	0.0	1.0
						/*	7:child_number	*/	0
						/*	7:name	*/	全(0-9)-1/3rd_new-1/I-I截面南面（斜拉向下）C9+2mC4+2mC5-1/两米斜拉撑及四个螺栓-2/拉撑两螺栓-1/M60螺栓-1
						/*	7:type	*/	基本器材\M60螺栓.SLDPRT
						/*	7:location	*/	1.0	0.0	1.69407E-21	0.0	5.55112E-17	1.0	0.0	0.0	-8.47033E-22	-3.38813E-21	1.0	0.0	-8.88178E-16	4.44089E-16	1.77636E-15	1.0
						/*	7:child_number	*/	0
					/*	6:name	*/	全(0-9)-1/3rd_new-1/I-I截面南面（斜拉向下）C9+2mC4+2mC5-1/两米斜拉撑及四个螺栓-2/C5_2米斜拉撑-1
					/*	6:type	*/	基本器材\C5_2米斜拉撑.SLDPRT
					/*	6:location	*/	0.902392	-0.430916	-4.06932E-17	0.0	4.4978E-16	8.47467E-16	1.0	0.0	-0.430916	-0.902392	9.58565E-16	0.0	-0.816169	0.25415	0.0477373	1.0
					/*	6:child_number	*/	0
					/*	6:name	*/	全(0-9)-1/3rd_new-1/I-I截面南面（斜拉向下）C9+2mC4+2mC5-1/两米斜拉撑及四个螺栓-2/拉撑两螺栓-2
					/*	6:type	*/	基本组合\拉撑两螺栓.sldasm
					/*	6:location	*/	-0.530511	0.847678	-4.79765E-16	0.0	0.847678	0.530511	-8.30861E-16	0.0	-4.4978E-16	-8.4747E-16	-1.0	0.0	-0.797355	0.200839	0.0717373	1.0
					/*	6:child_number	*/	2
						/*	7:name	*/	全(0-9)-1/3rd_new-1/I-I截面南面（斜拉向下）C9+2mC4+2mC5-1/两米斜拉撑及四个螺栓-2/拉撑两螺栓-2/M60螺栓-2
						/*	7:type	*/	基本器材\M60螺栓.SLDPRT
						/*	7:location	*/	1.0	0.0	-8.47033E-22	0.0	0.0	1.0	-3.38813E-21	0.0	8.47033E-22	0.0	1.0	0.0	-0.0590805	0.0375432	-1.77636E-15	1.0
						/*	7:child_number	*/	0
						/*	7:name	*/	全(0-9)-1/3rd_new-1/I-I截面南面（斜拉向下）C9+2mC4+2mC5-1/两米斜拉撑及四个螺栓-2/拉撑两螺栓-2/M60螺栓-1
						/*	7:type	*/	基本器材\M60螺栓.SLDPRT
						/*	7:location	*/	1.0	0.0	-8.47033E-22	0.0	0.0	1.0	-3.38813E-21	0.0	8.47033E-22	0.0	1.0	0.0	0.0	4.44089E-16	0.0	1.0
						/*	7:child_number	*/	0
				/*	5:name	*/	全(0-9)-1/3rd_new-1/I-I截面南面（斜拉向下）C9+2mC4+2mC5-1/两米斜拉撑及四个螺栓-1
				/*	5:type	*/	基本组合\两米斜拉撑及四个螺栓.SLDASM
				/*	5:location	*/	4.47222E-16	-0.392812	-0.919619	0.0	9.93273E-16	0.919619	-0.392812	0.0	1.0	-7.37757E-16	8.01443E-16	0.0	-0.0573229	1.35016	0.818629	1.0
				/*	5:child_number	*/	3
					/*	6:name	*/	全(0-9)-1/3rd_new-1/I-I截面南面（斜拉向下）C9+2mC4+2mC5-1/两米斜拉撑及四个螺栓-1/拉撑两螺栓-1
					/*	6:type	*/	基本组合\拉撑两螺栓.sldasm
					/*	6:location	*/	-0.530511	0.847678	-1.19818E-15	0.0	0.847678	0.530511	-5.0727E-16	0.0	2.05647E-16	-1.28479E-15	-1.0	0.0	1.12844	-0.71878	0.0717373	1.0
					/*	6:child_number	*/	2
						/*	7:name	*/	全(0-9)-1/3rd_new-1/I-I截面南面（斜拉向下）C9+2mC4+2mC5-1/两米斜拉撑及四个螺栓-1/拉撑两螺栓-1/M60螺栓-2
						/*	7:type	*/	基本器材\M60螺栓.SLDPRT
						/*	7:location	*/	1.0	0.0	0.0	0.0	0.0	1.0	-2.96462E-21	0.0	1.69407E-21	8.47033E-22	1.0	0.0	-0.0590805	0.0375432	0.0	1.0
						/*	7:child_number	*/	0
						/*	7:name	*/	全(0-9)-1/3rd_new-1/I-I截面南面（斜拉向下）C9+2mC4+2mC5-1/两米斜拉撑及四个螺栓-1/拉撑两螺栓-1/M60螺栓-1
						/*	7:type	*/	基本器材\M60螺栓.SLDPRT
						/*	7:location	*/	1.0	0.0	0.0	0.0	0.0	1.0	-2.96462E-21	0.0	1.69407E-21	8.47033E-22	1.0	0.0	4.44089E-16	4.44089E-16	0.0	1.0
						/*	7:child_number	*/	0
					/*	6:name	*/	全(0-9)-1/3rd_new-1/I-I截面南面（斜拉向下）C9+2mC4+2mC5-1/两米斜拉撑及四个螺栓-1/C5_2米斜拉撑-1
					/*	6:type	*/	基本器材\C5_2米斜拉撑.SLDPRT
					/*	6:location	*/	0.902392	-0.430916	-4.06898E-17	0.0	4.49781E-16	8.47467E-16	1.0	0.0	-0.430916	-0.902392	9.58567E-16	0.0	-0.816169	0.25415	0.0477373	1.0
					/*	6:child_number	*/	0
					/*	6:name	*/	全(0-9)-1/3rd_new-1/I-I截面南面（斜拉向下）C9+2mC4+2mC5-1/两米斜拉撑及四个螺栓-1/拉撑两螺栓-2
					/*	6:type	*/	基本组合\拉撑两螺栓.sldasm
					/*	6:location	*/	-0.530511	0.847678	-4.79766E-16	0.0	0.847678	0.530511	-8.3086E-16	0.0	-4.49782E-16	-8.47468E-16	-1.0	0.0	-0.797355	0.200839	0.0717373	1.0
					/*	6:child_number	*/	2
						/*	7:name	*/	全(0-9)-1/3rd_new-1/I-I截面南面（斜拉向下）C9+2mC4+2mC5-1/两米斜拉撑及四个螺栓-1/拉撑两螺栓-2/M60螺栓-2
						/*	7:type	*/	基本器材\M60螺栓.SLDPRT
						/*	7:location	*/	1.0	-2.77556E-17	0.0	0.0	0.0	1.0	-4.23516E-22	0.0	0.0	8.47033E-22	1.0	0.0	-0.0590805	0.0375432	0.0	1.0
						/*	7:child_number	*/	0
						/*	7:name	*/	全(0-9)-1/3rd_new-1/I-I截面南面（斜拉向下）C9+2mC4+2mC5-1/两米斜拉撑及四个螺栓-1/拉撑两螺栓-2/M60螺栓-1
						/*	7:type	*/	基本器材\M60螺栓.SLDPRT
						/*	7:location	*/	1.0	-2.77556E-17	0.0	0.0	0.0	1.0	-4.23516E-22	0.0	0.0	8.47033E-22	1.0	0.0	0.0	-8.88178E-16	0.0	1.0
						/*	7:child_number	*/	0
			/*	4:name	*/	全(0-9)-1/3rd_new-1/I-I截面－左右(顺铁路)（斜拉向下）－C9+两个2mC4-1
			/*	4:type	*/	I-I截面\I-I截面－左右(顺铁路)（斜拉向下）－C9+两个2mC4.SLDASM
			/*	4:location	*/	1.23235E-14	-1.69407E-21	-1.0	0.0	-1.0	0.0	-1.23235E-14	0.0	0.0	1.0	0.0	0.0	0.0281967	0.322126	-1.01459	1.0
			/*	4:child_number	*/	4
				/*	5:name	*/	全(0-9)-1/3rd_new-1/I-I截面－左右(顺铁路)（斜拉向下）－C9+两个2mC4-1/水平拉撑2mC4及四个螺栓-1
				/*	5:type	*/	基本组合\水平拉撑2mC4及四个螺栓.SLDASM
				/*	5:location	*/	6.52258E-16	2.58494E-26	-1.0	0.0	1.0	3.27686E-22	6.52256E-16	0.0	1.36625E-21	-1.0	0.0	0.0	0.109352	0.0487021	0.736162	1.0
				/*	5:child_number	*/	3
					/*	6:name	*/	全(0-9)-1/3rd_new-1/I-I截面－左右(顺铁路)（斜拉向下）－C9+两个2mC4-1/水平拉撑2mC4及四个螺栓-1/拉撑两螺栓-1
					/*	6:type	*/	基本组合\拉撑两螺栓.sldasm
					/*	6:location	*/	0.844007	0.536332	6.22298E-22	0.0	-0.536332	0.844007	-7.16416E-22	0.0	-3.97434E-22	-3.27681E-22	1.0	0.0	0.751162	-0.0589374	-2.13163E-14	1.0
					/*	6:child_number	*/	2
						/*	7:name	*/	全(0-9)-1/3rd_new-1/I-I截面－左右(顺铁路)（斜拉向下）－C9+两个2mC4-1/水平拉撑2mC4及四个螺栓-1/拉撑两螺栓-1/M60螺栓-2
						/*	7:type	*/	基本器材\M60螺栓.SLDPRT
						/*	7:location	*/	1.0	0.0	3.86914E-22	0.0	-1.11022E-16	1.0	-5.66838E-22	0.0	2.86825E-22	-5.03262E-22	1.0	0.0	-0.0590805	0.0375432	8.88178E-16	1.0
						/*	7:child_number	*/	0
						/*	7:name	*/	全(0-9)-1/3rd_new-1/I-I截面－左右(顺铁路)（斜拉向下）－C9+两个2mC4-1/水平拉撑2mC4及四个螺栓-1/拉撑两螺栓-1/M60螺栓-1
						/*	7:type	*/	基本器材\M60螺栓.SLDPRT
						/*	7:location	*/	1.0	0.0	3.86914E-22	0.0	-1.11022E-16	1.0	-5.66838E-22	0.0	2.86825E-22	-5.03262E-22	1.0	0.0	0.0	0.0	1.77636E-15	1.0
						/*	7:child_number	*/	0
					/*	6:name	*/	全(0-9)-1/3rd_new-1/I-I截面－左右(顺铁路)（斜拉向下）－C9+两个2mC4-1/水平拉撑2mC4及四个螺栓-1/拉撑两螺栓-2
					/*	6:type	*/	基本组合\拉撑两螺栓.sldasm
					/*	6:location	*/	0.844007	0.536332	6.2235E-22	0.0	-0.536332	0.844007	-7.16325E-22	0.0	-3.97409E-22	-3.27681E-22	1.0	0.0	-0.698838	-0.0589374	-2.13163E-14	1.0
					/*	6:child_number	*/	2
						/*	7:name	*/	全(0-9)-1/3rd_new-1/I-I截面－左右(顺铁路)（斜拉向下）－C9+两个2mC4-1/水平拉撑2mC4及四个螺栓-1/拉撑两螺栓-2/M60螺栓-2
						/*	7:type	*/	基本器材\M60螺栓.SLDPRT
						/*	7:location	*/	1.0	-1.11022E-16	-1.95783E-22	0.0	0.0	1.0	2.03592E-21	0.0	-1.40716E-21	-2.19725E-21	1.0	0.0	-0.0590805	0.0375432	8.88178E-16	1.0
						/*	7:child_number	*/	0
						/*	7:name	*/	全(0-9)-1/3rd_new-1/I-I截面－左右(顺铁路)（斜拉向下）－C9+两个2mC4-1/水平拉撑2mC4及四个螺栓-1/拉撑两螺栓-2/M60螺栓-1
						/*	7:type	*/	基本器材\M60螺栓.SLDPRT
						/*	7:location	*/	1.0	-1.11022E-16	-1.95783E-22	0.0	0.0	1.0	2.03592E-21	0.0	-1.40716E-21	-2.19725E-21	1.0	0.0	-8.88178E-16	0.0	8.88178E-16	1.0
						/*	7:child_number	*/	0
					/*	6:name	*/	全(0-9)-1/3rd_new-1/I-I截面－左右(顺铁路)（斜拉向下）－C9+两个2mC4-1/水平拉撑2mC4及四个螺栓-1/C4_水平拉撑-1
					/*	6:type	*/	基本器材\C4_水平拉撑.SLDPRT
					/*	6:location	*/	1.0	1.69407E-21	-2.58494E-26	0.0	-2.58494E-26	3.27686E-22	-1.0	0.0	0.0	1.0	-3.27686E-22	0.0	-0.808838	-0.103937	0.023	1.0
					/*	6:child_number	*/	0
				/*	5:name	*/	全(0-9)-1/3rd_new-1/I-I截面－左右(顺铁路)（斜拉向下）－C9+两个2mC4-1/固定节点板四个螺栓-1
				/*	5:type	*/	基本组合\固定节点板四个螺栓.SLDASM
				/*	5:location	*/	0.0424734	0.999098	1.05879E-22	0.0	0.999098	-0.0424734	1.69407E-21	0.0	1.69407E-21	2.58494E-26	-1.0	0.0	0.0554144	0.122702	-0.062	1.0
				/*	5:child_number	*/	4
					/*	6:name	*/	全(0-9)-1/3rd_new-1/I-I截面－左右(顺铁路)（斜拉向下）－C9+两个2mC4-1/固定节点板四个螺栓-1/M80螺栓-3
					/*	6:type	*/	基本器材\M80螺栓.SLDPRT
					/*	6:location	*/	-0.5	-0.866025	-1.69407E-21	0.0	0.866025	-0.5	-8.47033E-22	0.0	-1.05879E-22	0.0	1.0	0.0	-0.209762	-0.131209	0.0	1.0
					/*	6:child_number	*/	0
					/*	6:name	*/	全(0-9)-1/3rd_new-1/I-I截面－左右(顺铁路)（斜拉向下）－C9+两个2mC4-1/固定节点板四个螺栓-1/M80螺栓-2
					/*	6:type	*/	基本器材\M80螺栓.SLDPRT
					/*	6:location	*/	-0.5	-0.866025	-1.69407E-21	0.0	0.866025	-0.5	-8.47033E-22	0.0	-1.05879E-22	0.0	1.0	0.0	-0.203816	0.00866456	-4.44089E-16	1.0
					/*	6:child_number	*/	0
					/*	6:name	*/	全(0-9)-1/3rd_new-1/I-I截面－左右(顺铁路)（斜拉向下）－C9+两个2mC4-1/固定节点板四个螺栓-1/M80螺栓-1
					/*	6:type	*/	基本器材\M80螺栓.SLDPRT
					/*	6:location	*/	1.0	-2.0983E-18	0.0	0.0	4.84059E-18	1.0	1.69407E-21	0.0	-1.05879E-22	0.0	1.0	0.0	-8.88178E-16	0.0	-4.44089E-16	1.0
					/*	6:child_number	*/	0
					/*	6:name	*/	全(0-9)-1/3rd_new-1/I-I截面－左右(顺铁路)（斜拉向下）－C9+两个2mC4-1/固定节点板四个螺栓-1/M80螺栓-4
					/*	6:type	*/	基本器材\M80螺栓.SLDPRT
					/*	6:location	*/	1.0	-2.0983E-18	0.0	0.0	4.84059E-18	1.0	1.69407E-21	0.0	-1.05879E-22	0.0	1.0	0.0	-0.00594627	-0.139874	0.0	1.0
					/*	6:child_number	*/	0
				/*	5:name	*/	全(0-9)-1/3rd_new-1/I-I截面－左右(顺铁路)（斜拉向下）－C9+两个2mC4-1/C9_十字型节点板-1
				/*	5:type	*/	基本器材\C9_十字型节点板.SLDPRT
				/*	5:location	*/	1.0	3.27812E-22	0.0	0.0	-1.36625E-21	1.0	0.0	0.0	-1.69407E-21	-2.58494E-26	1.0	0.0	-0.154586	-0.116298	-0.095	1.0
				/*	5:child_number	*/	0
				/*	5:name	*/	全(0-9)-1/3rd_new-1/I-I截面－左右(顺铁路)（斜拉向下）－C9+两个2mC4-1/两米斜拉撑及四个螺栓-2
				/*	5:type	*/	基本组合\两米斜拉撑及四个螺栓.SLDASM
				/*	5:location	*/	0.392819	3.41422E-16	-0.919616	0.0	-0.919616	7.50261E-16	-0.392819	0.0	5.55832E-16	1.0	6.08694E-16	0.0	-1.34405	-0.0220352	0.818621	1.0
				/*	5:child_number	*/	3
					/*	6:name	*/	全(0-9)-1/3rd_new-1/I-I截面－左右(顺铁路)（斜拉向下）－C9+两个2mC4-1/两米斜拉撑及四个螺栓-2/拉撑两螺栓-1
					/*	6:type	*/	基本组合\拉撑两螺栓.sldasm
					/*	6:location	*/	-0.530511	0.847678	-1.19818E-15	0.0	0.847678	0.530511	-5.07273E-16	0.0	2.05645E-16	-1.28478E-15	-1.0	0.0	1.12844	-0.71878	0.0717373	1.0
					/*	6:child_number	*/	2
						/*	7:name	*/	全(0-9)-1/3rd_new-1/I-I截面－左右(顺铁路)（斜拉向下）－C9+两个2mC4-1/两米斜拉撑及四个螺栓-2/拉撑两螺栓-1/M60螺栓-2
						/*	7:type	*/	基本器材\M60螺栓.SLDPRT
						/*	7:location	*/	1.0	0.0	-2.12495E-22	0.0	-5.55112E-17	1.0	1.72545E-22	0.0	-1.18306E-22	-4.73044E-24	1.0	0.0	-0.0590805	0.0375432	-8.88178E-16	1.0
						/*	7:child_number	*/	0
						/*	7:name	*/	全(0-9)-1/3rd_new-1/I-I截面－左右(顺铁路)（斜拉向下）－C9+两个2mC4-1/两米斜拉撑及四个螺栓-2/拉撑两螺栓-1/M60螺栓-1
						/*	7:type	*/	基本器材\M60螺栓.SLDPRT
						/*	7:location	*/	1.0	0.0	-2.12495E-22	0.0	-5.55112E-17	1.0	1.72545E-22	0.0	-1.18306E-22	-4.73044E-24	1.0	0.0	1.77636E-15	0.0	0.0	1.0
						/*	7:child_number	*/	0
					/*	6:name	*/	全(0-9)-1/3rd_new-1/I-I截面－左右(顺铁路)（斜拉向下）－C9+两个2mC4-1/两米斜拉撑及四个螺栓-2/C5_2米斜拉撑-1
					/*	6:type	*/	基本器材\C5_2米斜拉撑.SLDPRT
					/*	6:location	*/	0.902392	-0.430916	-4.06897E-17	0.0	4.4978E-16	8.47468E-16	1.0	0.0	-0.430916	-0.902392	9.58568E-16	0.0	-0.816169	0.25415	0.0477373	1.0
					/*	6:child_number	*/	0
					/*	6:name	*/	全(0-9)-1/3rd_new-1/I-I截面－左右(顺铁路)（斜拉向下）－C9+两个2mC4-1/两米斜拉撑及四个螺栓-2/拉撑两螺栓-2
					/*	6:type	*/	基本组合\拉撑两螺栓.sldasm
					/*	6:location	*/	-0.530511	0.847678	-4.79768E-16	0.0	0.847678	0.530511	-8.3086E-16	0.0	-4.49781E-16	-8.47466E-16	-1.0	0.0	-0.797355	0.200839	0.0717373	1.0
					/*	6:child_number	*/	2
						/*	7:name	*/	全(0-9)-1/3rd_new-1/I-I截面－左右(顺铁路)（斜拉向下）－C9+两个2mC4-1/两米斜拉撑及四个螺栓-2/拉撑两螺栓-2/M60螺栓-2
						/*	7:type	*/	基本器材\M60螺栓.SLDPRT
						/*	7:location	*/	1.0	-2.77556E-17	1.59038E-22	0.0	0.0	1.0	-2.37504E-22	0.0	-1.54064E-21	2.21865E-22	1.0	0.0	-0.0590805	0.0375432	1.77636E-15	1.0
						/*	7:child_number	*/	0
						/*	7:name	*/	全(0-9)-1/3rd_new-1/I-I截面－左右(顺铁路)（斜拉向下）－C9+两个2mC4-1/两米斜拉撑及四个螺栓-2/拉撑两螺栓-2/M60螺栓-1
						/*	7:type	*/	基本器材\M60螺栓.SLDPRT
						/*	7:location	*/	1.0	-2.77556E-17	1.59038E-22	0.0	0.0	1.0	-2.37504E-22	0.0	-1.54064E-21	2.21865E-22	1.0	0.0	0.0	-1.94289E-16	1.77636E-15	1.0
						/*	7:child_number	*/	0
			/*	4:name	*/	全(0-9)-1/3rd_new-1/I-I截面北面（斜拉向下）C9+C4+C5-1
			/*	4:type	*/	I-I截面\I-I截面北面（斜拉向下）C9+C4+C5.SLDASM
			/*	4:location	*/	0.257457	-0.966191	0.0137966	0.0	-0.0524258	-0.0282237	-0.998226	0.0	0.964866	0.256277	-0.0579197	0.0	0.0270349	0.356409	-1.34804	1.0
			/*	4:child_number	*/	5
				/*	5:name	*/	全(0-9)-1/3rd_new-1/I-I截面北面（斜拉向下）C9+C4+C5-1/两米斜拉撑及四个螺栓-3
				/*	5:type	*/	基本组合\两米斜拉撑及四个螺栓.SLDASM
				/*	5:location	*/	-0.616294	0.0371251	-0.78664	0.0	0.787395	0.0465485	-0.614689	0.0	0.0137966	-0.998226	-0.0579197	0.0	1.83961	-0.314333	0.584526	1.0
				/*	5:child_number	*/	3
					/*	6:name	*/	全(0-9)-1/3rd_new-1/I-I截面北面（斜拉向下）C9+C4+C5-1/两米斜拉撑及四个螺栓-3/拉撑两螺栓-1
					/*	6:type	*/	基本组合\拉撑两螺栓.sldasm
					/*	6:location	*/	-0.530511	0.847678	-1.19818E-15	0.0	0.847678	0.530511	-5.07273E-16	0.0	2.05648E-16	-1.28478E-15	-1.0	0.0	1.12844	-0.71878	0.0717373	1.0
					/*	6:child_number	*/	2
						/*	7:name	*/	全(0-9)-1/3rd_new-1/I-I截面北面（斜拉向下）C9+C4+C5-1/两米斜拉撑及四个螺栓-3/拉撑两螺栓-1/M60螺栓-2
						/*	7:type	*/	基本器材\M60螺栓.SLDPRT
						/*	7:location	*/	1.0	0.0	-5.0822E-21	0.0	-2.77556E-17	1.0	8.47033E-22	0.0	-3.38813E-21	0.0	1.0	0.0	-0.0590805	0.0375432	1.77636E-15	1.0
						/*	7:child_number	*/	0
						/*	7:name	*/	全(0-9)-1/3rd_new-1/I-I截面北面（斜拉向下）C9+C4+C5-1/两米斜拉撑及四个螺栓-3/拉撑两螺栓-1/M60螺栓-1
						/*	7:type	*/	基本器材\M60螺栓.SLDPRT
						/*	7:location	*/	1.0	0.0	-5.0822E-21	0.0	-2.77556E-17	1.0	8.47033E-22	0.0	-3.38813E-21	0.0	1.0	0.0	-4.44089E-16	0.0	0.0	1.0
						/*	7:child_number	*/	0
					/*	6:name	*/	全(0-9)-1/3rd_new-1/I-I截面北面（斜拉向下）C9+C4+C5-1/两米斜拉撑及四个螺栓-3/C5_2米斜拉撑-1
					/*	6:type	*/	基本器材\C5_2米斜拉撑.SLDPRT
					/*	6:location	*/	0.902392	-0.430916	-4.06915E-17	0.0	4.4978E-16	8.47465E-16	1.0	0.0	-0.430916	-0.902392	9.58563E-16	0.0	-0.816169	0.25415	0.0477373	1.0
					/*	6:child_number	*/	0
					/*	6:name	*/	全(0-9)-1/3rd_new-1/I-I截面北面（斜拉向下）C9+C4+C5-1/两米斜拉撑及四个螺栓-3/拉撑两螺栓-2
					/*	6:type	*/	基本组合\拉撑两螺栓.sldasm
					/*	6:location	*/	-0.530511	0.847678	-4.79765E-16	0.0	0.847678	0.530511	-8.30861E-16	0.0	-4.4978E-16	-8.47465E-16	-1.0	0.0	-0.797355	0.200839	0.0717373	1.0
					/*	6:child_number	*/	2
						/*	7:name	*/	全(0-9)-1/3rd_new-1/I-I截面北面（斜拉向下）C9+C4+C5-1/两米斜拉撑及四个螺栓-3/拉撑两螺栓-2/M60螺栓-2
						/*	7:type	*/	基本器材\M60螺栓.SLDPRT
						/*	7:location	*/	1.0	0.0	0.0	0.0	-2.77556E-17	1.0	0.0	0.0	1.69407E-21	-1.27055E-21	1.0	0.0	-0.0590805	0.0375432	-1.77636E-15	1.0
						/*	7:child_number	*/	0
						/*	7:name	*/	全(0-9)-1/3rd_new-1/I-I截面北面（斜拉向下）C9+C4+C5-1/两米斜拉撑及四个螺栓-3/拉撑两螺栓-2/M60螺栓-1
						/*	7:type	*/	基本器材\M60螺栓.SLDPRT
						/*	7:location	*/	1.0	0.0	0.0	0.0	-2.77556E-17	1.0	0.0	0.0	1.69407E-21	-1.27055E-21	1.0	0.0	0.0	-4.44089E-16	0.0	1.0
						/*	7:child_number	*/	0
				/*	5:name	*/	全(0-9)-1/3rd_new-1/I-I截面北面（斜拉向下）C9+C4+C5-1/十字型节点板及四个螺栓-2
				/*	5:type	*/	基本组合\十字型节点板及四个螺栓.SLDASM
				/*	5:location	*/	0.0137966	-0.998226	-0.0579197	0.0	0.966191	0.0282237	-0.256277	0.0	0.257457	-0.0524258	0.964866	0.0	0.325125	-0.366743	0.137353	1.0
				/*	5:child_number	*/	2
					/*	6:name	*/	全(0-9)-1/3rd_new-1/I-I截面北面（斜拉向下）C9+C4+C5-1/十字型节点板及四个螺栓-2/固定节点板四个螺栓-1
					/*	6:type	*/	基本组合\固定节点板四个螺栓.SLDASM
					/*	6:location	*/	0.0424734	0.999098	3.11485E-23	0.0	0.999098	-0.0424734	3.2491E-21	0.0	1.3748E-21	0.0	-1.0	0.0	0.0554144	0.122702	-0.062	1.0
					/*	6:child_number	*/	4
						/*	7:name	*/	全(0-9)-1/3rd_new-1/I-I截面北面（斜拉向下）C9+C4+C5-1/十字型节点板及四个螺栓-2/固定节点板四个螺栓-1/M80螺栓-3
						/*	7:type	*/	基本器材\M80螺栓.SLDPRT
						/*	7:location	*/	-0.5	-0.866025	9.14939E-22	0.0	0.866025	-0.5	3.95211E-22	0.0	-3.11485E-23	-1.55503E-21	1.0	0.0	-0.209762	-0.131209	0.0	1.0
						/*	7:child_number	*/	0
						/*	7:name	*/	全(0-9)-1/3rd_new-1/I-I截面北面（斜拉向下）C9+C4+C5-1/十字型节点板及四个螺栓-2/固定节点板四个螺栓-1/M80螺栓-2
						/*	7:type	*/	基本器材\M80螺栓.SLDPRT
						/*	7:location	*/	-0.5	-0.866025	9.14926E-22	0.0	0.866025	-0.5	3.95211E-22	0.0	-3.11485E-23	-1.55503E-21	1.0	0.0	-0.203816	0.00866456	8.88178E-16	1.0
						/*	7:child_number	*/	0
						/*	7:name	*/	全(0-9)-1/3rd_new-1/I-I截面北面（斜拉向下）C9+C4+C5-1/十字型节点板及四个螺栓-2/固定节点板四个螺栓-1/M80螺栓-1
						/*	7:type	*/	基本器材\M80螺栓.SLDPRT
						/*	7:location	*/	1.0	6.93889E-18	1.09059E-22	0.0	0.0	1.0	-1.55649E-21	0.0	-3.11485E-23	-1.55503E-21	1.0	0.0	0.0	0.0	0.0	1.0
						/*	7:child_number	*/	0
						/*	7:name	*/	全(0-9)-1/3rd_new-1/I-I截面北面（斜拉向下）C9+C4+C5-1/十字型节点板及四个螺栓-2/固定节点板四个螺栓-1/M80螺栓-4
						/*	7:type	*/	基本器材\M80螺栓.SLDPRT
						/*	7:location	*/	1.0	6.93889E-18	1.09059E-22	0.0	0.0	1.0	-1.55649E-21	0.0	-3.11485E-23	-1.55503E-21	1.0	0.0	-0.00594627	-0.139874	8.88178E-16	1.0
						/*	7:child_number	*/	0
					/*	6:name	*/	全(0-9)-1/3rd_new-1/I-I截面北面（斜拉向下）C9+C4+C5-1/十字型节点板及四个螺栓-2/C9_十字型节点板-1
					/*	6:type	*/	基本器材\C9_十字型节点板.SLDPRT
					/*	6:location	*/	1.0	0.0	3.19267E-22	0.0	-1.69407E-21	1.0	2.58494E-26	0.0	-1.3748E-21	0.0	1.0	0.0	-0.154586	-0.116298	-0.095	1.0
					/*	6:child_number	*/	0
				/*	5:name	*/	全(0-9)-1/3rd_new-1/I-I截面北面（斜拉向下）C9+C4+C5-1/两米斜拉撑及四个螺栓-1
				/*	5:type	*/	基本组合\两米斜拉撑及四个螺栓.SLDASM
				/*	5:location	*/	-0.859417	-0.041446	0.509592	0.0	-0.511089	0.0427466	-0.858464	0.0	0.0137966	-0.998226	-0.0579197	0.0	-0.400701	-0.356334	0.774752	1.0
				/*	5:child_number	*/	3
					/*	6:name	*/	全(0-9)-1/3rd_new-1/I-I截面北面（斜拉向下）C9+C4+C5-1/两米斜拉撑及四个螺栓-1/拉撑两螺栓-1
					/*	6:type	*/	基本组合\拉撑两螺栓.sldasm
					/*	6:location	*/	-0.530511	0.847678	-1.19818E-15	0.0	0.847678	0.530511	-5.07271E-16	0.0	2.05649E-16	-1.28479E-15	-1.0	0.0	1.12844	-0.71878	0.0717373	1.0
					/*	6:child_number	*/	2
						/*	7:name	*/	全(0-9)-1/3rd_new-1/I-I截面北面（斜拉向下）C9+C4+C5-1/两米斜拉撑及四个螺栓-1/拉撑两螺栓-1/M60螺栓-2
						/*	7:type	*/	基本器材\M60螺栓.SLDPRT
						/*	7:location	*/	1.0	0.0	-8.47033E-22	0.0	5.55112E-17	1.0	-3.38813E-21	0.0	1.69407E-21	1.69407E-21	1.0	0.0	-0.0590805	0.0375432	0.0	1.0
						/*	7:child_number	*/	0
						/*	7:name	*/	全(0-9)-1/3rd_new-1/I-I截面北面（斜拉向下）C9+C4+C5-1/两米斜拉撑及四个螺栓-1/拉撑两螺栓-1/M60螺栓-1
						/*	7:type	*/	基本器材\M60螺栓.SLDPRT
						/*	7:location	*/	1.0	0.0	-8.47033E-22	0.0	5.55112E-17	1.0	-3.38813E-21	0.0	1.69407E-21	1.69407E-21	1.0	0.0	-4.44089E-16	0.0	0.0	1.0
						/*	7:child_number	*/	0
					/*	6:name	*/	全(0-9)-1/3rd_new-1/I-I截面北面（斜拉向下）C9+C4+C5-1/两米斜拉撑及四个螺栓-1/C5_2米斜拉撑-1
					/*	6:type	*/	基本器材\C5_2米斜拉撑.SLDPRT
					/*	6:location	*/	0.902392	-0.430916	-4.06898E-17	0.0	4.49778E-16	8.4747E-16	1.0	0.0	-0.430916	-0.902392	9.58562E-16	0.0	-0.816169	0.25415	0.0477373	1.0
					/*	6:child_number	*/	0
					/*	6:name	*/	全(0-9)-1/3rd_new-1/I-I截面北面（斜拉向下）C9+C4+C5-1/两米斜拉撑及四个螺栓-1/拉撑两螺栓-2
					/*	6:type	*/	基本组合\拉撑两螺栓.sldasm
					/*	6:location	*/	-0.530511	0.847678	-4.79767E-16	0.0	0.847678	0.530511	-8.30853E-16	0.0	-4.96573E-16	-8.9083E-16	-1.0	0.0	-0.797355	0.200839	0.0717373	1.0
					/*	6:child_number	*/	2
						/*	7:name	*/	全(0-9)-1/3rd_new-1/I-I截面北面（斜拉向下）C9+C4+C5-1/两米斜拉撑及四个螺栓-1/拉撑两螺栓-2/M60螺栓-2
						/*	7:type	*/	基本器材\M60螺栓.SLDPRT
						/*	7:location	*/	1.0	0.0	8.47033E-22	0.0	0.0	1.0	1.69407E-21	0.0	0.0	-3.38813E-21	1.0	0.0	-0.0590805	0.0375432	1.77636E-15	1.0
						/*	7:child_number	*/	0
						/*	7:name	*/	全(0-9)-1/3rd_new-1/I-I截面北面（斜拉向下）C9+C4+C5-1/两米斜拉撑及四个螺栓-1/拉撑两螺栓-2/M60螺栓-1
						/*	7:type	*/	基本器材\M60螺栓.SLDPRT
						/*	7:location	*/	1.0	0.0	8.47033E-22	0.0	0.0	1.0	1.69407E-21	0.0	0.0	-3.38813E-21	1.0	0.0	-8.88178E-16	4.44089E-16	0.0	1.0
						/*	7:child_number	*/	0
				/*	5:name	*/	全(0-9)-1/3rd_new-1/I-I截面北面（斜拉向下）C9+C4+C5-1/水平拉撑2mC4及四个螺栓-1
				/*	5:type	*/	基本组合\水平拉撑2mC4及四个螺栓.SLDASM
				/*	5:location	*/	-0.257457	0.0524258	-0.964866	0.0	-0.0137966	0.998226	0.0579197	0.0	0.966191	0.0282237	-0.256277	0.0	0.505693	-0.267266	0.857544	1.0
				/*	5:child_number	*/	3
					/*	6:name	*/	全(0-9)-1/3rd_new-1/I-I截面北面（斜拉向下）C9+C4+C5-1/水平拉撑2mC4及四个螺栓-1/拉撑两螺栓-1
					/*	6:type	*/	基本组合\拉撑两螺栓.sldasm
					/*	6:location	*/	0.844007	0.536332	-8.47033E-22	0.0	-0.536332	0.844007	0.0	0.0	-2.58494E-26	1.69407E-21	1.0	0.0	0.751162	-0.0589374	-2.22045E-14	1.0
					/*	6:child_number	*/	2
						/*	7:name	*/	全(0-9)-1/3rd_new-1/I-I截面北面（斜拉向下）C9+C4+C5-1/水平拉撑2mC4及四个螺栓-1/拉撑两螺栓-1/M60螺栓-2
						/*	7:type	*/	基本器材\M60螺栓.SLDPRT
						/*	7:location	*/	1.0	6.44196E-18	0.0	0.0	6.44196E-18	1.0	0.0	0.0	0.0	0.0	1.0	0.0	-0.0590805	0.0375432	-4.44089E-16	1.0
						/*	7:child_number	*/	0
						/*	7:name	*/	全(0-9)-1/3rd_new-1/I-I截面北面（斜拉向下）C9+C4+C5-1/水平拉撑2mC4及四个螺栓-1/拉撑两螺栓-1/M60螺栓-1
						/*	7:type	*/	基本器材\M60螺栓.SLDPRT
						/*	7:location	*/	1.0	6.44196E-18	0.0	0.0	6.44196E-18	1.0	0.0	0.0	0.0	0.0	1.0	0.0	1.77636E-15	-8.88178E-16	0.0	1.0
						/*	7:child_number	*/	0
					/*	6:name	*/	全(0-9)-1/3rd_new-1/I-I截面北面（斜拉向下）C9+C4+C5-1/水平拉撑2mC4及四个螺栓-1/拉撑两螺栓-2
					/*	6:type	*/	基本组合\拉撑两螺栓.sldasm
					/*	6:location	*/	0.844007	0.536332	-8.47033E-22	0.0	-0.536332	0.844007	0.0	0.0	-2.58494E-26	1.69407E-21	1.0	0.0	-0.698838	-0.0589374	-2.22045E-14	1.0
					/*	6:child_number	*/	2
						/*	7:name	*/	全(0-9)-1/3rd_new-1/I-I截面北面（斜拉向下）C9+C4+C5-1/水平拉撑2mC4及四个螺栓-1/拉撑两螺栓-2/M60螺栓-2
						/*	7:type	*/	基本器材\M60螺栓.SLDPRT
						/*	7:location	*/	1.0	6.44196E-18	-1.69407E-21	0.0	6.19531E-17	1.0	-1.69407E-21	0.0	0.0	1.69407E-21	1.0	0.0	-0.0590805	0.0375432	-8.88178E-16	1.0
						/*	7:child_number	*/	0
						/*	7:name	*/	全(0-9)-1/3rd_new-1/I-I截面北面（斜拉向下）C9+C4+C5-1/水平拉撑2mC4及四个螺栓-1/拉撑两螺栓-2/M60螺栓-1
						/*	7:type	*/	基本器材\M60螺栓.SLDPRT
						/*	7:location	*/	1.0	6.44196E-18	-1.69407E-21	0.0	6.19531E-17	1.0	-1.69407E-21	0.0	0.0	1.69407E-21	1.0	0.0	8.88178E-16	8.88178E-16	-4.44089E-16	1.0
						/*	7:child_number	*/	0
					/*	6:name	*/	全(0-9)-1/3rd_new-1/I-I截面北面（斜拉向下）C9+C4+C5-1/水平拉撑2mC4及四个螺栓-1/C4_水平拉撑-1
					/*	6:type	*/	基本器材\C4_水平拉撑.SLDPRT
					/*	6:location	*/	1.0	-1.18852E-21	-5.16988E-26	0.0	2.58494E-26	-1.69407E-21	-1.0	0.0	-1.18852E-21	1.0	1.69407E-21	0.0	-0.808838	-0.103937	0.023	1.0
					/*	6:child_number	*/	0
				/*	5:name	*/	全(0-9)-1/3rd_new-1/I-I截面北面（斜拉向下）C9+C4+C5-1/两米斜拉撑及四个螺栓-4
				/*	5:type	*/	基本组合\两米斜拉撑及四个螺栓.SLDASM
				/*	5:location	*/	-0.242181	0.440333	-0.864555	0.0	-0.0884465	-0.897391	-0.432282	0.0	-0.966191	-0.0282237	0.256277	0.0	0.61532	-1.72041	0.834798	1.0
				/*	5:child_number	*/	3
					/*	6:name	*/	全(0-9)-1/3rd_new-1/I-I截面北面（斜拉向下）C9+C4+C5-1/两米斜拉撑及四个螺栓-4/拉撑两螺栓-1
					/*	6:type	*/	基本组合\拉撑两螺栓.sldasm
					/*	6:location	*/	-0.530511	0.847678	-1.19818E-15	0.0	0.847678	0.530511	-5.0727E-16	0.0	1.32986E-16	-1.34777E-15	-1.0	0.0	1.12844	-0.71878	0.0717373	1.0
					/*	6:child_number	*/	2
						/*	7:name	*/	全(0-9)-1/3rd_new-1/I-I截面北面（斜拉向下）C9+C4+C5-1/两米斜拉撑及四个螺栓-4/拉撑两螺栓-1/M60螺栓-2
						/*	7:type	*/	基本器材\M60螺栓.SLDPRT
						/*	7:location	*/	1.0	-7.41329E-18	-1.69407E-21	0.0	-7.41329E-18	1.0	0.0	0.0	0.0	0.0	1.0	0.0	-0.0590805	0.0375432	0.0	1.0
						/*	7:child_number	*/	0
						/*	7:name	*/	全(0-9)-1/3rd_new-1/I-I截面北面（斜拉向下）C9+C4+C5-1/两米斜拉撑及四个螺栓-4/拉撑两螺栓-1/M60螺栓-1
						/*	7:type	*/	基本器材\M60螺栓.SLDPRT
						/*	7:location	*/	1.0	-7.41329E-18	-1.69407E-21	0.0	-7.41329E-18	1.0	0.0	0.0	0.0	0.0	1.0	0.0	0.0	0.0	0.0	1.0
						/*	7:child_number	*/	0
					/*	6:name	*/	全(0-9)-1/3rd_new-1/I-I截面北面（斜拉向下）C9+C4+C5-1/两米斜拉撑及四个螺栓-4/C5_2米斜拉撑-1
					/*	6:type	*/	基本器材\C5_2米斜拉撑.SLDPRT
					/*	6:location	*/	0.902392	-0.430916	-4.06898E-17	0.0	4.4978E-16	8.47467E-16	1.0	0.0	-0.430916	-0.902392	9.58565E-16	0.0	-0.816169	0.25415	0.0477373	1.0
					/*	6:child_number	*/	0
					/*	6:name	*/	全(0-9)-1/3rd_new-1/I-I截面北面（斜拉向下）C9+C4+C5-1/两米斜拉撑及四个螺栓-4/拉撑两螺栓-2
					/*	6:type	*/	基本组合\拉撑两螺栓.sldasm
					/*	6:location	*/	-0.530511	0.847678	-4.79766E-16	0.0	0.847678	0.530511	-8.30858E-16	0.0	-5.22438E-16	-9.10459E-16	-1.0	0.0	-0.797355	0.200839	0.0717373	1.0
					/*	6:child_number	*/	2
						/*	7:name	*/	全(0-9)-1/3rd_new-1/I-I截面北面（斜拉向下）C9+C4+C5-1/两米斜拉撑及四个螺栓-4/拉撑两螺栓-2/M60螺栓-2
						/*	7:type	*/	基本器材\M60螺栓.SLDPRT
						/*	7:location	*/	1.0	2.03452E-17	0.0	0.0	-3.5166E-17	1.0	0.0	0.0	-1.69407E-21	0.0	1.0	0.0	-0.0590805	0.0375432	0.0	1.0
						/*	7:child_number	*/	0
						/*	7:name	*/	全(0-9)-1/3rd_new-1/I-I截面北面（斜拉向下）C9+C4+C5-1/两米斜拉撑及四个螺栓-4/拉撑两螺栓-2/M60螺栓-1
						/*	7:type	*/	基本器材\M60螺栓.SLDPRT
						/*	7:location	*/	1.0	2.03452E-17	0.0	0.0	-3.5166E-17	1.0	0.0	0.0	-1.69407E-21	0.0	1.0	0.0	0.0	-2.22045E-16	-4.44089E-16	1.0
						/*	7:child_number	*/	0
			/*	4:name	*/	全(0-9)-1/3rd_new-1/I-I截面－左右(顺铁路)（斜拉向下）－C9+两个2mC4-2
			/*	4:type	*/	I-I截面\I-I截面－左右(顺铁路)（斜拉向下）－C9+两个2mC4.SLDASM
			/*	4:location	*/	-8.88177E-16	-1.69407E-21	-1.0	0.0	1.0	2.58494E-26	-8.88178E-16	0.0	0.0	-1.0	0.0	0.0	-0.0132075	-0.187874	-1.01459	1.0
			/*	4:child_number	*/	4
				/*	5:name	*/	全(0-9)-1/3rd_new-1/I-I截面－左右(顺铁路)（斜拉向下）－C9+两个2mC4-2/水平拉撑2mC4及四个螺栓-1
				/*	5:type	*/	基本组合\水平拉撑2mC4及四个螺栓.SLDASM
				/*	5:location	*/	6.52254E-16	0.0	-1.0	0.0	1.0	-3.2538E-22	6.52256E-16	0.0	-1.36881E-21	-1.0	0.0	0.0	0.109352	0.0487021	0.736162	1.0
				/*	5:child_number	*/	3
					/*	6:name	*/	全(0-9)-1/3rd_new-1/I-I截面－左右(顺铁路)（斜拉向下）－C9+两个2mC4-2/水平拉撑2mC4及四个螺栓-1/拉撑两螺栓-1
					/*	6:type	*/	基本组合\拉撑两螺栓.sldasm
					/*	6:location	*/	0.844007	0.536332	-1.54502E-22	0.0	-0.536332	0.844007	1.10993E-21	0.0	5.01711E-22	3.25387E-22	1.0	0.0	0.751162	-0.0589374	-2.22045E-14	1.0
					/*	6:child_number	*/	2
						/*	7:name	*/	全(0-9)-1/3rd_new-1/I-I截面－左右(顺铁路)（斜拉向下）－C9+两个2mC4-2/水平拉撑2mC4及四个螺栓-1/拉撑两螺栓-1/M60螺栓-2
						/*	7:type	*/	基本器材\M60螺栓.SLDPRT
						/*	7:location	*/	1.0	5.55112E-17	-1.90789E-21	0.0	-5.55112E-17	1.0	-8.19426E-24	0.0	1.11594E-21	8.40855E-22	1.0	0.0	-0.0590805	0.0375432	8.88178E-16	1.0
						/*	7:child_number	*/	0
						/*	7:name	*/	全(0-9)-1/3rd_new-1/I-I截面－左右(顺铁路)（斜拉向下）－C9+两个2mC4-2/水平拉撑2mC4及四个螺栓-1/拉撑两螺栓-1/M60螺栓-1
						/*	7:type	*/	基本器材\M60螺栓.SLDPRT
						/*	7:location	*/	1.0	5.55112E-17	-1.90789E-21	0.0	-5.55112E-17	1.0	-8.19426E-24	0.0	1.11594E-21	8.40855E-22	1.0	0.0	0.0	-1.77636E-15	8.88178E-16	1.0
						/*	7:child_number	*/	0
					/*	6:name	*/	全(0-9)-1/3rd_new-1/I-I截面－左右(顺铁路)（斜拉向下）－C9+两个2mC4-2/水平拉撑2mC4及四个螺栓-1/拉撑两螺栓-2
					/*	6:type	*/	基本组合\拉撑两螺栓.sldasm
					/*	6:location	*/	0.844007	0.536332	6.92583E-22	0.0	-0.536332	0.844007	1.11001E-21	0.0	-3.4527E-22	-3.06276E-21	1.0	0.0	-0.698838	-0.0589374	-2.13163E-14	1.0
					/*	6:child_number	*/	2
						/*	7:name	*/	全(0-9)-1/3rd_new-1/I-I截面－左右(顺铁路)（斜拉向下）－C9+两个2mC4-2/水平拉撑2mC4及四个螺栓-1/拉撑两螺栓-2/M60螺栓-2
						/*	7:type	*/	基本器材\M60螺栓.SLDPRT
						/*	7:location	*/	1.0	0.0	3.69E-22	0.0	0.0	1.0	-2.61074E-21	0.0	2.0952E-21	1.29522E-21	1.0	0.0	-0.0590805	0.0375432	0.0	1.0
						/*	7:child_number	*/	0
						/*	7:name	*/	全(0-9)-1/3rd_new-1/I-I截面－左右(顺铁路)（斜拉向下）－C9+两个2mC4-2/水平拉撑2mC4及四个螺栓-1/拉撑两螺栓-2/M60螺栓-1
						/*	7:type	*/	基本器材\M60螺栓.SLDPRT
						/*	7:location	*/	1.0	0.0	3.69E-22	0.0	0.0	1.0	-2.61074E-21	0.0	2.0952E-21	1.29522E-21	1.0	0.0	6.66134E-16	-1.77636E-15	8.88178E-16	1.0
						/*	7:child_number	*/	0
					/*	6:name	*/	全(0-9)-1/3rd_new-1/I-I截面－左右(顺铁路)（斜拉向下）－C9+两个2mC4-2/水平拉撑2mC4及四个螺栓-1/C4_水平拉撑-1
					/*	6:type	*/	基本器材\C4_水平拉撑.SLDPRT
					/*	6:location	*/	1.0	-1.69407E-21	0.0	0.0	-2.58494E-26	-3.2538E-22	-1.0	0.0	0.0	1.0	3.2538E-22	0.0	-0.808838	-0.103937	0.023	1.0
					/*	6:child_number	*/	0
				/*	5:name	*/	全(0-9)-1/3rd_new-1/I-I截面－左右(顺铁路)（斜拉向下）－C9+两个2mC4-2/固定节点板四个螺栓-1
				/*	5:type	*/	基本组合\固定节点板四个螺栓.SLDASM
				/*	5:location	*/	0.0424734	0.999098	0.0	0.0	0.999098	-0.0424734	-1.69407E-21	0.0	-1.69407E-21	0.0	-1.0	0.0	0.0554144	0.122702	-0.062	1.0
				/*	5:child_number	*/	4
					/*	6:name	*/	全(0-9)-1/3rd_new-1/I-I截面－左右(顺铁路)（斜拉向下）－C9+两个2mC4-2/固定节点板四个螺栓-1/M80螺栓-3
					/*	6:type	*/	基本器材\M80螺栓.SLDPRT
					/*	6:location	*/	-0.5	-0.866025	3.38813E-21	0.0	0.866025	-0.5	8.47033E-22	0.0	2.11758E-22	0.0	1.0	0.0	-0.209762	-0.131209	0.0	1.0
					/*	6:child_number	*/	0
					/*	6:name	*/	全(0-9)-1/3rd_new-1/I-I截面－左右(顺铁路)（斜拉向下）－C9+两个2mC4-2/固定节点板四个螺栓-1/M80螺栓-2
					/*	6:type	*/	基本器材\M80螺栓.SLDPRT
					/*	6:location	*/	-0.5	-0.866025	3.38813E-21	0.0	0.866025	-0.5	8.47033E-22	0.0	2.11758E-22	0.0	1.0	0.0	-0.203816	0.00866456	0.0	1.0
					/*	6:child_number	*/	0
					/*	6:name	*/	全(0-9)-1/3rd_new-1/I-I截面－左右(顺铁路)（斜拉向下）－C9+两个2mC4-2/固定节点板四个螺栓-1/M80螺栓-1
					/*	6:type	*/	基本器材\M80螺栓.SLDPRT
