/*	1:name	*/	加强型17.5米带有2.5米和3米辅助端构架的标准三角七片梁
/*	1:type	*/	加强型17.5米带有2.5米和3米辅助端构架的标准三角七片梁.SLDASM
/*	1:location	*/	1.0	0.0	0.0	0.0	0.0	1.0	0.0	0.0	0.0	0.0	1.0	0.0	0.0	0.0	0.0	1.0
/*	1:child_number	*/	13
	/*	2:name	*/	七片2.5米端构架上的钢枕及一号U型螺栓-1
	/*	2:type	*/	钢枕单元\七片2.5米端构架上的钢枕及一号U型螺栓.SLDASM
	/*	2:location	*/	1.0	0.0	0.0	0.0	0.0	1.0	0.0	0.0	0.0	0.0	1.0	0.0	-2.08728	1.27626	0.255632	1.0
	/*	2:child_number	*/	6
		/*	3:name	*/	七片2.5米端构架上的钢枕及一号U型螺栓-1/七片三角上的一个钢枕及一号U型螺栓-10
		/*	3:type	*/	钢枕单元\七片三角上的一个钢枕及一号U型螺栓.SLDASM
		/*	3:location	*/	-6.93889E-17	1.1107E-16	1.0	0.0	5.00441E-17	1.0	-7.9133E-17	0.0	-1.0	-3.27233E-17	-6.93889E-17	0.0	-9.1067	-0.558194	-2.92321	1.0
		/*	3:child_number	*/	11
			/*	4:name	*/	七片2.5米端构架上的钢枕及一号U型螺栓-1/七片三角上的一个钢枕及一号U型螺栓-10/一号U型螺栓单元-10
			/*	4:type	*/	U型螺栓单元\一号U型螺栓单元.SLDASM
			/*	4:location	*/	0.696203	-1.66192E-16	-0.717845	0.0	-0.717845	-2.0424E-16	-0.696203	0.0	-6.28465E-17	1.0	-1.78725E-16	0.0	3.51116	1.55713	-0.164824	1.0
			/*	4:child_number	*/	4
				/*	5:name	*/	七片2.5米端构架上的钢枕及一号U型螺栓-1/七片三角上的一个钢枕及一号U型螺栓-10/一号U型螺栓单元-10/一号U型螺栓-1
				/*	5:type	*/	基本杆件\一号U型螺栓.SLDPRT
				/*	5:location	*/	1.0	0.0	-1.2326E-32	0.0	0.0	1.0	0.0	0.0	-1.2326E-32	2.46519E-32	1.0	0.0	0.0188503	-0.108956	-0.188	1.0
				/*	5:child_number	*/	0
				/*	5:name	*/	七片2.5米端构架上的钢枕及一号U型螺栓-1/七片三角上的一个钢枕及一号U型螺栓-10/一号U型螺栓单元-10/一号U型螺栓垫片-1
				/*	5:type	*/	基本杆件\一号U型螺栓垫片.SLDPRT
				/*	5:location	*/	0.0	-1.0	0.0	0.0	1.0	0.0	0.0	0.0	-1.2326E-32	2.46519E-32	1.0	0.0	-0.0111497	0.0790441	0.143	1.0
				/*	5:child_number	*/	0
				/*	5:name	*/	七片2.5米端构架上的钢枕及一号U型螺栓-1/七片三角上的一个钢枕及一号U型螺栓-10/一号U型螺栓单元-10/螺母-1
				/*	5:type	*/	基本杆件\螺母.SLDPRT
				/*	5:location	*/	1.0	0.0	-1.2326E-32	0.0	0.0	1.0	0.0	0.0	-1.2326E-32	2.46519E-32	1.0	0.0	0.0188503	0.0490441	0.159	1.0
				/*	5:child_number	*/	0
				/*	5:name	*/	七片2.5米端构架上的钢枕及一号U型螺栓-1/七片三角上的一个钢枕及一号U型螺栓-10/一号U型螺栓单元-10/螺母-2
				/*	5:type	*/	基本杆件\螺母.SLDPRT
				/*	5:location	*/	1.0	0.0	-1.2326E-32	0.0	0.0	1.0	0.0	0.0	-1.2326E-32	2.46519E-32	1.0	0.0	0.0188503	-0.108956	0.159	1.0
				/*	5:child_number	*/	0
			/*	4:name	*/	七片2.5米端构架上的钢枕及一号U型螺栓-1/七片三角上的一个钢枕及一号U型螺栓-10/一号U型螺栓单元-11
			/*	4:type	*/	U型螺栓单元\一号U型螺栓单元.SLDASM
			/*	4:location	*/	0.696203	-1.75004E-16	-0.717845	0.0	-0.717845	-2.6696E-16	-0.696203	0.0	-6.97974E-17	1.0	-3.11484E-16	0.0	2.48258	1.55713	-0.164824	1.0
			/*	4:child_number	*/	4
				/*	5:name	*/	七片2.5米端构架上的钢枕及一号U型螺栓-1/七片三角上的一个钢枕及一号U型螺栓-10/一号U型螺栓单元-11/一号U型螺栓-1
				/*	5:type	*/	基本杆件\一号U型螺栓.SLDPRT
				/*	5:location	*/	1.0	0.0	-2.46519E-32	0.0	0.0	1.0	-2.46519E-32	0.0	3.69779E-32	-2.46519E-32	1.0	0.0	0.0188503	-0.108956	-0.188	1.0
				/*	5:child_number	*/	0
				/*	5:name	*/	七片2.5米端构架上的钢枕及一号U型螺栓-1/七片三角上的一个钢枕及一号U型螺栓-10/一号U型螺栓单元-11/一号U型螺栓垫片-1
				/*	5:type	*/	基本杆件\一号U型螺栓垫片.SLDPRT
				/*	5:location	*/	0.0	-1.0	2.46519E-32	0.0	1.0	0.0	0.0	0.0	3.69779E-32	-2.46519E-32	1.0	0.0	-0.0111497	0.0790441	0.143	1.0
				/*	5:child_number	*/	0
				/*	5:name	*/	七片2.5米端构架上的钢枕及一号U型螺栓-1/七片三角上的一个钢枕及一号U型螺栓-10/一号U型螺栓单元-11/螺母-1
				/*	5:type	*/	基本杆件\螺母.SLDPRT
				/*	5:location	*/	1.0	0.0	-2.46519E-32	0.0	0.0	1.0	-2.46519E-32	0.0	3.69779E-32	-2.46519E-32	1.0	0.0	0.0188503	0.0490441	0.159	1.0
				/*	5:child_number	*/	0
				/*	5:name	*/	七片2.5米端构架上的钢枕及一号U型螺栓-1/七片三角上的一个钢枕及一号U型螺栓-10/一号U型螺栓单元-11/螺母-2
				/*	5:type	*/	基本杆件\螺母.SLDPRT
				/*	5:location	*/	1.0	0.0	-2.46519E-32	0.0	0.0	1.0	-2.46519E-32	0.0	3.69779E-32	-2.46519E-32	1.0	0.0	0.0188503	-0.108956	0.159	1.0
				/*	5:child_number	*/	0
			/*	4:name	*/	七片2.5米端构架上的钢枕及一号U型螺栓-1/七片三角上的一个钢枕及一号U型螺栓-10/一号U型螺栓单元-12
			/*	4:type	*/	U型螺栓单元\一号U型螺栓单元.SLDASM
			/*	4:location	*/	0.696203	-1.50471E-16	-0.717845	0.0	-0.717845	-1.81178E-16	-0.696203	0.0	-5.72362E-17	1.0	-1.51384E-16	0.0	1.28258	1.55713	-0.164824	1.0
			/*	4:child_number	*/	4
				/*	5:name	*/	七片2.5米端构架上的钢枕及一号U型螺栓-1/七片三角上的一个钢枕及一号U型螺栓-10/一号U型螺栓单元-12/一号U型螺栓-1
				/*	5:type	*/	基本杆件\一号U型螺栓.SLDPRT
				/*	5:location	*/	1.0	0.0	-1.2326E-32	0.0	0.0	1.0	-2.46519E-32	0.0	-2.46519E-32	2.46519E-32	1.0	0.0	0.0188503	-0.108956	-0.188	1.0
				/*	5:child_number	*/	0
				/*	5:name	*/	七片2.5米端构架上的钢枕及一号U型螺栓-1/七片三角上的一个钢枕及一号U型螺栓-10/一号U型螺栓单元-12/一号U型螺栓垫片-1
				/*	5:type	*/	基本杆件\一号U型螺栓垫片.SLDPRT
				/*	5:location	*/	0.0	-1.0	2.46519E-32	0.0	1.0	0.0	0.0	0.0	-2.46519E-32	2.46519E-32	1.0	0.0	-0.0111497	0.0790441	0.143	1.0
				/*	5:child_number	*/	0
				/*	5:name	*/	七片2.5米端构架上的钢枕及一号U型螺栓-1/七片三角上的一个钢枕及一号U型螺栓-10/一号U型螺栓单元-12/螺母-1
				/*	5:type	*/	基本杆件\螺母.SLDPRT
				/*	5:location	*/	1.0	0.0	-1.2326E-32	0.0	0.0	1.0	-2.46519E-32	0.0	-2.46519E-32	2.46519E-32	1.0	0.0	0.0188503	0.0490441	0.159	1.0
				/*	5:child_number	*/	0
				/*	5:name	*/	七片2.5米端构架上的钢枕及一号U型螺栓-1/七片三角上的一个钢枕及一号U型螺栓-10/一号U型螺栓单元-12/螺母-2
				/*	5:type	*/	基本杆件\螺母.SLDPRT
				/*	5:location	*/	1.0	0.0	-1.2326E-32	0.0	0.0	1.0	-2.46519E-32	0.0	-2.46519E-32	2.46519E-32	1.0	0.0	0.0188503	-0.108956	0.159	1.0
				/*	5:child_number	*/	0
			/*	4:name	*/	七片2.5米端构架上的钢枕及一号U型螺栓-1/七片三角上的一个钢枕及一号U型螺栓-10/一号U型螺栓单元-13
			/*	4:type	*/	U型螺栓单元\一号U型螺栓单元.SLDASM
			/*	4:location	*/	0.696203	-2.82215E-16	-0.717845	0.0	-0.717845	-2.26535E-16	-0.696203	0.0	1.92492E-18	1.0	-2.77533E-16	0.0	0.0825825	1.55713	-0.164824	1.0
			/*	4:child_number	*/	4
				/*	5:name	*/	七片2.5米端构架上的钢枕及一号U型螺栓-1/七片三角上的一个钢枕及一号U型螺栓-10/一号U型螺栓单元-13/一号U型螺栓-1
				/*	5:type	*/	基本杆件\一号U型螺栓.SLDPRT
				/*	5:location	*/	1.0	0.0	3.69779E-32	0.0	0.0	1.0	3.08149E-32	0.0	-1.2326E-32	6.16298E-33	1.0	0.0	0.0188503	-0.108956	-0.188	1.0
				/*	5:child_number	*/	0
				/*	5:name	*/	七片2.5米端构架上的钢枕及一号U型螺栓-1/七片三角上的一个钢枕及一号U型螺栓-10/一号U型螺栓单元-13/一号U型螺栓垫片-1
				/*	5:type	*/	基本杆件\一号U型螺栓垫片.SLDPRT
				/*	5:location	*/	0.0	-1.0	-3.08149E-32	0.0	1.0	0.0	6.16298E-32	0.0	-1.2326E-32	6.16298E-33	1.0	0.0	-0.0111497	0.0790441	0.143	1.0
				/*	5:child_number	*/	0
				/*	5:name	*/	七片2.5米端构架上的钢枕及一号U型螺栓-1/七片三角上的一个钢枕及一号U型螺栓-10/一号U型螺栓单元-13/螺母-1
				/*	5:type	*/	基本杆件\螺母.SLDPRT
				/*	5:location	*/	1.0	0.0	3.69779E-32	0.0	0.0	1.0	3.08149E-32	0.0	-1.2326E-32	6.16298E-33	1.0	0.0	0.0188503	0.0490441	0.159	1.0
				/*	5:child_number	*/	0
				/*	5:name	*/	七片2.5米端构架上的钢枕及一号U型螺栓-1/七片三角上的一个钢枕及一号U型螺栓-10/一号U型螺栓单元-13/螺母-2
				/*	5:type	*/	基本杆件\螺母.SLDPRT
				/*	5:location	*/	1.0	0.0	3.69779E-32	0.0	0.0	1.0	3.08149E-32	0.0	-1.2326E-32	6.16298E-33	1.0	0.0	0.0188503	-0.108956	0.159	1.0
				/*	5:child_number	*/	0
			/*	4:name	*/	七片2.5米端构架上的钢枕及一号U型螺栓-1/七片三角上的一个钢枕及一号U型螺栓-10/一号U型螺栓单元-14
			/*	4:type	*/	U型螺栓单元\一号U型螺栓单元.SLDASM
			/*	4:location	*/	0.696203	-2.32866E-16	-0.717845	0.0	-0.717845	-2.84904E-16	-0.696203	0.0	-7.43317E-17	1.0	-2.82745E-16	0.0	-0.0888371	1.55713	-0.164824	1.0
			/*	4:child_number	*/	4
				/*	5:name	*/	七片2.5米端构架上的钢枕及一号U型螺栓-1/七片三角上的一个钢枕及一号U型螺栓-10/一号U型螺栓单元-14/一号U型螺栓-1
				/*	5:type	*/	基本杆件\一号U型螺栓.SLDPRT
				/*	5:location	*/	1.0	-1.11022E-16	-1.2326E-32	0.0	5.55112E-17	1.0	-1.2326E-32	0.0	-6.16298E-32	3.69779E-32	1.0	0.0	0.0188503	-0.108956	-0.188	1.0
				/*	5:child_number	*/	0
				/*	5:name	*/	七片2.5米端构架上的钢枕及一号U型螺栓-1/七片三角上的一个钢枕及一号U型螺栓-10/一号U型螺栓单元-14/一号U型螺栓垫片-1
				/*	5:type	*/	基本杆件\一号U型螺栓垫片.SLDPRT
				/*	5:location	*/	-5.55112E-17	-1.0	1.2326E-32	0.0	1.0	-1.11022E-16	1.2326E-32	0.0	-6.16298E-32	3.69779E-32	1.0	0.0	-0.0111497	0.0790441	0.143	1.0
				/*	5:child_number	*/	0
				/*	5:name	*/	七片2.5米端构架上的钢枕及一号U型螺栓-1/七片三角上的一个钢枕及一号U型螺栓-10/一号U型螺栓单元-14/螺母-1
				/*	5:type	*/	基本杆件\螺母.SLDPRT
				/*	5:location	*/	1.0	-1.11022E-16	-1.2326E-32	0.0	5.55112E-17	1.0	-1.2326E-32	0.0	-6.16298E-32	3.69779E-32	1.0	0.0	0.0188503	0.0490441	0.159	1.0
				/*	5:child_number	*/	0
				/*	5:name	*/	七片2.5米端构架上的钢枕及一号U型螺栓-1/七片三角上的一个钢枕及一号U型螺栓-10/一号U型螺栓单元-14/螺母-2
				/*	5:type	*/	基本杆件\螺母.SLDPRT
				/*	5:location	*/	1.0	-1.11022E-16	-1.2326E-32	0.0	5.55112E-17	1.0	-1.2326E-32	0.0	-6.16298E-32	3.69779E-32	1.0	0.0	0.0188503	-0.108956	0.159	1.0
				/*	5:child_number	*/	0
			/*	4:name	*/	七片2.5米端构架上的钢枕及一号U型螺栓-1/七片三角上的一个钢枕及一号U型螺栓-10/一号U型螺栓单元-15
			/*	4:type	*/	U型螺栓单元\一号U型螺栓单元.SLDASM
			/*	4:location	*/	0.696203	-8.75417E-17	0.717845	0.0	0.717845	1.74971E-16	-0.696203	0.0	-9.65923E-17	1.0	2.67424E-16	0.0	-0.47441	1.55713	-0.191887	1.0
			/*	4:child_number	*/	4
				/*	5:name	*/	七片2.5米端构架上的钢枕及一号U型螺栓-1/七片三角上的一个钢枕及一号U型螺栓-10/一号U型螺栓单元-15/一号U型螺栓-1
				/*	5:type	*/	基本杆件\一号U型螺栓.SLDPRT
				/*	5:location	*/	1.0	1.11022E-16	0.0	0.0	-5.55112E-17	1.0	2.46519E-32	0.0	0.0	-2.46519E-32	1.0	0.0	0.0188503	-0.108956	-0.188	1.0
				/*	5:child_number	*/	0
				/*	5:name	*/	七片2.5米端构架上的钢枕及一号U型螺栓-1/七片三角上的一个钢枕及一号U型螺栓-10/一号U型螺栓单元-15/一号U型螺栓垫片-1
				/*	5:type	*/	基本杆件\一号U型螺栓垫片.SLDPRT
				/*	5:location	*/	5.55112E-17	-1.0	-2.46519E-32	0.0	1.0	1.11022E-16	-2.46519E-32	0.0	0.0	-2.46519E-32	1.0	0.0	-0.0111497	0.0790441	0.143	1.0
				/*	5:child_number	*/	0
				/*	5:name	*/	七片2.5米端构架上的钢枕及一号U型螺栓-1/七片三角上的一个钢枕及一号U型螺栓-10/一号U型螺栓单元-15/螺母-1
				/*	5:type	*/	基本杆件\螺母.SLDPRT
				/*	5:location	*/	1.0	1.11022E-16	0.0	0.0	-5.55112E-17	1.0	2.46519E-32	0.0	0.0	-2.46519E-32	1.0	0.0	0.0188503	0.0490441	0.159	1.0
				/*	5:child_number	*/	0
				/*	5:name	*/	七片2.5米端构架上的钢枕及一号U型螺栓-1/七片三角上的一个钢枕及一号U型螺栓-10/一号U型螺栓单元-15/螺母-2
				/*	5:type	*/	基本杆件\螺母.SLDPRT
				/*	5:location	*/	1.0	1.11022E-16	0.0	0.0	-5.55112E-17	1.0	2.46519E-32	0.0	0.0	-2.46519E-32	1.0	0.0	0.0188503	-0.108956	0.159	1.0
				/*	5:child_number	*/	0
			/*	4:name	*/	七片2.5米端构架上的钢枕及一号U型螺栓-1/七片三角上的一个钢枕及一号U型螺栓-10/一号U型螺栓单元-16
			/*	4:type	*/	U型螺栓单元\一号U型螺栓单元.SLDASM
			/*	4:location	*/	0.696203	4.57226E-16	0.717845	0.0	0.717845	-4.45705E-16	-0.696203	0.0	-3.03118E-17	1.0	-5.55751E-16	0.0	0.55417	1.55713	-0.191887	1.0
			/*	4:child_number	*/	4
				/*	5:name	*/	七片2.5米端构架上的钢枕及一号U型螺栓-1/七片三角上的一个钢枕及一号U型螺栓-10/一号U型螺栓单元-16/一号U型螺栓-1
				/*	5:type	*/	基本杆件\一号U型螺栓.SLDPRT
				/*	5:location	*/	1.0	0.0	-2.46519E-32	0.0	1.11022E-16	1.0	-2.46519E-32	0.0	3.69779E-32	4.93038E-32	1.0	0.0	0.0188503	-0.108956	-0.188	1.0
				/*	5:child_number	*/	0
				/*	5:name	*/	七片2.5米端构架上的钢枕及一号U型螺栓-1/七片三角上的一个钢枕及一号U型螺栓-10/一号U型螺栓单元-16/一号U型螺栓垫片-1
				/*	5:type	*/	基本杆件\一号U型螺栓垫片.SLDPRT
				/*	5:location	*/	-1.11022E-16	-1.0	2.46519E-32	0.0	1.0	0.0	-2.46519E-32	0.0	3.69779E-32	4.93038E-32	1.0	0.0	-0.0111497	0.0790441	0.143	1.0
				/*	5:child_number	*/	0
				/*	5:name	*/	七片2.5米端构架上的钢枕及一号U型螺栓-1/七片三角上的一个钢枕及一号U型螺栓-10/一号U型螺栓单元-16/螺母-1
				/*	5:type	*/	基本杆件\螺母.SLDPRT
				/*	5:location	*/	1.0	0.0	-2.46519E-32	0.0	1.11022E-16	1.0	-2.46519E-32	0.0	3.69779E-32	4.93038E-32	1.0	0.0	0.0188503	0.0490441	0.159	1.0
				/*	5:child_number	*/	0
				/*	5:name	*/	七片2.5米端构架上的钢枕及一号U型螺栓-1/七片三角上的一个钢枕及一号U型螺栓-10/一号U型螺栓单元-16/螺母-2
				/*	5:type	*/	基本杆件\螺母.SLDPRT
				/*	5:location	*/	1.0	0.0	-2.46519E-32	0.0	1.11022E-16	1.0	-2.46519E-32	0.0	3.69779E-32	4.93038E-32	1.0	0.0	0.0188503	-0.108956	0.159	1.0
				/*	5:child_number	*/	0
			/*	4:name	*/	七片2.5米端构架上的钢枕及一号U型螺栓-1/七片三角上的一个钢枕及一号U型螺栓-10/一号U型螺栓单元-17
			/*	4:type	*/	U型螺栓单元\一号U型螺栓单元.SLDASM
			/*	4:location	*/	0.696203	1.91926E-16	0.717845	0.0	0.717845	-1.45428E-16	-0.696203	0.0	-6.1162E-17	1.0	-1.56253E-16	0.0	1.75417	1.55713	-0.191887	1.0
			/*	4:child_number	*/	4
				/*	5:name	*/	七片2.5米端构架上的钢枕及一号U型螺栓-1/七片三角上的一个钢枕及一号U型螺栓-10/一号U型螺栓单元-17/一号U型螺栓-1
				/*	5:type	*/	基本杆件\一号U型螺栓.SLDPRT
				/*	5:location	*/	1.0	0.0	1.2326E-32	0.0	0.0	1.0	3.69779E-32	0.0	3.69779E-32	1.2326E-32	1.0	0.0	0.0188503	-0.108956	-0.188	1.0
				/*	5:child_number	*/	0
				/*	5:name	*/	七片2.5米端构架上的钢枕及一号U型螺栓-1/七片三角上的一个钢枕及一号U型螺栓-10/一号U型螺栓单元-17/一号U型螺栓垫片-1
				/*	5:type	*/	基本杆件\一号U型螺栓垫片.SLDPRT
				/*	5:location	*/	0.0	-1.0	-3.69779E-32	0.0	1.0	0.0	1.2326E-32	0.0	3.69779E-32	1.2326E-32	1.0	0.0	-0.0111497	0.0790441	0.143	1.0
				/*	5:child_number	*/	0
				/*	5:name	*/	七片2.5米端构架上的钢枕及一号U型螺栓-1/七片三角上的一个钢枕及一号U型螺栓-10/一号U型螺栓单元-17/螺母-1
				/*	5:type	*/	基本杆件\螺母.SLDPRT
				/*	5:location	*/	1.0	0.0	1.2326E-32	0.0	0.0	1.0	3.69779E-32	0.0	3.69779E-32	1.2326E-32	1.0	0.0	0.0188503	0.0490441	0.159	1.0
				/*	5:child_number	*/	0
				/*	5:name	*/	七片2.5米端构架上的钢枕及一号U型螺栓-1/七片三角上的一个钢枕及一号U型螺栓-10/一号U型螺栓单元-17/螺母-2
				/*	5:type	*/	基本杆件\螺母.SLDPRT
				/*	5:location	*/	1.0	0.0	1.2326E-32	0.0	0.0	1.0	3.69779E-32	0.0	3.69779E-32	1.2326E-32	1.0	0.0	0.0188503	-0.108956	0.159	1.0
				/*	5:child_number	*/	0
			/*	4:name	*/	七片2.5米端构架上的钢枕及一号U型螺栓-1/七片三角上的一个钢枕及一号U型螺栓-10/一号U型螺栓单元-18
			/*	4:type	*/	U型螺栓单元\一号U型螺栓单元.SLDASM
			/*	4:location	*/	0.696203	2.24752E-16	0.717845	0.0	0.717845	-1.52594E-16	-0.696203	0.0	-7.88708E-17	1.0	-1.84806E-16	0.0	2.95417	1.55713	-0.191887	1.0
			/*	4:child_number	*/	4
				/*	5:name	*/	七片2.5米端构架上的钢枕及一号U型螺栓-1/七片三角上的一个钢枕及一号U型螺栓-10/一号U型螺栓单元-18/一号U型螺栓-1
				/*	5:type	*/	基本杆件\一号U型螺栓.SLDPRT
				/*	5:location	*/	1.0	0.0	-4.93038E-32	0.0	0.0	1.0	0.0	0.0	-2.46519E-32	-2.46519E-32	1.0	0.0	0.0188503	-0.108956	-0.188	1.0
				/*	5:child_number	*/	0
				/*	5:name	*/	七片2.5米端构架上的钢枕及一号U型螺栓-1/七片三角上的一个钢枕及一号U型螺栓-10/一号U型螺栓单元-18/一号U型螺栓垫片-1
				/*	5:type	*/	基本杆件\一号U型螺栓垫片.SLDPRT
				/*	5:location	*/	0.0	-1.0	0.0	0.0	1.0	0.0	-4.93038E-32	0.0	-2.46519E-32	-2.46519E-32	1.0	0.0	-0.0111497	0.0790441	0.143	1.0
				/*	5:child_number	*/	0
				/*	5:name	*/	七片2.5米端构架上的钢枕及一号U型螺栓-1/七片三角上的一个钢枕及一号U型螺栓-10/一号U型螺栓单元-18/螺母-1
				/*	5:type	*/	基本杆件\螺母.SLDPRT
				/*	5:location	*/	1.0	0.0	-4.93038E-32	0.0	0.0	1.0	0.0	0.0	-2.46519E-32	-2.46519E-32	1.0	0.0	0.0188503	0.0490441	0.159	1.0
				/*	5:child_number	*/	0
				/*	5:name	*/	七片2.5米端构架上的钢枕及一号U型螺栓-1/七片三角上的一个钢枕及一号U型螺栓-10/一号U型螺栓单元-18/螺母-2
				/*	5:type	*/	基本杆件\螺母.SLDPRT
				/*	5:location	*/	1.0	0.0	-4.93038E-32	0.0	0.0	1.0	0.0	0.0	-2.46519E-32	-2.46519E-32	1.0	0.0	0.0188503	-0.108956	0.159	1.0
				/*	5:child_number	*/	0
			/*	4:name	*/	七片2.5米端构架上的钢枕及一号U型螺栓-1/七片三角上的一个钢枕及一号U型螺栓-10/一号U型螺栓单元-19
			/*	4:type	*/	U型螺栓单元\一号U型螺栓单元.SLDASM
			/*	4:location	*/	0.696203	1.63862E-16	0.717845	0.0	0.717845	-4.04955E-17	-0.696203	0.0	-8.50117E-17	1.0	-1.45821E-16	0.0	3.12559	1.55713	-0.191887	1.0
			/*	4:child_number	*/	4
				/*	5:name	*/	七片2.5米端构架上的钢枕及一号U型螺栓-1/七片三角上的一个钢枕及一号U型螺栓-10/一号U型螺栓单元-19/一号U型螺栓-1
				/*	5:type	*/	基本杆件\一号U型螺栓.SLDPRT
				/*	5:location	*/	1.0	-1.11022E-16	0.0	0.0	-1.66533E-16	1.0	0.0	0.0	-2.46519E-32	2.46519E-32	1.0	0.0	0.0188503	-0.108956	-0.188	1.0
				/*	5:child_number	*/	0
				/*	5:name	*/	七片2.5米端构架上的钢枕及一号U型螺栓-1/七片三角上的一个钢枕及一号U型螺栓-10/一号U型螺栓单元-19/一号U型螺栓垫片-1
				/*	5:type	*/	基本杆件\一号U型螺栓垫片.SLDPRT
				/*	5:location	*/	1.66533E-16	-1.0	0.0	0.0	1.0	-1.11022E-16	0.0	0.0	-2.46519E-32	2.46519E-32	1.0	0.0	-0.0111497	0.0790441	0.143	1.0
				/*	5:child_number	*/	0
				/*	5:name	*/	七片2.5米端构架上的钢枕及一号U型螺栓-1/七片三角上的一个钢枕及一号U型螺栓-10/一号U型螺栓单元-19/螺母-1
				/*	5:type	*/	基本杆件\螺母.SLDPRT
				/*	5:location	*/	1.0	-1.11022E-16	0.0	0.0	-1.66533E-16	1.0	0.0	0.0	-2.46519E-32	2.46519E-32	1.0	0.0	0.0188503	0.0490441	0.159	1.0
				/*	5:child_number	*/	0
				/*	5:name	*/	七片2.5米端构架上的钢枕及一号U型螺栓-1/七片三角上的一个钢枕及一号U型螺栓-10/一号U型螺栓单元-19/螺母-2
				/*	5:type	*/	基本杆件\螺母.SLDPRT
				/*	5:location	*/	1.0	-1.11022E-16	0.0	0.0	-1.66533E-16	1.0	0.0	0.0	-2.46519E-32	2.46519E-32	1.0	0.0	0.0188503	-0.108956	0.159	1.0
				/*	5:child_number	*/	0
			/*	4:name	*/	七片2.5米端构架上的钢枕及一号U型螺栓-1/七片三角上的一个钢枕及一号U型螺栓-10/钢枕-1
			/*	4:type	*/	基本杆件\钢枕.SLDPRT
			/*	4:location	*/	0.0	-3.46945E-17	1.0	0.0	-5.10454E-17	1.0	3.46945E-17	0.0	-1.0	-5.10454E-17	-1.2326E-32	0.0	3.6815	1.54013	-0.2015	1.0
			/*	4:child_number	*/	0
		/*	3:name	*/	七片2.5米端构架上的钢枕及一号U型螺栓-1/七片三角上的一个钢枕及一号U型螺栓-11
		/*	3:type	*/	钢枕单元\七片三角上的一个钢枕及一号U型螺栓.SLDASM
		/*	3:location	*/	5.55112E-17	-4.28432E-16	1.0	0.0	-1.02659E-16	1.0	4.28432E-16	0.0	-1.0	-1.02659E-16	1.11022E-16	0.0	-9.5777	-0.558194	-2.92321	1.0
		/*	3:child_number	*/	11
			/*	4:name	*/	七片2.5米端构架上的钢枕及一号U型螺栓-1/七片三角上的一个钢枕及一号U型螺栓-11/一号U型螺栓单元-10
			/*	4:type	*/	U型螺栓单元\一号U型螺栓单元.SLDASM
			/*	4:location	*/	0.696203	-1.66192E-16	-0.717845	0.0	-0.717845	-2.0424E-16	-0.696203	0.0	-3.09096E-17	1.0	-2.61492E-16	0.0	3.51116	1.55713	-0.164824	1.0
			/*	4:child_number	*/	4
				/*	5:name	*/	七片2.5米端构架上的钢枕及一号U型螺栓-1/七片三角上的一个钢枕及一号U型螺栓-11/一号U型螺栓单元-10/一号U型螺栓-1
				/*	5:type	*/	基本杆件\一号U型螺栓.SLDPRT
				/*	5:location	*/	1.0	-5.55112E-17	-4.93038E-32	0.0	0.0	1.0	9.86076E-32	0.0	4.93038E-32	-4.93038E-32	1.0	0.0	0.0188503	-0.108956	-0.188	1.0
				/*	5:child_number	*/	0
				/*	5:name	*/	七片2.5米端构架上的钢枕及一号U型螺栓-1/七片三角上的一个钢枕及一号U型螺栓-11/一号U型螺栓单元-10/一号U型螺栓垫片-1
				/*	5:type	*/	基本杆件\一号U型螺栓垫片.SLDPRT
				/*	5:location	*/	0.0	-1.0	-4.93038E-32	0.0	1.0	-5.55112E-17	-4.93038E-32	0.0	4.93038E-32	-4.93038E-32	1.0	0.0	-0.0111497	0.0790441	0.143	1.0
				/*	5:child_number	*/	0
				/*	5:name	*/	七片2.5米端构架上的钢枕及一号U型螺栓-1/七片三角上的一个钢枕及一号U型螺栓-11/一号U型螺栓单元-10/螺母-1
				/*	5:type	*/	基本杆件\螺母.SLDPRT
				/*	5:location	*/	1.0	-5.55112E-17	-4.93038E-32	0.0	0.0	1.0	9.86076E-32	0.0	4.93038E-32	-4.93038E-32	1.0	0.0	0.0188503	0.0490441	0.159	1.0
				/*	5:child_number	*/	0
				/*	5:name	*/	七片2.5米端构架上的钢枕及一号U型螺栓-1/七片三角上的一个钢枕及一号U型螺栓-11/一号U型螺栓单元-10/螺母-2
				/*	5:type	*/	基本杆件\螺母.SLDPRT
				/*	5:location	*/	1.0	-5.55112E-17	-4.93038E-32	0.0	0.0	1.0	9.86076E-32	0.0	4.93038E-32	-4.93038E-32	1.0	0.0	0.0188503	-0.108956	0.159	1.0
				/*	5:child_number	*/	0
			/*	4:name	*/	七片2.5米端构架上的钢枕及一号U型螺栓-1/七片三角上的一个钢枕及一号U型螺栓-11/一号U型螺栓单元-11
			/*	4:type	*/	U型螺栓单元\一号U型螺栓单元.SLDASM
			/*	4:location	*/	0.696203	-1.75004E-16	-0.717845	0.0	-0.717845	-2.6696E-16	-0.696203	0.0	-6.97974E-17	1.0	-3.11484E-16	0.0	2.48258	1.55713	-0.164824	1.0
			/*	4:child_number	*/	4
				/*	5:name	*/	七片2.5米端构架上的钢枕及一号U型螺栓-1/七片三角上的一个钢枕及一号U型螺栓-11/一号U型螺栓单元-11/一号U型螺栓-1
				/*	5:type	*/	基本杆件\一号U型螺栓.SLDPRT
				/*	5:location	*/	1.0	0.0	-9.86076E-32	0.0	0.0	1.0	4.93038E-32	0.0	9.86076E-32	-4.93038E-32	1.0	0.0	0.0188503	-0.108956	-0.188	1.0
				/*	5:child_number	*/	0
				/*	5:name	*/	七片2.5米端构架上的钢枕及一号U型螺栓-1/七片三角上的一个钢枕及一号U型螺栓-11/一号U型螺栓单元-11/一号U型螺栓垫片-1
				/*	5:type	*/	基本杆件\一号U型螺栓垫片.SLDPRT
				/*	5:location	*/	0.0	-1.0	0.0	0.0	1.0	0.0	-9.86076E-32	0.0	9.86076E-32	-4.93038E-32	1.0	0.0	-0.0111497	0.0790441	0.143	1.0
				/*	5:child_number	*/	0
				/*	5:name	*/	七片2.5米端构架上的钢枕及一号U型螺栓-1/七片三角上的一个钢枕及一号U型螺栓-11/一号U型螺栓单元-11/螺母-1
				/*	5:type	*/	基本杆件\螺母.SLDPRT
				/*	5:location	*/	1.0	0.0	-9.86076E-32	0.0	0.0	1.0	4.93038E-32	0.0	9.86076E-32	-4.93038E-32	1.0	0.0	0.0188503	0.0490441	0.159	1.0
				/*	5:child_number	*/	0
				/*	5:name	*/	七片2.5米端构架上的钢枕及一号U型螺栓-1/七片三角上的一个钢枕及一号U型螺栓-11/一号U型螺栓单元-11/螺母-2
				/*	5:type	*/	基本杆件\螺母.SLDPRT
				/*	5:location	*/	1.0	0.0	-9.86076E-32	0.0	0.0	1.0	4.93038E-32	0.0	9.86076E-32	-4.93038E-32	1.0	0.0	0.0188503	-0.108956	0.159	1.0
				/*	5:child_number	*/	0
			/*	4:name	*/	七片2.5米端构架上的钢枕及一号U型螺栓-1/七片三角上的一个钢枕及一号U型螺栓-11/一号U型螺栓单元-12
			/*	4:type	*/	U型螺栓单元\一号U型螺栓单元.SLDASM
			/*	4:location	*/	0.696203	-1.50471E-16	-0.717845	0.0	-0.717845	-1.81178E-16	-0.696203	0.0	-2.52993E-17	1.0	-2.34151E-16	0.0	1.28258	1.55713	-0.164824	1.0
			/*	4:child_number	*/	4
				/*	5:name	*/	七片2.5米端构架上的钢枕及一号U型螺栓-1/七片三角上的一个钢枕及一号U型螺栓-11/一号U型螺栓单元-12/一号U型螺栓-1
				/*	5:type	*/	基本杆件\一号U型螺栓.SLDPRT
				/*	5:location	*/	1.0	0.0	0.0	0.0	-1.11022E-16	1.0	4.93038E-32	0.0	0.0	0.0	1.0	0.0	0.0188503	-0.108956	-0.188	1.0
				/*	5:child_number	*/	0
				/*	5:name	*/	七片2.5米端构架上的钢枕及一号U型螺栓-1/七片三角上的一个钢枕及一号U型螺栓-11/一号U型螺栓单元-12/一号U型螺栓垫片-1
				/*	5:type	*/	基本杆件\一号U型螺栓垫片.SLDPRT
				/*	5:location	*/	1.11022E-16	-1.0	0.0	0.0	1.0	0.0	0.0	0.0	0.0	0.0	1.0	0.0	-0.0111497	0.0790441	0.143	1.0
				/*	5:child_number	*/	0
				/*	5:name	*/	七片2.5米端构架上的钢枕及一号U型螺栓-1/七片三角上的一个钢枕及一号U型螺栓-11/一号U型螺栓单元-12/螺母-1
				/*	5:type	*/	基本杆件\螺母.SLDPRT
				/*	5:location	*/	1.0	0.0	0.0	0.0	-1.11022E-16	1.0	4.93038E-32	0.0	0.0	0.0	1.0	0.0	0.0188503	0.0490441	0.159	1.0
				/*	5:child_number	*/	0
				/*	5:name	*/	七片2.5米端构架上的钢枕及一号U型螺栓-1/七片三角上的一个钢枕及一号U型螺栓-11/一号U型螺栓单元-12/螺母-2
				/*	5:type	*/	基本杆件\螺母.SLDPRT
				/*	5:location	*/	1.0	0.0	0.0	0.0	-1.11022E-16	1.0	4.93038E-32	0.0	0.0	0.0	1.0	0.0	0.0188503	-0.108956	0.159	1.0
				/*	5:child_number	*/	0
			/*	4:name	*/	七片2.5米端构架上的钢枕及一号U型螺栓-1/七片三角上的一个钢枕及一号U型螺栓-11/一号U型螺栓单元-13
			/*	4:type	*/	U型螺栓单元\一号U型螺栓单元.SLDASM
			/*	4:location	*/	0.696203	-2.82215E-16	-0.717845	0.0	-0.717845	-2.26535E-16	-0.696203	0.0	3.38618E-17	1.0	-3.60301E-16	0.0	0.0825825	1.55713	-0.164824	1.0
			/*	4:child_number	*/	4
				/*	5:name	*/	七片2.5米端构架上的钢枕及一号U型螺栓-1/七片三角上的一个钢枕及一号U型螺栓-11/一号U型螺栓单元-13/一号U型螺栓-1
				/*	5:type	*/	基本杆件\一号U型螺栓.SLDPRT
				/*	5:location	*/	1.0	0.0	0.0	0.0	0.0	1.0	-4.93038E-32	0.0	0.0	4.93038E-32	1.0	0.0	0.0188503	-0.108956	-0.188	1.0
				/*	5:child_number	*/	0
				/*	5:name	*/	七片2.5米端构架上的钢枕及一号U型螺栓-1/七片三角上的一个钢枕及一号U型螺栓-11/一号U型螺栓单元-13/一号U型螺栓垫片-1
				/*	5:type	*/	基本杆件\一号U型螺栓垫片.SLDPRT
				/*	5:location	*/	0.0	-1.0	4.93038E-32	0.0	1.0	0.0	0.0	0.0	0.0	4.93038E-32	1.0	0.0	-0.0111497	0.0790441	0.143	1.0
				/*	5:child_number	*/	0
				/*	5:name	*/	七片2.5米端构架上的钢枕及一号U型螺栓-1/七片三角上的一个钢枕及一号U型螺栓-11/一号U型螺栓单元-13/螺母-1
				/*	5:type	*/	基本杆件\螺母.SLDPRT
				/*	5:location	*/	1.0	0.0	0.0	0.0	0.0	1.0	-4.93038E-32	0.0	0.0	4.93038E-32	1.0	0.0	0.0188503	0.0490441	0.159	1.0
				/*	5:child_number	*/	0
				/*	5:name	*/	七片2.5米端构架上的钢枕及一号U型螺栓-1/七片三角上的一个钢枕及一号U型螺栓-11/一号U型螺栓单元-13/螺母-2
				/*	5:type	*/	基本杆件\螺母.SLDPRT
				/*	5:location	*/	1.0	0.0	0.0	0.0	0.0	1.0	-4.93038E-32	0.0	0.0	4.93038E-32	1.0	0.0	0.0188503	-0.108956	0.159	1.0
				/*	5:child_number	*/	0
			/*	4:name	*/	七片2.5米端构架上的钢枕及一号U型螺栓-1/七片三角上的一个钢枕及一号U型螺栓-11/一号U型螺栓单元-14
			/*	4:type	*/	U型螺栓单元\一号U型螺栓单元.SLDASM
			/*	4:location	*/	0.696203	-2.32866E-16	-0.717845	0.0	-0.717845	-2.84904E-16	-0.696203	0.0	-4.23948E-17	1.0	-3.65513E-16	0.0	-0.0888371	1.55713	-0.164824	1.0
			/*	4:child_number	*/	4
				/*	5:name	*/	七片2.5米端构架上的钢枕及一号U型螺栓-1/七片三角上的一个钢枕及一号U型螺栓-11/一号U型螺栓单元-14/一号U型螺栓-1
				/*	5:type	*/	基本杆件\一号U型螺栓.SLDPRT
				/*	5:location	*/	1.0	0.0	0.0	0.0	-5.55112E-17	1.0	0.0	0.0	-4.93038E-32	0.0	1.0	0.0	0.0188503	-0.108956	-0.188	1.0
				/*	5:child_number	*/	0
				/*	5:name	*/	七片2.5米端构架上的钢枕及一号U型螺栓-1/七片三角上的一个钢枕及一号U型螺栓-11/一号U型螺栓单元-14/一号U型螺栓垫片-1
				/*	5:type	*/	基本杆件\一号U型螺栓垫片.SLDPRT
				/*	5:location	*/	5.55112E-17	-1.0	4.93038E-32	0.0	1.0	0.0	0.0	0.0	-4.93038E-32	0.0	1.0	0.0	-0.0111497	0.0790441	0.143	1.0
				/*	5:child_number	*/	0
				/*	5:name	*/	七片2.5米端构架上的钢枕及一号U型螺栓-1/七片三角上的一个钢枕及一号U型螺栓-11/一号U型螺栓单元-14/螺母-1
				/*	5:type	*/	基本杆件\螺母.SLDPRT
				/*	5:location	*/	1.0	0.0	0.0	0.0	-5.55112E-17	1.0	0.0	0.0	-4.93038E-32	0.0	1.0	0.0	0.0188503	0.0490441	0.159	1.0
				/*	5:child_number	*/	0
				/*	5:name	*/	七片2.5米端构架上的钢枕及一号U型螺栓-1/七片三角上的一个钢枕及一号U型螺栓-11/一号U型螺栓单元-14/螺母-2
				/*	5:type	*/	基本杆件\螺母.SLDPRT
				/*	5:location	*/	1.0	0.0	0.0	0.0	-5.55112E-17	1.0	0.0	0.0	-4.93038E-32	0.0	1.0	0.0	0.0188503	-0.108956	0.159	1.0
				/*	5:child_number	*/	0
			/*	4:name	*/	七片2.5米端构架上的钢枕及一号U型螺栓-1/七片三角上的一个钢枕及一号U型螺栓-11/一号U型螺栓单元-15
			/*	4:type	*/	U型螺栓单元\一号U型螺栓单元.SLDASM
			/*	4:location	*/	0.696203	-8.75417E-17	0.717845	0.0	0.717845	1.74971E-16	-0.696203	0.0	-6.46554E-17	1.0	1.84657E-16	0.0	-0.47441	1.55713	-0.191887	1.0
			/*	4:child_number	*/	4
				/*	5:name	*/	七片2.5米端构架上的钢枕及一号U型螺栓-1/七片三角上的一个钢枕及一号U型螺栓-11/一号U型螺栓单元-15/一号U型螺栓-1
				/*	5:type	*/	基本杆件\一号U型螺栓.SLDPRT
				/*	5:location	*/	1.0	5.55112E-17	-4.93038E-32	0.0	1.11022E-16	1.0	-4.93038E-32	0.0	9.86076E-32	4.93038E-32	1.0	0.0	0.0188503	-0.108956	-0.188	1.0
				/*	5:child_number	*/	0
				/*	5:name	*/	七片2.5米端构架上的钢枕及一号U型螺栓-1/七片三角上的一个钢枕及一号U型螺栓-11/一号U型螺栓单元-15/一号U型螺栓垫片-1
				/*	5:type	*/	基本杆件\一号U型螺栓垫片.SLDPRT
				/*	5:location	*/	-1.11022E-16	-1.0	4.93038E-32	0.0	1.0	5.55112E-17	-4.93038E-32	0.0	9.86076E-32	4.93038E-32	1.0	0.0	-0.0111497	0.0790441	0.143	1.0
				/*	5:child_number	*/	0
				/*	5:name	*/	七片2.5米端构架上的钢枕及一号U型螺栓-1/七片三角上的一个钢枕及一号U型螺栓-11/一号U型螺栓单元-15/螺母-1
				/*	5:type	*/	基本杆件\螺母.SLDPRT
				/*	5:location	*/	1.0	5.55112E-17	-4.93038E-32	0.0	1.11022E-16	1.0	-4.93038E-32	0.0	9.86076E-32	4.93038E-32	1.0	0.0	0.0188503	0.0490441	0.159	1.0
				/*	5:child_number	*/	0
				/*	5:name	*/	七片2.5米端构架上的钢枕及一号U型螺栓-1/七片三角上的一个钢枕及一号U型螺栓-11/一号U型螺栓单元-15/螺母-2
				/*	5:type	*/	基本杆件\螺母.SLDPRT
				/*	5:location	*/	1.0	5.55112E-17	-4.93038E-32	0.0	1.11022E-16	1.0	-4.93038E-32	0.0	9.86076E-32	4.93038E-32	1.0	0.0	0.0188503	-0.108956	0.159	1.0
				/*	5:child_number	*/	0
			/*	4:name	*/	七片2.5米端构架上的钢枕及一号U型螺栓-1/七片三角上的一个钢枕及一号U型螺栓-11/一号U型螺栓单元-16
			/*	4:type	*/	U型螺栓单元\一号U型螺栓单元.SLDASM
			/*	4:location	*/	0.696203	4.57226E-16	0.717845	0.0	0.717845	-4.45705E-16	-0.696203	0.0	1.62506E-18	1.0	-6.38518E-16	0.0	0.55417	1.55713	-0.191887	1.0
			/*	4:child_number	*/	4
				/*	5:name	*/	七片2.5米端构架上的钢枕及一号U型螺栓-1/七片三角上的一个钢枕及一号U型螺栓-11/一号U型螺栓单元-16/一号U型螺栓-1
				/*	5:type	*/	基本杆件\一号U型螺栓.SLDPRT
				/*	5:location	*/	1.0	1.11022E-16	4.93038E-32	0.0	-5.55112E-17	1.0	-9.86076E-32	0.0	-4.93038E-32	-4.93038E-32	1.0	0.0	0.0188503	-0.108956	-0.188	1.0
				/*	5:child_number	*/	0
				/*	5:name	*/	七片2.5米端构架上的钢枕及一号U型螺栓-1/七片三角上的一个钢枕及一号U型螺栓-11/一号U型螺栓单元-16/一号U型螺栓垫片-1
				/*	5:type	*/	基本杆件\一号U型螺栓垫片.SLDPRT
				/*	5:location	*/	5.55112E-17	-1.0	9.86076E-32	0.0	1.0	1.11022E-16	4.93038E-32	0.0	-4.93038E-32	-4.93038E-32	1.0	0.0	-0.0111497	0.0790441	0.143	1.0
				/*	5:child_number	*/	0
				/*	5:name	*/	七片2.5米端构架上的钢枕及一号U型螺栓-1/七片三角上的一个钢枕及一号U型螺栓-11/一号U型螺栓单元-16/螺母-1
				/*	5:type	*/	基本杆件\螺母.SLDPRT
				/*	5:location	*/	1.0	1.11022E-16	4.93038E-32	0.0	-5.55112E-17	1.0	-9.86076E-32	0.0	-4.93038E-32	-4.93038E-32	1.0	0.0	0.0188503	0.0490441	0.159	1.0
				/*	5:child_number	*/	0
				/*	5:name	*/	七片2.5米端构架上的钢枕及一号U型螺栓-1/七片三角上的一个钢枕及一号U型螺栓-11/一号U型螺栓单元-16/螺母-2
				/*	5:type	*/	基本杆件\螺母.SLDPRT
				/*	5:location	*/	1.0	1.11022E-16	4.93038E-32	0.0	-5.55112E-17	1.0	-9.86076E-32	0.0	-4.93038E-32	-4.93038E-32	1.0	0.0	0.0188503	-0.108956	0.159	1.0
				/*	5:child_number	*/	0
			/*	4:name	*/	七片2.5米端构架上的钢枕及一号U型螺栓-1/七片三角上的一个钢枕及一号U型螺栓-11/一号U型螺栓单元-17
			/*	4:type	*/	U型螺栓单元\一号U型螺栓单元.SLDASM
			/*	4:location	*/	0.696203	1.91926E-16	0.717845	0.0	0.717845	-1.45428E-16	-0.696203	0.0	-2.92251E-17	1.0	-2.39021E-16	0.0	1.75417	1.55713	-0.191887	1.0
			/*	4:child_number	*/	4
				/*	5:name	*/	七片2.5米端构架上的钢枕及一号U型螺栓-1/七片三角上的一个钢枕及一号U型螺栓-11/一号U型螺栓单元-17/一号U型螺栓-1
				/*	5:type	*/	基本杆件\一号U型螺栓.SLDPRT
				/*	5:location	*/	1.0	0.0	-4.93038E-32	0.0	5.55112E-17	1.0	0.0	0.0	-4.93038E-32	0.0	1.0	0.0	0.0188503	-0.108956	-0.188	1.0
				/*	5:child_number	*/	0
				/*	5:name	*/	七片2.5米端构架上的钢枕及一号U型螺栓-1/七片三角上的一个钢枕及一号U型螺栓-11/一号U型螺栓单元-17/一号U型螺栓垫片-1
				/*	5:type	*/	基本杆件\一号U型螺栓垫片.SLDPRT
				/*	5:location	*/	-5.55112E-17	-1.0	0.0	0.0	1.0	0.0	-4.93038E-32	0.0	-4.93038E-32	0.0	1.0	0.0	-0.0111497	0.0790441	0.143	1.0
				/*	5:child_number	*/	0
				/*	5:name	*/	七片2.5米端构架上的钢枕及一号U型螺栓-1/七片三角上的一个钢枕及一号U型螺栓-11/一号U型螺栓单元-17/螺母-1
				/*	5:type	*/	基本杆件\螺母.SLDPRT
				/*	5:location	*/	1.0	0.0	-4.93038E-32	0.0	5.55112E-17	1.0	0.0	0.0	-4.93038E-32	0.0	1.0	0.0	0.0188503	0.0490441	0.159	1.0
				/*	5:child_number	*/	0
				/*	5:name	*/	七片2.5米端构架上的钢枕及一号U型螺栓-1/七片三角上的一个钢枕及一号U型螺栓-11/一号U型螺栓单元-17/螺母-2
				/*	5:type	*/	基本杆件\螺母.SLDPRT
				/*	5:location	*/	1.0	0.0	-4.93038E-32	0.0	5.55112E-17	1.0	0.0	0.0	-4.93038E-32	0.0	1.0	0.0	0.0188503	-0.108956	0.159	1.0
				/*	5:child_number	*/	0
			/*	4:name	*/	七片2.5米端构架上的钢枕及一号U型螺栓-1/七片三角上的一个钢枕及一号U型螺栓-11/一号U型螺栓单元-18
			/*	4:type	*/	U型螺栓单元\一号U型螺栓单元.SLDASM
			/*	4:location	*/	0.696203	2.24752E-16	0.717845	0.0	0.717845	-1.52594E-16	-0.696203	0.0	-4.69339E-17	1.0	-2.67573E-16	0.0	2.95417	1.55713	-0.191887	1.0
			/*	4:child_number	*/	4
				/*	5:name	*/	七片2.5米端构架上的钢枕及一号U型螺栓-1/七片三角上的一个钢枕及一号U型螺栓-11/一号U型螺栓单元-18/一号U型螺栓-1
				/*	5:type	*/	基本杆件\一号U型螺栓.SLDPRT
				/*	5:location	*/	1.0	0.0	0.0	0.0	5.55112E-17	1.0	-9.86076E-32	0.0	-4.93038E-32	-4.93038E-32	1.0	0.0	0.0188503	-0.108956	-0.188	1.0
				/*	5:child_number	*/	0
				/*	5:name	*/	七片2.5米端构架上的钢枕及一号U型螺栓-1/七片三角上的一个钢枕及一号U型螺栓-11/一号U型螺栓单元-18/一号U型螺栓垫片-1
				/*	5:type	*/	基本杆件\一号U型螺栓垫片.SLDPRT
				/*	5:location	*/	-5.55112E-17	-1.0	9.86076E-32	0.0	1.0	0.0	0.0	0.0	-4.93038E-32	-4.93038E-32	1.0	0.0	-0.0111497	0.0790441	0.143	1.0
				/*	5:child_number	*/	0
				/*	5:name	*/	七片2.5米端构架上的钢枕及一号U型螺栓-1/七片三角上的一个钢枕及一号U型螺栓-11/一号U型螺栓单元-18/螺母-1
				/*	5:type	*/	基本杆件\螺母.SLDPRT
				/*	5:location	*/	1.0	0.0	0.0	0.0	5.55112E-17	1.0	-9.86076E-32	0.0	-4.93038E-32	-4.93038E-32	1.0	0.0	0.0188503	0.0490441	0.159	1.0
				/*	5:child_number	*/	0
				/*	5:name	*/	七片2.5米端构架上的钢枕及一号U型螺栓-1/七片三角上的一个钢枕及一号U型螺栓-11/一号U型螺栓单元-18/螺母-2
				/*	5:type	*/	基本杆件\螺母.SLDPRT
				/*	5:location	*/	1.0	0.0	0.0	0.0	5.55112E-17	1.0	-9.86076E-32	0.0	-4.93038E-32	-4.93038E-32	1.0	0.0	0.0188503	-0.108956	0.159	1.0
				/*	5:child_number	*/	0
			/*	4:name	*/	七片2.5米端构架上的钢枕及一号U型螺栓-1/七片三角上的一个钢枕及一号U型螺栓-11/一号U型螺栓单元-19
			/*	4:type	*/	U型螺栓单元\一号U型螺栓单元.SLDASM
			/*	4:location	*/	0.696203	1.63862E-16	0.717845	0.0	0.717845	-4.04955E-17	-0.696203	0.0	-8.50117E-17	1.0	-1.45821E-16	0.0	3.12559	1.55713	-0.191887	1.0
			/*	4:child_number	*/	4
				/*	5:name	*/	七片2.5米端构架上的钢枕及一号U型螺栓-1/七片三角上的一个钢枕及一号U型螺栓-11/一号U型螺栓单元-19/一号U型螺栓-1
				/*	5:type	*/	基本杆件\一号U型螺栓.SLDPRT
				/*	5:location	*/	1.0	0.0	0.0	0.0	0.0	1.0	-9.86076E-32	0.0	0.0	0.0	1.0	0.0	0.0188503	-0.108956	-0.188	1.0
				/*	5:child_number	*/	0
				/*	5:name	*/	七片2.5米端构架上的钢枕及一号U型螺栓-1/七片三角上的一个钢枕及一号U型螺栓-11/一号U型螺栓单元-19/一号U型螺栓垫片-1
				/*	5:type	*/	基本杆件\一号U型螺栓垫片.SLDPRT
				/*	5:location	*/	0.0	-1.0	9.86076E-32	0.0	1.0	0.0	0.0	0.0	0.0	0.0	1.0	0.0	-0.0111497	0.0790441	0.143	1.0
				/*	5:child_number	*/	0
				/*	5:name	*/	七片2.5米端构架上的钢枕及一号U型螺栓-1/七片三角上的一个钢枕及一号U型螺栓-11/一号U型螺栓单元-19/螺母-1
				/*	5:type	*/	基本杆件\螺母.SLDPRT
				/*	5:location	*/	1.0	0.0	0.0	0.0	0.0	1.0	-9.86076E-32	0.0	0.0	0.0	1.0	0.0	0.0188503	0.0490441	0.159	1.0
				/*	5:child_number	*/	0
				/*	5:name	*/	七片2.5米端构架上的钢枕及一号U型螺栓-1/七片三角上的一个钢枕及一号U型螺栓-11/一号U型螺栓单元-19/螺母-2
				/*	5:type	*/	基本杆件\螺母.SLDPRT
				/*	5:location	*/	1.0	0.0	0.0	0.0	0.0	1.0	-9.86076E-32	0.0	0.0	0.0	1.0	0.0	0.0188503	-0.108956	0.159	1.0
				/*	5:child_number	*/	0
			/*	4:name	*/	七片2.5米端构架上的钢枕及一号U型螺栓-1/七片三角上的一个钢枕及一号U型螺栓-11/钢枕-1
			/*	4:type	*/	基本杆件\钢枕.SLDPRT
			/*	4:location	*/	0.0	-3.46945E-17	1.0	0.0	-5.10454E-17	1.0	3.46945E-17	0.0	-1.0	-5.10454E-17	-6.16298E-33	0.0	3.6815	1.54013	-0.2015	1.0
			/*	4:child_number	*/	0
		/*	3:name	*/	七片2.5米端构架上的钢枕及一号U型螺栓-1/七片三角上的一个钢枕及一号U型螺栓-6
		/*	3:type	*/	钢枕单元\七片三角上的一个钢枕及一号U型螺栓.SLDASM
		/*	3:location	*/	0.0	-2.52532E-16	1.0	0.0	-7.44567E-17	1.0	2.52532E-16	0.0	-1.0	-7.44567E-17	0.0	0.0	-7.40571	-0.558194	-2.92321	1.0
		/*	3:child_number	*/	11
			/*	4:name	*/	七片2.5米端构架上的钢枕及一号U型螺栓-1/七片三角上的一个钢枕及一号U型螺栓-6/一号U型螺栓单元-10
			/*	4:type	*/	U型螺栓单元\一号U型螺栓单元.SLDASM
			/*	4:location	*/	0.696203	-1.66192E-16	-0.717845	0.0	-0.717845	-2.0424E-16	-0.696203	0.0	-3.09096E-17	1.0	-2.61492E-16	0.0	3.51116	1.55713	-0.164824	1.0
			/*	4:child_number	*/	4
				/*	5:name	*/	七片2.5米端构架上的钢枕及一号U型螺栓-1/七片三角上的一个钢枕及一号U型螺栓-6/一号U型螺栓单元-10/一号U型螺栓-1
				/*	5:type	*/	基本杆件\一号U型螺栓.SLDPRT
				/*	5:location	*/	1.0	-1.11022E-16	0.0	0.0	5.55112E-17	1.0	7.39557E-32	0.0	-2.46519E-32	-2.46519E-32	1.0	0.0	0.0188503	-0.108956	-0.188	1.0
				/*	5:child_number	*/	0
				/*	5:name	*/	七片2.5米端构架上的钢枕及一号U型螺栓-1/七片三角上的一个钢枕及一号U型螺栓-6/一号U型螺栓单元-10/一号U型螺栓垫片-1
				/*	5:type	*/	基本杆件\一号U型螺栓垫片.SLDPRT
				/*	5:location	*/	-5.55112E-17	-1.0	-7.39557E-32	0.0	1.0	-1.11022E-16	0.0	0.0	-2.46519E-32	-2.46519E-32	1.0	0.0	-0.0111497	0.0790441	0.143	1.0
				/*	5:child_number	*/	0
				/*	5:name	*/	七片2.5米端构架上的钢枕及一号U型螺栓-1/七片三角上的一个钢枕及一号U型螺栓-6/一号U型螺栓单元-10/螺母-1
				/*	5:type	*/	基本杆件\螺母.SLDPRT
				/*	5:location	*/	1.0	-1.11022E-16	0.0	0.0	5.55112E-17	1.0	7.39557E-32	0.0	-2.46519E-32	-2.46519E-32	1.0	0.0	0.0188503	0.0490441	0.159	1.0
				/*	5:child_number	*/	0
				/*	5:name	*/	七片2.5米端构架上的钢枕及一号U型螺栓-1/七片三角上的一个钢枕及一号U型螺栓-6/一号U型螺栓单元-10/螺母-2
				/*	5:type	*/	基本杆件\螺母.SLDPRT
				/*	5:location	*/	1.0	-1.11022E-16	0.0	0.0	5.55112E-17	1.0	7.39557E-32	0.0	-2.46519E-32	-2.46519E-32	1.0	0.0	0.0188503	-0.108956	0.159	1.0
				/*	5:child_number	*/	0
			/*	4:name	*/	七片2.5米端构架上的钢枕及一号U型螺栓-1/七片三角上的一个钢枕及一号U型螺栓-6/一号U型螺栓单元-11
			/*	4:type	*/	U型螺栓单元\一号U型螺栓单元.SLDASM
			/*	4:location	*/	0.696203	-1.75004E-16	-0.717845	0.0	-0.717845	-2.6696E-16	-0.696203	0.0	-6.97974E-17	1.0	-3.11484E-16	0.0	2.48258	1.55713	-0.164824	1.0
			/*	4:child_number	*/	4
				/*	5:name	*/	七片2.5米端构架上的钢枕及一号U型螺栓-1/七片三角上的一个钢枕及一号U型螺栓-6/一号U型螺栓单元-11/一号U型螺栓-1
				/*	5:type	*/	基本杆件\一号U型螺栓.SLDPRT
				/*	5:location	*/	1.0	0.0	2.46519E-32	0.0	0.0	1.0	2.46519E-32	0.0	-4.93038E-32	2.46519E-32	1.0	0.0	0.0188503	-0.108956	-0.188	1.0
				/*	5:child_number	*/	0
				/*	5:name	*/	七片2.5米端构架上的钢枕及一号U型螺栓-1/七片三角上的一个钢枕及一号U型螺栓-6/一号U型螺栓单元-11/一号U型螺栓垫片-1
				/*	5:type	*/	基本杆件\一号U型螺栓垫片.SLDPRT
				/*	5:location	*/	0.0	-1.0	0.0	0.0	1.0	0.0	2.46519E-32	0.0	-4.93038E-32	2.46519E-32	1.0	0.0	-0.0111497	0.0790441	0.143	1.0
				/*	5:child_number	*/	0
				/*	5:name	*/	七片2.5米端构架上的钢枕及一号U型螺栓-1/七片三角上的一个钢枕及一号U型螺栓-6/一号U型螺栓单元-11/螺母-1
				/*	5:type	*/	基本杆件\螺母.SLDPRT
				/*	5:location	*/	1.0	0.0	2.46519E-32	0.0	0.0	1.0	2.46519E-32	0.0	-4.93038E-32	2.46519E-32	1.0	0.0	0.0188503	0.0490441	0.159	1.0
				/*	5:child_number	*/	0
				/*	5:name	*/	七片2.5米端构架上的钢枕及一号U型螺栓-1/七片三角上的一个钢枕及一号U型螺栓-6/一号U型螺栓单元-11/螺母-2
				/*	5:type	*/	基本杆件\螺母.SLDPRT
				/*	5:location	*/	1.0	0.0	2.46519E-32	0.0	0.0	1.0	2.46519E-32	0.0	-4.93038E-32	2.46519E-32	1.0	0.0	0.0188503	-0.108956	0.159	1.0
				/*	5:child_number	*/	0
			/*	4:name	*/	七片2.5米端构架上的钢枕及一号U型螺栓-1/七片三角上的一个钢枕及一号U型螺栓-6/一号U型螺栓单元-12
			/*	4:type	*/	U型螺栓单元\一号U型螺栓单元.SLDASM
			/*	4:location	*/	0.696203	-1.50471E-16	-0.717845	0.0	-0.717845	-1.81178E-16	-0.696203	0.0	-2.52993E-17	1.0	-2.34151E-16	0.0	1.28258	1.55713	-0.164824	1.0
			/*	4:child_number	*/	4
				/*	5:name	*/	七片2.5米端构架上的钢枕及一号U型螺栓-1/七片三角上的一个钢枕及一号U型螺栓-6/一号U型螺栓单元-12/一号U型螺栓-1
				/*	5:type	*/	基本杆件\一号U型螺栓.SLDPRT
				/*	5:location	*/	1.0	0.0	0.0	0.0	0.0	1.0	4.93038E-32	0.0	4.93038E-32	-2.46519E-32	1.0	0.0	0.0188503	-0.108956	-0.188	1.0
				/*	5:child_number	*/	0
				/*	5:name	*/	七片2.5米端构架上的钢枕及一号U型螺栓-1/七片三角上的一个钢枕及一号U型螺栓-6/一号U型螺栓单元-12/一号U型螺栓垫片-1
				/*	5:type	*/	基本杆件\一号U型螺栓垫片.SLDPRT
				/*	5:location	*/	0.0	-1.0	-4.93038E-32	0.0	1.0	0.0	0.0	0.0	4.93038E-32	-2.46519E-32	1.0	0.0	-0.0111497	0.0790441	0.143	1.0
				/*	5:child_number	*/	0
				/*	5:name	*/	七片2.5米端构架上的钢枕及一号U型螺栓-1/七片三角上的一个钢枕及一号U型螺栓-6/一号U型螺栓单元-12/螺母-1
				/*	5:type	*/	基本杆件\螺母.SLDPRT
				/*	5:location	*/	1.0	0.0	0.0	0.0	0.0	1.0	4.93038E-32	0.0	4.93038E-32	-2.46519E-32	1.0	0.0	0.0188503	0.0490441	0.159	1.0
				/*	5:child_number	*/	0
				/*	5:name	*/	七片2.5米端构架上的钢枕及一号U型螺栓-1/七片三角上的一个钢枕及一号U型螺栓-6/一号U型螺栓单元-12/螺母-2
				/*	5:type	*/	基本杆件\螺母.SLDPRT
				/*	5:location	*/	1.0	0.0	0.0	0.0	0.0	1.0	4.93038E-32	0.0	4.93038E-32	-2.46519E-32	1.0	0.0	0.0188503	-0.108956	0.159	1.0
				/*	5:child_number	*/	0
			/*	4:name	*/	七片2.5米端构架上的钢枕及一号U型螺栓-1/七片三角上的一个钢枕及一号U型螺栓-6/一号U型螺栓单元-13
			/*	4:type	*/	U型螺栓单元\一号U型螺栓单元.SLDASM
			/*	4:location	*/	0.696203	-2.82215E-16	-0.717845	0.0	-0.717845	-2.26535E-16	-0.696203	0.0	3.38618E-17	1.0	-3.60301E-16	0.0	0.0825825	1.55713	-0.164824	1.0
			/*	4:child_number	*/	4
				/*	5:name	*/	七片2.5米端构架上的钢枕及一号U型螺栓-1/七片三角上的一个钢枕及一号U型螺栓-6/一号U型螺栓单元-13/一号U型螺栓-1
				/*	5:type	*/	基本杆件\一号U型螺栓.SLDPRT
				/*	5:location	*/	1.0	0.0	2.46519E-32	0.0	0.0	1.0	-4.93038E-32	0.0	2.46519E-32	0.0	1.0	0.0	0.0188503	-0.108956	-0.188	1.0
				/*	5:child_number	*/	0
				/*	5:name	*/	七片2.5米端构架上的钢枕及一号U型螺栓-1/七片三角上的一个钢枕及一号U型螺栓-6/一号U型螺栓单元-13/一号U型螺栓垫片-1
				/*	5:type	*/	基本杆件\一号U型螺栓垫片.SLDPRT
				/*	5:location	*/	0.0	-1.0	7.39557E-32	0.0	1.0	0.0	2.46519E-32	0.0	2.46519E-32	0.0	1.0	0.0	-0.0111497	0.0790441	0.143	1.0
				/*	5:child_number	*/	0
				/*	5:name	*/	七片2.5米端构架上的钢枕及一号U型螺栓-1/七片三角上的一个钢枕及一号U型螺栓-6/一号U型螺栓单元-13/螺母-1
				/*	5:type	*/	基本杆件\螺母.SLDPRT
				/*	5:location	*/	1.0	0.0	2.46519E-32	0.0	0.0	1.0	-4.93038E-32	0.0	2.46519E-32	0.0	1.0	0.0	0.0188503	0.0490441	0.159	1.0
				/*	5:child_number	*/	0
				/*	5:name	*/	七片2.5米端构架上的钢枕及一号U型螺栓-1/七片三角上的一个钢枕及一号U型螺栓-6/一号U型螺栓单元-13/螺母-2
				/*	5:type	*/	基本杆件\螺母.SLDPRT
				/*	5:location	*/	1.0	0.0	2.46519E-32	0.0	0.0	1.0	-4.93038E-32	0.0	2.46519E-32	0.0	1.0	0.0	0.0188503	-0.108956	0.159	1.0
				/*	5:child_number	*/	0
			/*	4:name	*/	七片2.5米端构架上的钢枕及一号U型螺栓-1/七片三角上的一个钢枕及一号U型螺栓-6/一号U型螺栓单元-14
			/*	4:type	*/	U型螺栓单元\一号U型螺栓单元.SLDASM
			/*	4:location	*/	0.696203	-2.32866E-16	-0.717845	0.0	-0.717845	-2.84904E-16	-0.696203	0.0	-4.23948E-17	1.0	-3.65513E-16	0.0	-0.0888371	1.55713	-0.164824	1.0
			/*	4:child_number	*/	4
				/*	5:name	*/	七片2.5米端构架上的钢枕及一号U型螺栓-1/七片三角上的一个钢枕及一号U型螺栓-6/一号U型螺栓单元-14/一号U型螺栓-1
				/*	5:type	*/	基本杆件\一号U型螺栓.SLDPRT
				/*	5:location	*/	1.0	0.0	-2.46519E-32	0.0	-1.11022E-16	1.0	2.46519E-32	0.0	-7.39557E-32	0.0	1.0	0.0	0.0188503	-0.108956	-0.188	1.0
				/*	5:child_number	*/	0
				/*	5:name	*/	七片2.5米端构架上的钢枕及一号U型螺栓-1/七片三角上的一个钢枕及一号U型螺栓-6/一号U型螺栓单元-14/一号U型螺栓垫片-1
				/*	5:type	*/	基本杆件\一号U型螺栓垫片.SLDPRT
				/*	5:location	*/	1.11022E-16	-1.0	0.0	0.0	1.0	0.0	-2.46519E-32	0.0	-7.39557E-32	0.0	1.0	0.0	-0.0111497	0.0790441	0.143	1.0
				/*	5:child_number	*/	0
				/*	5:name	*/	七片2.5米端构架上的钢枕及一号U型螺栓-1/七片三角上的一个钢枕及一号U型螺栓-6/一号U型螺栓单元-14/螺母-1
				/*	5:type	*/	基本杆件\螺母.SLDPRT
				/*	5:location	*/	1.0	0.0	-2.46519E-32	0.0	-1.11022E-16	1.0	2.46519E-32	0.0	-7.39557E-32	0.0	1.0	0.0	0.0188503	0.0490441	0.159	1.0
				/*	5:child_number	*/	0
				/*	5:name	*/	七片2.5米端构架上的钢枕及一号U型螺栓-1/七片三角上的一个钢枕及一号U型螺栓-6/一号U型螺栓单元-14/螺母-2
				/*	5:type	*/	基本杆件\螺母.SLDPRT
				/*	5:location	*/	1.0	0.0	-2.46519E-32	0.0	-1.11022E-16	1.0	2.46519E-32	0.0	-7.39557E-32	0.0	1.0	0.0	0.0188503	-0.108956	0.159	1.0
				/*	5:child_number	*/	0
			/*	4:name	*/	七片2.5米端构架上的钢枕及一号U型螺栓-1/七片三角上的一个钢枕及一号U型螺栓-6/一号U型螺栓单元-15
			/*	4:type	*/	U型螺栓单元\一号U型螺栓单元.SLDASM
			/*	4:location	*/	0.696203	-8.75417E-17	0.717845	0.0	0.717845	1.74971E-16	-0.696203	0.0	-6.46554E-17	1.0	1.84657E-16	0.0	-0.47441	1.55713	-0.191887	1.0
			/*	4:child_number	*/	4
				/*	5:name	*/	七片2.5米端构架上的钢枕及一号U型螺栓-1/七片三角上的一个钢枕及一号U型螺栓-6/一号U型螺栓单元-15/一号U型螺栓-1
				/*	5:type	*/	基本杆件\一号U型螺栓.SLDPRT
				/*	5:location	*/	1.0	0.0	-2.46519E-32	0.0	1.11022E-16	1.0	4.93038E-32	0.0	0.0	0.0	1.0	0.0	0.0188503	-0.108956	-0.188	1.0
				/*	5:child_number	*/	0
				/*	5:name	*/	七片2.5米端构架上的钢枕及一号U型螺栓-1/七片三角上的一个钢枕及一号U型螺栓-6/一号U型螺栓单元-15/一号U型螺栓垫片-1
				/*	5:type	*/	基本杆件\一号U型螺栓垫片.SLDPRT
				/*	5:location	*/	-1.11022E-16	-1.0	-4.93038E-32	0.0	1.0	0.0	-2.46519E-32	0.0	0.0	0.0	1.0	0.0	-0.0111497	0.0790441	0.143	1.0
				/*	5:child_number	*/	0
				/*	5:name	*/	七片2.5米端构架上的钢枕及一号U型螺栓-1/七片三角上的一个钢枕及一号U型螺栓-6/一号U型螺栓单元-15/螺母-1
				/*	5:type	*/	基本杆件\螺母.SLDPRT
				/*	5:location	*/	1.0	0.0	-2.46519E-32	0.0	1.11022E-16	1.0	4.93038E-32	0.0	0.0	0.0	1.0	0.0	0.0188503	0.0490441	0.159	1.0
				/*	5:child_number	*/	0
				/*	5:name	*/	七片2.5米端构架上的钢枕及一号U型螺栓-1/七片三角上的一个钢枕及一号U型螺栓-6/一号U型螺栓单元-15/螺母-2
				/*	5:type	*/	基本杆件\螺母.SLDPRT
				/*	5:location	*/	1.0	0.0	-2.46519E-32	0.0	1.11022E-16	1.0	4.93038E-32	0.0	0.0	0.0	1.0	0.0	0.0188503	-0.108956	0.159	1.0
				/*	5:child_number	*/	0
			/*	4:name	*/	七片2.5米端构架上的钢枕及一号U型螺栓-1/七片三角上的一个钢枕及一号U型螺栓-6/一号U型螺栓单元-16
			/*	4:type	*/	U型螺栓单元\一号U型螺栓单元.SLDASM
			/*	4:location	*/	0.696203	4.57226E-16	0.717845	0.0	0.717845	-4.45705E-16	-0.696203	0.0	1.62506E-18	1.0	-6.38518E-16	0.0	0.55417	1.55713	-0.191887	1.0
			/*	4:child_number	*/	4
				/*	5:name	*/	七片2.5米端构架上的钢枕及一号U型螺栓-1/七片三角上的一个钢枕及一号U型螺栓-6/一号U型螺栓单元-16/一号U型螺栓-1
				/*	5:type	*/	基本杆件\一号U型螺栓.SLDPRT
				/*	5:location	*/	1.0	0.0	4.93038E-32	0.0	0.0	1.0	-2.46519E-32	0.0	4.93038E-32	1.47911E-31	1.0	0.0	0.0188503	-0.108956	-0.188	1.0
				/*	5:child_number	*/	0
				/*	5:name	*/	七片2.5米端构架上的钢枕及一号U型螺栓-1/七片三角上的一个钢枕及一号U型螺栓-6/一号U型螺栓单元-16/一号U型螺栓垫片-1
				/*	5:type	*/	基本杆件\一号U型螺栓垫片.SLDPRT
				/*	5:location	*/	0.0	-1.0	2.46519E-32	0.0	1.0	0.0	9.86076E-32	0.0	4.93038E-32	1.47911E-31	1.0	0.0	-0.0111497	0.0790441	0.143	1.0
				/*	5:child_number	*/	0
				/*	5:name	*/	七片2.5米端构架上的钢枕及一号U型螺栓-1/七片三角上的一个钢枕及一号U型螺栓-6/一号U型螺栓单元-16/螺母-1
				/*	5:type	*/	基本杆件\螺母.SLDPRT
				/*	5:location	*/	1.0	0.0	4.93038E-32	0.0	0.0	1.0	-2.46519E-32	0.0	4.93038E-32	1.47911E-31	1.0	0.0	0.0188503	0.0490441	0.159	1.0
				/*	5:child_number	*/	0
				/*	5:name	*/	七片2.5米端构架上的钢枕及一号U型螺栓-1/七片三角上的一个钢枕及一号U型螺栓-6/一号U型螺栓单元-16/螺母-2
				/*	5:type	*/	基本杆件\螺母.SLDPRT
				/*	5:location	*/	1.0	0.0	4.93038E-32	0.0	0.0	1.0	-2.46519E-32	0.0	4.93038E-32	1.47911E-31	1.0	0.0	0.0188503	-0.108956	0.159	1.0
				/*	5:child_number	*/	0
			/*	4:name	*/	七片2.5米端构架上的钢枕及一号U型螺栓-1/七片三角上的一个钢枕及一号U型螺栓-6/一号U型螺栓单元-17
			/*	4:type	*/	U型螺栓单元\一号U型螺栓单元.SLDASM
			/*	4:location	*/	0.696203	1.91926E-16	0.717845	0.0	0.717845	-1.45428E-16	-0.696203	0.0	-2.92251E-17	1.0	-2.39021E-16	0.0	1.75417	1.55713	-0.191887	1.0
			/*	4:child_number	*/	4
				/*	5:name	*/	七片2.5米端构架上的钢枕及一号U型螺栓-1/七片三角上的一个钢枕及一号U型螺栓-6/一号U型螺栓单元-17/一号U型螺栓-1
				/*	5:type	*/	基本杆件\一号U型螺栓.SLDPRT
				/*	5:location	*/	1.0	0.0	0.0	0.0	0.0	1.0	2.46519E-32	0.0	0.0	0.0	1.0	0.0	0.0188503	-0.108956	-0.188	1.0
				/*	5:child_number	*/	0
				/*	5:name	*/	七片2.5米端构架上的钢枕及一号U型螺栓-1/七片三角上的一个钢枕及一号U型螺栓-6/一号U型螺栓单元-17/一号U型螺栓垫片-1
				/*	5:type	*/	基本杆件\一号U型螺栓垫片.SLDPRT
				/*	5:location	*/	0.0	-1.0	-2.46519E-32	0.0	1.0	0.0	0.0	0.0	0.0	0.0	1.0	0.0	-0.0111497	0.0790441	0.143	1.0
				/*	5:child_number	*/	0
