/*	1:name	*/	42
/*	1:type	*/	°ë´©Ê½Áº\42.SLDASM
/*	1:location	*/	1.0	0.0	0.0	0.0	0.0	1.0	0.0	0.0	0.0	0.0	1.0	0.0	0.0	0.0	0.0	1.0
/*	1:child_number	*/	3
	/*	2:name	*/	42M,44M,46M(ÓÒ¶Ë)-1
	/*	2:type	*/	°ë´©Ê½Áº\¹«¹²×é¼þ\Áº¶Ë\ÓÒ¶Ë\42M,44M,46M(ÓÒ¶Ë).SLDASM
	/*	2:location	*/	0.940867	-0.17856	-0.287898	0.0	0.173305	0.983891	-0.0438566	0.0	0.291091	-0.00863093	0.956656	0.0	-5.00445	0.0883176	-19.5499	1.0
	/*	2:child_number	*/	13
		/*	3:name	*/	42M,44M,46M(ÓÒ¶Ë)-1/18b'(ÄÚB1,½Ó2F2)-1
		/*	3:type	*/	°ë´©Ê½Áº\¹«¹²×é¼þ\Áº¶Ë\ÓÒ¶Ë\´øÂÝË¨Áã¼þ\18b'(ÄÚB1,½Ó2F2).SLDASM
		/*	3:location	*/	0.940867	0.173305	0.291091	0.0	0.287898	0.0438566	-0.956656	0.0	-0.17856	0.983891	-0.00863093	0.0	2.34492	2.79608	8.75021	1.0
		/*	3:child_number	*/	17
			/*	4:name	*/	42M,44M,46M(ÓÒ¶Ë)-1/18b'(ÄÚB1,½Ó2F2)-1/B1_½Úµã°å-11
			/*	4:type	*/	Áã¼þ\B1_½Úµã°å.SLDPRT
			/*	4:location	*/	8.99755E-17	-1.0	4.53302E-15	0.0	-5.173E-16	-4.36648E-15	-1.0	0.0	1.0	8.99755E-17	-5.173E-16	0.0	-0.24949	4.40151	-1.925	1.0
			/*	4:child_number	*/	0
			/*	4:name	*/	42M,44M,46M(ÓÒ¶Ë)-1/18b'(ÄÚB1,½Ó2F2)-1/LS1_1ºÅÂÝË¨-27
			/*	4:type	*/	Áã¼þ\LS1_1ºÅÂÝË¨.SLDPRT
			/*	4:location	*/	-4.34974E-17	0.997812	-0.066117	0.0	-2.34944E-16	0.066117	0.997812	0.0	1.0	5.8936E-17	2.31554E-16	0.0	-0.26849	3.75319	-2.265	1.0
			/*	4:child_number	*/	0
			/*	4:name	*/	42M,44M,46M(ÓÒ¶Ë)-1/18b'(ÄÚB1,½Ó2F2)-1/LS1_1ºÅÂÝË¨-28
			/*	4:type	*/	Áã¼þ\LS1_1ºÅÂÝË¨.SLDPRT
			/*	4:location	*/	-4.34974E-17	0.997812	-0.066117	0.0	-2.34944E-16	0.066117	0.997812	0.0	1.0	5.8936E-17	2.31554E-16	0.0	-0.26849	3.85319	-2.265	1.0
			/*	4:child_number	*/	0
			/*	4:name	*/	42M,44M,46M(ÓÒ¶Ë)-1/18b'(ÄÚB1,½Ó2F2)-1/LS1_1ºÅÂÝË¨-44
			/*	4:type	*/	Áã¼þ\LS1_1ºÅÂÝË¨.SLDPRT
			/*	4:location	*/	-4.34974E-17	0.997812	-0.066117	0.0	-2.34944E-16	0.066117	0.997812	0.0	1.0	5.8936E-17	2.31554E-16	0.0	-0.26849	4.27319	-2.265	1.0
			/*	4:child_number	*/	0
			/*	4:name	*/	42M,44M,46M(ÓÒ¶Ë)-1/18b'(ÄÚB1,½Ó2F2)-1/LS1_1ºÅÂÝË¨-45
			/*	4:type	*/	Áã¼þ\LS1_1ºÅÂÝË¨.SLDPRT
			/*	4:location	*/	-4.34974E-17	0.997812	-0.066117	0.0	-2.34944E-16	0.066117	0.997812	0.0	1.0	5.8936E-17	2.31554E-16	0.0	-0.26849	3.75319	-2.075	1.0
			/*	4:child_number	*/	0
			/*	4:name	*/	42M,44M,46M(ÓÒ¶Ë)-1/18b'(ÄÚB1,½Ó2F2)-1/LS1_1ºÅÂÝË¨-46
			/*	4:type	*/	Áã¼þ\LS1_1ºÅÂÝË¨.SLDPRT
			/*	4:location	*/	-4.34974E-17	0.997812	-0.066117	0.0	-2.34944E-16	0.066117	0.997812	0.0	1.0	5.8936E-17	2.31554E-16	0.0	-0.26849	4.17319	-2.075	1.0
			/*	4:child_number	*/	0
			/*	4:name	*/	42M,44M,46M(ÓÒ¶Ë)-1/18b'(ÄÚB1,½Ó2F2)-1/LS1_1ºÅÂÝË¨-47
			/*	4:type	*/	Áã¼þ\LS1_1ºÅÂÝË¨.SLDPRT
			/*	4:location	*/	-4.34974E-17	0.997812	-0.066117	0.0	-2.34944E-16	0.066117	0.997812	0.0	1.0	5.8936E-17	2.31554E-16	0.0	-0.26849	3.85319	-2.075	1.0
			/*	4:child_number	*/	0
			/*	4:name	*/	42M,44M,46M(ÓÒ¶Ë)-1/18b'(ÄÚB1,½Ó2F2)-1/LS1_1ºÅÂÝË¨-48
			/*	4:type	*/	Áã¼þ\LS1_1ºÅÂÝË¨.SLDPRT
			/*	4:location	*/	-4.34974E-17	0.997812	-0.066117	0.0	-2.34944E-16	0.066117	0.997812	0.0	1.0	5.8936E-17	2.31554E-16	0.0	-0.26849	4.27319	-2.075	1.0
			/*	4:child_number	*/	0
			/*	4:name	*/	42M,44M,46M(ÓÒ¶Ë)-1/18b'(ÄÚB1,½Ó2F2)-1/LS1_1ºÅÂÝË¨-49
			/*	4:type	*/	Áã¼þ\LS1_1ºÅÂÝË¨.SLDPRT
			/*	4:location	*/	-4.34974E-17	0.997812	-0.066117	0.0	-2.34944E-16	0.066117	0.997812	0.0	1.0	5.8936E-17	2.31554E-16	0.0	-0.26849	4.17319	-2.265	1.0
			/*	4:child_number	*/	0
			/*	4:name	*/	42M,44M,46M(ÓÒ¶Ë)-1/18b'(ÄÚB1,½Ó2F2)-1/LS2_2ºÅÂÝË¨-18
			/*	4:type	*/	Áã¼þ\LS2_2ºÅÂÝË¨.SLDPRT
			/*	4:location	*/	-5.18656E-16	0.322743	-0.946487	0.0	8.17941E-17	0.946487	0.322743	0.0	1.0	8.99755E-17	-5.173E-16	0.0	-0.26849	3.66594	-1.9039	1.0
			/*	4:child_number	*/	0
			/*	4:name	*/	42M,44M,46M(ÓÒ¶Ë)-1/18b'(ÄÚB1,½Ó2F2)-1/LS2_2ºÅÂÝË¨-19
			/*	4:type	*/	Áã¼þ\LS2_2ºÅÂÝË¨.SLDPRT
			/*	4:location	*/	-5.10219E-16	-0.066117	-0.997812	0.0	-1.23981E-16	0.997812	-0.066117	0.0	1.0	8.99755E-17	-5.173E-16	0.0	-0.26849	3.77624	-1.80225	1.0
			/*	4:child_number	*/	0
			/*	4:name	*/	42M,44M,46M(ÓÒ¶Ë)-1/18b'(ÄÚB1,½Ó2F2)-1/LS2_2ºÅÂÝË¨-20
			/*	4:type	*/	Áã¼þ\LS2_2ºÅÂÝË¨.SLDPRT
			/*	4:location	*/	-3.79872E-16	-0.556165	-0.831072	0.0	-3.6248E-16	0.831072	-0.556165	0.0	1.0	8.99755E-17	-4.89544E-16	0.0	-0.26849	3.69491	-1.71401	1.0
			/*	4:child_number	*/	0
			/*	4:name	*/	42M,44M,46M(ÓÒ¶Ë)-1/18b'(ÄÚB1,½Ó2F2)-1/LS2_2ºÅÂÝË¨-21
			/*	4:type	*/	Áã¼þ\LS2_2ºÅÂÝË¨.SLDPRT
			/*	4:location	*/	-5.10219E-16	-0.066117	-0.997812	0.0	-1.23981E-16	0.997812	-0.066117	0.0	1.0	8.99755E-17	-5.173E-16	0.0	-0.26849	3.58462	-1.81567	1.0
			/*	4:child_number	*/	0
			/*	4:name	*/	42M,44M,46M(ÓÒ¶Ë)-1/18b'(ÄÚB1,½Ó2F2)-1/LS2_2ºÅÂÝË¨-23
			/*	4:type	*/	Áã¼þ\LS2_2ºÅÂÝË¨.SLDPRT
			/*	4:location	*/	-5.10219E-16	-0.066117	-0.997812	0.0	-1.23981E-16	0.997812	-0.066117	0.0	1.0	8.99755E-17	-5.173E-16	0.0	-0.26849	4.25013	-1.80225	1.0
			/*	4:child_number	*/	0
			/*	4:name	*/	42M,44M,46M(ÓÒ¶Ë)-1/18b'(ÄÚB1,½Ó2F2)-1/LS2_2ºÅÂÝË¨-24
			/*	4:type	*/	Áã¼þ\LS2_2ºÅÂÝË¨.SLDPRT
			/*	4:location	*/	-5.10219E-16	-0.066117	-0.997812	0.0	-1.23981E-16	0.997812	-0.066117	0.0	1.0	8.99755E-17	-5.173E-16	0.0	-0.26849	4.36043	-1.9039	1.0
			/*	4:child_number	*/	0
			/*	4:name	*/	42M,44M,46M(ÓÒ¶Ë)-1/18b'(ÄÚB1,½Ó2F2)-1/LS2_2ºÅÂÝË¨-25
			/*	4:type	*/	Áã¼þ\LS2_2ºÅÂÝË¨.SLDPRT
			/*	4:location	*/	-5.10219E-16	-0.066117	-0.997812	0.0	-1.23981E-16	0.997812	-0.066117	0.0	1.0	8.99755E-17	-5.173E-16	0.0	-0.26849	4.33146	-1.71401	1.0
			/*	4:child_number	*/	0
			/*	4:name	*/	42M,44M,46M(ÓÒ¶Ë)-1/18b'(ÄÚB1,½Ó2F2)-1/LS2_2ºÅÂÝË¨-26
			/*	4:type	*/	Áã¼þ\LS2_2ºÅÂÝË¨.SLDPRT
			/*	4:location	*/	-5.10219E-16	-0.066117	-0.997812	0.0	-1.23981E-16	0.997812	-0.066117	0.0	1.0	8.99755E-17	-5.173E-16	0.0	-0.26849	4.44176	-1.81567	1.0
			/*	4:child_number	*/	0
		/*	3:name	*/	42M,44M,46M(ÓÒ¶Ë)-1/18b'(ÄÚB1,½Ó2F2)-2
		/*	3:type	*/	°ë´©Ê½Áº\¹«¹²×é¼þ\Áº¶Ë\ÓÒ¶Ë\´øÂÝË¨Áã¼þ\18b'(ÄÚB1,½Ó2F2).SLDASM
		/*	3:location	*/	-0.940867	-0.173305	-0.291091	0.0	-0.287898	-0.0438566	0.956656	0.0	-0.17856	0.983891	-0.00863093	0.0	-0.495539	2.19925	-0.521992	1.0
		/*	3:child_number	*/	17
			/*	4:name	*/	42M,44M,46M(ÓÒ¶Ë)-1/18b'(ÄÚB1,½Ó2F2)-2/B1_½Úµã°å-11
			/*	4:type	*/	Áã¼þ\B1_½Úµã°å.SLDPRT
			/*	4:location	*/	8.99755E-17	-1.0	4.53302E-15	0.0	-5.173E-16	-4.36648E-15	-1.0	0.0	1.0	8.99755E-17	-5.173E-16	0.0	-0.24949	4.40151	-1.925	1.0
			/*	4:child_number	*/	0
			/*	4:name	*/	42M,44M,46M(ÓÒ¶Ë)-1/18b'(ÄÚB1,½Ó2F2)-2/LS1_1ºÅÂÝË¨-27
			/*	4:type	*/	Áã¼þ\LS1_1ºÅÂÝË¨.SLDPRT
			/*	4:location	*/	-4.34974E-17	0.997812	-0.066117	0.0	-2.34944E-16	0.066117	0.997812	0.0	1.0	5.8936E-17	2.31554E-16	0.0	-0.26849	3.75319	-2.265	1.0
			/*	4:child_number	*/	0
			/*	4:name	*/	42M,44M,46M(ÓÒ¶Ë)-1/18b'(ÄÚB1,½Ó2F2)-2/LS1_1ºÅÂÝË¨-28
			/*	4:type	*/	Áã¼þ\LS1_1ºÅÂÝË¨.SLDPRT
			/*	4:location	*/	-4.34974E-17	0.997812	-0.066117	0.0	-2.34944E-16	0.066117	0.997812	0.0	1.0	5.8936E-17	2.31554E-16	0.0	-0.26849	3.85319	-2.265	1.0
			/*	4:child_number	*/	0
			/*	4:name	*/	42M,44M,46M(ÓÒ¶Ë)-1/18b'(ÄÚB1,½Ó2F2)-2/LS1_1ºÅÂÝË¨-44
			/*	4:type	*/	Áã¼þ\LS1_1ºÅÂÝË¨.SLDPRT
			/*	4:location	*/	-4.34974E-17	0.997812	-0.066117	0.0	-2.34944E-16	0.066117	0.997812	0.0	1.0	5.8936E-17	2.31554E-16	0.0	-0.26849	4.27319	-2.265	1.0
			/*	4:child_number	*/	0
			/*	4:name	*/	42M,44M,46M(ÓÒ¶Ë)-1/18b'(ÄÚB1,½Ó2F2)-2/LS1_1ºÅÂÝË¨-45
			/*	4:type	*/	Áã¼þ\LS1_1ºÅÂÝË¨.SLDPRT
			/*	4:location	*/	-4.34974E-17	0.997812	-0.066117	0.0	-2.34944E-16	0.066117	0.997812	0.0	1.0	5.8936E-17	2.31554E-16	0.0	-0.26849	3.75319	-2.075	1.0
			/*	4:child_number	*/	0
			/*	4:name	*/	42M,44M,46M(ÓÒ¶Ë)-1/18b'(ÄÚB1,½Ó2F2)-2/LS1_1ºÅÂÝË¨-46
			/*	4:type	*/	Áã¼þ\LS1_1ºÅÂÝË¨.SLDPRT
			/*	4:location	*/	-4.34974E-17	0.997812	-0.066117	0.0	-2.34944E-16	0.066117	0.997812	0.0	1.0	5.8936E-17	2.31554E-16	0.0	-0.26849	4.17319	-2.075	1.0
			/*	4:child_number	*/	0
			/*	4:name	*/	42M,44M,46M(ÓÒ¶Ë)-1/18b'(ÄÚB1,½Ó2F2)-2/LS1_1ºÅÂÝË¨-47
			/*	4:type	*/	Áã¼þ\LS1_1ºÅÂÝË¨.SLDPRT
			/*	4:location	*/	-4.34974E-17	0.997812	-0.066117	0.0	-2.34944E-16	0.066117	0.997812	0.0	1.0	5.8936E-17	2.31554E-16	0.0	-0.26849	3.85319	-2.075	1.0
			/*	4:child_number	*/	0
			/*	4:name	*/	42M,44M,46M(ÓÒ¶Ë)-1/18b'(ÄÚB1,½Ó2F2)-2/LS1_1ºÅÂÝË¨-48
			/*	4:type	*/	Áã¼þ\LS1_1ºÅÂÝË¨.SLDPRT
			/*	4:location	*/	-4.34974E-17	0.997812	-0.066117	0.0	-2.34944E-16	0.066117	0.997812	0.0	1.0	5.8936E-17	2.31554E-16	0.0	-0.26849	4.27319	-2.075	1.0
			/*	4:child_number	*/	0
			/*	4:name	*/	42M,44M,46M(ÓÒ¶Ë)-1/18b'(ÄÚB1,½Ó2F2)-2/LS1_1ºÅÂÝË¨-49
			/*	4:type	*/	Áã¼þ\LS1_1ºÅÂÝË¨.SLDPRT
			/*	4:location	*/	-4.34974E-17	0.997812	-0.066117	0.0	-2.34944E-16	0.066117	0.997812	0.0	1.0	5.8936E-17	2.31554E-16	0.0	-0.26849	4.17319	-2.265	1.0
			/*	4:child_number	*/	0
			/*	4:name	*/	42M,44M,46M(ÓÒ¶Ë)-1/18b'(ÄÚB1,½Ó2F2)-2/LS2_2ºÅÂÝË¨-18
			/*	4:type	*/	Áã¼þ\LS2_2ºÅÂÝË¨.SLDPRT
			/*	4:location	*/	-5.18656E-16	0.322743	-0.946487	0.0	8.17941E-17	0.946487	0.322743	0.0	1.0	8.99755E-17	-5.173E-16	0.0	-0.26849	3.66594	-1.9039	1.0
			/*	4:child_number	*/	0
			/*	4:name	*/	42M,44M,46M(ÓÒ¶Ë)-1/18b'(ÄÚB1,½Ó2F2)-2/LS2_2ºÅÂÝË¨-19
			/*	4:type	*/	Áã¼þ\LS2_2ºÅÂÝË¨.SLDPRT
			/*	4:location	*/	-5.10219E-16	-0.066117	-0.997812	0.0	-1.23981E-16	0.997812	-0.066117	0.0	1.0	8.99755E-17	-5.173E-16	0.0	-0.26849	3.77624	-1.80225	1.0
			/*	4:child_number	*/	0
			/*	4:name	*/	42M,44M,46M(ÓÒ¶Ë)-1/18b'(ÄÚB1,½Ó2F2)-2/LS2_2ºÅÂÝË¨-20
			/*	4:type	*/	Áã¼þ\LS2_2ºÅÂÝË¨.SLDPRT
			/*	4:location	*/	-3.79872E-16	-0.556165	-0.831072	0.0	-3.6248E-16	0.831072	-0.556165	0.0	1.0	-2.10468E-17	-5.45055E-16	0.0	-0.26849	3.69491	-1.71401	1.0
			/*	4:child_number	*/	0
			/*	4:name	*/	42M,44M,46M(ÓÒ¶Ë)-1/18b'(ÄÚB1,½Ó2F2)-2/LS2_2ºÅÂÝË¨-21
			/*	4:type	*/	Áã¼þ\LS2_2ºÅÂÝË¨.SLDPRT
			/*	4:location	*/	-5.10219E-16	-0.066117	-0.997812	0.0	-1.23981E-16	0.997812	-0.066117	0.0	1.0	8.99755E-17	-5.173E-16	0.0	-0.26849	3.58462	-1.81567	1.0
			/*	4:child_number	*/	0
			/*	4:name	*/	42M,44M,46M(ÓÒ¶Ë)-1/18b'(ÄÚB1,½Ó2F2)-2/LS2_2ºÅÂÝË¨-23
			/*	4:type	*/	Áã¼þ\LS2_2ºÅÂÝË¨.SLDPRT
			/*	4:location	*/	-5.10219E-16	-0.066117	-0.997812	0.0	-1.23981E-16	0.997812	-0.066117	0.0	1.0	8.99755E-17	-5.173E-16	0.0	-0.26849	4.25013	-1.80225	1.0
			/*	4:child_number	*/	0
			/*	4:name	*/	42M,44M,46M(ÓÒ¶Ë)-1/18b'(ÄÚB1,½Ó2F2)-2/LS2_2ºÅÂÝË¨-24
			/*	4:type	*/	Áã¼þ\LS2_2ºÅÂÝË¨.SLDPRT
			/*	4:location	*/	-5.10219E-16	-0.066117	-0.997812	0.0	-1.23981E-16	0.997812	-0.066117	0.0	1.0	8.99755E-17	-5.173E-16	0.0	-0.26849	4.36043	-1.9039	1.0
			/*	4:child_number	*/	0
			/*	4:name	*/	42M,44M,46M(ÓÒ¶Ë)-1/18b'(ÄÚB1,½Ó2F2)-2/LS2_2ºÅÂÝË¨-25
			/*	4:type	*/	Áã¼þ\LS2_2ºÅÂÝË¨.SLDPRT
			/*	4:location	*/	-5.10219E-16	-0.066117	-0.997812	0.0	-1.23981E-16	0.997812	-0.066117	0.0	1.0	8.99755E-17	-5.173E-16	0.0	-0.26849	4.33146	-1.71401	1.0
			/*	4:child_number	*/	0
			/*	4:name	*/	42M,44M,46M(ÓÒ¶Ë)-1/18b'(ÄÚB1,½Ó2F2)-2/LS2_2ºÅÂÝË¨-26
			/*	4:type	*/	Áã¼þ\LS2_2ºÅÂÝË¨.SLDPRT
			/*	4:location	*/	-5.10219E-16	-0.066117	-0.997812	0.0	-1.23981E-16	0.997812	-0.066117	0.0	1.0	8.99755E-17	-5.173E-16	0.0	-0.26849	4.44176	-1.81567	1.0
			/*	4:child_number	*/	0
		/*	3:name	*/	42M,44M,46M(ÓÒ¶Ë)-1/18b¡¯(ÍâB1,½Ó2F2)-1
		/*	3:type	*/	°ë´©Ê½Áº\¹«¹²×é¼þ\Áº¶Ë\ÓÒ¶Ë\´øÂÝË¨Áã¼þ\18b¡¯(ÍâB1,½Ó2F2).SLDASM
		/*	3:location	*/	-0.940867	-0.173305	-0.291091	0.0	-0.287898	-0.0438566	0.956656	0.0	-0.17856	0.983891	-0.00863093	0.0	4.57385	3.13301	1.04641	1.0
		/*	3:child_number	*/	27
			/*	4:name	*/	42M,44M,46M(ÓÒ¶Ë)-1/18b¡¯(ÍâB1,½Ó2F2)-1/B1_½Úµã°å-11
			/*	4:type	*/	Áã¼þ\B1_½Úµã°å.SLDPRT
			/*	4:location	*/	8.99755E-17	-1.0	4.53302E-15	0.0	-5.173E-16	-4.36648E-15	-1.0	0.0	1.0	8.99755E-17	-5.173E-16	0.0	-0.24949	4.40151	-1.925	1.0
			/*	4:child_number	*/	0
			/*	4:name	*/	42M,44M,46M(ÓÒ¶Ë)-1/18b¡¯(ÍâB1,½Ó2F2)-1/LS1_1ºÅÂÝË¨-27
			/*	4:type	*/	Áã¼þ\LS1_1ºÅÂÝË¨.SLDPRT
			/*	4:location	*/	-4.34974E-17	0.997812	-0.066117	0.0	-2.34944E-16	0.066117	0.997812	0.0	1.0	5.8936E-17	2.31554E-16	0.0	-0.26849	3.75319	-2.265	1.0
			/*	4:child_number	*/	0
			/*	4:name	*/	42M,44M,46M(ÓÒ¶Ë)-1/18b¡¯(ÍâB1,½Ó2F2)-1/LS1_1ºÅÂÝË¨-28
			/*	4:type	*/	Áã¼þ\LS1_1ºÅÂÝË¨.SLDPRT
			/*	4:location	*/	-4.34974E-17	0.997812	-0.066117	0.0	-2.34944E-16	0.066117	0.997812	0.0	1.0	5.8936E-17	2.31554E-16	0.0	-0.26849	3.85319	-2.265	1.0
			/*	4:child_number	*/	0
			/*	4:name	*/	42M,44M,46M(ÓÒ¶Ë)-1/18b¡¯(ÍâB1,½Ó2F2)-1/LS1_1ºÅÂÝË¨-29
			/*	4:type	*/	Áã¼þ\LS1_1ºÅÂÝË¨.SLDPRT
			/*	4:location	*/	-4.34974E-17	0.997812	-0.066117	0.0	-2.34944E-16	0.066117	0.997812	0.0	1.0	5.8936E-17	2.31554E-16	0.0	-0.26849	3.95319	-2.265	1.0
			/*	4:child_number	*/	0
			/*	4:name	*/	42M,44M,46M(ÓÒ¶Ë)-1/18b¡¯(ÍâB1,½Ó2F2)-1/LS1_1ºÅÂÝË¨-30
			/*	4:type	*/	Áã¼þ\LS1_1ºÅÂÝË¨.SLDPRT
			/*	4:location	*/	-4.34974E-17	0.997812	-0.066117	0.0	-2.34944E-16	0.066117	0.997812	0.0	1.0	5.8936E-17	2.31554E-16	0.0	-0.26849	4.07319	-2.265	1.0
			/*	4:child_number	*/	0
			/*	4:name	*/	42M,44M,46M(ÓÒ¶Ë)-1/18b¡¯(ÍâB1,½Ó2F2)-1/LS1_1ºÅÂÝË¨-31
			/*	4:type	*/	Áã¼þ\LS1_1ºÅÂÝË¨.SLDPRT
			/*	4:location	*/	-4.34974E-17	0.997812	-0.066117	0.0	-2.34944E-16	0.066117	0.997812	0.0	1.0	5.8936E-17	2.31554E-16	0.0	-0.26849	4.17319	-2.265	1.0
			/*	4:child_number	*/	0
			/*	4:name	*/	42M,44M,46M(ÓÒ¶Ë)-1/18b¡¯(ÍâB1,½Ó2F2)-1/LS1_1ºÅÂÝË¨-32
			/*	4:type	*/	Áã¼þ\LS1_1ºÅÂÝË¨.SLDPRT
			/*	4:location	*/	-4.34974E-17	0.997812	-0.066117	0.0	-2.34944E-16	0.066117	0.997812	0.0	1.0	5.8936E-17	2.31554E-16	0.0	-0.26849	4.27319	-2.265	1.0
			/*	4:child_number	*/	0
			/*	4:name	*/	42M,44M,46M(ÓÒ¶Ë)-1/18b¡¯(ÍâB1,½Ó2F2)-1/LS1_1ºÅÂÝË¨-33
			/*	4:type	*/	Áã¼þ\LS1_1ºÅÂÝË¨.SLDPRT
			/*	4:location	*/	-4.34974E-17	0.997812	-0.066117	0.0	-2.34944E-16	0.066117	0.997812	0.0	1.0	5.8936E-17	2.31554E-16	0.0	-0.26849	4.07319	-2.075	1.0
			/*	4:child_number	*/	0
			/*	4:name	*/	42M,44M,46M(ÓÒ¶Ë)-1/18b¡¯(ÍâB1,½Ó2F2)-1/LS1_1ºÅÂÝË¨-34
			/*	4:type	*/	Áã¼þ\LS1_1ºÅÂÝË¨.SLDPRT
			/*	4:location	*/	-4.34974E-17	0.997812	-0.066117	0.0	-2.34944E-16	0.066117	0.997812	0.0	1.0	5.8936E-17	2.31554E-16	0.0	-0.26849	4.17319	-2.075	1.0
			/*	4:child_number	*/	0
			/*	4:name	*/	42M,44M,46M(ÓÒ¶Ë)-1/18b¡¯(ÍâB1,½Ó2F2)-1/LS1_1ºÅÂÝË¨-35
			/*	4:type	*/	Áã¼þ\LS1_1ºÅÂÝË¨.SLDPRT
			/*	4:location	*/	-4.34974E-17	0.997812	-0.066117	0.0	-2.34944E-16	0.066117	0.997812	0.0	1.0	5.8936E-17	2.31554E-16	0.0	-0.26849	4.27319	-2.075	1.0
			/*	4:child_number	*/	0
			/*	4:name	*/	42M,44M,46M(ÓÒ¶Ë)-1/18b¡¯(ÍâB1,½Ó2F2)-1/LS1_1ºÅÂÝË¨-36
			/*	4:type	*/	Áã¼þ\LS1_1ºÅÂÝË¨.SLDPRT
			/*	4:location	*/	-4.34974E-17	0.997812	-0.066117	0.0	-2.34944E-16	0.066117	0.997812	0.0	1.0	5.8936E-17	2.31554E-16	0.0	-0.26849	3.75319	-2.075	1.0
			/*	4:child_number	*/	0
			/*	4:name	*/	42M,44M,46M(ÓÒ¶Ë)-1/18b¡¯(ÍâB1,½Ó2F2)-1/LS1_1ºÅÂÝË¨-37
			/*	4:type	*/	Áã¼þ\LS1_1ºÅÂÝË¨.SLDPRT
			/*	4:location	*/	-4.34974E-17	0.997812	-0.066117	0.0	-2.34944E-16	0.066117	0.997812	0.0	1.0	5.8936E-17	2.31554E-16	0.0	-0.26849	3.85319	-2.075	1.0
			/*	4:child_number	*/	0
			/*	4:name	*/	42M,44M,46M(ÓÒ¶Ë)-1/18b¡¯(ÍâB1,½Ó2F2)-1/LS1_1ºÅÂÝË¨-38
			/*	4:type	*/	Áã¼þ\LS1_1ºÅÂÝË¨.SLDPRT
			/*	4:location	*/	-4.34974E-17	0.997812	-0.066117	0.0	-2.34944E-16	0.066117	0.997812	0.0	1.0	5.8936E-17	2.31554E-16	0.0	-0.26849	3.95319	-2.075	1.0
			/*	4:child_number	*/	0
			/*	4:name	*/	42M,44M,46M(ÓÒ¶Ë)-1/18b¡¯(ÍâB1,½Ó2F2)-1/LS2_2ºÅÂÝË¨-18
			/*	4:type	*/	Áã¼þ\LS2_2ºÅÂÝË¨.SLDPRT
			/*	4:location	*/	-5.18656E-16	0.322743	-0.946487	0.0	8.17941E-17	0.946487	0.322743	0.0	1.0	8.99755E-17	-5.173E-16	0.0	-0.26849	3.66594	-1.9039	1.0
			/*	4:child_number	*/	0
			/*	4:name	*/	42M,44M,46M(ÓÒ¶Ë)-1/18b¡¯(ÍâB1,½Ó2F2)-1/LS2_2ºÅÂÝË¨-19
			/*	4:type	*/	Áã¼þ\LS2_2ºÅÂÝË¨.SLDPRT
			/*	4:location	*/	-5.10219E-16	-0.066117	-0.997812	0.0	-1.23981E-16	0.997812	-0.066117	0.0	1.0	8.99755E-17	-5.173E-16	0.0	-0.26849	3.77624	-1.80225	1.0
			/*	4:child_number	*/	0
			/*	4:name	*/	42M,44M,46M(ÓÒ¶Ë)-1/18b¡¯(ÍâB1,½Ó2F2)-1/LS2_2ºÅÂÝË¨-20
			/*	4:type	*/	Áã¼þ\LS2_2ºÅÂÝË¨.SLDPRT
			/*	4:location	*/	-3.79872E-16	-0.556165	-0.831072	0.0	-3.6248E-16	0.831072	-0.556165	0.0	1.0	8.99755E-17	-5.45055E-16	0.0	-0.26849	3.69491	-1.71401	1.0
			/*	4:child_number	*/	0
			/*	4:name	*/	42M,44M,46M(ÓÒ¶Ë)-1/18b¡¯(ÍâB1,½Ó2F2)-1/LS2_2ºÅÂÝË¨-21
			/*	4:type	*/	Áã¼þ\LS2_2ºÅÂÝË¨.SLDPRT
			/*	4:location	*/	-5.10219E-16	-0.066117	-0.997812	0.0	-1.23981E-16	0.997812	-0.066117	0.0	1.0	8.99755E-17	-5.173E-16	0.0	-0.26849	3.58462	-1.81567	1.0
			/*	4:child_number	*/	0
			/*	4:name	*/	42M,44M,46M(ÓÒ¶Ë)-1/18b¡¯(ÍâB1,½Ó2F2)-1/LS2_2ºÅÂÝË¨-23
			/*	4:type	*/	Áã¼þ\LS2_2ºÅÂÝË¨.SLDPRT
			/*	4:location	*/	-5.10219E-16	-0.066117	-0.997812	0.0	-1.23981E-16	0.997812	-0.066117	0.0	1.0	8.99755E-17	-5.173E-16	0.0	-0.26849	4.25013	-1.80225	1.0
			/*	4:child_number	*/	0
			/*	4:name	*/	42M,44M,46M(ÓÒ¶Ë)-1/18b¡¯(ÍâB1,½Ó2F2)-1/LS2_2ºÅÂÝË¨-24
			/*	4:type	*/	Áã¼þ\LS2_2ºÅÂÝË¨.SLDPRT
			/*	4:location	*/	-5.10219E-16	-0.066117	-0.997812	0.0	-1.23981E-16	0.997812	-0.066117	0.0	1.0	8.99755E-17	-5.173E-16	0.0	-0.26849	4.36043	-1.9039	1.0
			/*	4:child_number	*/	0
			/*	4:name	*/	42M,44M,46M(ÓÒ¶Ë)-1/18b¡¯(ÍâB1,½Ó2F2)-1/LS2_2ºÅÂÝË¨-25
			/*	4:type	*/	Áã¼þ\LS2_2ºÅÂÝË¨.SLDPRT
			/*	4:location	*/	-5.10219E-16	-0.066117	-0.997812	0.0	-1.23981E-16	0.997812	-0.066117	0.0	1.0	8.99755E-17	-5.173E-16	0.0	-0.26849	4.33146	-1.71401	1.0
			/*	4:child_number	*/	0
			/*	4:name	*/	42M,44M,46M(ÓÒ¶Ë)-1/18b¡¯(ÍâB1,½Ó2F2)-1/LS2_2ºÅÂÝË¨-26
			/*	4:type	*/	Áã¼þ\LS2_2ºÅÂÝË¨.SLDPRT
			/*	4:location	*/	-5.10219E-16	-0.066117	-0.997812	0.0	-1.23981E-16	0.997812	-0.066117	0.0	1.0	8.99755E-17	-5.173E-16	0.0	-0.26849	4.44176	-1.81567	1.0
			/*	4:child_number	*/	0
			/*	4:name	*/	42M,44M,46M(ÓÒ¶Ë)-1/18b¡¯(ÍâB1,½Ó2F2)-1/LS3_3ºÅÂÝË¨-12
			/*	4:type	*/	Áã¼þ\LS3_3ºÅÂÝË¨.SLDPRT
			/*	4:location	*/	-5.03853E-16	0.441647	-0.897189	0.0	1.47739E-16	0.897189	0.441647	0.0	1.0	8.99755E-17	-5.173E-16	0.0	-0.26849	3.91819	-1.94	1.0
			/*	4:child_number	*/	0
			/*	4:name	*/	42M,44M,46M(ÓÒ¶Ë)-1/18b¡¯(ÍâB1,½Ó2F2)-1/LS3_3ºÅÂÝË¨-13
			/*	4:type	*/	Áã¼þ\LS3_3ºÅÂÝË¨.SLDPRT
			/*	4:location	*/	-5.03853E-16	0.441647	-0.897189	0.0	1.47739E-16	0.897189	0.441647	0.0	1.0	8.99755E-17	-5.173E-16	0.0	-0.26849	4.10819	-1.94	1.0
			/*	4:child_number	*/	0
			/*	4:name	*/	42M,44M,46M(ÓÒ¶Ë)-1/18b¡¯(ÍâB1,½Ó2F2)-1/LS3_3ºÅÂÝË¨-36
			/*	4:type	*/	Áã¼þ\LS3_3ºÅÂÝË¨.SLDPRT
			/*	4:location	*/	-5.03853E-16	0.441647	-0.897189	0.0	1.47739E-16	0.897189	0.441647	0.0	1.0	8.99755E-17	-5.173E-16	0.0	-0.26849	3.91819	-1.84	1.0
			/*	4:child_number	*/	0
			/*	4:name	*/	42M,44M,46M(ÓÒ¶Ë)-1/18b¡¯(ÍâB1,½Ó2F2)-1/LS3_3ºÅÂÝË¨-37
			/*	4:type	*/	Áã¼þ\LS3_3ºÅÂÝË¨.SLDPRT
			/*	4:location	*/	-5.03853E-16	0.441647	-0.897189	0.0	1.47739E-16	0.897189	0.441647	0.0	1.0	8.99755E-17	-5.173E-16	0.0	-0.26849	3.91819	-1.74	1.0
			/*	4:child_number	*/	0
			/*	4:name	*/	42M,44M,46M(ÓÒ¶Ë)-1/18b¡¯(ÍâB1,½Ó2F2)-1/LS3_3ºÅÂÝË¨-38
			/*	4:type	*/	Áã¼þ\LS3_3ºÅÂÝË¨.SLDPRT
			/*	4:location	*/	-5.03853E-16	0.441647	-0.897189	0.0	1.47739E-16	0.897189	0.441647	0.0	1.0	8.99755E-17	-5.173E-16	0.0	-0.26849	4.10819	-1.84	1.0
			/*	4:child_number	*/	0
			/*	4:name	*/	42M,44M,46M(ÓÒ¶Ë)-1/18b¡¯(ÍâB1,½Ó2F2)-1/LS3_3ºÅÂÝË¨-39
			/*	4:type	*/	Áã¼þ\LS3_3ºÅÂÝË¨.SLDPRT
			/*	4:location	*/	-5.03853E-16	0.441647	-0.897189	0.0	1.47739E-16	0.897189	0.441647	0.0	1.0	8.99755E-17	-5.173E-16	0.0	-0.26849	4.10819	-1.74	1.0
			/*	4:child_number	*/	0
		/*	3:name	*/	42M,44M,46M(ÓÒ¶Ë)-1/18b¡¯(ÍâB1,½Ó2F2)-2
		/*	3:type	*/	°ë´©Ê½Áº\¹«¹²×é¼þ\Áº¶Ë\ÓÒ¶Ë\´øÂÝË¨Áã¼þ\18b¡¯(ÍâB1,½Ó2F2).SLDASM
		/*	3:location	*/	0.940867	0.173305	0.291091	0.0	0.287898	0.0438566	-0.956656	0.0	-0.17856	0.983891	-0.00863093	0.0	-2.72448	1.86231	7.18181	1.0
		/*	3:child_number	*/	27
			/*	4:name	*/	42M,44M,46M(ÓÒ¶Ë)-1/18b¡¯(ÍâB1,½Ó2F2)-2/B1_½Úµã°å-11
			/*	4:type	*/	Áã¼þ\B1_½Úµã°å.SLDPRT
			/*	4:location	*/	8.99755E-17	-1.0	4.53302E-15	0.0	-5.173E-16	-4.36648E-15	-1.0	0.0	1.0	8.99755E-17	-5.173E-16	0.0	-0.24949	4.40151	-1.925	1.0
			/*	4:child_number	*/	0
			/*	4:name	*/	42M,44M,46M(ÓÒ¶Ë)-1/18b¡¯(ÍâB1,½Ó2F2)-2/LS1_1ºÅÂÝË¨-27
			/*	4:type	*/	Áã¼þ\LS1_1ºÅÂÝË¨.SLDPRT
			/*	4:location	*/	-4.34974E-17	0.997812	-0.066117	0.0	-2.34944E-16	0.066117	0.997812	0.0	1.0	5.8936E-17	2.31554E-16	0.0	-0.26849	3.75319	-2.265	1.0
			/*	4:child_number	*/	0
			/*	4:name	*/	42M,44M,46M(ÓÒ¶Ë)-1/18b¡¯(ÍâB1,½Ó2F2)-2/LS1_1ºÅÂÝË¨-28
			/*	4:type	*/	Áã¼þ\LS1_1ºÅÂÝË¨.SLDPRT
			/*	4:location	*/	-4.34974E-17	0.997812	-0.066117	0.0	-2.34944E-16	0.066117	0.997812	0.0	1.0	5.8936E-17	2.31554E-16	0.0	-0.26849	3.85319	-2.265	1.0
			/*	4:child_number	*/	0
			/*	4:name	*/	42M,44M,46M(ÓÒ¶Ë)-1/18b¡¯(ÍâB1,½Ó2F2)-2/LS1_1ºÅÂÝË¨-29
			/*	4:type	*/	Áã¼þ\LS1_1ºÅÂÝË¨.SLDPRT
			/*	4:location	*/	-4.34974E-17	0.997812	-0.066117	0.0	-2.34944E-16	0.066117	0.997812	0.0	1.0	5.8936E-17	2.31554E-16	0.0	-0.26849	3.95319	-2.265	1.0
			/*	4:child_number	*/	0
			/*	4:name	*/	42M,44M,46M(ÓÒ¶Ë)-1/18b¡¯(ÍâB1,½Ó2F2)-2/LS1_1ºÅÂÝË¨-30
			/*	4:type	*/	Áã¼þ\LS1_1ºÅÂÝË¨.SLDPRT
			/*	4:location	*/	-4.34974E-17	0.997812	-0.066117	0.0	-2.34944E-16	0.066117	0.997812	0.0	1.0	5.8936E-17	2.31554E-16	0.0	-0.26849	4.07319	-2.265	1.0
			/*	4:child_number	*/	0
			/*	4:name	*/	42M,44M,46M(ÓÒ¶Ë)-1/18b¡¯(ÍâB1,½Ó2F2)-2/LS1_1ºÅÂÝË¨-31
			/*	4:type	*/	Áã¼þ\LS1_1ºÅÂÝË¨.SLDPRT
			/*	4:location	*/	-4.34974E-17	0.997812	-0.066117	0.0	-2.34944E-16	0.066117	0.997812	0.0	1.0	5.8936E-17	2.31554E-16	0.0	-0.26849	4.17319	-2.265	1.0
			/*	4:child_number	*/	0
			/*	4:name	*/	42M,44M,46M(ÓÒ¶Ë)-1/18b¡¯(ÍâB1,½Ó2F2)-2/LS1_1ºÅÂÝË¨-32
			/*	4:type	*/	Áã¼þ\LS1_1ºÅÂÝË¨.SLDPRT
			/*	4:location	*/	-4.34974E-17	0.997812	-0.066117	0.0	-2.34944E-16	0.066117	0.997812	0.0	1.0	5.8936E-17	2.31554E-16	0.0	-0.26849	4.27319	-2.265	1.0
			/*	4:child_number	*/	0
			/*	4:name	*/	42M,44M,46M(ÓÒ¶Ë)-1/18b¡¯(ÍâB1,½Ó2F2)-2/LS1_1ºÅÂÝË¨-33
			/*	4:type	*/	Áã¼þ\LS1_1ºÅÂÝË¨.SLDPRT
			/*	4:location	*/	-4.34974E-17	0.997812	-0.066117	0.0	-2.34944E-16	0.066117	0.997812	0.0	1.0	5.8936E-17	2.31554E-16	0.0	-0.26849	4.07319	-2.075	1.0
			/*	4:child_number	*/	0
			/*	4:name	*/	42M,44M,46M(ÓÒ¶Ë)-1/18b¡¯(ÍâB1,½Ó2F2)-2/LS1_1ºÅÂÝË¨-34
			/*	4:type	*/	Áã¼þ\LS1_1ºÅÂÝË¨.SLDPRT
			/*	4:location	*/	-4.34974E-17	0.997812	-0.066117	0.0	-2.34944E-16	0.066117	0.997812	0.0	1.0	5.8936E-17	2.31554E-16	0.0	-0.26849	4.17319	-2.075	1.0
			/*	4:child_number	*/	0
			/*	4:name	*/	42M,44M,46M(ÓÒ¶Ë)-1/18b¡¯(ÍâB1,½Ó2F2)-2/LS1_1ºÅÂÝË¨-35
			/*	4:type	*/	Áã¼þ\LS1_1ºÅÂÝË¨.SLDPRT
			/*	4:location	*/	-4.34974E-17	0.997812	-0.066117	0.0	-2.34944E-16	0.066117	0.997812	0.0	1.0	5.8936E-17	2.31554E-16	0.0	-0.26849	4.27319	-2.075	1.0
			/*	4:child_number	*/	0
			/*	4:name	*/	42M,44M,46M(ÓÒ¶Ë)-1/18b¡¯(ÍâB1,½Ó2F2)-2/LS1_1ºÅÂÝË¨-36
			/*	4:type	*/	Áã¼þ\LS1_1ºÅÂÝË¨.SLDPRT
			/*	4:location	*/	-4.34974E-17	0.997812	-0.066117	0.0	-2.34944E-16	0.066117	0.997812	0.0	1.0	5.8936E-17	2.31554E-16	0.0	-0.26849	3.75319	-2.075	1.0
			/*	4:child_number	*/	0
			/*	4:name	*/	42M,44M,46M(ÓÒ¶Ë)-1/18b¡¯(ÍâB1,½Ó2F2)-2/LS1_1ºÅÂÝË¨-37
			/*	4:type	*/	Áã¼þ\LS1_1ºÅÂÝË¨.SLDPRT
			/*	4:location	*/	-4.34974E-17	0.997812	-0.066117	0.0	-2.34944E-16	0.066117	0.997812	0.0	1.0	5.8936E-17	2.31554E-16	0.0	-0.26849	3.85319	-2.075	1.0
			/*	4:child_number	*/	0
			/*	4:name	*/	42M,44M,46M(ÓÒ¶Ë)-1/18b¡¯(ÍâB1,½Ó2F2)-2/LS1_1ºÅÂÝË¨-38
			/*	4:type	*/	Áã¼þ\LS1_1ºÅÂÝË¨.SLDPRT
			/*	4:location	*/	-4.34974E-17	0.997812	-0.066117	0.0	-2.34944E-16	0.066117	0.997812	0.0	1.0	5.8936E-17	2.31554E-16	0.0	-0.26849	3.95319	-2.075	1.0
			/*	4:child_number	*/	0
			/*	4:name	*/	42M,44M,46M(ÓÒ¶Ë)-1/18b¡¯(ÍâB1,½Ó2F2)-2/LS2_2ºÅÂÝË¨-18
			/*	4:type	*/	Áã¼þ\LS2_2ºÅÂÝË¨.SLDPRT
			/*	4:location	*/	-5.18656E-16	0.322743	-0.946487	0.0	8.17941E-17	0.946487	0.322743	0.0	1.0	8.99755E-17	-5.173E-16	0.0	-0.26849	3.66594	-1.9039	1.0
			/*	4:child_number	*/	0
			/*	4:name	*/	42M,44M,46M(ÓÒ¶Ë)-1/18b¡¯(ÍâB1,½Ó2F2)-2/LS2_2ºÅÂÝË¨-19
			/*	4:type	*/	Áã¼þ\LS2_2ºÅÂÝË¨.SLDPRT
			/*	4:location	*/	-5.10219E-16	-0.066117	-0.997812	0.0	-1.23981E-16	0.997812	-0.066117	0.0	1.0	8.99755E-17	-5.173E-16	0.0	-0.26849	3.77624	-1.80225	1.0
			/*	4:child_number	*/	0
			/*	4:name	*/	42M,44M,46M(ÓÒ¶Ë)-1/18b¡¯(ÍâB1,½Ó2F2)-2/LS2_2ºÅÂÝË¨-20
			/*	4:type	*/	Áã¼þ\LS2_2ºÅÂÝË¨.SLDPRT
			/*	4:location	*/	-3.79872E-16	-0.556165	-0.831072	0.0	-3.6248E-16	0.831072	-0.556165	0.0	1.0	8.99755E-17	-5.173E-16	0.0	-0.26849	3.69491	-1.71401	1.0
			/*	4:child_number	*/	0
			/*	4:name	*/	42M,44M,46M(ÓÒ¶Ë)-1/18b¡¯(ÍâB1,½Ó2F2)-2/LS2_2ºÅÂÝË¨-21
			/*	4:type	*/	Áã¼þ\LS2_2ºÅÂÝË¨.SLDPRT
			/*	4:location	*/	-5.10219E-16	-0.066117	-0.997812	0.0	-1.23981E-16	0.997812	-0.066117	0.0	1.0	8.99755E-17	-5.173E-16	0.0	-0.26849	3.58462	-1.81567	1.0
			/*	4:child_number	*/	0
			/*	4:name	*/	42M,44M,46M(ÓÒ¶Ë)-1/18b¡¯(ÍâB1,½Ó2F2)-2/LS2_2ºÅÂÝË¨-23
			/*	4:type	*/	Áã¼þ\LS2_2ºÅÂÝË¨.SLDPRT
			/*	4:location	*/	-5.10219E-16	-0.066117	-0.997812	0.0	-1.23981E-16	0.997812	-0.066117	0.0	1.0	8.99755E-17	-5.173E-16	0.0	-0.26849	4.25013	-1.80225	1.0
			/*	4:child_number	*/	0
			/*	4:name	*/	42M,44M,46M(ÓÒ¶Ë)-1/18b¡¯(ÍâB1,½Ó2F2)-2/LS2_2ºÅÂÝË¨-24
			/*	4:type	*/	Áã¼þ\LS2_2ºÅÂÝË¨.SLDPRT
			/*	4:location	*/	-5.10219E-16	-0.066117	-0.997812	0.0	-1.23981E-16	0.997812	-0.066117	0.0	1.0	8.99755E-17	-5.173E-16	0.0	-0.26849	4.36043	-1.9039	1.0
			/*	4:child_number	*/	0
			/*	4:name	*/	42M,44M,46M(ÓÒ¶Ë)-1/18b¡¯(ÍâB1,½Ó2F2)-2/LS2_2ºÅÂÝË¨-25
			/*	4:type	*/	Áã¼þ\LS2_2ºÅÂÝË¨.SLDPRT
			/*	4:location	*/	-5.10219E-16	-0.066117	-0.997812	0.0	-1.23981E-16	0.997812	-0.066117	0.0	1.0	8.99755E-17	-5.173E-16	0.0	-0.26849	4.33146	-1.71401	1.0
			/*	4:child_number	*/	0
			/*	4:name	*/	42M,44M,46M(ÓÒ¶Ë)-1/18b¡¯(ÍâB1,½Ó2F2)-2/LS2_2ºÅÂÝË¨-26
			/*	4:type	*/	Áã¼þ\LS2_2ºÅÂÝË¨.SLDPRT
			/*	4:location	*/	-5.10219E-16	-0.066117	-0.997812	0.0	-1.23981E-16	0.997812	-0.066117	0.0	1.0	8.99755E-17	-5.173E-16	0.0	-0.26849	4.44176	-1.81567	1.0
			/*	4:child_number	*/	0
			/*	4:name	*/	42M,44M,46M(ÓÒ¶Ë)-1/18b¡¯(ÍâB1,½Ó2F2)-2/LS3_3ºÅÂÝË¨-12
			/*	4:type	*/	Áã¼þ\LS3_3ºÅÂÝË¨.SLDPRT
			/*	4:location	*/	-5.03853E-16	0.441647	-0.897189	0.0	1.47739E-16	0.897189	0.441647	0.0	1.0	8.99755E-17	-5.173E-16	0.0	-0.26849	3.91819	-1.94	1.0
			/*	4:child_number	*/	0
			/*	4:name	*/	42M,44M,46M(ÓÒ¶Ë)-1/18b¡¯(ÍâB1,½Ó2F2)-2/LS3_3ºÅÂÝË¨-13
			/*	4:type	*/	Áã¼þ\LS3_3ºÅÂÝË¨.SLDPRT
			/*	4:location	*/	-5.03853E-16	0.441647	-0.897189	0.0	1.47739E-16	0.897189	0.441647	0.0	1.0	8.99755E-17	-5.173E-16	0.0	-0.26849	4.10819	-1.94	1.0
			/*	4:child_number	*/	0
			/*	4:name	*/	42M,44M,46M(ÓÒ¶Ë)-1/18b¡¯(ÍâB1,½Ó2F2)-2/LS3_3ºÅÂÝË¨-36
			/*	4:type	*/	Áã¼þ\LS3_3ºÅÂÝË¨.SLDPRT
			/*	4:location	*/	-5.03853E-16	0.441647	-0.897189	0.0	1.47739E-16	0.897189	0.441647	0.0	1.0	8.99755E-17	-5.173E-16	0.0	-0.26849	3.91819	-1.84	1.0
			/*	4:child_number	*/	0
			/*	4:name	*/	42M,44M,46M(ÓÒ¶Ë)-1/18b¡¯(ÍâB1,½Ó2F2)-2/LS3_3ºÅÂÝË¨-37
			/*	4:type	*/	Áã¼þ\LS3_3ºÅÂÝË¨.SLDPRT
			/*	4:location	*/	-5.03853E-16	0.441647	-0.897189	0.0	1.47739E-16	0.897189	0.441647	0.0	1.0	8.99755E-17	-5.173E-16	0.0	-0.26849	3.91819	-1.74	1.0
			/*	4:child_number	*/	0
			/*	4:name	*/	42M,44M,46M(ÓÒ¶Ë)-1/18b¡¯(ÍâB1,½Ó2F2)-2/LS3_3ºÅÂÝË¨-38
			/*	4:type	*/	Áã¼þ\LS3_3ºÅÂÝË¨.SLDPRT
			/*	4:location	*/	-5.03853E-16	0.441647	-0.897189	0.0	1.47739E-16	0.897189	0.441647	0.0	1.0	8.99755E-17	-5.173E-16	0.0	-0.26849	4.10819	-1.84	1.0
			/*	4:child_number	*/	0
			/*	4:name	*/	42M,44M,46M(ÓÒ¶Ë)-1/18b¡¯(ÍâB1,½Ó2F2)-2/LS3_3ºÅÂÝË¨-39
			/*	4:type	*/	Áã¼þ\LS3_3ºÅÂÝË¨.SLDPRT
			/*	4:location	*/	-5.03853E-16	0.441647	-0.897189	0.0	1.47739E-16	0.897189	0.441647	0.0	1.0	8.99755E-17	-5.173E-16	0.0	-0.26849	4.10819	-1.74	1.0
			/*	4:child_number	*/	0
		/*	3:name	*/	42M,44M,46M(ÓÒ¶Ë)-1/F6(ÅäÂÝÄ¸)-1
		/*	3:type	*/	°ë´©Ê½Áº\¹«¹²×é¼þ\Áº¶Ë\ÓÒ¶Ë\´øÂÝË¨Áã¼þ\F6(ÅäÂÝÄ¸).SLDASM
		/*	3:location	*/	0.940867	0.173305	0.291091	0.0	-0.287898	-0.0438566	0.956656	0.0	0.17856	-0.983891	0.00863093	0.0	3.47823	2.96815	4.9191	1.0
		/*	3:child_number	*/	31
			/*	4:name	*/	42M,44M,46M(ÓÒ¶Ë)-1/F6(ÅäÂÝÄ¸)-1/F6_¹Ò¸Ë-1
			/*	4:type	*/	Áã¼þ\F6_¹Ò¸Ë.SLDPRT
			/*	4:location	*/	1.0	0.0	1.54074E-32	0.0	-4.93038E-32	1.0	0.0	0.0	4.02519E-32	0.0	1.0	0.0	-0.0244104	-0.0143095	0.0	1.0
			/*	4:child_number	*/	0
			/*	4:name	*/	42M,44M,46M(ÓÒ¶Ë)-1/F6(ÅäÂÝÄ¸)-1/LS3_3ºÅÂÝË¨-1
			/*	4:type	*/	Áã¼þ\LS3_3ºÅÂÝË¨.SLDPRT
			/*	4:location	*/	4.00593E-32	-0.066117	0.997812	0.0	4.93038E-32	0.997812	0.066117	0.0	-1.0	-1.11022E-16	2.77556E-17	0.0	-0.18541	0.0806905	0.925	1.0
			/*	4:child_number	*/	0
			/*	4:name	*/	42M,44M,46M(ÓÒ¶Ë)-1/F6(ÅäÂÝÄ¸)-1/LS3_3ºÅÂÝË¨-2
			/*	4:type	*/	Áã¼þ\LS3_3ºÅÂÝË¨.SLDPRT
			/*	4:location	*/	4.00593E-32	-0.066117	0.997812	0.0	4.93038E-32	0.997812	0.066117	0.0	-1.0	-1.11022E-16	2.77556E-17	0.0	-0.18541	-0.10931	0.925	1.0
			/*	4:child_number	*/	0
			/*	4:name	*/	42M,44M,46M(ÓÒ¶Ë)-1/F6(ÅäÂÝÄ¸)-1/LS3_3ºÅÂÝË¨-3
			/*	4:type	*/	Áã¼þ\LS3_3ºÅÂÝË¨.SLDPRT
			/*	4:location	*/	4.00593E-32	-0.066117	0.997812	0.0	4.93038E-32	0.997812	0.066117	0.0	-1.0	-1.11022E-16	2.77556E-17	0.0	-0.18541	0.0806905	0.725	1.0
			/*	4:child_number	*/	0
			/*	4:name	*/	42M,44M,46M(ÓÒ¶Ë)-1/F6(ÅäÂÝÄ¸)-1/LS3_3ºÅÂÝË¨-4
			/*	4:type	*/	Áã¼þ\LS3_3ºÅÂÝË¨.SLDPRT
			/*	4:location	*/	4.00593E-32	-0.066117	0.997812	0.0	4.93038E-32	0.997812	0.066117	0.0	-1.0	-1.11022E-16	2.77556E-17	0.0	-0.18541	-0.10931	0.725	1.0
			/*	4:child_number	*/	0
			/*	4:name	*/	42M,44M,46M(ÓÒ¶Ë)-1/F6(ÅäÂÝÄ¸)-1/LS3_3ºÅÂÝË¨-5
			/*	4:type	*/	Áã¼þ\LS3_3ºÅÂÝË¨.SLDPRT
			/*	4:location	*/	4.00593E-32	-0.066117	0.997812	0.0	4.93038E-32	0.997812	0.066117	0.0	-1.0	-1.11022E-16	2.77556E-17	0.0	-0.18541	0.0806905	0.525	1.0
			/*	4:child_number	*/	0
			/*	4:name	*/	42M,44M,46M(ÓÒ¶Ë)-1/F6(ÅäÂÝÄ¸)-1/LS3_3ºÅÂÝË¨-6
			/*	4:type	*/	Áã¼þ\LS3_3ºÅÂÝË¨.SLDPRT
			/*	4:location	*/	4.00593E-32	-0.066117	0.997812	0.0	4.93038E-32	0.997812	0.066117	0.0	-1.0	-1.11022E-16	2.77556E-17	0.0	-0.18541	-0.10931	0.525	1.0
			/*	4:child_number	*/	0
			/*	4:name	*/	42M,44M,46M(ÓÒ¶Ë)-1/F6(ÅäÂÝÄ¸)-1/ÂÝÄ¸1-23
			/*	4:type	*/	Áã¼þ\ÂÝÄ¸1.SLDPRT
			/*	4:location	*/	0.0	0.5	-0.866025	0.0	0.0	0.866025	0.5	0.0	1.0	1.11022E-16	-2.77556E-17	0.0	-0.20441	0.0806905	1.94	1.0
			/*	4:child_number	*/	0
			/*	4:name	*/	42M,44M,46M(ÓÒ¶Ë)-1/F6(ÅäÂÝÄ¸)-1/ÂÝÄ¸1-24
			/*	4:type	*/	Áã¼þ\ÂÝÄ¸1.SLDPRT
			/*	4:location	*/	0.0	0.5	-0.866025	0.0	0.0	0.866025	0.5	0.0	1.0	1.11022E-16	-2.77556E-17	0.0	-0.20441	-0.10931	1.94	1.0
			/*	4:child_number	*/	0
			/*	4:name	*/	42M,44M,46M(ÓÒ¶Ë)-1/F6(ÅäÂÝÄ¸)-1/ÂÝÄ¸1-25
			/*	4:type	*/	Áã¼þ\ÂÝÄ¸1.SLDPRT
			/*	4:location	*/	0.0	0.5	-0.866025	0.0	0.0	0.866025	0.5	0.0	1.0	1.11022E-16	-2.77556E-17	0.0	-0.20441	0.0806905	1.84	1.0
			/*	4:child_number	*/	0
			/*	4:name	*/	42M,44M,46M(ÓÒ¶Ë)-1/F6(ÅäÂÝÄ¸)-1/ÂÝÄ¸1-26
			/*	4:type	*/	Áã¼þ\ÂÝÄ¸1.SLDPRT
			/*	4:location	*/	0.0	0.5	-0.866025	0.0	0.0	0.866025	0.5	0.0	1.0	1.11022E-16	-2.77556E-17	0.0	-0.20441	0.0806905	1.74	1.0
			/*	4:child_number	*/	0
			/*	4:name	*/	42M,44M,46M(ÓÒ¶Ë)-1/F6(ÅäÂÝÄ¸)-1/ÂÝÄ¸1-27
			/*	4:type	*/	Áã¼þ\ÂÝÄ¸1.SLDPRT
			/*	4:location	*/	0.0	0.5	-0.866025	0.0	0.0	0.866025	0.5	0.0	1.0	1.11022E-16	-2.77556E-17	0.0	-0.20441	-0.10931	1.84	1.0
			/*	4:child_number	*/	0
			/*	4:name	*/	42M,44M,46M(ÓÒ¶Ë)-1/F6(ÅäÂÝÄ¸)-1/ÂÝÄ¸1-28
			/*	4:type	*/	Áã¼þ\ÂÝÄ¸1.SLDPRT
			/*	4:location	*/	0.0	0.5	-0.866025	0.0	0.0	0.866025	0.5	0.0	1.0	1.11022E-16	-2.77556E-17	0.0	-0.20441	-0.10931	1.74	1.0
			/*	4:child_number	*/	0
			/*	4:name	*/	42M,44M,46M(ÓÒ¶Ë)-1/F6(ÅäÂÝÄ¸)-1/ÂÝÄ¸3-1
			/*	4:type	*/	Áã¼þ\ÂÝÄ¸3.SLDPRT
			/*	4:location	*/	2.46519E-32	-0.5	-0.866025	0.0	1.47911E-31	-0.866025	0.5	0.0	-1.0	-1.11022E-16	2.77556E-17	0.0	0.15559	0.0806905	-1.74	1.0
			/*	4:child_number	*/	0
			/*	4:name	*/	42M,44M,46M(ÓÒ¶Ë)-1/F6(ÅäÂÝÄ¸)-1/ÂÝÄ¸3-10
			/*	4:type	*/	Áã¼þ\ÂÝÄ¸3.SLDPRT
			/*	4:location	*/	2.46519E-32	-0.5	-0.866025	0.0	1.47911E-31	-0.866025	0.5	0.0	-1.0	-1.11022E-16	2.77556E-17	0.0	0.15559	-0.10931	1.84	1.0
			/*	4:child_number	*/	0
			/*	4:name	*/	42M,44M,46M(ÓÒ¶Ë)-1/F6(ÅäÂÝÄ¸)-1/ÂÝÄ¸3-11
			/*	4:type	*/	Áã¼þ\ÂÝÄ¸3.SLDPRT
			/*	4:location	*/	2.46519E-32	-0.5	-0.866025	0.0	1.47911E-31	-0.866025	0.5	0.0	-1.0	-1.11022E-16	2.77556E-17	0.0	0.15559	0.0806905	1.74	1.0
			/*	4:child_number	*/	0
			/*	4:name	*/	42M,44M,46M(ÓÒ¶Ë)-1/F6(ÅäÂÝÄ¸)-1/ÂÝÄ¸3-12
			/*	4:type	*/	Áã¼þ\ÂÝÄ¸3.SLDPRT
			/*	4:location	*/	2.46519E-32	-0.5	-0.866025	0.0	1.47911E-31	-0.866025	0.5	0.0	-1.0	-1.11022E-16	2.77556E-17	0.0	0.15559	-0.10931	1.74	1.0
			/*	4:child_number	*/	0
			/*	4:name	*/	42M,44M,46M(ÓÒ¶Ë)-1/F6(ÅäÂÝÄ¸)-1/ÂÝÄ¸3-17
			/*	4:type	*/	Áã¼þ\ÂÝÄ¸3.SLDPRT
			/*	4:location	*/	0.0	0.5	-0.866025	0.0	0.0	0.866025	0.5	0.0	1.0	1.11022E-16	-2.77556E-17	0.0	-0.20441	0.0806905	-1.94	1.0
			/*	4:child_number	*/	0
			/*	4:name	*/	42M,44M,46M(ÓÒ¶Ë)-1/F6(ÅäÂÝÄ¸)-1/ÂÝÄ¸3-18
			/*	4:type	*/	Áã¼þ\ÂÝÄ¸3.SLDPRT
			/*	4:location	*/	0.0	0.5	-0.866025	0.0	0.0	0.866025	0.5	0.0	1.0	1.11022E-16	-2.77556E-17	0.0	-0.20441	-0.10931	-1.94	1.0
			/*	4:child_number	*/	0
			/*	4:name	*/	42M,44M,46M(ÓÒ¶Ë)-1/F6(ÅäÂÝÄ¸)-1/ÂÝÄ¸3-19
			/*	4:type	*/	Áã¼þ\ÂÝÄ¸3.SLDPRT
			/*	4:location	*/	0.0	0.5	-0.866025	0.0	0.0	0.866025	0.5	0.0	1.0	1.11022E-16	-2.77556E-17	0.0	-0.20441	0.0806905	-1.84	1.0
			/*	4:child_number	*/	0
			/*	4:name	*/	42M,44M,46M(ÓÒ¶Ë)-1/F6(ÅäÂÝÄ¸)-1/ÂÝÄ¸3-2
			/*	4:type	*/	Áã¼þ\ÂÝÄ¸3.SLDPRT
			/*	4:location	*/	2.46519E-32	-0.5	-0.866025	0.0	1.47911E-31	-0.866025	0.5	0.0	-1.0	-1.11022E-16	2.77556E-17	0.0	0.15559	-0.10931	-1.74	1.0
			/*	4:child_number	*/	0
			/*	4:name	*/	42M,44M,46M(ÓÒ¶Ë)-1/F6(ÅäÂÝÄ¸)-1/ÂÝÄ¸3-20
			/*	4:type	*/	Áã¼þ\ÂÝÄ¸3.SLDPRT
			/*	4:location	*/	0.0	0.5	-0.866025	0.0	0.0	0.866025	0.5	0.0	1.0	1.11022E-16	-2.77556E-17	0.0	-0.20441	-0.10931	-1.84	1.0
			/*	4:child_number	*/	0
			/*	4:name	*/	42M,44M,46M(ÓÒ¶Ë)-1/F6(ÅäÂÝÄ¸)-1/ÂÝÄ¸3-21
			/*	4:type	*/	Áã¼þ\ÂÝÄ¸3.SLDPRT
			/*	4:location	*/	0.0	0.5	-0.866025	0.0	0.0	0.866025	0.5	0.0	1.0	1.11022E-16	-2.77556E-17	0.0	-0.20441	0.0806905	-1.74	1.0
			/*	4:child_number	*/	0
			/*	4:name	*/	42M,44M,46M(ÓÒ¶Ë)-1/F6(ÅäÂÝÄ¸)-1/ÂÝÄ¸3-22
			/*	4:type	*/	Áã¼þ\ÂÝÄ¸3.SLDPRT
			/*	4:location	*/	0.0	0.5	-0.866025	0.0	0.0	0.866025	0.5	0.0	1.0	1.11022E-16	-2.77556E-17	0.0	-0.20441	-0.10931	-1.74	1.0
			/*	4:child_number	*/	0
			/*	4:name	*/	42M,44M,46M(ÓÒ¶Ë)-1/F6(ÅäÂÝÄ¸)-1/ÂÝÄ¸3-3
			/*	4:type	*/	Áã¼þ\ÂÝÄ¸3.SLDPRT
			/*	4:location	*/	2.46519E-32	-0.5	-0.866025	0.0	1.47911E-31	-0.866025	0.5	0.0	-1.0	-1.11022E-16	2.77556E-17	0.0	0.15559	0.0806905	-1.84	1.0
			/*	4:child_number	*/	0
			/*	4:name	*/	42M,44M,46M(ÓÒ¶Ë)-1/F6(ÅäÂÝÄ¸)-1/ÂÝÄ¸3-4
			/*	4:type	*/	Áã¼þ\ÂÝÄ¸3.SLDPRT
			/*	4:location	*/	2.46519E-32	-0.5	-0.866025	0.0	1.47911E-31	-0.866025	0.5	0.0	-1.0	-1.11022E-16	2.77556E-17	0.0	0.15559	-0.10931	-1.84	1.0
			/*	4:child_number	*/	0
			/*	4:name	*/	42M,44M,46M(ÓÒ¶Ë)-1/F6(ÅäÂÝÄ¸)-1/ÂÝÄ¸3-5
			/*	4:type	*/	Áã¼þ\ÂÝÄ¸3.SLDPRT
			/*	4:location	*/	2.46519E-32	-0.5	-0.866025	0.0	1.47911E-31	-0.866025	0.5	0.0	-1.0	-1.11022E-16	2.77556E-17	0.0	0.15559	0.0806905	-1.94	1.0
			/*	4:child_number	*/	0
			/*	4:name	*/	42M,44M,46M(ÓÒ¶Ë)-1/F6(ÅäÂÝÄ¸)-1/ÂÝÄ¸3-6
			/*	4:type	*/	Áã¼þ\ÂÝÄ¸3.SLDPRT
			/*	4:location	*/	2.46519E-32	-0.5	-0.866025	0.0	1.47911E-31	-0.866025	0.5	0.0	-1.0	-1.11022E-16	2.77556E-17	0.0	0.15559	-0.10931	-1.94	1.0
			/*	4:child_number	*/	0
			/*	4:name	*/	42M,44M,46M(ÓÒ¶Ë)-1/F6(ÅäÂÝÄ¸)-1/ÂÝÄ¸3-7
			/*	4:type	*/	Áã¼þ\ÂÝÄ¸3.SLDPRT
			/*	4:location	*/	2.46519E-32	-0.5	-0.866025	0.0	1.47911E-31	-0.866025	0.5	0.0	-1.0	-1.11022E-16	2.77556E-17	0.0	0.15559	0.0806905	1.94	1.0
			/*	4:child_number	*/	0
			/*	4:name	*/	42M,44M,46M(ÓÒ¶Ë)-1/F6(ÅäÂÝÄ¸)-1/ÂÝÄ¸3-8
			/*	4:type	*/	Áã¼þ\ÂÝÄ¸3.SLDPRT
			/*	4:location	*/	2.46519E-32	-0.5	-0.866025	0.0	1.47911E-31	-0.866025	0.5	0.0	-1.0	-1.11022E-16	2.77556E-17	0.0	0.15559	-0.10931	1.94	1.0
			/*	4:child_number	*/	0
			/*	4:name	*/	42M,44M,46M(ÓÒ¶Ë)-1/F6(ÅäÂÝÄ¸)-1/ÂÝÄ¸3-9
			/*	4:type	*/	Áã¼þ\ÂÝÄ¸3.SLDPRT
			/*	4:location	*/	2.46519E-32	-0.5	-0.866025	0.0	1.47911E-31	-0.866025	0.5	0.0	-1.0	-1.11022E-16	2.77556E-17	0.0	0.15559	0.0806905	1.84	1.0
			/*	4:child_number	*/	0
		/*	3:name	*/	42M,44M,46M(ÓÒ¶Ë)-1/F6(ÅäÂÝÄ¸)-2
		/*	3:type	*/	°ë´©Ê½Áº\¹«¹²×é¼þ\Áº¶Ë\ÓÒ¶Ë\´øÂÝË¨Áã¼þ\F6(ÅäÂÝÄ¸).SLDASM
		/*	3:location	*/	-0.940867	-0.173305	-0.291091	0.0	0.287898	0.0438566	-0.956656	0.0	0.17856	-0.983891	0.00863093	0.0	-1.62886	2.02717	3.30911	1.0
		/*	3:child_number	*/	31
			/*	4:name	*/	42M,44M,46M(ÓÒ¶Ë)-1/F6(ÅäÂÝÄ¸)-2/F6_¹Ò¸Ë-1
			/*	4:type	*/	Áã¼þ\F6_¹Ò¸Ë.SLDPRT
			/*	4:location	*/	1.0	0.0	6.77927E-32	0.0	0.0	1.0	5.04871E-29	0.0	-3.11038E-32	-5.04871E-29	1.0	0.0	-0.0244104	-0.0143095	-4.44089E-16	1.0
			/*	4:child_number	*/	0
			/*	4:name	*/	42M,44M,46M(ÓÒ¶Ë)-1/F6(ÅäÂÝÄ¸)-2/LS3_3ºÅÂÝË¨-1
			/*	4:type	*/	Áã¼þ\LS3_3ºÅÂÝË¨.SLDPRT
			/*	4:location	*/	-1.84889E-32	-0.066117	0.997812	0.0	9.86076E-32	0.997812	0.066117	0.0	-1.0	0.0	-6.77927E-32	0.0	-0.18541	0.0806905	0.925	1.0
			/*	4:child_number	*/	0
			/*	4:name	*/	42M,44M,46M(ÓÒ¶Ë)-1/F6(ÅäÂÝÄ¸)-2/LS3_3ºÅÂÝË¨-2
			/*	4:type	*/	Áã¼þ\LS3_3ºÅÂÝË¨.SLDPRT
			/*	4:location	*/	-1.84889E-32	-0.066117	0.997812	0.0	9.86076E-32	0.997812	0.066117	0.0	-1.0	0.0	-6.77927E-32	0.0	-0.18541	-0.10931	0.925	1.0
			/*	4:child_number	*/	0
			/*	4:name	*/	42M,44M,46M(ÓÒ¶Ë)-1/F6(ÅäÂÝÄ¸)-2/LS3_3ºÅÂÝË¨-3
			/*	4:type	*/	Áã¼þ\LS3_3ºÅÂÝË¨.SLDPRT
			/*	4:location	*/	-1.84889E-32	-0.066117	0.997812	0.0	9.86076E-32	0.997812	0.066117	0.0	-1.0	0.0	-6.77927E-32	0.0	-0.18541	0.0806905	0.725	1.0
			/*	4:child_number	*/	0
			/*	4:name	*/	42M,44M,46M(ÓÒ¶Ë)-1/F6(ÅäÂÝÄ¸)-2/LS3_3ºÅÂÝË¨-4
			/*	4:type	*/	Áã¼þ\LS3_3ºÅÂÝË¨.SLDPRT
			/*	4:location	*/	-1.84889E-32	-0.066117	0.997812	0.0	9.86076E-32	0.997812	0.066117	0.0	-1.0	0.0	-6.77927E-32	0.0	-0.18541	-0.10931	0.725	1.0
			/*	4:child_number	*/	0
			/*	4:name	*/	42M,44M,46M(ÓÒ¶Ë)-1/F6(ÅäÂÝÄ¸)-2/LS3_3ºÅÂÝË¨-5
			/*	4:type	*/	Áã¼þ\LS3_3ºÅÂÝË¨.SLDPRT
			/*	4:location	*/	-1.84889E-32	-0.066117	0.997812	0.0	9.86076E-32	0.997812	0.066117	0.0	-1.0	0.0	-6.77927E-32	0.0	-0.18541	0.0806905	0.525	1.0
			/*	4:child_number	*/	0
			/*	4:name	*/	42M,44M,46M(ÓÒ¶Ë)-1/F6(ÅäÂÝÄ¸)-2/LS3_3ºÅÂÝË¨-6
			/*	4:type	*/	Áã¼þ\LS3_3ºÅÂÝË¨.SLDPRT
			/*	4:location	*/	-1.84889E-32	-0.066117	0.997812	0.0	9.86076E-32	0.997812	0.066117	0.0	-1.0	0.0	-6.77927E-32	0.0	-0.18541	-0.10931	0.525	1.0
			/*	4:child_number	*/	0
			/*	4:name	*/	42M,44M,46M(ÓÒ¶Ë)-1/F6(ÅäÂÝÄ¸)-2/ÂÝÄ¸1-23
			/*	4:type	*/	Áã¼þ\ÂÝÄ¸1.SLDPRT
			/*	4:location	*/	9.86076E-32	0.5	-0.866025	0.0	1.47911E-31	0.866025	0.5	0.0	1.0	0.0	6.77927E-32	0.0	-0.20441	0.0806905	1.94	1.0
			/*	4:child_number	*/	0
			/*	4:name	*/	42M,44M,46M(ÓÒ¶Ë)-1/F6(ÅäÂÝÄ¸)-2/ÂÝÄ¸1-24
			/*	4:type	*/	Áã¼þ\ÂÝÄ¸1.SLDPRT
			/*	4:location	*/	9.86076E-32	0.5	-0.866025	0.0	1.47911E-31	0.866025	0.5	0.0	1.0	0.0	6.77927E-32	0.0	-0.20441	-0.10931	1.94	1.0
			/*	4:child_number	*/	0
			/*	4:name	*/	42M,44M,46M(ÓÒ¶Ë)-1/F6(ÅäÂÝÄ¸)-2/ÂÝÄ¸1-25
			/*	4:type	*/	Áã¼þ\ÂÝÄ¸1.SLDPRT
			/*	4:location	*/	9.86076E-32	0.5	-0.866025	0.0	1.47911E-31	0.866025	0.5	0.0	1.0	0.0	6.77927E-32	0.0	-0.20441	0.0806905	1.84	1.0
			/*	4:child_number	*/	0
			/*	4:name	*/	42M,44M,46M(ÓÒ¶Ë)-1/F6(ÅäÂÝÄ¸)-2/ÂÝÄ¸1-26
			/*	4:type	*/	Áã¼þ\ÂÝÄ¸1.SLDPRT
			/*	4:location	*/	9.86076E-32	0.5	-0.866025	0.0	1.47911E-31	0.866025	0.5	0.0	1.0	0.0	6.77927E-32	0.0	-0.20441	0.0806905	1.74	1.0
			/*	4:child_number	*/	0
			/*	4:name	*/	42M,44M,46M(ÓÒ¶Ë)-1/F6(ÅäÂÝÄ¸)-2/ÂÝÄ¸1-27
			/*	4:type	*/	Áã¼þ\ÂÝÄ¸1.SLDPRT
			/*	4:location	*/	9.86076E-32	0.5	-0.866025	0.0	1.47911E-31	0.866025	0.5	0.0	1.0	0.0	6.77927E-32	0.0	-0.20441	-0.10931	1.84	1.0
			/*	4:child_number	*/	0
			/*	4:name	*/	42M,44M,46M(ÓÒ¶Ë)-1/F6(ÅäÂÝÄ¸)-2/ÂÝÄ¸1-28
			/*	4:type	*/	Áã¼þ\ÂÝÄ¸1.SLDPRT
			/*	4:location	*/	9.86076E-32	0.5	-0.866025	0.0	1.47911E-31	0.866025	0.5	0.0	1.0	0.0	6.77927E-32	0.0	-0.20441	-0.10931	1.74	1.0
			/*	4:child_number	*/	0
			/*	4:name	*/	42M,44M,46M(ÓÒ¶Ë)-1/F6(ÅäÂÝÄ¸)-2/ÂÝÄ¸3-1
			/*	4:type	*/	Áã¼þ\ÂÝÄ¸3.SLDPRT
			/*	4:location	*/	-9.86076E-32	-0.5	-0.866025	0.0	-9.86076E-32	-0.866025	0.5	0.0	-1.0	0.0	-6.77927E-32	0.0	0.15559	0.0806905	-1.74	1.0
			/*	4:child_number	*/	0
			/*	4:name	*/	42M,44M,46M(ÓÒ¶Ë)-1/F6(ÅäÂÝÄ¸)-2/ÂÝÄ¸3-10
			/*	4:type	*/	Áã¼þ\ÂÝÄ¸3.SLDPRT
			/*	4:location	*/	-9.86076E-32	-0.5	-0.866025	0.0	-9.86076E-32	-0.866025	0.5	0.0	-1.0	0.0	-6.77927E-32	0.0	0.15559	-0.10931	1.84	1.0
			/*	4:child_number	*/	0
			/*	4:name	*/	42M,44M,46M(ÓÒ¶Ë)-1/F6(ÅäÂÝÄ¸)-2/ÂÝÄ¸3-11
			/*	4:type	*/	Áã¼þ\ÂÝÄ¸3.SLDPRT
			/*	4:location	*/	-9.86076E-32	-0.5	-0.866025	0.0	-9.86076E-32	-0.866025	0.5	0.0	-1.0	0.0	-6.77927E-32	0.0	0.15559	0.0806905	1.74	1.0
			/*	4:child_number	*/	0
			/*	4:name	*/	42M,44M,46M(ÓÒ¶Ë)-1/F6(ÅäÂÝÄ¸)-2/ÂÝÄ¸3-12
			/*	4:type	*/	Áã¼þ\ÂÝÄ¸3.SLDPRT
			/*	4:location	*/	-9.86076E-32	-0.5	-0.866025	0.0	-9.86076E-32	-0.866025	0.5	0.0	-1.0	0.0	-6.77927E-32	0.0	0.15559	-0.10931	1.74	1.0
			/*	4:child_number	*/	0
			/*	4:name	*/	42M,44M,46M(ÓÒ¶Ë)-1/F6(ÅäÂÝÄ¸)-2/ÂÝÄ¸3-17
			/*	4:type	*/	Áã¼þ\ÂÝÄ¸3.SLDPRT
