

/*	1:名称	*/	26.72米鱼腹式拆装梁
/*	1:类型	*/	两片拆装式桁梁\26.72米鱼腹式拆装梁.SLDASM
/*	1:位置	*/	1    0    0    0    0    1    0    0    0    0    1    0    0    0    0    1    
/*	1:子节点数	*/	16

        /*	2:名称	*/	下平联的一根10甲平联斜杆-2
        /*	2:类型	*/	两片拆装式桁梁\上下平联组合\下平联的一根10甲平联斜杆.SLDASM
        /*	2:位置	*/	0.707107    -5.69719e-014    0.707107    0    0.707107    -5.79465e-014    -0.707107    0    8.12595e-014    1    -6.89127e-016    0    -9.00162    0.0356986    1.37105    1    
        /*	2:子节点数	*/	9

                /*	3:名称	*/	下平联的一根10甲平联斜杆-2/平联斜杆_编号_10甲_原编号_10-2
                /*	3:类型	*/	基本杆件\平联斜杆_编号_10甲_原编号_10.SLDPRT
                /*	3:位置	*/	1    0    0    0    0    1    6.90253e-031    0    -5.52203e-030    -6.40949e-030    1    0    0    1.77636e-015    0    1    
                /*	3:子节点数	*/	0

                /*	3:名称	*/	下平联的一根10甲平联斜杆-2/螺栓_29甲-1
                /*	3:类型	*/	基本杆件\螺栓_29甲.SLDPRT
                /*	3:位置	*/	-0.0424734    -0.999098    -1.5087e-029    0    -0.999098    0.0424734    5.81785e-030    0    5.52203e-030    6.40949e-030    -1    0    -1.09    0.04    0.025    1    
                /*	3:子节点数	*/	0

                /*	3:名称	*/	下平联的一根10甲平联斜杆-2/螺栓_29甲-2
                /*	3:类型	*/	基本杆件\螺栓_29甲.SLDPRT
                /*	3:位置	*/	-0.0424734    -0.999098    -1.49884e-029    0    -0.999098    0.0424734    -6.80393e-030    0    -2.36658e-030    2.69199e-029    -1    0    -1.17    0.04    0.025    1    
                /*	3:子节点数	*/	0

                /*	3:名称	*/	下平联的一根10甲平联斜杆-2/螺栓_29甲-3
                /*	3:类型	*/	基本杆件\螺栓_29甲.SLDPRT
                /*	3:位置	*/	-0.0424734    -0.999098    -1.49884e-029    0    -0.999098    0.0424734    -6.80393e-030    0    -2.36658e-030    2.69199e-029    -1    0    1.09    0.04    0.025    1    
                /*	3:子节点数	*/	0

                /*	3:名称	*/	下平联的一根10甲平联斜杆-2/螺栓_29甲-4
                /*	3:类型	*/	基本杆件\螺栓_29甲.SLDPRT
                /*	3:位置	*/	-0.0424734    -0.999098    -1.5087e-029    0    -0.999098    0.0424734    5.81785e-030    0    5.52203e-030    6.40949e-030    -1    0    1.17    0.04    0.025    1    
                /*	3:子节点数	*/	0

                /*	3:名称	*/	下平联的一根10甲平联斜杆-2/螺母_1-1
                /*	3:类型	*/	基本杆件\螺母_1.SLDPRT
                /*	3:位置	*/	0.536332    0.844007    -1.47911e-030    0    -0.844007    0.536332    3.54987e-030    0    7.19836e-030    -6.5081e-030    1    0    -1.09    0.04    -0.0675    1    
                /*	3:子节点数	*/	0

                /*	3:名称	*/	下平联的一根10甲平联斜杆-2/螺母_1-2
                /*	3:类型	*/	基本杆件\螺母_1.SLDPRT
                /*	3:位置	*/	0.536332    0.844007    -1.41995e-029    0    -0.844007    0.536332    3.45127e-030    0    1.27204e-029    5.91646e-031    1    0    -1.17    0.04    -0.0675    1    
                /*	3:子节点数	*/	0

                /*	3:名称	*/	下平联的一根10甲平联斜杆-2/螺母_1-3
                /*	3:类型	*/	基本杆件\螺母_1.SLDPRT
                /*	3:位置	*/	0.536332    0.844007    -1.41995e-029    0    -0.844007    0.536332    3.45127e-030    0    1.27204e-029    5.91646e-031    1    0    1.09    0.04    -0.0675    1    
                /*	3:子节点数	*/	0

                /*	3:名称	*/	下平联的一根10甲平联斜杆-2/螺母_1-4
                /*	3:类型	*/	基本杆件\螺母_1.SLDPRT
                /*	3:位置	*/	0.536332    0.844007    -1.47911e-030    0    -0.844007    0.536332    3.54987e-030    0    7.19836e-030    -6.5081e-030    1    0    1.17    0.04    -0.0675    1    
                /*	3:子节点数	*/	0

        /*	2:名称	*/	两片梁26.00米-1
        /*	2:类型	*/	两片拆装式桁梁\桥梁中部组合装配体\两片梁26.00米.SLDASM
        /*	2:位置	*/	1    0    0    0    0    1    0    0    0    0    1    0    -2.93184    0.372153    1.29425    1    
        /*	2:子节点数	*/	31

                /*	3:名称	*/	两片梁26.00米-1/上弦501弦杆及四个8甲立杆的组合-1
                /*	3:类型	*/	两片拆装式桁梁\拼装单元\上弦501弦杆及四个8甲立杆的组合.SLDASM
                /*	3:位置	*/	1    0    0    0    0    1    0    0    0    0    1    0    -0.35581    2.17611    1.02788    1    
                /*	3:子节点数	*/	6

                        /*	4:名称	*/	两片梁26.00米-1/上弦501弦杆及四个8甲立杆的组合-1/上平联交叉的两根10甲平联斜杆-1
                        /*	4:类型	*/	两片拆装式桁梁\上下平联组合\上平联交叉的两根10甲平联斜杆.SLDASM
                        /*	4:位置	*/	0.707107    5.1028e-016    -0.707107    0    0.707107    5.1028e-016    0.707107    0    7.21645e-016    -1    4.02998e-031    0    0.28603    -0.378067    -1.00769    1    
                        /*	4:子节点数	*/	29

                                /*	5:名称	*/	两片梁26.00米-1/上弦501弦杆及四个8甲立杆的组合-1/上平联交叉的两根10甲平联斜杆-1/平联斜杆_编号_10甲_原编号_10-1
                                /*	5:类型	*/	基本杆件\平联斜杆_编号_10甲_原编号_10.SLDPRT
                                /*	5:位置	*/	1    0    4.37906e-047    0    0    1    -3.7222e-045    0    1.08599e-032    -1.08599e-032    1    0    -8.88178e-016    0    0    1    
                                /*	5:子节点数	*/	0

                                /*	5:名称	*/	两片梁26.00米-1/上弦501弦杆及四个8甲立杆的组合-1/上平联交叉的两根10甲平联斜杆-1/平联斜杆_编号_10甲_原编号_10-2
                                /*	5:类型	*/	基本杆件\平联斜杆_编号_10甲_原编号_10.SLDPRT
                                /*	5:位置	*/	9.10383e-015    1    -4.39957e-017    0    1    -9.10383e-015    -1.8561e-017    0    -1.8561e-017    -4.39957e-017    -1    0    -0.04    0.04    -0.014    1    
                                /*	5:子节点数	*/	0

                                /*	5:名称	*/	两片梁26.00米-1/上弦501弦杆及四个8甲立杆的组合-1/上平联交叉的两根10甲平联斜杆-1/横联交叉填板_编号_253_原编号_103-1
                                /*	5:类型	*/	基本杆件\横联交叉填板_编号_253_原编号_103.SLDPRT
                                /*	5:位置	*/	-0.707107    -0.707107    4.42359e-017    0    0.707107    -0.707107    1.79826e-017    0    1.85639e-017    4.39951e-017    1    0    -4.44089e-016    0.04    -0.014    1    
                                /*	5:子节点数	*/	0

                                /*	5:名称	*/	两片梁26.00米-1/上弦501弦杆及四个8甲立杆的组合-1/上平联交叉的两根10甲平联斜杆-1/螺栓_29甲-1
                                /*	5:类型	*/	基本杆件\螺栓_29甲.SLDPRT
                                /*	5:位置	*/	-0.999098    -0.0424734    1.28315e-032    0    0.0424734    -0.999098    1.22976e-032    0    5.10983e-031    -7.08198e-031    1    0    -1.06581e-014    -1.05    -0.039    1    
                                /*	5:子节点数	*/	0

                                /*	5:名称	*/	两片梁26.00米-1/上弦501弦杆及四个8甲立杆的组合-1/上平联交叉的两根10甲平联斜杆-1/螺栓_29甲-10
                                /*	5:类型	*/	基本杆件\螺栓_29甲.SLDPRT
                                /*	5:位置	*/	-0.999098    -0.0424734    -2.43854e-017    0    0.0424734    -0.999098    2.65386e-017    0    -2.54906e-017    2.54789e-017    1    0    -1.77636e-015    -0.12    -0.039    1    
                                /*	5:子节点数	*/	0

                                /*	5:名称	*/	两片梁26.00米-1/上弦501弦杆及四个8甲立杆的组合-1/上平联交叉的两根10甲平联斜杆-1/螺栓_29甲-12
                                /*	5:类型	*/	基本杆件\螺栓_29甲.SLDPRT
                                /*	5:位置	*/	-0.999098    -0.0424734    -2.43854e-017    0    0.0424734    -0.999098    2.65386e-017    0    -2.54906e-017    2.54789e-017    1    0    8.88178e-016    0.2    -0.039    1    
                                /*	5:子节点数	*/	0

                                /*	5:名称	*/	两片梁26.00米-1/上弦501弦杆及四个8甲立杆的组合-1/上平联交叉的两根10甲平联斜杆-1/螺栓_29甲-13
                                /*	5:类型	*/	基本杆件\螺栓_29甲.SLDPRT
                                /*	5:位置	*/	0.886481    -0.462766    4.70744e-033    0    0.462766    0.886481    -1.25345e-031    0    1.08599e-032    -1.08599e-032    1    0    -0.16    0.04    -0.031    1    
                                /*	5:子节点数	*/	0

                                /*	5:名称	*/	两片梁26.00米-1/上弦501弦杆及四个8甲立杆的组合-1/上平联交叉的两根10甲平联斜杆-1/螺栓_29甲-14
                                /*	5:类型	*/	基本杆件\螺栓_29甲.SLDPRT
                                /*	5:位置	*/	0.886481    -0.462766    4.70744e-033    0    0.462766    0.886481    -1.25345e-031    0    1.08599e-032    -1.08599e-032    1    0    0.16    0.04    -0.031    1    
                                /*	5:子节点数	*/	0

                                /*	5:名称	*/	两片梁26.00米-1/上弦501弦杆及四个8甲立杆的组合-1/上平联交叉的两根10甲平联斜杆-1/螺栓_29甲-2
                                /*	5:类型	*/	基本杆件\螺栓_29甲.SLDPRT
                                /*	5:位置	*/	-0.999098    -0.0424734    1.28315e-032    0    0.0424734    -0.999098    1.22976e-032    0    5.10983e-031    -7.08198e-031    1    0    -1.11022e-014    -1.13    -0.039    1    
                                /*	5:子节点数	*/	0

                                /*	5:名称	*/	两片梁26.00米-1/上弦501弦杆及四个8甲立杆的组合-1/上平联交叉的两根10甲平联斜杆-1/螺栓_29甲-3
                                /*	5:类型	*/	基本杆件\螺栓_29甲.SLDPRT
                                /*	5:位置	*/	-0.999098    -0.0424734    1.28315e-032    0    0.0424734    -0.999098    1.22976e-032    0    5.10983e-031    -7.08198e-031    1    0    7.54952e-015    1.13    -0.039    1    
                                /*	5:子节点数	*/	0

                                /*	5:名称	*/	两片梁26.00米-1/上弦501弦杆及四个8甲立杆的组合-1/上平联交叉的两根10甲平联斜杆-1/螺栓_29甲-4
                                /*	5:类型	*/	基本杆件\螺栓_29甲.SLDPRT
                                /*	5:位置	*/	-0.999098    -0.0424734    1.28315e-032    0    0.0424734    -0.999098    1.22976e-032    0    5.10983e-031    -7.08198e-031    1    0    8.43769e-015    1.21    -0.039    1    
                                /*	5:子节点数	*/	0

                                /*	5:名称	*/	两片梁26.00米-1/上弦501弦杆及四个8甲立杆的组合-1/上平联交叉的两根10甲平联斜杆-1/螺栓_29甲-5
                                /*	5:类型	*/	基本杆件\螺栓_29甲.SLDPRT
                                /*	5:位置	*/	0.886481    -0.462766    2.93593e-032    0    0.462766    0.886481    -1.25345e-031    0    4.58688e-031    -5.57296e-031    1    0    1.17    0.04    -0.0285    1    
                                /*	5:子节点数	*/	0

                                /*	5:名称	*/	两片梁26.00米-1/上弦501弦杆及四个8甲立杆的组合-1/上平联交叉的两根10甲平联斜杆-1/螺栓_29甲-6
                                /*	5:类型	*/	基本杆件\螺栓_29甲.SLDPRT
                                /*	5:位置	*/	0.886481    -0.462766    2.93593e-032    0    0.462766    0.886481    -1.25345e-031    0    4.58688e-031    -5.57296e-031    1    0    1.09    0.04    -0.0285    1    
                                /*	5:子节点数	*/	0

                                /*	5:名称	*/	两片梁26.00米-1/上弦501弦杆及四个8甲立杆的组合-1/上平联交叉的两根10甲平联斜杆-1/螺栓_29甲-7
                                /*	5:类型	*/	基本杆件\螺栓_29甲.SLDPRT
                                /*	5:位置	*/	0.886481    -0.462766    2.93593e-032    0    0.462766    0.886481    -1.25345e-031    0    4.58688e-031    -5.57296e-031    1    0    -1.09    0.04    -0.0285    1    
                                /*	5:子节点数	*/	0

                                /*	5:名称	*/	两片梁26.00米-1/上弦501弦杆及四个8甲立杆的组合-1/上平联交叉的两根10甲平联斜杆-1/螺栓_29甲-8
                                /*	5:类型	*/	基本杆件\螺栓_29甲.SLDPRT
                                /*	5:位置	*/	0.886481    -0.462766    2.93593e-032    0    0.462766    0.886481    -1.25345e-031    0    4.58688e-031    -5.57296e-031    1    0    -1.17    0.04    -0.0285    1    
                                /*	5:子节点数	*/	0

                                /*	5:名称	*/	两片梁26.00米-1/上弦501弦杆及四个8甲立杆的组合-1/上平联交叉的两根10甲平联斜杆-1/螺栓_29甲-9
                                /*	5:类型	*/	基本杆件\螺栓_29甲.SLDPRT
                                /*	5:位置	*/	-0.999098    -0.0424734    -1.98698e-020    0    0.0424734    -0.999098    -1.34173e-020    0    -1.9282e-020    -1.42491e-020    1    0    4.44089e-016    0.04    -0.039    1    
                                /*	5:子节点数	*/	0

                                /*	5:名称	*/	两片梁26.00米-1/上弦501弦杆及四个8甲立杆的组合-1/上平联交叉的两根10甲平联斜杆-1/螺母_1-1
                                /*	5:类型	*/	基本杆件\螺母_1.SLDPRT
                                /*	5:位置	*/	0.844007    0.536332    -1.06198e-031    0    0.536332    -0.844007    1.39054e-032    0    8.77477e-032    1.08599e-032    -1    0    -1.11022e-014    -1.05    0.0535    1    
                                /*	5:子节点数	*/	0

                                /*	5:名称	*/	两片梁26.00米-1/上弦501弦杆及四个8甲立杆的组合-1/上平联交叉的两根10甲平联斜杆-1/螺母_1-10
                                /*	5:类型	*/	基本杆件\螺母_1.SLDPRT
                                /*	5:位置	*/	-0.0424734    0.999098    5.26081e-016    0    0.999098    0.0424734    1.05827e-015    0    1.03497e-015    5.70554e-016    -1    0    -2.22045e-015    -0.12    0.056    1    
                                /*	5:子节点数	*/	0

                                /*	5:名称	*/	两片梁26.00米-1/上弦501弦杆及四个8甲立杆的组合-1/上平联交叉的两根10甲平联斜杆-1/螺母_1-12
                                /*	5:类型	*/	基本杆件\螺母_1.SLDPRT
                                /*	5:位置	*/	-0.0424734    0.999098    5.26081e-016    0    0.999098    0.0424734    1.05827e-015    0    1.03497e-015    5.70554e-016    -1    0    8.88178e-016    0.2    0.056    1    
                                /*	5:子节点数	*/	0

                                /*	5:名称	*/	两片梁26.00米-1/上弦501弦杆及四个8甲立杆的组合-1/上平联交叉的两根10甲平联斜杆-1/螺母_1-13
                                /*	5:类型	*/	基本杆件\螺母_1.SLDPRT
                                /*	5:位置	*/	-0.999098    -0.0424734    1.01439e-016    0    -0.0424734    0.999098    -1.31381e-017    0    -1.0079e-016    -1.74347e-017    -1    0    0.16    0.04    0.064    1    
                                /*	5:子节点数	*/	0

                                /*	5:名称	*/	两片梁26.00米-1/上弦501弦杆及四个8甲立杆的组合-1/上平联交叉的两根10甲平联斜杆-1/螺母_1-14
                                /*	5:类型	*/	基本杆件\螺母_1.SLDPRT
                                /*	5:位置	*/	-0.999098    -0.0424734    1.01439e-016    0    -0.0424734    0.999098    -1.31381e-017    0    -1.0079e-016    -1.74347e-017    -1    0    -0.16    0.04    0.064    1    
                                /*	5:子节点数	*/	0

                                /*	5:名称	*/	两片梁26.00米-1/上弦501弦杆及四个8甲立杆的组合-1/上平联交叉的两根10甲平联斜杆-1/螺母_1-2
                                /*	5:类型	*/	基本杆件\螺母_1.SLDPRT
                                /*	5:位置	*/	0.844007    0.536332    -2.04805e-031    0    0.536332    -0.844007    3.85573e-032    0    -5.92159e-031    5.92159e-031    -1    0    -1.15463e-014    -1.13    0.0535    1    
                                /*	5:子节点数	*/	0

                                /*	5:名称	*/	两片梁26.00米-1/上弦501弦杆及四个8甲立杆的组合-1/上平联交叉的两根10甲平联斜杆-1/螺母_1-3
                                /*	5:类型	*/	基本杆件\螺母_1.SLDPRT
                                /*	5:位置	*/	0.844007    0.536332    -2.04805e-031    0    0.536332    -0.844007    3.85573e-032    0    -5.92159e-031    5.92159e-031    -1    0    7.54952e-015    1.13    0.0535    1    
                                /*	5:子节点数	*/	0

                                /*	5:名称	*/	两片梁26.00米-1/上弦501弦杆及四个8甲立杆的组合-1/上平联交叉的两根10甲平联斜杆-1/螺母_1-4
                                /*	5:类型	*/	基本杆件\螺母_1.SLDPRT
                                /*	5:位置	*/	0.844007    0.536332    -1.06198e-031    0    0.536332    -0.844007    1.39054e-032    0    8.77477e-032    1.08599e-032    -1    0    8.43769e-015    1.21    0.0535    1    
                                /*	5:子节点数	*/	0

                                /*	5:名称	*/	两片梁26.00米-1/上弦501弦杆及四个8甲立杆的组合-1/上平联交叉的两根10甲平联斜杆-1/螺母_1-5
                                /*	5:类型	*/	基本杆件\螺母_1.SLDPRT
                                /*	5:位置	*/	-0.999098    -0.0424734    1.28315e-032    0    -0.0424734    0.999098    -1.22976e-032    0    -4.7612e-031    5.74727e-031    -1    0    1.17    0.04    0.064    1    
                                /*	5:子节点数	*/	0

                                /*	5:名称	*/	两片梁26.00米-1/上弦501弦杆及四个8甲立杆的组合-1/上平联交叉的两根10甲平联斜杆-1/螺母_1-6
                                /*	5:类型	*/	基本杆件\螺母_1.SLDPRT
                                /*	5:位置	*/	-0.999098    -0.0424734    1.28315e-032    0    -0.0424734    0.999098    -1.22976e-032    0    -4.7612e-031    5.74727e-031    -1    0    1.09    0.04    0.064    1    
                                /*	5:子节点数	*/	0

                                /*	5:名称	*/	两片梁26.00米-1/上弦501弦杆及四个8甲立杆的组合-1/上平联交叉的两根10甲平联斜杆-1/螺母_1-7
                                /*	5:类型	*/	基本杆件\螺母_1.SLDPRT
                                /*	5:位置	*/	-0.999098    -0.0424734    1.28315e-032    0    -0.0424734    0.999098    -1.22976e-032    0    -4.7612e-031    5.74727e-031    -1    0    -1.09    0.04    0.064    1    
                                /*	5:子节点数	*/	0

                                /*	5:名称	*/	两片梁26.00米-1/上弦501弦杆及四个8甲立杆的组合-1/上平联交叉的两根10甲平联斜杆-1/螺母_1-8
                                /*	5:类型	*/	基本杆件\螺母_1.SLDPRT
                                /*	5:位置	*/	-0.999098    -0.0424734    1.28315e-032    0    -0.0424734    0.999098    -1.22976e-032    0    -4.7612e-031    5.74727e-031    -1    0    -1.17    0.04    0.064    1    
                                /*	5:子节点数	*/	0

                                /*	5:名称	*/	两片梁26.00米-1/上弦501弦杆及四个8甲立杆的组合-1/上平联交叉的两根10甲平联斜杆-1/螺母_1-9
                                /*	5:类型	*/	基本杆件\螺母_1.SLDPRT
                                /*	5:位置	*/	0.844007    0.536332    6.41219e-016    0    0.536332    -0.844007    2.88543e-017    0    5.56669e-016    3.19553e-016    -1    0    1.33227e-015    0.04    0.064    1    
                                /*	5:子节点数	*/	0

                        /*	4:名称	*/	两片梁26.00米-1/上弦501弦杆及四个8甲立杆的组合-1/上平联交叉的两根10甲平联斜杆-2
                        /*	4:类型	*/	两片拆装式桁梁\上下平联组合\上平联交叉的两根10甲平联斜杆.SLDASM
                        /*	4:位置	*/	-0.707107    -5.1028e-016    0.707107    0    -0.707107    -5.1028e-016    -0.707107    0    7.21645e-016    -1    1.12104e-044    0    -1.6571    -0.378067    -0.950815    1    
                        /*	4:子节点数	*/	29

                                /*	5:名称	*/	两片梁26.00米-1/上弦501弦杆及四个8甲立杆的组合-1/上平联交叉的两根10甲平联斜杆-2/平联斜杆_编号_10甲_原编号_10-1
                                /*	5:类型	*/	基本杆件\平联斜杆_编号_10甲_原编号_10.SLDPRT
                                /*	5:位置	*/	1    0    9.86076e-032    0    0    1    9.86076e-032    0    7.92694e-045    -7.92694e-045    1    0    8.88178e-016    4.44089e-016    0    1    
                                /*	5:子节点数	*/	0

                                /*	5:名称	*/	两片梁26.00米-1/上弦501弦杆及四个8甲立杆的组合-1/上平联交叉的两根10甲平联斜杆-2/平联斜杆_编号_10甲_原编号_10-2
                                /*	5:类型	*/	基本杆件\平联斜杆_编号_10甲_原编号_10.SLDPRT
                                /*	5:位置	*/	9.10383e-015    1    -4.39957e-017    0    1    -9.10383e-015    -1.8561e-017    0    -1.8561e-017    -4.39957e-017    -1    0    -0.04    0.04    -0.014    1    
                                /*	5:子节点数	*/	0

                                /*	5:名称	*/	两片梁26.00米-1/上弦501弦杆及四个8甲立杆的组合-1/上平联交叉的两根10甲平联斜杆-2/横联交叉填板_编号_253_原编号_103-1
                                /*	5:类型	*/	基本杆件\横联交叉填板_编号_253_原编号_103.SLDPRT
                                /*	5:位置	*/	-0.707107    -0.707107    4.42359e-017    0    0.707107    -0.707107    1.79826e-017    0    1.85639e-017    4.39951e-017    1    0    0    0.04    -0.014    1    
                                /*	5:子节点数	*/	0

                                /*	5:名称	*/	两片梁26.00米-1/上弦501弦杆及四个8甲立杆的组合-1/上平联交叉的两根10甲平联斜杆-2/螺栓_29甲-1
                                /*	5:类型	*/	基本杆件\螺栓_29甲.SLDPRT
                                /*	5:位置	*/	-0.999098    -0.0424734    -9.43304e-032    0    0.0424734    -0.999098    -9.45084e-032    0    7.92694e-045    -7.92694e-045    1    0    -9.76996e-015    -1.05    -0.039    1    
                                /*	5:子节点数	*/	0

                                /*	5:名称	*/	两片梁26.00米-1/上弦501弦杆及四个8甲立杆的组合-1/上平联交叉的两根10甲平联斜杆-2/螺栓_29甲-10
                                /*	5:类型	*/	基本杆件\螺栓_29甲.SLDPRT
                                /*	5:位置	*/	-0.999098    -0.0424734    -2.43854e-017    0    0.0424734    -0.999098    2.65386e-017    0    -2.54906e-017    2.54789e-017    1    0    -1.77636e-015    -0.12    -0.039    1    
                                /*	5:子节点数	*/	0

                                /*	5:名称	*/	两片梁26.00米-1/上弦501弦杆及四个8甲立杆的组合-1/上平联交叉的两根10甲平联斜杆-2/螺栓_29甲-12
                                /*	5:类型	*/	基本杆件\螺栓_29甲.SLDPRT
                                /*	5:位置	*/	-0.999098    -0.0424734    -2.43854e-017    0    0.0424734    -0.999098    2.65386e-017    0    -2.54906e-017    2.54789e-017    1    0    8.88178e-016    0.2    -0.039    1    
                                /*	5:子节点数	*/	0

                                /*	5:名称	*/	两片梁26.00米-1/上弦501弦杆及四个8甲立杆的组合-1/上平联交叉的两根10甲平联斜杆-2/螺栓_29甲-13
                                /*	5:类型	*/	基本杆件\螺栓_29甲.SLDPRT
                                /*	5:位置	*/	0.886481    -0.462766    9.78645e-033    0    0.462766    0.886481    5.68261e-032    0    7.92694e-045    -7.92694e-045    1    0    -0.16    0.04    -0.031    1    
                                /*	5:子节点数	*/	0

                                /*	5:名称	*/	两片梁26.00米-1/上弦501弦杆及四个8甲立杆的组合-1/上平联交叉的两根10甲平联斜杆-2/螺栓_29甲-14
                                /*	5:类型	*/	基本杆件\螺栓_29甲.SLDPRT
                                /*	5:位置	*/	0.886481    -0.462766    9.78645e-033    0    0.462766    0.886481    5.68261e-032    0    7.92694e-045    -7.92694e-045    1    0    0.16    0.04    -0.031    1    
                                /*	5:子节点数	*/	0

                                /*	5:名称	*/	两片梁26.00米-1/上弦501弦杆及四个8甲立杆的组合-1/上平联交叉的两根10甲平联斜杆-2/螺栓_29甲-2
                                /*	5:类型	*/	基本杆件\螺栓_29甲.SLDPRT
                                /*	5:位置	*/	-0.999098    -0.0424734    -9.43304e-032    0    0.0424734    -0.999098    -9.45084e-032    0    -1.56371e-031    -4.35275e-031    1    0    -1.06581e-014    -1.13    -0.039    1    
                                /*	5:子节点数	*/	0

                                /*	5:名称	*/	两片梁26.00米-1/上弦501弦杆及四个8甲立杆的组合-1/上平联交叉的两根10甲平联斜杆-2/螺栓_29甲-3
                                /*	5:类型	*/	基本杆件\螺栓_29甲.SLDPRT
                                /*	5:位置	*/	-0.999098    -0.0424734    -9.43304e-032    0    0.0424734    -0.999098    -9.45084e-032    0    -1.56371e-031    -4.35275e-031    1    0    7.99361e-015    1.13    -0.039    1    
                                /*	5:子节点数	*/	0

                                /*	5:名称	*/	两片梁26.00米-1/上弦501弦杆及四个8甲立杆的组合-1/上平联交叉的两根10甲平联斜杆-2/螺栓_29甲-4
                                /*	5:类型	*/	基本杆件\螺栓_29甲.SLDPRT
                                /*	5:位置	*/	-0.999098    -0.0424734    -9.43304e-032    0    0.0424734    -0.999098    -9.45084e-032    0    7.92694e-045    -7.92694e-045    1    0    8.88178e-015    1.21    -0.039    1    
                                /*	5:子节点数	*/	0

                                /*	5:名称	*/	两片梁26.00米-1/上弦501弦杆及四个8甲立杆的组合-1/上平联交叉的两根10甲平联斜杆-2/螺栓_29甲-5
                                /*	5:类型	*/	基本杆件\螺栓_29甲.SLDPRT
                                /*	5:位置	*/	0.886481    -0.462766    3.44384e-032    0    0.462766    0.886481    1.55434e-031    0    7.92694e-045    -7.92694e-045    1    0    1.17    0.04    -0.0285    1    
                                /*	5:子节点数	*/	0

                                /*	5:名称	*/	两片梁26.00米-1/上弦501弦杆及四个8甲立杆的组合-1/上平联交叉的两根10甲平联斜杆-2/螺栓_29甲-6
                                /*	5:类型	*/	基本杆件\螺栓_29甲.SLDPRT
                                /*	5:位置	*/	0.886481    -0.462766    3.44384e-032    0    0.462766    0.886481    1.55434e-031    0    7.92694e-045    -7.92694e-045    1    0    1.09    0.04    -0.0285    1    
                                /*	5:子节点数	*/	0

                                /*	5:名称	*/	两片梁26.00米-1/上弦501弦杆及四个8甲立杆的组合-1/上平联交叉的两根10甲平联斜杆-2/螺栓_29甲-7
                                /*	5:类型	*/	基本杆件\螺栓_29甲.SLDPRT
                                /*	5:位置	*/	0.886481    -0.462766    3.44384e-032    0    0.462766    0.886481    1.55434e-031    0    7.92694e-045    -7.92694e-045    1    0    -1.09    0.04    -0.0285    1    
                                /*	5:子节点数	*/	0

                                /*	5:名称	*/	两片梁26.00米-1/上弦501弦杆及四个8甲立杆的组合-1/上平联交叉的两根10甲平联斜杆-2/螺栓_29甲-8
                                /*	5:类型	*/	基本杆件\螺栓_29甲.SLDPRT
                                /*	5:位置	*/	0.886481    -0.462766    3.44384e-032    0    0.462766    0.886481    1.55434e-031    0    7.92694e-045    -7.92694e-045    1    0    -1.17    0.04    -0.0285    1    
                                /*	5:子节点数	*/	0

                                /*	5:名称	*/	两片梁26.00米-1/上弦501弦杆及四个8甲立杆的组合-1/上平联交叉的两根10甲平联斜杆-2/螺栓_29甲-9
                                /*	5:类型	*/	基本杆件\螺栓_29甲.SLDPRT
                                /*	5:位置	*/	-0.999098    -0.0424734    -1.98698e-020    0    0.0424734    -0.999098    -1.34173e-020    0    -1.9282e-020    -1.42491e-020    1    0    0    0.04    -0.039    1    
                                /*	5:子节点数	*/	0

                                /*	5:名称	*/	两片梁26.00米-1/上弦501弦杆及四个8甲立杆的组合-1/上平联交叉的两根10甲平联斜杆-2/螺母_1-1
                                /*	5:类型	*/	基本杆件\螺母_1.SLDPRT
                                /*	5:位置	*/	0.844007    0.536332    -6.82685e-032    0    0.536332    -0.844007    -8.57552e-032    0    9.86076e-032    7.92694e-045    -1    0    -8.88178e-015    -1.05    0.0535    1    
                                /*	5:子节点数	*/	0

                                /*	5:名称	*/	两片梁26.00米-1/上弦501弦杆及四个8甲立杆的组合-1/上平联交叉的两根10甲平联斜杆-2/螺母_1-10
                                /*	5:类型	*/	基本杆件\螺母_1.SLDPRT
                                /*	5:位置	*/	-0.0424734    0.999098    5.26081e-016    0    0.999098    0.0424734    1.05827e-015    0    1.03497e-015    5.70554e-016    -1    0    -1.77636e-015    -0.12    0.056    1    
                                /*	5:子节点数	*/	0

                                /*	5:名称	*/	两片梁26.00米-1/上弦501弦杆及四个8甲立杆的组合-1/上平联交叉的两根10甲平联斜杆-2/螺母_1-12
                                /*	5:类型	*/	基本杆件\螺母_1.SLDPRT
                                /*	5:位置	*/	-0.0424734    0.999098    5.26081e-016    0    0.999098    0.0424734    1.05827e-015    0    1.03497e-015    5.70554e-016    -1    0    1.77636e-015    0.2    0.056    1    
                                /*	5:子节点数	*/	0

                                /*	5:名称	*/	两片梁26.00米-1/上弦501弦杆及四个8甲立杆的组合-1/上平联交叉的两根10甲平联斜杆-2/螺母_1-13
                                /*	5:类型	*/	基本杆件\螺母_1.SLDPRT
                                /*	5:位置	*/	-0.999098    -0.0424734    1.01439e-016    0    -0.0424734    0.999098    -1.31381e-017    0    -1.0079e-016    -1.74347e-017    -1    0    0.16    0.04    0.064    1    
                                /*	5:子节点数	*/	0

                                /*	5:名称	*/	两片梁26.00米-1/上弦501弦杆及四个8甲立杆的组合-1/上平联交叉的两根10甲平联斜杆-2/螺母_1-14
                                /*	5:类型	*/	基本杆件\螺母_1.SLDPRT
                                /*	5:位置	*/	-0.999098    -0.0424734    1.01439e-016    0    -0.0424734    0.999098    -1.31381e-017    0    -1.0079e-016    -1.74347e-017    -1    0    -0.16    0.04    0.064    1    
                                /*	5:子节点数	*/	0

                                /*	5:名称	*/	两片梁26.00米-1/上弦501弦杆及四个8甲立杆的组合-1/上平联交叉的两根10甲平联斜杆-2/螺母_1-2
                                /*	5:类型	*/	基本杆件\螺母_1.SLDPRT
                                /*	5:位置	*/	0.844007    0.536332    1.28947e-031    0    0.536332    -0.844007    -8.57552e-032    0    -7.92694e-045    7.92694e-045    -1    0    -1.06581e-014    -1.13    0.0535    1    
                                /*	5:子节点数	*/	0

                                /*	5:名称	*/	两片梁26.00米-1/上弦501弦杆及四个8甲立杆的组合-1/上平联交叉的两根10甲平联斜杆-2/螺母_1-3
                                /*	5:类型	*/	基本杆件\螺母_1.SLDPRT
                                /*	5:位置	*/	0.844007    0.536332    1.28947e-031    0    0.536332    -0.844007    -8.57552e-032    0    -7.92694e-045    7.92694e-045    -1    0    7.99361e-015    1.13    0.0535    1    
                                /*	5:子节点数	*/	0

                                /*	5:名称	*/	两片梁26.00米-1/上弦501弦杆及四个8甲立杆的组合-1/上平联交叉的两根10甲平联斜杆-2/螺母_1-4
                                /*	5:类型	*/	基本杆件\螺母_1.SLDPRT
                                /*	5:位置	*/	0.844007    0.536332    -6.82685e-032    0    0.536332    -0.844007    -8.57552e-032    0    9.86076e-032    7.92694e-045    -1    0    8.88178e-015    1.21    0.0535    1    
                                /*	5:子节点数	*/	0

                                /*	5:名称	*/	两片梁26.00米-1/上弦501弦杆及四个8甲立杆的组合-1/上平联交叉的两根10甲平联斜杆-2/螺母_1-5
                                /*	5:类型	*/	基本杆件\螺母_1.SLDPRT
                                /*	5:位置	*/	-0.999098    -0.0424734    -9.43304e-032    0    -0.0424734    0.999098    9.45084e-032    0    9.86076e-032    7.92694e-045    -1    0    1.17    0.04    0.064    1    
                                /*	5:子节点数	*/	0

                                /*	5:名称	*/	两片梁26.00米-1/上弦501弦杆及四个8甲立杆的组合-1/上平联交叉的两根10甲平联斜杆-2/螺母_1-6
                                /*	5:类型	*/	基本杆件\螺母_1.SLDPRT
                                /*	5:位置	*/	-0.999098    -0.0424734    -9.43304e-032    0    -0.0424734    0.999098    9.45084e-032    0    9.86076e-032    7.92694e-045    -1    0    1.09    0.04    0.064    1    
                                /*	5:子节点数	*/	0

                                /*	5:名称	*/	两片梁26.00米-1/上弦501弦杆及四个8甲立杆的组合-1/上平联交叉的两根10甲平联斜杆-2/螺母_1-7
                                /*	5:类型	*/	基本杆件\螺母_1.SLDPRT
                                /*	5:位置	*/	-0.999098    -0.0424734    -9.43304e-032    0    -0.0424734    0.999098    9.45084e-032    0    9.86076e-032    7.92694e-045    -1    0    -1.09    0.04    0.064    1    
                                /*	5:子节点数	*/	0

                                /*	5:名称	*/	两片梁26.00米-1/上弦501弦杆及四个8甲立杆的组合-1/上平联交叉的两根10甲平联斜杆-2/螺母_1-8
                                /*	5:类型	*/	基本杆件\螺母_1.SLDPRT
                                /*	5:位置	*/	-0.999098    -0.0424734    -9.43304e-032    0    -0.0424734    0.999098    9.45084e-032    0    9.86076e-032    7.92694e-045    -1    0    -1.17    0.04    0.064    1    
                                /*	5:子节点数	*/	0

                                /*	5:名称	*/	两片梁26.00米-1/上弦501弦杆及四个8甲立杆的组合-1/上平联交叉的两根10甲平联斜杆-2/螺母_1-9
                                /*	5:类型	*/	基本杆件\螺母_1.SLDPRT
                                /*	5:位置	*/	0.844007    0.536332    6.41219e-016    0    0.536332    -0.844007    2.88543e-017    0    5.56669e-016    3.19553e-016    -1    0    1.77636e-015    0.04    0.064    1    
                                /*	5:子节点数	*/	0

                        /*	4:名称	*/	两片梁26.00米-1/上弦501弦杆及四个8甲立杆的组合-1/两根11号横联斜杆-1
                        /*	4:类型	*/	两片拆装式桁梁\立面连接系组合\两根11号横联斜杆.SLDASM
                        /*	4:位置	*/	-5.39448e-016    0.747526    -0.664233    0    -4.7934e-016    0.664233    0.747526    0    1    7.21645e-016    3.18886e-031    0    -0.624535    -1.24826    -1.39097    1    
                        /*	4:子节点数	*/	29

                                /*	5:名称	*/	两片梁26.00米-1/上弦501弦杆及四个8甲立杆的组合-1/两根11号横联斜杆-1/横联交叉填板_编号_253_原编号_103-1
                                /*	5:类型	*/	基本杆件\横联交叉填板_编号_253_原编号_103.SLDPRT
                                /*	5:位置	*/	0.707107    0.707107    2.17071e-032    0    -0.707107    0.707107    5.97702e-032    0    -5.00505e-031    -3.61296e-031    1    0    -0.419831    0.177908    -0.068    1    
                                /*	5:子节点数	*/	0

                                /*	5:名称	*/	两片梁26.00米-1/上弦501弦杆及四个8甲立杆的组合-1/两根11号横联斜杆-1/横联斜杆_编号_11-1
                                /*	5:类型	*/	基本杆件\横联斜杆_编号_11.SLDPRT
                                /*	5:位置	*/	1    -5.55112e-017    -4.75935e-032    0    1.11022e-016    1    -2.03156e-032    0    -1.45991e-032    4.11602e-032    1    0    -0.419831    0.137908    -0.054    1    
                                /*	5:子节点数	*/	0

                                /*	5:名称	*/	两片梁26.00米-1/上弦501弦杆及四个8甲立杆的组合-1/两根11号横联斜杆-1/横联斜杆_编号_11-2
                                /*	5:类型	*/	基本杆件\横联斜杆_编号_11.SLDPRT
                                /*	5:位置	*/	0.117416    0.993083    4.76419e-032    0    0.993083    -0.117416    1.18966e-031    0    6.89173e-031    3.5855e-031    -1    0    -0.459554    0.182605    -0.068    1    
                                /*	5:子节点数	*/	0

                                /*	5:名称	*/	两片梁26.00米-1/上弦501弦杆及四个8甲立杆的组合-1/两根11号横联斜杆-1/螺栓_29甲-1
                                /*	5:类型	*/	基本杆件\螺栓_29甲.SLDPRT
                                /*	5:位置	*/	0.997174    -0.0751303    -6.76005e-032    0    0.0751303    0.997174    -3.94868e-032    0    -1.45991e-032    4.11602e-032    1    0    -0.419831    0.177908    -0.093    1    
                                /*	5:子节点数	*/	0

                                /*	5:名称	*/	两片梁26.00米-1/上弦501弦杆及四个8甲立杆的组合-1/两根11号横联斜杆-1/螺栓_29甲-10
                                /*	5:类型	*/	基本杆件\螺栓_29甲.SLDPRT
                                /*	5:位置	*/	0.844007    0.536332    -5.8857e-032    0    -0.536332    0.844007    6.8006e-032    0    -1.13207e-031    -5.74474e-032    1    0    -1.70983    0.177908    -0.085    1    
                                /*	5:子节点数	*/	0

                                /*	5:名称	*/	两片梁26.00米-1/上弦501弦杆及四个8甲立杆的组合-1/两根11号横联斜杆-1/螺栓_29甲-11
                                /*	5:类型	*/	基本杆件\螺栓_29甲.SLDPRT
                                /*	5:位置	*/	0.844007    0.536332    -5.8857e-032    0    -0.536332    0.844007    6.8006e-032    0    -1.13207e-031    -5.74474e-032    1    0    -1.62983    0.177908    -0.085    1    
                                /*	5:子节点数	*/	0

                                /*	5:名称	*/	两片梁26.00米-1/上弦501弦杆及四个8甲立杆的组合-1/两根11号横联斜杆-1/螺栓_29甲-12
                                /*	5:类型	*/	基本杆件\螺栓_29甲.SLDPRT
                                /*	5:位置	*/	-0.0424734    0.999098    -1.01664e-032    0    -0.999098    -0.0424734    3.56709e-032    0    -5.57816e-031    -2.96799e-031    1    0    0.870169    0.177908    -0.085    1    
                                /*	5:子节点数	*/	0

                                /*	5:名称	*/	两片梁26.00米-1/上弦501弦杆及四个8甲立杆的组合-1/两根11号横联斜杆-1/螺栓_29甲-13
                                /*	5:类型	*/	基本杆件\螺栓_29甲.SLDPRT
                                /*	5:位置	*/	-0.0424734    0.999098    8.84413e-032    0    -0.999098    -0.0424734    3.56709e-032    0    -1.45991e-032    4.11602e-032    1    0    0.790169    0.177908    -0.085    1    
                                /*	5:子节点数	*/	0

                                /*	5:名称	*/	两片梁26.00米-1/上弦501弦杆及四个8甲立杆的组合-1/两根11号横联斜杆-1/螺栓_29甲-2
                                /*	5:类型	*/	基本杆件\螺栓_29甲.SLDPRT
                                /*	5:位置	*/	0.997174    -0.0751303    -6.76005e-032    0    0.0751303    0.997174    -3.94868e-032    0    -1.45991e-032    4.11602e-032    1    0    -0.408089    0.277216    -0.093    1    
                                /*	5:子节点数	*/	0

                                /*	5:名称	*/	两片梁26.00米-1/上弦501弦杆及四个8甲立杆的组合-1/两根11号横联斜杆-1/螺栓_29甲-3
                                /*	5:类型	*/	基本杆件\螺栓_29甲.SLDPRT
                                /*	5:位置	*/	0.997174    -0.0751303    -6.76005e-032    0    0.0751303    0.997174    -3.94868e-032    0    -1.45991e-032    4.11602e-032    1    0    -0.431572    0.0785998    -0.093    1    
                                /*	5:子节点数	*/	0

                                /*	5:名称	*/	两片梁26.00米-1/上弦501弦杆及四个8甲立杆的组合-1/两根11号横联斜杆-1/螺栓_29甲-4
                                /*	5:类型	*/	基本杆件\螺栓_29甲.SLDPRT
                                /*	5:位置	*/	0.0424734    -0.999098    1.01664e-032    0    0.999098    0.0424734    -3.56709e-032    0    -1.45991e-032    4.11602e-032    1    0    -0.519831    0.177908    -0.085    1    
                                /*	5:子节点数	*/	0

                                /*	5:名称	*/	两片梁26.00米-1/上弦501弦杆及四个8甲立杆的组合-1/两根11号横联斜杆-1/螺栓_29甲-5
                                /*	5:类型	*/	基本杆件\螺栓_29甲.SLDPRT
                                /*	5:位置	*/	0.844007    0.536332    -5.8857e-032    0    -0.536332    0.844007    4.33541e-032    0    -4.10085e-031    -3.52082e-031    1    0    -0.319831    0.177908    -0.085    1    
                                /*	5:子节点数	*/	0

                                /*	5:名称	*/	两片梁26.00米-1/上弦501弦杆及四个8甲立杆的组合-1/两根11号横联斜杆-1/螺栓_29甲-6
                                /*	5:类型	*/	基本杆件\螺栓_29甲.SLDPRT
                                /*	5:位置	*/	0.563652    0.826013    -1.0763e-031    0    -0.826013    0.563652    8.63343e-032    0    -2.1287e-031    -1.54867e-031    1    0    -0.277757    1.37954    -0.093    1    
                                /*	5:子节点数	*/	0

                                /*	5:名称	*/	两片梁26.00米-1/上弦501弦杆及四个8甲立杆的组合-1/两根11号横联斜杆-1/螺栓_29甲-7
                                /*	5:类型	*/	基本杆件\螺栓_29甲.SLDPRT
                                /*	5:位置	*/	0.563652    0.826013    -1.0763e-031    0    -0.826013    0.563652    6.16824e-032    0    -1.45991e-032    4.11602e-032    1    0    -0.268364    1.45898    -0.093    1    
                                /*	5:子节点数	*/	0

                                /*	5:名称	*/	两片梁26.00米-1/上弦501弦杆及四个8甲立杆的组合-1/两根11号横联斜杆-1/螺栓_29甲-8
                                /*	5:类型	*/	基本杆件\螺栓_29甲.SLDPRT
                                /*	5:位置	*/	0.563652    0.826013    -9.02197e-033    0    -0.826013    0.563652    1.23786e-032    0    -1.45991e-032    4.11602e-032    1    0    -0.561904    -1.02372    -0.093    1    
                                /*	5:子节点数	*/	0

                                /*	5:名称	*/	两片梁26.00米-1/上弦501弦杆及四个8甲立杆的组合-1/两根11号横联斜杆-1/螺栓_29甲-9
                                /*	5:类型	*/	基本杆件\螺栓_29甲.SLDPRT
                                /*	5:位置	*/	0.563652    0.826013    -9.02197e-033    0    -0.826013    0.563652    1.23786e-032    0    -1.45991e-032    4.11602e-032    1    0    -0.571297    -1.10317    -0.093    1    
                                /*	5:子节点数	*/	0

                                /*	5:名称	*/	两片梁26.00米-1/上弦501弦杆及四个8甲立杆的组合-1/两根11号横联斜杆-1/螺母_1-1
                                /*	5:类型	*/	基本杆件\螺母_1.SLDPRT
                                /*	5:位置	*/	-0.901143    -0.433522    2.56155e-033    0    -0.433522    0.901143    8.32305e-032    0    1.45991e-032    -4.11602e-032    -1    0    -0.431572    0.0785998    0.002    1    
                                /*	5:子节点数	*/	0

                                /*	5:名称	*/	两片梁26.00米-1/上弦501弦杆及四个8甲立杆的组合-1/两根11号横联斜杆-1/螺母_1-10
                                /*	5:类型	*/	基本杆件\螺母_1.SLDPRT
                                /*	5:位置	*/	-0.999098    -0.0424734    -6.29367e-032    0    -0.0424734    0.999098    8.84413e-032    0    5.25067e-031    3.33655e-031    -1    0    -1.62983    0.177908    0.01    1    
                                /*	5:子节点数	*/	0

                                /*	5:名称	*/	两片梁26.00米-1/上弦501弦杆及四个8甲立杆的组合-1/两根11号横联斜杆-1/螺母_1-11
                                /*	5:类型	*/	基本杆件\螺母_1.SLDPRT
                                /*	5:位置	*/	-0.999098    -0.0424734    -6.29367e-032    0    -0.0424734    0.999098    -1.01664e-032    0    5.57816e-031    2.96799e-031    -1    0    0.790169    0.177908    0.01    1    
                                /*	5:子节点数	*/	0

                                /*	5:名称	*/	两片梁26.00米-1/上弦501弦杆及四个8甲立杆的组合-1/两根11号横联斜杆-1/螺母_1-12
                                /*	5:类型	*/	基本杆件\螺母_1.SLDPRT
                                /*	5:位置	*/	-0.999098    -0.0424734    -6.29367e-032    0    -0.0424734    0.999098    8.84413e-032    0    6.23675e-031    4.32262e-031    -1    0    0.870169    0.177908    0.01    1    
                                /*	5:子节点数	*/	0

                                /*	5:名称	*/	两片梁26.00米-1/上弦501弦杆及四个8甲立杆的组合-1/两根11号横联斜杆-1/螺母_1-13
                                /*	5:类型	*/	基本杆件\螺母_1.SLDPRT
                                /*	5:位置	*/	-0.999098    -0.0424734    -6.29367e-032    0    -0.0424734    0.999098    8.84413e-032    0    5.25067e-031    3.33655e-031    -1    0    -1.70983    0.177908    0.01    1    
                                /*	5:子节点数	*/	0

                                /*	5:名称	*/	两片梁26.00米-1/上弦501弦杆及四个8甲立杆的组合-1/两根11号横联斜杆-1/螺母_1-2
                                /*	5:类型	*/	基本杆件\螺母_1.SLDPRT
                                /*	5:位置	*/	-0.901143    -0.433522    2.56155e-033    0    -0.433522    0.901143    8.32305e-032    0    1.45991e-032    -4.11602e-032    -1    0    -0.408089    0.277216    0.002    1    
                                /*	5:子节点数	*/	0

                                /*	5:名称	*/	两片梁26.00米-1/上弦501弦杆及四个8甲立杆的组合-1/两根11号横联斜杆-1/螺母_1-3
                                /*	5:类型	*/	基本杆件\螺母_1.SLDPRT
                                /*	5:位置	*/	-0.999098    -0.0424734    -6.29367e-032    0    -0.0424734    0.999098    -1.01664e-032    0    5.57816e-031    2.96799e-031    -1    0    -0.319831    0.177908    0.01    1    
                                /*	5:子节点数	*/	0

                                /*	5:名称	*/	两片梁26.00米-1/上弦501弦杆及四个8甲立杆的组合-1/两根11号横联斜杆-1/螺母_1-4
                                /*	5:类型	*/	基本杆件\螺母_1.SLDPRT
