/*	1:name	*/	²ð×°Áº_µ¼ÁºµÈÖ®×î¸ß²ã
/*	1:type	*/	²ð×°Áº_µ¼ÁºµÈÖ®×î¸ß²ã.SLDASM
/*	1:location	*/	1.0	0.0	0.0	0.0	0.0	1.0	0.0	0.0	0.0	0.0	1.0	0.0	0.0	0.0	0.0	1.0
/*	1:child_number	*/	1
	/*	2:name	*/	²ð×°Áº_µ¼ÁºµÈ-1
	/*	2:type	*/	»ù±¾×éºÏ\²ð×°Áº_µ¼ÁºµÈ.SLDASM
	/*	2:location	*/	1.0	0.0	0.0	0.0	0.0	1.0	0.0	0.0	0.0	0.0	1.0	0.0	0.0	0.0	0.0	1.0
	/*	2:child_number	*/	2
		/*	3:name	*/	²ð×°Áº_µ¼ÁºµÈ-1/32M²ð×°Áº-3
		/*	3:type	*/	»ù±¾×éºÏ\32M²ð×°Áº.SLDASM
		/*	3:location	*/	1.0	0.0	0.0	0.0	0.0	1.0	0.0	0.0	0.0	0.0	1.0	0.0	97.8	4.26325E-13	1.105	1.0
		/*	3:child_number	*/	6
			/*	4:name	*/	²ð×°Áº_µ¼ÁºµÈ-1/32M²ð×°Áº-3/2_12+14+16+21+22´øÂÝË¨ÂÝÄ¸-1
			/*	4:type	*/	ÇÅÁº\²ð×°Áº\parts\connect\2_12+14+16+21+22´øÂÝË¨ÂÝÄ¸.SLDASM
			/*	4:location	*/	1.0	0.0	0.0	0.0	0.0	1.0	0.0	0.0	0.0	0.0	1.0	0.0	-27.95	-0.025	-0.0235	1.0
			/*	4:child_number	*/	11
				/*	5:name	*/	²ð×°Áº_µ¼ÁºµÈ-1/32M²ð×°Áº-3/2_12+14+16+21+22´øÂÝË¨ÂÝÄ¸-1/16ºÅ#2-1
				/*	5:type	*/	ÇÅÁº\²ð×°Áº\parts\basic_double\16ºÅ#2.SLDASM
				/*	5:location	*/	1.0	2.77556E-16	4.19018E-16	0.0	2.77556E-16	-1.0	1.39414E-16	0.0	4.19018E-16	-1.39414E-16	-1.0	0.0	0.0351988	0.0447452	-1.31716	1.0
				/*	5:child_number	*/	10
					/*	6:name	*/	²ð×°Áº_µ¼ÁºµÈ-1/32M²ð×°Áº-3/2_12+14+16+21+22´øÂÝË¨ÂÝÄ¸-1/16ºÅ#2-1/_16ºÅ-1
					/*	6:type	*/	ÇÅÁº\²ð×°Áº\parts\basic\_16ºÅ.SLDPRT
					/*	6:location	*/	1.0	9.11298E-33	0.0	0.0	9.11298E-33	1.0	0.0	0.0	0.0	0.0	1.0	0.0	-0.385199	0.169745	0.682837	1.0
					/*	6:child_number	*/	0
					/*	6:name	*/	²ð×°Áº_µ¼ÁºµÈ-1/32M²ð×°Áº-3/2_12+14+16+21+22´øÂÝË¨ÂÝÄ¸-1/16ºÅ#2-1/_16ºÅ-2
					/*	6:type	*/	ÇÅÁº\²ð×°Áº\parts\basic\_16ºÅ.SLDPRT
					/*	6:location	*/	1.0	9.11298E-33	0.0	0.0	9.11298E-33	1.0	0.0	0.0	0.0	0.0	1.0	0.0	-0.385199	0.169745	0.702837	1.0
					/*	6:child_number	*/	0
					/*	6:name	*/	²ð×°Áº_µ¼ÁºµÈ-1/32M²ð×°Áº-3/2_12+14+16+21+22´øÂÝË¨ÂÝÄ¸-1/16ºÅ#2-1/_ÂÝÄ¸2-1
					/*	6:type	*/	ÇÅÁº\²ð×°Áº\parts\basic\_ÂÝÄ¸2.SLDPRT
					/*	6:location	*/	-0.5	0.866025	-6.73893E-17	0.0	0.866025	0.5	-8.93153E-17	0.0	-4.36547E-17	-1.03019E-16	-1.0	0.0	-0.685199	0.0897452	0.682837	1.0
					/*	6:child_number	*/	0
					/*	6:name	*/	²ð×°Áº_µ¼ÁºµÈ-1/32M²ð×°Áº-3/2_12+14+16+21+22´øÂÝË¨ÂÝÄ¸-1/16ºÅ#2-1/_ÂÝÄ¸2-2
					/*	6:type	*/	ÇÅÁº\²ð×°Áº\parts\basic\_ÂÝÄ¸2.SLDPRT
					/*	6:location	*/	-0.5	0.866025	-6.73893E-17	0.0	0.866025	0.5	-8.93153E-17	0.0	-4.36547E-17	-1.03019E-16	-1.0	0.0	-0.685199	0.249745	0.682837	1.0
					/*	6:child_number	*/	0
					/*	6:name	*/	²ð×°Áº_µ¼ÁºµÈ-1/32M²ð×°Áº-3/2_12+14+16+21+22´øÂÝË¨ÂÝÄ¸-1/16ºÅ#2-1/_ÂÝÄ¸2-3
					/*	6:type	*/	ÇÅÁº\²ð×°Áº\parts\basic\_ÂÝÄ¸2.SLDPRT
					/*	6:location	*/	-0.5	0.866025	-6.73893E-17	0.0	0.866025	0.5	-8.93153E-17	0.0	-4.36547E-17	-1.03019E-16	-1.0	0.0	-0.445199	0.249745	0.682837	1.0
					/*	6:child_number	*/	0
					/*	6:name	*/	²ð×°Áº_µ¼ÁºµÈ-1/32M²ð×°Áº-3/2_12+14+16+21+22´øÂÝË¨ÂÝÄ¸-1/16ºÅ#2-1/_ÂÝÄ¸2-4
					/*	6:type	*/	ÇÅÁº\²ð×°Áº\parts\basic\_ÂÝÄ¸2.SLDPRT
					/*	6:location	*/	-0.5	0.866025	-6.73893E-17	0.0	0.866025	0.5	-8.93153E-17	0.0	-4.36547E-17	-1.03019E-16	-1.0	0.0	-0.445199	0.0897452	0.682837	1.0
					/*	6:child_number	*/	0
					/*	6:name	*/	²ð×°Áº_µ¼ÁºµÈ-1/32M²ð×°Áº-3/2_12+14+16+21+22´øÂÝË¨ÂÝÄ¸-1/16ºÅ#2-1/_ÂÝÄ¸2-5
					/*	6:type	*/	ÇÅÁº\²ð×°Áº\parts\basic\_ÂÝÄ¸2.SLDPRT
					/*	6:location	*/	-0.5	0.866025	-6.73893E-17	0.0	0.866025	0.5	-8.93153E-17	0.0	-4.36547E-17	-1.03019E-16	-1.0	0.0	-0.325199	0.0897452	0.682837	1.0
					/*	6:child_number	*/	0
					/*	6:name	*/	²ð×°Áº_µ¼ÁºµÈ-1/32M²ð×°Áº-3/2_12+14+16+21+22´øÂÝË¨ÂÝÄ¸-1/16ºÅ#2-1/_ÂÝÄ¸2-6
					/*	6:type	*/	ÇÅÁº\²ð×°Áº\parts\basic\_ÂÝÄ¸2.SLDPRT
					/*	6:location	*/	-0.5	0.866025	-6.73893E-17	0.0	0.866025	0.5	-8.93153E-17	0.0	-4.36547E-17	-1.03019E-16	-1.0	0.0	-0.325199	0.249745	0.682837	1.0
					/*	6:child_number	*/	0
					/*	6:name	*/	²ð×°Áº_µ¼ÁºµÈ-1/32M²ð×°Áº-3/2_12+14+16+21+22´øÂÝË¨ÂÝÄ¸-1/16ºÅ#2-1/_ÂÝÄ¸2-7
					/*	6:type	*/	ÇÅÁº\²ð×°Áº\parts\basic\_ÂÝÄ¸2.SLDPRT
					/*	6:location	*/	-0.5	0.866025	-6.73893E-17	0.0	0.866025	0.5	-8.93153E-17	0.0	-4.36547E-17	-1.03019E-16	-1.0	0.0	-0.0851988	0.249745	0.682837	1.0
					/*	6:child_number	*/	0
					/*	6:name	*/	²ð×°Áº_µ¼ÁºµÈ-1/32M²ð×°Áº-3/2_12+14+16+21+22´øÂÝË¨ÂÝÄ¸-1/16ºÅ#2-1/_ÂÝÄ¸2-8
					/*	6:type	*/	ÇÅÁº\²ð×°Áº\parts\basic\_ÂÝÄ¸2.SLDPRT
					/*	6:location	*/	-0.5	0.866025	-6.73893E-17	0.0	0.866025	0.5	-8.93153E-17	0.0	-4.36547E-17	-1.03019E-16	-1.0	0.0	-0.0851988	0.0897452	0.682837	1.0
					/*	6:child_number	*/	0
				/*	5:name	*/	²ð×°Áº_µ¼ÁºµÈ-1/32M²ð×°Áº-3/2_12+14+16+21+22´øÂÝË¨ÂÝÄ¸-1/16ºÅ#2-2
				/*	5:type	*/	ÇÅÁº\²ð×°Áº\parts\basic_double\16ºÅ#2.SLDASM
				/*	5:location	*/	1.0	0.0	0.0	0.0	0.0	1.0	0.0	0.0	0.0	0.0	1.0	0.0	0.0351988	-0.294745	-0.845837	1.0
				/*	5:child_number	*/	10
					/*	6:name	*/	²ð×°Áº_µ¼ÁºµÈ-1/32M²ð×°Áº-3/2_12+14+16+21+22´øÂÝË¨ÂÝÄ¸-1/16ºÅ#2-2/_16ºÅ-1
					/*	6:type	*/	ÇÅÁº\²ð×°Áº\parts\basic\_16ºÅ.SLDPRT
					/*	6:location	*/	1.0	0.0	0.0	0.0	0.0	1.0	0.0	0.0	0.0	0.0	1.0	0.0	-0.385199	0.169745	0.682837	1.0
					/*	6:child_number	*/	0
					/*	6:name	*/	²ð×°Áº_µ¼ÁºµÈ-1/32M²ð×°Áº-3/2_12+14+16+21+22´øÂÝË¨ÂÝÄ¸-1/16ºÅ#2-2/_16ºÅ-2
					/*	6:type	*/	ÇÅÁº\²ð×°Áº\parts\basic\_16ºÅ.SLDPRT
					/*	6:location	*/	1.0	0.0	0.0	0.0	0.0	1.0	0.0	0.0	0.0	0.0	1.0	0.0	-0.385199	0.169745	0.702837	1.0
					/*	6:child_number	*/	0
					/*	6:name	*/	²ð×°Áº_µ¼ÁºµÈ-1/32M²ð×°Áº-3/2_12+14+16+21+22´øÂÝË¨ÂÝÄ¸-1/16ºÅ#2-2/_ÂÝÄ¸2-1
					/*	6:type	*/	ÇÅÁº\²ð×°Áº\parts\basic\_ÂÝÄ¸2.SLDPRT
					/*	6:location	*/	-0.5	0.866025	-6.73893E-17	0.0	0.866025	0.5	-8.93153E-17	0.0	-4.36547E-17	-1.03019E-16	-1.0	0.0	-0.685199	0.0897452	0.682837	1.0
					/*	6:child_number	*/	0
					/*	6:name	*/	²ð×°Áº_µ¼ÁºµÈ-1/32M²ð×°Áº-3/2_12+14+16+21+22´øÂÝË¨ÂÝÄ¸-1/16ºÅ#2-2/_ÂÝÄ¸2-2
					/*	6:type	*/	ÇÅÁº\²ð×°Áº\parts\basic\_ÂÝÄ¸2.SLDPRT
					/*	6:location	*/	-0.5	0.866025	-6.73893E-17	0.0	0.866025	0.5	-8.93153E-17	0.0	-4.36547E-17	-1.03019E-16	-1.0	0.0	-0.685199	0.249745	0.682837	1.0
					/*	6:child_number	*/	0
					/*	6:name	*/	²ð×°Áº_µ¼ÁºµÈ-1/32M²ð×°Áº-3/2_12+14+16+21+22´øÂÝË¨ÂÝÄ¸-1/16ºÅ#2-2/_ÂÝÄ¸2-3
					/*	6:type	*/	ÇÅÁº\²ð×°Áº\parts\basic\_ÂÝÄ¸2.SLDPRT
					/*	6:location	*/	-0.5	0.866025	-6.73893E-17	0.0	0.866025	0.5	-8.93153E-17	0.0	-4.36547E-17	-1.03019E-16	-1.0	0.0	-0.445199	0.249745	0.682837	1.0
					/*	6:child_number	*/	0
					/*	6:name	*/	²ð×°Áº_µ¼ÁºµÈ-1/32M²ð×°Áº-3/2_12+14+16+21+22´øÂÝË¨ÂÝÄ¸-1/16ºÅ#2-2/_ÂÝÄ¸2-4
					/*	6:type	*/	ÇÅÁº\²ð×°Áº\parts\basic\_ÂÝÄ¸2.SLDPRT
					/*	6:location	*/	-0.5	0.866025	-6.73893E-17	0.0	0.866025	0.5	-8.93153E-17	0.0	-4.36547E-17	-1.03019E-16	-1.0	0.0	-0.445199	0.0897452	0.682837	1.0
					/*	6:child_number	*/	0
					/*	6:name	*/	²ð×°Áº_µ¼ÁºµÈ-1/32M²ð×°Áº-3/2_12+14+16+21+22´øÂÝË¨ÂÝÄ¸-1/16ºÅ#2-2/_ÂÝÄ¸2-5
					/*	6:type	*/	ÇÅÁº\²ð×°Áº\parts\basic\_ÂÝÄ¸2.SLDPRT
					/*	6:location	*/	-0.5	0.866025	-6.73893E-17	0.0	0.866025	0.5	-8.93153E-17	0.0	-4.36547E-17	-1.03019E-16	-1.0	0.0	-0.325199	0.0897452	0.682837	1.0
					/*	6:child_number	*/	0
					/*	6:name	*/	²ð×°Áº_µ¼ÁºµÈ-1/32M²ð×°Áº-3/2_12+14+16+21+22´øÂÝË¨ÂÝÄ¸-1/16ºÅ#2-2/_ÂÝÄ¸2-6
					/*	6:type	*/	ÇÅÁº\²ð×°Áº\parts\basic\_ÂÝÄ¸2.SLDPRT
					/*	6:location	*/	-0.5	0.866025	-6.73893E-17	0.0	0.866025	0.5	-8.93153E-17	0.0	-4.36547E-17	-1.03019E-16	-1.0	0.0	-0.325199	0.249745	0.682837	1.0
					/*	6:child_number	*/	0
					/*	6:name	*/	²ð×°Áº_µ¼ÁºµÈ-1/32M²ð×°Áº-3/2_12+14+16+21+22´øÂÝË¨ÂÝÄ¸-1/16ºÅ#2-2/_ÂÝÄ¸2-7
					/*	6:type	*/	ÇÅÁº\²ð×°Áº\parts\basic\_ÂÝÄ¸2.SLDPRT
					/*	6:location	*/	-0.5	0.866025	-6.73893E-17	0.0	0.866025	0.5	-8.93153E-17	0.0	-4.36547E-17	-1.03019E-16	-1.0	0.0	-0.0851988	0.249745	0.682837	1.0
					/*	6:child_number	*/	0
					/*	6:name	*/	²ð×°Áº_µ¼ÁºµÈ-1/32M²ð×°Áº-3/2_12+14+16+21+22´øÂÝË¨ÂÝÄ¸-1/16ºÅ#2-2/_ÂÝÄ¸2-8
					/*	6:type	*/	ÇÅÁº\²ð×°Áº\parts\basic\_ÂÝÄ¸2.SLDPRT
					/*	6:location	*/	-0.5	0.866025	-6.73893E-17	0.0	0.866025	0.5	-8.93153E-17	0.0	-4.36547E-17	-1.03019E-16	-1.0	0.0	-0.0851988	0.0897452	0.682837	1.0
					/*	6:child_number	*/	0
				/*	5:name	*/	²ð×°Áº_µ¼ÁºµÈ-1/32M²ð×°Áº-3/2_12+14+16+21+22´øÂÝË¨ÂÝÄ¸-1/22ºÅ¼×#2+12ºÅÉÏ´øÂÝË¨-1
				/*	5:type	*/	ÇÅÁº\²ð×°Áº\parts\basic_double\22ºÅ¼×#2+12ºÅÉÏ´øÂÝË¨.SLDASM
				/*	5:location	*/	-1.0	-4.02178E-14	2.22045E-16	0.0	4.02456E-14	-1.0	1.66533E-16	0.0	2.22045E-16	1.66533E-16	1.0	0.0	-0.357	-0.515	-2.054	1.0
				/*	5:child_number	*/	27
					/*	6:name	*/	²ð×°Áº_µ¼ÁºµÈ-1/32M²ð×°Áº-3/2_12+14+16+21+22´øÂÝË¨ÂÝÄ¸-1/22ºÅ¼×#2+12ºÅÉÏ´øÂÝË¨-1/_12ºÅ-1
					/*	6:type	*/	ÇÅÁº\²ð×°Áº\parts\basic\_12ºÅ.SLDPRT
					/*	6:location	*/	3.10862E-15	1.52459E-16	1.0	0.0	-1.0	-1.29919E-15	3.10862E-15	0.0	1.29919E-15	-1.0	1.52459E-16	0.0	0.073	-0.22	0.9725	1.0
					/*	6:child_number	*/	0
					/*	6:name	*/	²ð×°Áº_µ¼ÁºµÈ-1/32M²ð×°Áº-3/2_12+14+16+21+22´øÂÝË¨ÂÝÄ¸-1/22ºÅ¼×#2+12ºÅÉÏ´øÂÝË¨-1/_22ºÅ¼×-3
					/*	6:type	*/	ÇÅÁº\²ð×°Áº\parts\basic\_22ºÅ¼×.SLDPRT
					/*	6:location	*/	1.0	1.16573E-15	-2.79913E-16	0.0	-2.79913E-16	-3.30842E-16	-1.0	0.0	-1.13798E-15	1.0	-3.30842E-16	0.0	-0.277	-0.22	0.2535	1.0
					/*	6:child_number	*/	0
					/*	6:name	*/	²ð×°Áº_µ¼ÁºµÈ-1/32M²ð×°Áº-3/2_12+14+16+21+22´øÂÝË¨ÂÝÄ¸-1/22ºÅ¼×#2+12ºÅÉÏ´øÂÝË¨-1/_22ºÅ¼×-4
					/*	6:type	*/	ÇÅÁº\²ð×°Áº\parts\basic\_22ºÅ¼×.SLDPRT
					/*	6:location	*/	-1.0	3.31679E-15	-7.31792E-16	0.0	-7.31792E-16	8.57404E-17	1.0	0.0	3.31679E-15	1.0	-8.57404E-17	0.0	0.263	-0.22	1.6915	1.0
					/*	6:child_number	*/	0
					/*	6:name	*/	²ð×°Áº_µ¼ÁºµÈ-1/32M²ð×°Áº-3/2_12+14+16+21+22´øÂÝË¨ÂÝÄ¸-1/22ºÅ¼×#2+12ºÅÉÏ´øÂÝË¨-1/_29¼×ÂÝË¨-12
					/*	6:type	*/	ÇÅÁº\²ð×°Áº\parts\basic\_29¼×ÂÝË¨.SLDPRT
					/*	6:location	*/	0.536332	5.37689E-16	0.844007	0.0	0.844007	1.21166E-15	-0.536332	0.0	-1.31103E-15	1.0	1.96036E-16	0.0	0.222103	-0.237	1.7434	1.0
					/*	6:child_number	*/	0
					/*	6:name	*/	²ð×°Áº_µ¼ÁºµÈ-1/32M²ð×°Áº-3/2_12+14+16+21+22´øÂÝË¨ÂÝÄ¸-1/22ºÅ¼×#2+12ºÅÉÏ´øÂÝË¨-1/_29¼×ÂÝË¨-13
					/*	6:type	*/	ÇÅÁº\²ð×°Áº\parts\basic\_29¼×ÂÝË¨.SLDPRT
					/*	6:location	*/	0.536332	5.37689E-16	0.844007	0.0	0.844007	1.21166E-15	-0.536332	0.0	-1.31103E-15	1.0	1.96036E-16	0.0	0.165534	-0.237	1.79997	1.0
					/*	6:child_number	*/	0
					/*	6:name	*/	²ð×°Áº_µ¼ÁºµÈ-1/32M²ð×°Áº-3/2_12+14+16+21+22´øÂÝË¨ÂÝÄ¸-1/22ºÅ¼×#2+12ºÅÉÏ´øÂÝË¨-1/_29¼×ÂÝË¨-14
					/*	6:type	*/	ÇÅÁº\²ð×°Áº\parts\basic\_29¼×ÂÝË¨.SLDPRT
					/*	6:location	*/	0.536332	5.37689E-16	0.844007	0.0	0.844007	1.21166E-15	-0.536332	0.0	-1.31103E-15	1.0	1.96036E-16	0.0	0.033	-0.245	1.8125	1.0
					/*	6:child_number	*/	0
					/*	6:name	*/	²ð×°Áº_µ¼ÁºµÈ-1/32M²ð×°Áº-3/2_12+14+16+21+22´øÂÝË¨ÂÝÄ¸-1/22ºÅ¼×#2+12ºÅÉÏ´øÂÝË¨-1/_29¼×ÂÝË¨-15
					/*	6:type	*/	ÇÅÁº\²ð×°Áº\parts\basic\_29¼×ÂÝË¨.SLDPRT
					/*	6:location	*/	0.536332	5.37689E-16	0.844007	0.0	0.844007	1.21166E-15	-0.536332	0.0	-1.31103E-15	1.0	1.96036E-16	0.0	0.033	-0.245	1.7325	1.0
					/*	6:child_number	*/	0
					/*	6:name	*/	²ð×°Áº_µ¼ÁºµÈ-1/32M²ð×°Áº-3/2_12+14+16+21+22´øÂÝË¨ÂÝÄ¸-1/22ºÅ¼×#2+12ºÅÉÏ´øÂÝË¨-1/_29¼×ÂÝË¨-16
					/*	6:type	*/	ÇÅÁº\²ð×°Áº\parts\basic\_29¼×ÂÝË¨.SLDPRT
					/*	6:location	*/	0.536332	5.37689E-16	0.844007	0.0	0.844007	1.21166E-15	-0.536332	0.0	-1.31103E-15	1.0	1.96036E-16	0.0	0.033	-0.245	0.2125	1.0
					/*	6:child_number	*/	0
					/*	6:name	*/	²ð×°Áº_µ¼ÁºµÈ-1/32M²ð×°Áº-3/2_12+14+16+21+22´øÂÝË¨ÂÝÄ¸-1/22ºÅ¼×#2+12ºÅÉÏ´øÂÝË¨-1/_29¼×ÂÝË¨-17
					/*	6:type	*/	ÇÅÁº\²ð×°Áº\parts\basic\_29¼×ÂÝË¨.SLDPRT
					/*	6:location	*/	-0.462766	-7.8854E-16	0.886481	0.0	0.886481	1.09449E-15	0.462766	0.0	-1.33516E-15	1.0	1.92531E-16	0.0	0.033	-0.245	0.1325	1.0
					/*	6:child_number	*/	0
					/*	6:name	*/	²ð×°Áº_µ¼ÁºµÈ-1/32M²ð×°Áº-3/2_12+14+16+21+22´øÂÝË¨ÂÝÄ¸-1/22ºÅ¼×#2+12ºÅÉÏ´øÂÝË¨-1/_29¼×ÂÝË¨-18
					/*	6:type	*/	ÇÅÁº\²ð×°Áº\parts\basic\_29¼×ÂÝË¨.SLDPRT
					/*	6:location	*/	-0.462766	-7.8048E-16	0.886481	0.0	0.886481	1.07148E-15	0.462766	0.0	-1.31103E-15	1.0	1.96036E-16	0.0	-0.179534	-0.237	0.145034	1.0
					/*	6:child_number	*/	0
					/*	6:name	*/	²ð×°Áº_µ¼ÁºµÈ-1/32M²ð×°Áº-3/2_12+14+16+21+22´øÂÝË¨ÂÝÄ¸-1/22ºÅ¼×#2+12ºÅÉÏ´øÂÝË¨-1/_29¼×ÂÝË¨-19
					/*	6:type	*/	ÇÅÁº\²ð×°Áº\parts\basic\_29¼×ÂÝË¨.SLDPRT
					/*	6:location	*/	0.536332	5.37689E-16	0.844007	0.0	0.844007	1.21166E-15	-0.536332	0.0	-1.31103E-15	1.0	1.96036E-16	0.0	-0.236103	-0.237	0.201603	1.0
					/*	6:child_number	*/	0
					/*	6:name	*/	²ð×°Áº_µ¼ÁºµÈ-1/32M²ð×°Áº-3/2_12+14+16+21+22´øÂÝË¨ÂÝÄ¸-1/22ºÅ¼×#2+12ºÅÉÏ´øÂÝË¨-1/_ÂÝÄ¸1-1
					/*	6:type	*/	ÇÅÁº\²ð×°Áº\parts\basic\_ÂÝÄ¸1.SLDPRT
					/*	6:location	*/	0.844007	1.18706E-15	-0.536332	0.0	0.536332	4.37762E-16	0.844007	0.0	1.20892E-15	-1.0	-2.67183E-16	0.0	0.033	-0.1485	1.8125	1.0
					/*	6:child_number	*/	0
					/*	6:name	*/	²ð×°Áº_µ¼ÁºµÈ-1/32M²ð×°Áº-3/2_12+14+16+21+22´øÂÝË¨ÂÝÄ¸-1/22ºÅ¼×#2+12ºÅÉÏ´øÂÝË¨-1/_ÂÝÄ¸1-10
					/*	6:type	*/	ÇÅÁº\²ð×°Áº\parts\basic\_ÂÝÄ¸1.SLDPRT
					/*	6:location	*/	-0.462766	0.886481	-3.96211E-16	0.0	-0.886481	-0.462766	-6.57277E-16	0.0	-7.49401E-16	1.05818E-16	1.0	0.0	0.053	-0.17	1.885	1.0
					/*	6:child_number	*/	0
					/*	6:name	*/	²ð×°Áº_µ¼ÁºµÈ-1/32M²ð×°Áº-3/2_12+14+16+21+22´øÂÝË¨ÂÝÄ¸-1/22ºÅ¼×#2+12ºÅÉÏ´øÂÝË¨-1/_ÂÝÄ¸1-11
					/*	6:type	*/	ÇÅÁº\²ð×°Áº\parts\basic\_ÂÝÄ¸1.SLDPRT
					/*	6:location	*/	-0.462766	0.886481	-3.96211E-16	0.0	-0.886481	-0.462766	-6.57277E-16	0.0	-7.49401E-16	1.05818E-16	1.0	0.0	-0.067	-0.17	1.885	1.0
					/*	6:child_number	*/	0
					/*	6:name	*/	²ð×°Áº_µ¼ÁºµÈ-1/32M²ð×°Áº-3/2_12+14+16+21+22´øÂÝË¨ÂÝÄ¸-1/22ºÅ¼×#2+12ºÅÉÏ´øÂÝË¨-1/_ÂÝÄ¸1-12
					/*	6:type	*/	ÇÅÁº\²ð×°Áº\parts\basic\_ÂÝÄ¸1.SLDPRT
					/*	6:location	*/	-0.462766	0.886481	-3.96668E-16	0.0	-0.886481	-0.462766	-6.4696E-16	0.0	-7.40466E-16	1.10998E-16	1.0	0.0	-0.147	-0.17	1.885	1.0
					/*	6:child_number	*/	0
					/*	6:name	*/	²ð×°Áº_µ¼ÁºµÈ-1/32M²ð×°Áº-3/2_12+14+16+21+22´øÂÝË¨ÂÝÄ¸-1/22ºÅ¼×#2+12ºÅÉÏ´øÂÝË¨-1/_ÂÝÄ¸1-17
					/*	6:type	*/	ÇÅÁº\²ð×°Áº\parts\basic\_ÂÝÄ¸1.SLDPRT
					/*	6:location	*/	0.999098	0.0424734	-2.08233E-16	0.0	0.0424734	-0.999098	2.87598E-16	0.0	-2.71593E-16	-3.42846E-16	-1.0	0.0	0.133	-0.17	0.06	1.0
					/*	6:child_number	*/	0
					/*	6:name	*/	²ð×°Áº_µ¼ÁºµÈ-1/32M²ð×°Áº-3/2_12+14+16+21+22´øÂÝË¨ÂÝÄ¸-1/22ºÅ¼×#2+12ºÅÉÏ´øÂÝË¨-1/_ÂÝÄ¸1-18
					/*	6:type	*/	ÇÅÁº\²ð×°Áº\parts\basic\_ÂÝÄ¸1.SLDPRT
					/*	6:location	*/	0.999098	0.0424734	-2.1407E-16	0.0	0.0424734	-0.999098	2.84507E-16	0.0	-2.77556E-16	-3.40006E-16	-1.0	0.0	0.053	-0.17	0.06	1.0
					/*	6:child_number	*/	0
					/*	6:name	*/	²ð×°Áº_µ¼ÁºµÈ-1/32M²ð×°Áº-3/2_12+14+16+21+22´øÂÝË¨ÂÝÄ¸-1/22ºÅ¼×#2+12ºÅÉÏ´øÂÝË¨-1/_ÂÝÄ¸1-19
					/*	6:type	*/	ÇÅÁº\²ð×°Áº\parts\basic\_ÂÝÄ¸1.SLDPRT
					/*	6:location	*/	0.999098	0.0424734	-2.1407E-16	0.0	0.0424734	-0.999098	2.84507E-16	0.0	-2.77556E-16	-3.40006E-16	-1.0	0.0	-0.147	-0.17	0.06	1.0
					/*	6:child_number	*/	0
					/*	6:name	*/	²ð×°Áº_µ¼ÁºµÈ-1/32M²ð×°Áº-3/2_12+14+16+21+22´øÂÝË¨ÂÝÄ¸-1/22ºÅ¼×#2+12ºÅÉÏ´øÂÝË¨-1/_ÂÝÄ¸1-2
					/*	6:type	*/	ÇÅÁº\²ð×°Áº\parts\basic\_ÂÝÄ¸1.SLDPRT
					/*	6:location	*/	0.886481	1.07667E-15	0.462766	0.0	-0.462766	-8.86512E-16	0.886481	0.0	1.31839E-15	-1.0	-1.66533E-16	0.0	0.033	-0.1485	1.7325	1.0
					/*	6:child_number	*/	0
					/*	6:name	*/	²ð×°Áº_µ¼ÁºµÈ-1/32M²ð×°Áº-3/2_12+14+16+21+22´øÂÝË¨ÂÝÄ¸-1/22ºÅ¼×#2+12ºÅÉÏ´øÂÝË¨-1/_ÂÝÄ¸1-20
					/*	6:type	*/	ÇÅÁº\²ð×°Áº\parts\basic\_ÂÝÄ¸1.SLDPRT
					/*	6:location	*/	0.536332	-0.844007	2.15782E-16	0.0	-0.844007	-0.536332	3.73212E-16	0.0	-1.99263E-16	-3.82287E-16	-1.0	0.0	-0.067	-0.17	0.06	1.0
					/*	6:child_number	*/	0
					/*	6:name	*/	²ð×°Áº_µ¼ÁºµÈ-1/32M²ð×°Áº-3/2_12+14+16+21+22´øÂÝË¨ÂÝÄ¸-1/22ºÅ¼×#2+12ºÅÉÏ´øÂÝË¨-1/_ÂÝÄ¸1-3
					/*	6:type	*/	ÇÅÁº\²ð×°Áº\parts\basic\_ÂÝÄ¸1.SLDPRT
					/*	6:location	*/	0.844007	1.18706E-15	-0.536332	0.0	0.536332	4.37762E-16	0.844007	0.0	1.20892E-15	-1.0	-2.67183E-16	0.0	0.033	-0.1485	0.2125	1.0
					/*	6:child_number	*/	0
					/*	6:name	*/	²ð×°Áº_µ¼ÁºµÈ-1/32M²ð×°Áº-3/2_12+14+16+21+22´øÂÝË¨ÂÝÄ¸-1/22ºÅ¼×#2+12ºÅÉÏ´øÂÝË¨-1/_ÂÝÄ¸1-4
					/*	6:type	*/	ÇÅÁº\²ð×°Áº\parts\basic\_ÂÝÄ¸1.SLDPRT
					/*	6:location	*/	0.844007	1.18706E-15	-0.536332	0.0	0.536332	4.37762E-16	0.844007	0.0	1.20892E-15	-1.0	-2.67183E-16	0.0	0.033	-0.1485	0.1325	1.0
					/*	6:child_number	*/	0
					/*	6:name	*/	²ð×°Áº_µ¼ÁºµÈ-1/32M²ð×°Áº-3/2_12+14+16+21+22´øÂÝË¨ÂÝÄ¸-1/22ºÅ¼×#2+12ºÅÉÏ´øÂÝË¨-1/_ÂÝÄ¸1-5
					/*	6:type	*/	ÇÅÁº\²ð×°Áº\parts\basic\_ÂÝÄ¸1.SLDPRT
					/*	6:location	*/	0.886481	-2.91558E-15	0.462766	0.0	-0.462766	1.48213E-15	0.886481	0.0	-3.31679E-15	-1.0	8.57404E-17	0.0	-0.179534	-0.1485	1.79997	1.0
					/*	6:child_number	*/	0
					/*	6:name	*/	²ð×°Áº_µ¼ÁºµÈ-1/32M²ð×°Áº-3/2_12+14+16+21+22´øÂÝË¨ÂÝÄ¸-1/22ºÅ¼×#2+12ºÅÉÏ´øÂÝË¨-1/_ÂÝÄ¸1-6
					/*	6:type	*/	ÇÅÁº\²ð×°Áº\parts\basic\_ÂÝÄ¸1.SLDPRT
					/*	6:location	*/	0.886481	-2.91558E-15	0.462766	0.0	-0.462766	1.48213E-15	0.886481	0.0	-3.31679E-15	-1.0	8.57404E-17	0.0	-0.236103	-0.1485	1.7434	1.0
					/*	6:child_number	*/	0
					/*	6:name	*/	²ð×°Áº_µ¼ÁºµÈ-1/32M²ð×°Áº-3/2_12+14+16+21+22´øÂÝË¨ÂÝÄ¸-1/22ºÅ¼×#2+12ºÅÉÏ´øÂÝË¨-1/_ÂÝÄ¸1-7
					/*	6:type	*/	ÇÅÁº\²ð×°Áº\parts\basic\_ÂÝÄ¸1.SLDPRT
					/*	6:location	*/	0.844007	1.18706E-15	-0.536332	0.0	0.536332	4.37762E-16	0.844007	0.0	1.20892E-15	-1.0	-2.67183E-16	0.0	0.222103	-0.1485	0.201603	1.0
					/*	6:child_number	*/	0
					/*	6:name	*/	²ð×°Áº_µ¼ÁºµÈ-1/32M²ð×°Áº-3/2_12+14+16+21+22´øÂÝË¨ÂÝÄ¸-1/22ºÅ¼×#2+12ºÅÉÏ´øÂÝË¨-1/_ÂÝÄ¸1-8
					/*	6:type	*/	ÇÅÁº\²ð×°Áº\parts\basic\_ÂÝÄ¸1.SLDPRT
					/*	6:location	*/	0.844007	9.28919E-16	-0.536332	0.0	0.536332	2.91415E-16	0.844007	0.0	9.12554E-16	-1.0	-2.52253E-16	0.0	0.165534	-0.1485	0.145034	1.0
					/*	6:child_number	*/	0
					/*	6:name	*/	²ð×°Áº_µ¼ÁºµÈ-1/32M²ð×°Áº-3/2_12+14+16+21+22´øÂÝË¨ÂÝÄ¸-1/22ºÅ¼×#2+12ºÅÉÏ´øÂÝË¨-1/_ÂÝÄ¸1-9
					/*	6:type	*/	ÇÅÁº\²ð×°Áº\parts\basic\_ÂÝÄ¸1.SLDPRT
					/*	6:location	*/	-0.462766	0.886481	-3.96211E-16	0.0	-0.886481	-0.462766	-6.57277E-16	0.0	-7.49401E-16	1.05818E-16	1.0	0.0	0.133	-0.17	1.885	1.0
					/*	6:child_number	*/	0
				/*	5:name	*/	²ð×°Áº_µ¼ÁºµÈ-1/32M²ð×°Áº-3/2_12+14+16+21+22´øÂÝË¨ÂÝÄ¸-1/2_14´øÂÝË¨Ë¨¶¤-1
				/*	5:type	*/	ÇÅÁº\²ð×°Áº\parts\left\endShare\2_14´øÂÝË¨Ë¨¶¤.SLDASM
				/*	5:location	*/	-1.0	-1.52656E-16	-1.14071E-16	0.0	-1.66533E-16	1.0	-1.52429E-17	0.0	1.15507E-16	2.62156E-17	-1.0	0.0	-0.326954	-0.114053	-2.143	1.0
				/*	5:child_number	*/	25
					/*	6:name	*/	²ð×°Áº_µ¼ÁºµÈ-1/32M²ð×°Áº-3/2_12+14+16+21+22´øÂÝË¨ÂÝÄ¸-1/2_14´øÂÝË¨Ë¨¶¤-1/2_16-1
					/*	6:type	*/	ÇÅÁº\²ð×°Áº\parts\left\endShare\2_16.SLDASM
					/*	6:location	*/	1.0	-2.99045E-33	0.0	0.0	1.76066E-33	1.0	0.0	0.0	0.0	0.0	1.0	0.0	0.0057615	-0.0265029	-0.01	1.0
					/*	6:child_number	*/	2
						/*	7:name	*/	²ð×°Áº_µ¼ÁºµÈ-1/32M²ð×°Áº-3/2_12+14+16+21+22´øÂÝË¨ÂÝÄ¸-1/2_14´øÂÝË¨Ë¨¶¤-1/2_16-1/_16ºÅ-1
						/*	7:type	*/	ÇÅÁº\²ð×°Áº\parts\basic\_16ºÅ.SLDPRT
						/*	7:location	*/	1.0	-2.99045E-33	0.0	0.0	1.76066E-33	1.0	0.0	0.0	0.0	0.0	1.0	0.0	0.0172845	0.0155561	-0.01	1.0
						/*	7:child_number	*/	0
						/*	7:name	*/	²ð×°Áº_µ¼ÁºµÈ-1/32M²ð×°Áº-3/2_12+14+16+21+22´øÂÝË¨ÂÝÄ¸-1/2_14´øÂÝË¨Ë¨¶¤-1/2_16-1/_16ºÅ-2
						/*	7:type	*/	ÇÅÁº\²ð×°Áº\parts\basic\_16ºÅ.SLDPRT
						/*	7:location	*/	1.0	-2.99045E-33	0.0	0.0	1.76066E-33	1.0	0.0	0.0	0.0	0.0	1.0	0.0	0.0172845	0.0155561	0.01	1.0
						/*	7:child_number	*/	0
					/*	6:name	*/	²ð×°Áº_µ¼ÁºµÈ-1/32M²ð×°Áº-3/2_12+14+16+21+22´øÂÝË¨ÂÝÄ¸-1/2_14´øÂÝË¨Ë¨¶¤-1/_32ÂÝË¨-1
					/*	6:type	*/	ÇÅÁº\²ð×°Áº\parts\basic\_32ÂÝË¨.SLDPRT
					/*	6:location	*/	-0.523152	-0.852239	-1.14492E-16	0.0	-0.852239	0.523152	-2.08167E-17	0.0	7.76374E-17	8.66841E-17	-1.0	0.0	-0.276954	0.0690531	0.037	1.0
					/*	6:child_number	*/	0
					/*	6:name	*/	²ð×°Áº_µ¼ÁºµÈ-1/32M²ð×°Áº-3/2_12+14+16+21+22´øÂÝË¨ÂÝÄ¸-1/2_14´øÂÝË¨Ë¨¶¤-1/_32ÂÝË¨-2
					/*	6:type	*/	ÇÅÁº\²ð×°Áº\parts\basic\_32ÂÝË¨.SLDPRT
					/*	6:location	*/	-0.523152	-0.852239	-7.28584E-17	0.0	-0.852239	0.523152	-6.93889E-18	0.0	4.40296E-17	5.84627E-17	-1.0	0.0	0.083046	0.0690531	0.037	1.0
					/*	6:child_number	*/	0
					/*	6:name	*/	²ð×°Áº_µ¼ÁºµÈ-1/32M²ð×°Áº-3/2_12+14+16+21+22´øÂÝË¨ÂÝÄ¸-1/2_14´øÂÝË¨Ë¨¶¤-1/_32ÂÝË¨-3
					/*	6:type	*/	ÇÅÁº\²ð×°Áº\parts\basic\_32ÂÝË¨.SLDPRT
					/*	6:location	*/	-0.523152	-0.852239	-7.28584E-17	0.0	-0.852239	0.523152	-6.93889E-18	0.0	4.40296E-17	5.84627E-17	-1.0	0.0	0.323046	-0.0909469	0.037	1.0
					/*	6:child_number	*/	0
					/*	6:name	*/	²ð×°Áº_µ¼ÁºµÈ-1/32M²ð×°Áº-3/2_12+14+16+21+22´øÂÝË¨ÂÝÄ¸-1/2_14´øÂÝË¨Ë¨¶¤-1/_32ÂÝË¨-4
					/*	6:type	*/	ÇÅÁº\²ð×°Áº\parts\basic\_32ÂÝË¨.SLDPRT
					/*	6:location	*/	-0.523152	-0.852239	-7.28584E-17	0.0	-0.852239	0.523152	-6.93889E-18	0.0	4.40296E-17	5.84627E-17	-1.0	0.0	0.323046	0.0690531	0.037	1.0
					/*	6:child_number	*/	0
					/*	6:name	*/	²ð×°Áº_µ¼ÁºµÈ-1/32M²ð×°Áº-3/2_12+14+16+21+22´øÂÝË¨ÂÝÄ¸-1/2_14´øÂÝË¨Ë¨¶¤-1/_32ÂÝË¨-5
					/*	6:type	*/	ÇÅÁº\²ð×°Áº\parts\basic\_32ÂÝË¨.SLDPRT
					/*	6:location	*/	-0.523152	-0.852239	-7.28584E-17	0.0	-0.852239	0.523152	-6.93889E-18	0.0	4.40296E-17	5.84627E-17	-1.0	0.0	-0.036954	-0.0909469	0.037	1.0
					/*	6:child_number	*/	0
					/*	6:name	*/	²ð×°Áº_µ¼ÁºµÈ-1/32M²ð×°Áº-3/2_12+14+16+21+22´øÂÝË¨ÂÝÄ¸-1/2_14´øÂÝË¨Ë¨¶¤-1/_32ÂÝË¨-6
					/*	6:type	*/	ÇÅÁº\²ð×°Áº\parts\basic\_32ÂÝË¨.SLDPRT
					/*	6:location	*/	-0.523152	-0.852239	-7.28584E-17	0.0	-0.852239	0.523152	-6.93889E-18	0.0	4.40296E-17	5.84627E-17	-1.0	0.0	0.083046	-0.0909469	0.037	1.0
					/*	6:child_number	*/	0
					/*	6:name	*/	²ð×°Áº_µ¼ÁºµÈ-1/32M²ð×°Áº-3/2_12+14+16+21+22´øÂÝË¨ÂÝÄ¸-1/2_14´øÂÝË¨Ë¨¶¤-1/_32ÂÝË¨-7
					/*	6:type	*/	ÇÅÁº\²ð×°Áº\parts\basic\_32ÂÝË¨.SLDPRT
					/*	6:location	*/	-0.523152	-0.852239	-7.28584E-17	0.0	-0.852239	0.523152	-6.93889E-18	0.0	4.40296E-17	5.84627E-17	-1.0	0.0	-0.036954	0.0690531	0.037	1.0
					/*	6:child_number	*/	0
					/*	6:name	*/	²ð×°Áº_µ¼ÁºµÈ-1/32M²ð×°Áº-3/2_12+14+16+21+22´øÂÝË¨ÂÝÄ¸-1/2_14´øÂÝË¨Ë¨¶¤-1/_32ÂÝË¨-8
					/*	6:type	*/	ÇÅÁº\²ð×°Áº\parts\basic\_32ÂÝË¨.SLDPRT
					/*	6:location	*/	-0.523152	-0.852239	-7.28584E-17	0.0	-0.852239	0.523152	-6.93889E-18	0.0	4.40296E-17	5.84627E-17	-1.0	0.0	-0.276954	-0.0909469	0.037	1.0
					/*	6:child_number	*/	0
					/*	6:name	*/	²ð×°Áº_µ¼ÁºµÈ-1/32M²ð×°Áº-3/2_12+14+16+21+22´øÂÝË¨ÂÝÄ¸-1/2_14´øÂÝË¨Ë¨¶¤-1/_36ºÅË¨¶¤-1
					/*	6:type	*/	ÇÅÁº\²ð×°Áº\parts\basic\_36ºÅË¨¶¤.SLDPRT
					/*	6:location	*/	0.502978	-0.864299	-2.77556E-17	0.0	-1.80139E-17	2.16302E-17	-1.0	0.0	0.864299	0.502978	-4.68983E-18	0.0	-0.196954	0.0690531	0.032	1.0
					/*	6:child_number	*/	0
					/*	6:name	*/	²ð×°Áº_µ¼ÁºµÈ-1/32M²ð×°Áº-3/2_12+14+16+21+22´øÂÝË¨ÂÝÄ¸-1/2_14´øÂÝË¨Ë¨¶¤-1/_36ºÅË¨¶¤-10
					/*	6:type	*/	ÇÅÁº\²ð×°Áº\parts\basic\_36ºÅË¨¶¤.SLDPRT
					/*	6:location	*/	0.502978	-0.864299	-2.77556E-17	0.0	-1.80139E-17	2.16302E-17	-1.0	0.0	0.864299	0.502978	-4.68983E-18	0.0	-0.116954	-0.0909469	0.032	1.0
					/*	6:child_number	*/	0
					/*	6:name	*/	²ð×°Áº_µ¼ÁºµÈ-1/32M²ð×°Áº-3/2_12+14+16+21+22´øÂÝË¨ÂÝÄ¸-1/2_14´øÂÝË¨Ë¨¶¤-1/_36ºÅË¨¶¤-11
					/*	6:type	*/	ÇÅÁº\²ð×°Áº\parts\basic\_36ºÅË¨¶¤.SLDPRT
					/*	6:location	*/	0.502978	-0.864299	-2.77556E-17	0.0	-1.80139E-17	2.16302E-17	-1.0	0.0	0.864299	0.502978	-4.68983E-18	0.0	-0.276954	-0.0109469	0.032	1.0
					/*	6:child_number	*/	0
					/*	6:name	*/	²ð×°Áº_µ¼ÁºµÈ-1/32M²ð×°Áº-3/2_12+14+16+21+22´øÂÝË¨ÂÝÄ¸-1/2_14´øÂÝË¨Ë¨¶¤-1/_36ºÅË¨¶¤-12
					/*	6:type	*/	ÇÅÁº\²ð×°Áº\parts\basic\_36ºÅË¨¶¤.SLDPRT
					/*	6:location	*/	0.502978	-0.864299	-2.77556E-17	0.0	-1.80139E-17	2.16302E-17	-1.0	0.0	0.864299	0.502978	-4.68983E-18	0.0	0.163046	-0.0109469	0.032	1.0
					/*	6:child_number	*/	0
					/*	6:name	*/	²ð×°Áº_µ¼ÁºµÈ-1/32M²ð×°Áº-3/2_12+14+16+21+22´øÂÝË¨ÂÝÄ¸-1/2_14´øÂÝË¨Ë¨¶¤-1/_36ºÅË¨¶¤-13
					/*	6:type	*/	ÇÅÁº\²ð×°Áº\parts\basic\_36ºÅË¨¶¤.SLDPRT
					/*	6:location	*/	0.502978	-0.864299	-2.77556E-17	0.0	-1.80139E-17	2.16302E-17	-1.0	0.0	0.864299	0.502978	-4.68983E-18	0.0	0.163046	-0.0909469	0.032	1.0
					/*	6:child_number	*/	0
					/*	6:name	*/	²ð×°Áº_µ¼ÁºµÈ-1/32M²ð×°Áº-3/2_12+14+16+21+22´øÂÝË¨ÂÝÄ¸-1/2_14´øÂÝË¨Ë¨¶¤-1/_36ºÅË¨¶¤-14
					/*	6:type	*/	ÇÅÁº\²ð×°Áº\parts\basic\_36ºÅË¨¶¤.SLDPRT
					/*	6:location	*/	0.502978	-0.864299	-2.77556E-17	0.0	-1.80139E-17	2.16302E-17	-1.0	0.0	0.864299	0.502978	-4.68983E-18	0.0	0.243046	0.0690531	0.032	1.0
					/*	6:child_number	*/	0
					/*	6:name	*/	²ð×°Áº_µ¼ÁºµÈ-1/32M²ð×°Áº-3/2_12+14+16+21+22´øÂÝË¨ÂÝÄ¸-1/2_14´øÂÝË¨Ë¨¶¤-1/_36ºÅË¨¶¤-15
					/*	6:type	*/	ÇÅÁº\²ð×°Áº\parts\basic\_36ºÅË¨¶¤.SLDPRT
					/*	6:location	*/	0.502978	-0.864299	-2.77556E-17	0.0	-1.80139E-17	2.16302E-17	-1.0	0.0	0.864299	0.502978	-4.68983E-18	0.0	0.323046	-0.0109469	0.032	1.0
					/*	6:child_number	*/	0
					/*	6:name	*/	²ð×°Áº_µ¼ÁºµÈ-1/32M²ð×°Áº-3/2_12+14+16+21+22´øÂÝË¨ÂÝÄ¸-1/2_14´øÂÝË¨Ë¨¶¤-1/_36ºÅË¨¶¤-16
					/*	6:type	*/	ÇÅÁº\²ð×°Áº\parts\basic\_36ºÅË¨¶¤.SLDPRT
					/*	6:location	*/	0.502978	-0.864299	-2.77556E-17	0.0	-1.80139E-17	2.16302E-17	-1.0	0.0	0.864299	0.502978	-4.68983E-18	0.0	0.243046	-0.0909469	0.032	1.0
					/*	6:child_number	*/	0
					/*	6:name	*/	²ð×°Áº_µ¼ÁºµÈ-1/32M²ð×°Áº-3/2_12+14+16+21+22´øÂÝË¨ÂÝÄ¸-1/2_14´øÂÝË¨Ë¨¶¤-1/_36ºÅË¨¶¤-2
					/*	6:type	*/	ÇÅÁº\²ð×°Áº\parts\basic\_36ºÅË¨¶¤.SLDPRT
					/*	6:location	*/	0.502978	-0.864299	-2.77556E-17	0.0	-1.80139E-17	2.16302E-17	-1.0	0.0	0.864299	0.502978	-4.68983E-18	0.0	0.083046	-0.0109469	0.032	1.0
					/*	6:child_number	*/	0
					/*	6:name	*/	²ð×°Áº_µ¼ÁºµÈ-1/32M²ð×°Áº-3/2_12+14+16+21+22´øÂÝË¨ÂÝÄ¸-1/2_14´øÂÝË¨Ë¨¶¤-1/_36ºÅË¨¶¤-3
					/*	6:type	*/	ÇÅÁº\²ð×°Áº\parts\basic\_36ºÅË¨¶¤.SLDPRT
					/*	6:location	*/	0.502978	-0.864299	-2.77556E-17	0.0	-1.80139E-17	2.16302E-17	-1.0	0.0	0.864299	0.502978	-4.68983E-18	0.0	-0.116954	0.0690531	0.032	1.0
					/*	6:child_number	*/	0
					/*	6:name	*/	²ð×°Áº_µ¼ÁºµÈ-1/32M²ð×°Áº-3/2_12+14+16+21+22´øÂÝË¨ÂÝÄ¸-1/2_14´øÂÝË¨Ë¨¶¤-1/_36ºÅË¨¶¤-4
					/*	6:type	*/	ÇÅÁº\²ð×°Áº\parts\basic\_36ºÅË¨¶¤.SLDPRT
					/*	6:location	*/	0.502978	-0.864299	-2.77556E-17	0.0	-1.80139E-17	2.16302E-17	-1.0	0.0	0.864299	0.502978	-4.68983E-18	0.0	0.163046	0.0690531	0.032	1.0
					/*	6:child_number	*/	0
					/*	6:name	*/	²ð×°Áº_µ¼ÁºµÈ-1/32M²ð×°Áº-3/2_12+14+16+21+22´øÂÝË¨ÂÝÄ¸-1/2_14´øÂÝË¨Ë¨¶¤-1/_36ºÅË¨¶¤-5
					/*	6:type	*/	ÇÅÁº\²ð×°Áº\parts\basic\_36ºÅË¨¶¤.SLDPRT
					/*	6:location	*/	0.502978	-0.864299	-2.77556E-17	0.0	-1.80139E-17	2.16302E-17	-1.0	0.0	0.864299	0.502978	-4.68983E-18	0.0	0.243046	-0.0109469	0.032	1.0
					/*	6:child_number	*/	0
					/*	6:name	*/	²ð×°Áº_µ¼ÁºµÈ-1/32M²ð×°Áº-3/2_12+14+16+21+22´øÂÝË¨ÂÝÄ¸-1/2_14´øÂÝË¨Ë¨¶¤-1/_36ºÅË¨¶¤-6
					/*	6:type	*/	ÇÅÁº\²ð×°Áº\parts\basic\_36ºÅË¨¶¤.SLDPRT
					/*	6:location	*/	0.502978	-0.864299	-2.77556E-17	0.0	-1.80139E-17	2.16302E-17	-1.0	0.0	0.864299	0.502978	-4.68983E-18	0.0	-0.196954	-0.0109469	0.032	1.0
					/*	6:child_number	*/	0
					/*	6:name	*/	²ð×°Áº_µ¼ÁºµÈ-1/32M²ð×°Áº-3/2_12+14+16+21+22´øÂÝË¨ÂÝÄ¸-1/2_14´øÂÝË¨Ë¨¶¤-1/_36ºÅË¨¶¤-7
					/*	6:type	*/	ÇÅÁº\²ð×°Áº\parts\basic\_36ºÅË¨¶¤.SLDPRT
					/*	6:location	*/	0.502978	-0.864299	-2.77556E-17	0.0	-1.80139E-17	2.16302E-17	-1.0	0.0	0.864299	0.502978	-4.68983E-18	0.0	-0.196954	-0.0909469	0.032	1.0
					/*	6:child_number	*/	0
					/*	6:name	*/	²ð×°Áº_µ¼ÁºµÈ-1/32M²ð×°Áº-3/2_12+14+16+21+22´øÂÝË¨ÂÝÄ¸-1/2_14´øÂÝË¨Ë¨¶¤-1/_36ºÅË¨¶¤-8
					/*	6:type	*/	ÇÅÁº\²ð×°Áº\parts\basic\_36ºÅË¨¶¤.SLDPRT
					/*	6:location	*/	0.502978	-0.864299	-2.77556E-17	0.0	-1.80139E-17	2.16302E-17	-1.0	0.0	0.864299	0.502978	-4.68983E-18	0.0	-0.116954	-0.0109469	0.032	1.0
					/*	6:child_number	*/	0
					/*	6:name	*/	²ð×°Áº_µ¼ÁºµÈ-1/32M²ð×°Áº-3/2_12+14+16+21+22´øÂÝË¨ÂÝÄ¸-1/2_14´øÂÝË¨Ë¨¶¤-1/_36ºÅË¨¶¤-9
					/*	6:type	*/	ÇÅÁº\²ð×°Áº\parts\basic\_36ºÅË¨¶¤.SLDPRT
					/*	6:location	*/	0.502978	-0.864299	-2.77556E-17	0.0	-1.80139E-17	2.16302E-17	-1.0	0.0	0.864299	0.502978	-4.68983E-18	0.0	-0.036954	-0.0109469	0.032	1.0
					/*	6:child_number	*/	0
				/*	5:name	*/	²ð×°Áº_µ¼ÁºµÈ-1/32M²ð×°Áº-3/2_12+14+16+21+22´øÂÝË¨ÂÝÄ¸-1/2_14´øÂÝË¨Ë¨¶¤-2
				/*	5:type	*/	ÇÅÁº\²ð×°Áº\parts\left\endShare\2_14´øÂÝË¨Ë¨¶¤.SLDASM
				/*	5:location	*/	1.0	0.0	0.0	0.0	0.0	1.0	0.0	0.0	0.0	0.0	1.0	0.0	-0.373046	-0.114053	-0.02	1.0
				/*	5:child_number	*/	25
					/*	6:name	*/	²ð×°Áº_µ¼ÁºµÈ-1/32M²ð×°Áº-3/2_12+14+16+21+22´øÂÝË¨ÂÝÄ¸-1/2_14´øÂÝË¨Ë¨¶¤-2/2_16-1
					/*	6:type	*/	ÇÅÁº\²ð×°Áº\parts\left\endShare\2_16.SLDASM
					/*	6:location	*/	1.0	0.0	0.0	0.0	0.0	1.0	0.0	0.0	0.0	0.0	1.0	0.0	0.0057615	-0.0265029	-0.01	1.0
					/*	6:child_number	*/	2
						/*	7:name	*/	²ð×°Áº_µ¼ÁºµÈ-1/32M²ð×°Áº-3/2_12+14+16+21+22´øÂÝË¨ÂÝÄ¸-1/2_14´øÂÝË¨Ë¨¶¤-2/2_16-1/_16ºÅ-1
						/*	7:type	*/	ÇÅÁº\²ð×°Áº\parts\basic\_16ºÅ.SLDPRT
						/*	7:location	*/	1.0	0.0	0.0	0.0	0.0	1.0	0.0	0.0	0.0	0.0	1.0	0.0	0.0172845	0.0155561	-0.01	1.0
						/*	7:child_number	*/	0
						/*	7:name	*/	²ð×°Áº_µ¼ÁºµÈ-1/32M²ð×°Áº-3/2_12+14+16+21+22´øÂÝË¨ÂÝÄ¸-1/2_14´øÂÝË¨Ë¨¶¤-2/2_16-1/_16ºÅ-2
						/*	7:type	*/	ÇÅÁº\²ð×°Áº\parts\basic\_16ºÅ.SLDPRT
						/*	7:location	*/	1.0	0.0	0.0	0.0	0.0	1.0	0.0	0.0	0.0	0.0	1.0	0.0	0.0172845	0.0155561	0.01	1.0
						/*	7:child_number	*/	0
					/*	6:name	*/	²ð×°Áº_µ¼ÁºµÈ-1/32M²ð×°Áº-3/2_12+14+16+21+22´øÂÝË¨ÂÝÄ¸-1/2_14´øÂÝË¨Ë¨¶¤-2/_32ÂÝË¨-1
					/*	6:type	*/	ÇÅÁº\²ð×°Áº\parts\basic\_32ÂÝË¨.SLDPRT
					/*	6:location	*/	-0.523152	-0.852239	-1.14492E-16	0.0	-0.852239	0.523152	-2.08167E-17	0.0	7.76374E-17	8.66841E-17	-1.0	0.0	-0.276954	0.0690531	0.037	1.0
					/*	6:child_number	*/	0
					/*	6:name	*/	²ð×°Áº_µ¼ÁºµÈ-1/32M²ð×°Áº-3/2_12+14+16+21+22´øÂÝË¨ÂÝÄ¸-1/2_14´øÂÝË¨Ë¨¶¤-2/_32ÂÝË¨-2
					/*	6:type	*/	ÇÅÁº\²ð×°Áº\parts\basic\_32ÂÝË¨.SLDPRT
					/*	6:location	*/	-0.523152	-0.852239	-7.28584E-17	0.0	-0.852239	0.523152	-6.93889E-18	0.0	4.40296E-17	5.84627E-17	-1.0	0.0	0.083046	0.0690531	0.037	1.0
					/*	6:child_number	*/	0
					/*	6:name	*/	²ð×°Áº_µ¼ÁºµÈ-1/32M²ð×°Áº-3/2_12+14+16+21+22´øÂÝË¨ÂÝÄ¸-1/2_14´øÂÝË¨Ë¨¶¤-2/_32ÂÝË¨-3
					/*	6:type	*/	ÇÅÁº\²ð×°Áº\parts\basic\_32ÂÝË¨.SLDPRT
					/*	6:location	*/	-0.523152	-0.852239	-7.28584E-17	0.0	-0.852239	0.523152	-6.93889E-18	0.0	4.40296E-17	5.84627E-17	-1.0	0.0	0.323046	-0.0909469	0.037	1.0
					/*	6:child_number	*/	0
					/*	6:name	*/	²ð×°Áº_µ¼ÁºµÈ-1/32M²ð×°Áº-3/2_12+14+16+21+22´øÂÝË¨ÂÝÄ¸-1/2_14´øÂÝË¨Ë¨¶¤-2/_32ÂÝË¨-4
					/*	6:type	*/	ÇÅÁº\²ð×°Áº\parts\basic\_32ÂÝË¨.SLDPRT
					/*	6:location	*/	-0.523152	-0.852239	-7.28584E-17	0.0	-0.852239	0.523152	-6.93889E-18	0.0	4.40296E-17	5.84627E-17	-1.0	0.0	0.323046	0.0690531	0.037	1.0
					/*	6:child_number	*/	0
					/*	6:name	*/	²ð×°Áº_µ¼ÁºµÈ-1/32M²ð×°Áº-3/2_12+14+16+21+22´øÂÝË¨ÂÝÄ¸-1/2_14´øÂÝË¨Ë¨¶¤-2/_32ÂÝË¨-5
					/*	6:type	*/	ÇÅÁº\²ð×°Áº\parts\basic\_32ÂÝË¨.SLDPRT
					/*	6:location	*/	-0.523152	-0.852239	-7.28584E-17	0.0	-0.852239	0.523152	-6.93889E-18	0.0	4.40296E-17	5.84627E-17	-1.0	0.0	-0.036954	-0.0909469	0.037	1.0
					/*	6:child_number	*/	0
					/*	6:name	*/	²ð×°Áº_µ¼ÁºµÈ-1/32M²ð×°Áº-3/2_12+14+16+21+22´øÂÝË¨ÂÝÄ¸-1/2_14´øÂÝË¨Ë¨¶¤-2/_32ÂÝË¨-6
					/*	6:type	*/	ÇÅÁº\²ð×°Áº\parts\basic\_32ÂÝË¨.SLDPRT
					/*	6:location	*/	-0.523152	-0.852239	-7.28584E-17	0.0	-0.852239	0.523152	-6.93889E-18	0.0	4.40296E-17	5.84627E-17	-1.0	0.0	0.083046	-0.0909469	0.037	1.0
					/*	6:child_number	*/	0
					/*	6:name	*/	²ð×°Áº_µ¼ÁºµÈ-1/32M²ð×°Áº-3/2_12+14+16+21+22´øÂÝË¨ÂÝÄ¸-1/2_14´øÂÝË¨Ë¨¶¤-2/_32ÂÝË¨-7
					/*	6:type	*/	ÇÅÁº\²ð×°Áº\parts\basic\_32ÂÝË¨.SLDPRT
					/*	6:location	*/	-0.523152	-0.852239	-7.28584E-17	0.0	-0.852239	0.523152	-6.93889E-18	0.0	4.40296E-17	5.84627E-17	-1.0	0.0	-0.036954	0.0690531	0.037	1.0
					/*	6:child_number	*/	0
					/*	6:name	*/	²ð×°Áº_µ¼ÁºµÈ-1/32M²ð×°Áº-3/2_12+14+16+21+22´øÂÝË¨ÂÝÄ¸-1/2_14´øÂÝË¨Ë¨¶¤-2/_32ÂÝË¨-8
					/*	6:type	*/	ÇÅÁº\²ð×°Áº\parts\basic\_32ÂÝË¨.SLDPRT
					/*	6:location	*/	-0.523152	-0.852239	-7.28584E-17	0.0	-0.852239	0.523152	-6.93889E-18	0.0	4.40296E-17	5.84627E-17	-1.0	0.0	-0.276954	-0.0909469	0.037	1.0
					/*	6:child_number	*/	0
					/*	6:name	*/	²ð×°Áº_µ¼ÁºµÈ-1/32M²ð×°Áº-3/2_12+14+16+21+22´øÂÝË¨ÂÝÄ¸-1/2_14´øÂÝË¨Ë¨¶¤-2/_36ºÅË¨¶¤-1
					/*	6:type	*/	ÇÅÁº\²ð×°Áº\parts\basic\_36ºÅË¨¶¤.SLDPRT
					/*	6:location	*/	0.502978	-0.864299	-2.77556E-17	0.0	-1.80139E-17	2.16302E-17	-1.0	0.0	0.864299	0.502978	-4.68983E-18	0.0	-0.196954	0.0690531	0.032	1.0
					/*	6:child_number	*/	0
					/*	6:name	*/	²ð×°Áº_µ¼ÁºµÈ-1/32M²ð×°Áº-3/2_12+14+16+21+22´øÂÝË¨ÂÝÄ¸-1/2_14´øÂÝË¨Ë¨¶¤-2/_36ºÅË¨¶¤-10
					/*	6:type	*/	ÇÅÁº\²ð×°Áº\parts\basic\_36ºÅË¨¶¤.SLDPRT
					/*	6:location	*/	0.502978	-0.864299	-2.77556E-17	0.0	-1.80139E-17	2.16302E-17	-1.0	0.0	0.864299	0.502978	-4.68983E-18	0.0	-0.116954	-0.0909469	0.032	1.0
					/*	6:child_number	*/	0
					/*	6:name	*/	²ð×°Áº_µ¼ÁºµÈ-1/32M²ð×°Áº-3/2_12+14+16+21+22´øÂÝË¨ÂÝÄ¸-1/2_14´øÂÝË¨Ë¨¶¤-2/_36ºÅË¨¶¤-11
					/*	6:type	*/	ÇÅÁº\²ð×°Áº\parts\basic\_36ºÅË¨¶¤.SLDPRT
					/*	6:location	*/	0.502978	-0.864299	-2.77556E-17	0.0	-1.80139E-17	2.16302E-17	-1.0	0.0	0.864299	0.502978	-4.68983E-18	0.0	-0.276954	-0.0109469	0.032	1.0
					/*	6:child_number	*/	0
					/*	6:name	*/	²ð×°Áº_µ¼ÁºµÈ-1/32M²ð×°Áº-3/2_12+14+16+21+22´øÂÝË¨ÂÝÄ¸-1/2_14´øÂÝË¨Ë¨¶¤-2/_36ºÅË¨¶¤-12
					/*	6:type	*/	ÇÅÁº\²ð×°Áº\parts\basic\_36ºÅË¨¶¤.SLDPRT
					/*	6:location	*/	0.502978	-0.864299	-2.77556E-17	0.0	-1.80139E-17	2.16302E-17	-1.0	0.0	0.864299	0.502978	-4.68983E-18	0.0	0.163046	-0.0109469	0.032	1.0
					/*	6:child_number	*/	0
					/*	6:name	*/	²ð×°Áº_µ¼ÁºµÈ-1/32M²ð×°Áº-3/2_12+14+16+21+22´øÂÝË¨ÂÝÄ¸-1/2_14´øÂÝË¨Ë¨¶¤-2/_36ºÅË¨¶¤-13
					/*	6:type	*/	ÇÅÁº\²ð×°Áº\parts\basic\_36ºÅË¨¶¤.SLDPRT
					/*	6:location	*/	0.502978	-0.864299	-2.77556E-17	0.0	-1.80139E-17	2.16302E-17	-1.0	0.0	0.864299	0.502978	-4.68983E-18	0.0	0.163046	-0.0909469	0.032	1.0
					/*	6:child_number	*/	0
					/*	6:name	*/	²ð×°Áº_µ¼ÁºµÈ-1/32M²ð×°Áº-3/2_12+14+16+21+22´øÂÝË¨ÂÝÄ¸-1/2_14´øÂÝË¨Ë¨¶¤-2/_36ºÅË¨¶¤-14
					/*	6:type	*/	ÇÅÁº\²ð×°Áº\parts\basic\_36ºÅË¨¶¤.SLDPRT
					/*	6:location	*/	0.502978	-0.864299	-2.77556E-17	0.0	-1.80139E-17	2.16302E-17	-1.0	0.0	0.864299	0.502978	-4.68983E-18	0.0	0.243046	0.0690531	0.032	1.0
					/*	6:child_number	*/	0
					/*	6:name	*/	²ð×°Áº_µ¼ÁºµÈ-1/32M²ð×°Áº-3/2_12+14+16+21+22´øÂÝË¨ÂÝÄ¸-1/2_14´øÂÝË¨Ë¨¶¤-2/_36ºÅË¨¶¤-15
					/*	6:type	*/	ÇÅÁº\²ð×°Áº\parts\basic\_36ºÅË¨¶¤.SLDPRT
					/*	6:location	*/	0.502978	-0.864299	-2.77556E-17	0.0	-1.80139E-17	2.16302E-17	-1.0	0.0	0.864299	0.502978	-4.68983E-18	0.0	0.323046	-0.0109469	0.032	1.0
					/*	6:child_number	*/	0
					/*	6:name	*/	²ð×°Áº_µ¼ÁºµÈ-1/32M²ð×°Áº-3/2_12+14+16+21+22´øÂÝË¨ÂÝÄ¸-1/2_14´øÂÝË¨Ë¨¶¤-2/_36ºÅË¨¶¤-16
					/*	6:type	*/	ÇÅÁº\²ð×°Áº\parts\basic\_36ºÅË¨¶¤.SLDPRT
					/*	6:location	*/	0.502978	-0.864299	-2.77556E-17	0.0	-1.80139E-17	2.16302E-17	-1.0	0.0	0.864299	0.502978	-4.68983E-18	0.0	0.243046	-0.0909469	0.032	1.0
					/*	6:child_number	*/	0
					/*	6:name	*/	²ð×°Áº_µ¼ÁºµÈ-1/32M²ð×°Áº-3/2_12+14+16+21+22´øÂÝË¨ÂÝÄ¸-1/2_14´øÂÝË¨Ë¨¶¤-2/_36ºÅË¨¶¤-2
					/*	6:type	*/	ÇÅÁº\²ð×°Áº\parts\basic\_36ºÅË¨¶¤.SLDPRT
					/*	6:location	*/	0.502978	-0.864299	-2.77556E-17	0.0	-1.80139E-17	2.16302E-17	-1.0	0.0	0.864299	0.502978	-4.68983E-18	0.0	0.083046	-0.0109469	0.032	1.0
					/*	6:child_number	*/	0
					/*	6:name	*/	²ð×°Áº_µ¼ÁºµÈ-1/32M²ð×°Áº-3/2_12+14+16+21+22´øÂÝË¨ÂÝÄ¸-1/2_14´øÂÝË¨Ë¨¶¤-2/_36ºÅË¨¶¤-3
					/*	6:type	*/	ÇÅÁº\²ð×°Áº\parts\basic\_36ºÅË¨¶¤.SLDPRT
					/*	6:location	*/	0.502978	-0.864299	-2.77556E-17	0.0	-1.80139E-17	2.16302E-17	-1.0	0.0	0.864299	0.502978	-4.68983E-18	0.0	-0.116954	0.0690531	0.032	1.0
					/*	6:child_number	*/	0
					/*	6:name	*/	²ð×°Áº_µ¼ÁºµÈ-1/32M²ð×°Áº-3/2_12+14+16+21+22´øÂÝË¨ÂÝÄ¸-1/2_14´øÂÝË¨Ë¨¶¤-2/_36ºÅË¨¶¤-4
					/*	6:type	*/	ÇÅÁº\²ð×°Áº\parts\basic\_36ºÅË¨¶¤.SLDPRT
					/*	6:location	*/	0.502978	-0.864299	-2.77556E-17	0.0	-1.80139E-17	2.16302E-17	-1.0	0.0	0.864299	0.502978	-4.68983E-18	0.0	0.163046	0.0690531	0.032	1.0
					/*	6:child_number	*/	0
					/*	6:name	*/	²ð×°Áº_µ¼ÁºµÈ-1/32M²ð×°Áº-3/2_12+14+16+21+22´øÂÝË¨ÂÝÄ¸-1/2_14´øÂÝË¨Ë¨¶¤-2/_36ºÅË¨¶¤-5
					/*	6:type	*/	ÇÅÁº\²ð×°Áº\parts\basic\_36ºÅË¨¶¤.SLDPRT
					/*	6:location	*/	0.502978	-0.864299	-2.77556E-17	0.0	-1.80139E-17	2.16302E-17	-1.0	0.0	0.864299	0.502978	-4.68983E-18	0.0	0.243046	-0.0109469	0.032	1.0
					/*	6:child_number	*/	0
					/*	6:name	*/	²ð×°Áº_µ¼ÁºµÈ-1/32M²ð×°Áº-3/2_12+14+16+21+22´øÂÝË¨ÂÝÄ¸-1/2_14´øÂÝË¨Ë¨¶¤-2/_36ºÅË¨¶¤-6
					/*	6:type	*/	ÇÅÁº\²ð×°Áº\parts\basic\_36ºÅË¨¶¤.SLDPRT
					/*	6:location	*/	0.502978	-0.864299	-2.77556E-17	0.0	-1.80139E-17	2.16302E-17	-1.0	0.0	0.864299	0.502978	-4.68983E-18	0.0	-0.196954	-0.0109469	0.032	1.0
					/*	6:child_number	*/	0
					/*	6:name	*/	²ð×°Áº_µ¼ÁºµÈ-1/32M²ð×°Áº-3/2_12+14+16+21+22´øÂÝË¨ÂÝÄ¸-1/2_14´øÂÝË¨Ë¨¶¤-2/_36ºÅË¨¶¤-7
					/*	6:type	*/	ÇÅÁº\²ð×°Áº\parts\basic\_36ºÅË¨¶¤.SLDPRT
					/*	6:location	*/	0.502978	-0.864299	-2.77556E-17	0.0	-1.80139E-17	2.16302E-17	-1.0	0.0	0.864299	0.502978	-4.68983E-18	0.0	-0.196954	-0.0909469	0.032	1.0
					/*	6:child_number	*/	0
					/*	6:name	*/	²ð×°Áº_µ¼ÁºµÈ-1/32M²ð×°Áº-3/2_12+14+16+21+22´øÂÝË¨ÂÝÄ¸-1/2_14´øÂÝË¨Ë¨¶¤-2/_36ºÅË¨¶¤-8
					/*	6:type	*/	ÇÅÁº\²ð×°Áº\parts\basic\_36ºÅË¨¶¤.SLDPRT
					/*	6:location	*/	0.502978	-0.864299	-2.77556E-17	0.0	-1.80139E-17	2.16302E-17	-1.0	0.0	0.864299	0.502978	-4.68983E-18	0.0	-0.116954	-0.0109469	0.032	1.0
					/*	6:child_number	*/	0
					/*	6:name	*/	²ð×°Áº_µ¼ÁºµÈ-1/32M²ð×°Áº-3/2_12+14+16+21+22´øÂÝË¨ÂÝÄ¸-1/2_14´øÂÝË¨Ë¨¶¤-2/_36ºÅË¨¶¤-9
					/*	6:type	*/	ÇÅÁº\²ð×°Áº\parts\basic\_36ºÅË¨¶¤.SLDPRT
					/*	6:location	*/	0.502978	-0.864299	-2.77556E-17	0.0	-1.80139E-17	2.16302E-17	-1.0	0.0	0.864299	0.502978	-4.68983E-18	0.0	-0.036954	-0.0109469	0.032	1.0
					/*	6:child_number	*/	0
				/*	5:name	*/	²ð×°Áº_µ¼ÁºµÈ-1/32M²ð×°Áº-3/2_12+14+16+21+22´øÂÝË¨ÂÝÄ¸-1/2_14¼×´øÂÝË¨-1
				/*	5:type	*/	ÇÅÁº\²ð×°Áº\parts\left\endShare\2_14¼×´øÂÝË¨.SLDASM
				/*	5:location	*/	1.0	0.0	0.0	0.0	0.0	1.0	0.0	0.0	0.0	0.0	1.0	0.0	0.1	-0.655	-2.0655	1.0
				/*	5:child_number	*/	5
					/*	6:name	*/	²ð×°Áº_µ¼ÁºµÈ-1/32M²ð×°Áº-3/2_12+14+16+21+22´øÂÝË¨ÂÝÄ¸-1/2_14¼×´øÂÝË¨-1/2_14¼×-1
					/*	6:type	*/	ÇÅÁº\²ð×°Áº\parts\left\endShare\2_14¼×.SLDASM
					/*	6:location	*/	1.0	0.0	0.0	0.0	0.0	1.0	0.0	0.0	0.0	0.0	1.0	0.0	-0.406404	0.366017	-0.024	1.0
					/*	6:child_number	*/	2
						/*	7:name	*/	²ð×°Áº_µ¼ÁºµÈ-1/32M²ð×°Áº-3/2_12+14+16+21+22´øÂÝË¨ÂÝÄ¸-1/2_14¼×´øÂÝË¨-1/2_14¼×-1/_14ºÅ¼×-1
						/*	7:type	*/	ÇÅÁº\²ð×°Áº\parts\basic\_14ºÅ¼×.SLDPRT
						/*	7:location	*/	1.0	0.0	0.0	0.0	0.0	1.0	0.0	0.0	0.0	0.0	1.0	0.0	-0.493596	-0.366017	-0.008	1.0
						/*	7:child_number	*/	0
						/*	7:name	*/	²ð×°Áº_µ¼ÁºµÈ-1/32M²ð×°Áº-3/2_12+14+16+21+22´øÂÝË¨ÂÝÄ¸-1/2_14¼×´øÂÝË¨-1/2_14¼×-1/_14ºÅ¼×-2
						/*	7:type	*/	ÇÅÁº\²ð×°Áº\parts\basic\_14ºÅ¼×.SLDPRT
						/*	7:location	*/	1.0	0.0	0.0	0.0	0.0	1.0	0.0	0.0	0.0	0.0	1.0	0.0	-0.493596	-0.366017	0.008	1.0
						/*	7:child_number	*/	0
					/*	6:name	*/	²ð×°Áº_µ¼ÁºµÈ-1/32M²ð×°Áº-3/2_12+14+16+21+22´øÂÝË¨ÂÝÄ¸-1/2_14¼×´øÂÝË¨-1/_29ÒÒÂÝË¨-1
					/*	6:type	*/	ÇÅÁº\²ð×°Áº\parts\basic\_29ÒÒÂÝË¨.SLDPRT
					/*	6:location	*/	1.0	0.0	0.0	0.0	0.0	1.0	0.0	0.0	0.0	0.0	1.0	0.0	-0.59	0.31	-0.049	1.0
					/*	6:child_number	*/	0
					/*	6:name	*/	²ð×°Áº_µ¼ÁºµÈ-1/32M²ð×°Áº-3/2_12+14+16+21+22´øÂÝË¨ÂÝÄ¸-1/2_14¼×´øÂÝË¨-1/_29ÒÒÂÝË¨-2
					/*	6:type	*/	ÇÅÁº\²ð×°Áº\parts\basic\_29ÒÒÂÝË¨.SLDPRT
					/*	6:location	*/	1.0	0.0	0.0	0.0	0.0	1.0	0.0	0.0	0.0	0.0	1.0	0.0	-0.51	0.31	-0.049	1.0
					/*	6:child_number	*/	0
					/*	6:name	*/	²ð×°Áº_µ¼ÁºµÈ-1/32M²ð×°Áº-3/2_12+14+16+21+22´øÂÝË¨ÂÝÄ¸-1/2_14¼×´øÂÝË¨-1/_29ÒÒÂÝË¨-3
					/*	6:type	*/	ÇÅÁº\²ð×°Áº\parts\basic\_29ÒÒÂÝË¨.SLDPRT
					/*	6:location	*/	1.0	0.0	0.0	0.0	0.0	1.0	0.0	0.0	0.0	0.0	1.0	0.0	-0.39	0.31	-0.049	1.0
					/*	6:child_number	*/	0
					/*	6:name	*/	²ð×°Áº_µ¼ÁºµÈ-1/32M²ð×°Áº-3/2_12+14+16+21+22´øÂÝË¨ÂÝÄ¸-1/2_14¼×´øÂÝË¨-1/_29ÒÒÂÝË¨-4
					/*	6:type	*/	ÇÅÁº\²ð×°Áº\parts\basic\_29ÒÒÂÝË¨.SLDPRT
					/*	6:location	*/	1.0	0.0	0.0	0.0	0.0	1.0	0.0	0.0	0.0	0.0	1.0	0.0	-0.31	0.31	-0.049	1.0
					/*	6:child_number	*/	0
				/*	5:name	*/	²ð×°Áº_µ¼ÁºµÈ-1/32M²ð×°Áº-3/2_12+14+16+21+22´øÂÝË¨ÂÝÄ¸-1/2_14¼×´øÂÝË¨-2
				/*	5:type	*/	ÇÅÁº\²ð×°Áº\parts\left\endShare\2_14¼×´øÂÝË¨.SLDASM
				/*	5:location	*/	-1.0	-3.63598E-14	8.51354E-16	0.0	-3.63043E-14	1.0	-1.48798E-16	0.0	-9.06497E-16	7.07491E-17	-1.0	0.0	-0.8	-0.655	-0.0975	1.0
				/*	5:child_number	*/	5
					/*	6:name	*/	²ð×°Áº_µ¼ÁºµÈ-1/32M²ð×°Áº-3/2_12+14+16+21+22´øÂÝË¨ÂÝÄ¸-1/2_14¼×´øÂÝË¨-2/2_14¼×-1
					/*	6:type	*/	ÇÅÁº\²ð×°Áº\parts\left\endShare\2_14¼×.SLDASM
					/*	6:location	*/	1.0	6.02325E-32	-9.86076E-32	0.0	-1.34885E-31	1.0	0.0	0.0	0.0	0.0	1.0	0.0	-0.406404	0.366017	-0.024	1.0
					/*	6:child_number	*/	2
						/*	7:name	*/	²ð×°Áº_µ¼ÁºµÈ-1/32M²ð×°Áº-3/2_12+14+16+21+22´øÂÝË¨ÂÝÄ¸-1/2_14¼×´øÂÝË¨-2/2_14¼×-1/_14ºÅ¼×-1
						/*	7:type	*/	ÇÅÁº\²ð×°Áº\parts\basic\_14ºÅ¼×.SLDPRT
						/*	7:location	*/	1.0	6.02325E-32	-9.86076E-32	0.0	-1.34885E-31	1.0	0.0	0.0	0.0	0.0	1.0	0.0	-0.493596	-0.366017	-0.008	1.0
						/*	7:child_number	*/	0
						/*	7:name	*/	²ð×°Áº_µ¼ÁºµÈ-1/32M²ð×°Áº-3/2_12+14+16+21+22´øÂÝË¨ÂÝÄ¸-1/2_14¼×´øÂÝË¨-2/2_14¼×-1/_14ºÅ¼×-2
