/*	1:name	*/	19.0米带有两个1.5米端构架的标准三角六片梁
/*	1:type	*/	19.0米带有两个1.5米端构架的标准三角六片梁.SLDASM
/*	1:location	*/	1.0	0.0	0.0	0.0	0.0	1.0	0.0	0.0	0.0	0.0	1.0	0.0	0.0	0.0	0.0	1.0
/*	1:child_number	*/	19
	/*	2:name	*/	六片1.5米端构架上的钢枕及一号U型螺栓-1
	/*	2:type	*/	钢枕单元\六片1.5米端构架上的钢枕及一号U型螺栓.SLDASM
	/*	2:location	*/	-0.999861	0.0166505	-1.69309E-15	0.0	0.0166505	0.999861	4.82461E-16	0.0	1.7486E-15	4.53694E-16	-1.0	0.0	-3.7591	0.763295	-2.07787	1.0
	/*	2:child_number	*/	4
		/*	3:name	*/	六片1.5米端构架上的钢枕及一号U型螺栓-1/六片三角上的一个钢枕及一号U型螺栓-4
		/*	3:type	*/	钢枕单元\六片三角上的一个钢枕及一号U型螺栓.SLDASM
		/*	3:location	*/	-5.55112E-17	2.27682E-17	1.0	0.0	0.0166505	0.999861	0.0	0.0	-0.999861	0.0166505	-4.16334E-17	0.0	7.25865	-0.166857	-2.44345	1.0
		/*	3:child_number	*/	9
			/*	4:name	*/	六片1.5米端构架上的钢枕及一号U型螺栓-1/六片三角上的一个钢枕及一号U型螺栓-4/一号U型螺栓单元-10
			/*	4:type	*/	U型螺栓单元\一号U型螺栓单元.SLDASM
			/*	4:location	*/	0.696203	9.39041E-17	-0.717845	0.0	-0.717845	1.02183E-16	-0.696203	0.0	-1.33561E-17	1.0	1.76712E-16	0.0	1.11116	1.55713	-0.164824	1.0
			/*	4:child_number	*/	4
				/*	5:name	*/	六片1.5米端构架上的钢枕及一号U型螺栓-1/六片三角上的一个钢枕及一号U型螺栓-4/一号U型螺栓单元-10/一号U型螺栓-1
				/*	5:type	*/	基本杆件\一号U型螺栓.SLDPRT
				/*	5:location	*/	1.0	1.11022E-16	0.0	0.0	1.11022E-16	1.0	4.93038E-32	0.0	-4.93038E-32	-4.93038E-32	1.0	0.0	0.0188503	-0.108956	-0.188	1.0
				/*	5:child_number	*/	0
				/*	5:name	*/	六片1.5米端构架上的钢枕及一号U型螺栓-1/六片三角上的一个钢枕及一号U型螺栓-4/一号U型螺栓单元-10/一号U型螺栓垫片-1
				/*	5:type	*/	基本杆件\一号U型螺栓垫片.SLDPRT
				/*	5:location	*/	-1.11022E-16	-1.0	-4.93038E-32	0.0	1.0	1.11022E-16	0.0	0.0	-4.93038E-32	-4.93038E-32	1.0	0.0	-0.0111497	0.0790441	0.143	1.0
				/*	5:child_number	*/	0
				/*	5:name	*/	六片1.5米端构架上的钢枕及一号U型螺栓-1/六片三角上的一个钢枕及一号U型螺栓-4/一号U型螺栓单元-10/螺母-1
				/*	5:type	*/	基本杆件\螺母.SLDPRT
				/*	5:location	*/	1.0	1.11022E-16	0.0	0.0	1.11022E-16	1.0	4.93038E-32	0.0	-4.93038E-32	-4.93038E-32	1.0	0.0	0.0188503	0.0490441	0.159	1.0
				/*	5:child_number	*/	0
				/*	5:name	*/	六片1.5米端构架上的钢枕及一号U型螺栓-1/六片三角上的一个钢枕及一号U型螺栓-4/一号U型螺栓单元-10/螺母-2
				/*	5:type	*/	基本杆件\螺母.SLDPRT
				/*	5:location	*/	1.0	1.11022E-16	0.0	0.0	1.11022E-16	1.0	4.93038E-32	0.0	-4.93038E-32	-4.93038E-32	1.0	0.0	0.0188503	-0.108956	0.159	1.0
				/*	5:child_number	*/	0
			/*	4:name	*/	六片1.5米端构架上的钢枕及一号U型螺栓-1/六片三角上的一个钢枕及一号U型螺栓-4/一号U型螺栓单元-11
			/*	4:type	*/	U型螺栓单元\一号U型螺栓单元.SLDASM
			/*	4:location	*/	0.696203	1.68194E-16	-0.717845	0.0	-0.717845	3.30226E-16	-0.696203	0.0	9.86229E-17	1.0	3.88806E-16	0.0	-0.517417	1.55713	-0.164824	1.0
			/*	4:child_number	*/	4
				/*	5:name	*/	六片1.5米端构架上的钢枕及一号U型螺栓-1/六片三角上的一个钢枕及一号U型螺栓-4/一号U型螺栓单元-11/一号U型螺栓-1
				/*	5:type	*/	基本杆件\一号U型螺栓.SLDPRT
				/*	5:location	*/	1.0	5.55112E-17	-4.93038E-32	0.0	1.66533E-16	1.0	0.0	0.0	0.0	0.0	1.0	0.0	0.0188503	-0.108956	-0.188	1.0
				/*	5:child_number	*/	0
				/*	5:name	*/	六片1.5米端构架上的钢枕及一号U型螺栓-1/六片三角上的一个钢枕及一号U型螺栓-4/一号U型螺栓单元-11/一号U型螺栓垫片-1
				/*	5:type	*/	基本杆件\一号U型螺栓垫片.SLDPRT
				/*	5:location	*/	-1.66533E-16	-1.0	0.0	0.0	1.0	5.55112E-17	-4.93038E-32	0.0	0.0	0.0	1.0	0.0	-0.0111497	0.0790441	0.143	1.0
				/*	5:child_number	*/	0
				/*	5:name	*/	六片1.5米端构架上的钢枕及一号U型螺栓-1/六片三角上的一个钢枕及一号U型螺栓-4/一号U型螺栓单元-11/螺母-1
				/*	5:type	*/	基本杆件\螺母.SLDPRT
				/*	5:location	*/	1.0	5.55112E-17	-4.93038E-32	0.0	1.66533E-16	1.0	0.0	0.0	0.0	0.0	1.0	0.0	0.0188503	0.0490441	0.159	1.0
				/*	5:child_number	*/	0
				/*	5:name	*/	六片1.5米端构架上的钢枕及一号U型螺栓-1/六片三角上的一个钢枕及一号U型螺栓-4/一号U型螺栓单元-11/螺母-2
				/*	5:type	*/	基本杆件\螺母.SLDPRT
				/*	5:location	*/	1.0	5.55112E-17	-4.93038E-32	0.0	1.66533E-16	1.0	0.0	0.0	0.0	0.0	1.0	0.0	0.0188503	-0.108956	0.159	1.0
				/*	5:child_number	*/	0
			/*	4:name	*/	六片1.5米端构架上的钢枕及一号U型螺栓-1/六片三角上的一个钢枕及一号U型螺栓-4/一号U型螺栓单元-12
			/*	4:type	*/	U型螺栓单元\一号U型螺栓单元.SLDASM
			/*	4:location	*/	0.696203	-1.09997E-15	0.717845	0.0	0.717845	1.73159E-15	-0.696203	0.0	-4.77211E-16	1.0	1.99515E-15	0.0	-0.0458297	1.55713	-0.191887	1.0
			/*	4:child_number	*/	4
				/*	5:name	*/	六片1.5米端构架上的钢枕及一号U型螺栓-1/六片三角上的一个钢枕及一号U型螺栓-4/一号U型螺栓单元-12/一号U型螺栓-1
				/*	5:type	*/	基本杆件\一号U型螺栓.SLDPRT
				/*	5:location	*/	1.0	5.55112E-17	0.0	0.0	0.0	1.0	9.86076E-32	0.0	-1.97215E-31	-3.9443E-31	1.0	0.0	0.0188503	-0.108956	-0.188	1.0
				/*	5:child_number	*/	0
				/*	5:name	*/	六片1.5米端构架上的钢枕及一号U型螺栓-1/六片三角上的一个钢枕及一号U型螺栓-4/一号U型螺栓单元-12/一号U型螺栓垫片-1
				/*	5:type	*/	基本杆件\一号U型螺栓垫片.SLDPRT
				/*	5:location	*/	0.0	-1.0	-9.86076E-32	0.0	1.0	5.55112E-17	-9.86076E-32	0.0	-1.97215E-31	-3.9443E-31	1.0	0.0	-0.0111497	0.0790441	0.143	1.0
				/*	5:child_number	*/	0
				/*	5:name	*/	六片1.5米端构架上的钢枕及一号U型螺栓-1/六片三角上的一个钢枕及一号U型螺栓-4/一号U型螺栓单元-12/螺母-1
				/*	5:type	*/	基本杆件\螺母.SLDPRT
				/*	5:location	*/	1.0	5.55112E-17	0.0	0.0	0.0	1.0	9.86076E-32	0.0	-1.97215E-31	-3.9443E-31	1.0	0.0	0.0188503	0.0490441	0.159	1.0
				/*	5:child_number	*/	0
				/*	5:name	*/	六片1.5米端构架上的钢枕及一号U型螺栓-1/六片三角上的一个钢枕及一号U型螺栓-4/一号U型螺栓单元-12/螺母-2
				/*	5:type	*/	基本杆件\螺母.SLDPRT
				/*	5:location	*/	1.0	5.55112E-17	0.0	0.0	0.0	1.0	9.86076E-32	0.0	-1.97215E-31	-3.9443E-31	1.0	0.0	0.0188503	-0.108956	0.159	1.0
				/*	5:child_number	*/	0
			/*	4:name	*/	六片1.5米端构架上的钢枕及一号U型螺栓-1/六片三角上的一个钢枕及一号U型螺栓-4/一号U型螺栓单元-13
			/*	4:type	*/	U型螺栓单元\一号U型螺栓单元.SLDASM
			/*	4:location	*/	0.696203	-2.4527E-16	0.717845	0.0	0.717845	1.76651E-16	-0.696203	0.0	4.39493E-17	1.0	2.99051E-16	0.0	0.12559	1.55713	-0.191887	1.0
			/*	4:child_number	*/	4
				/*	5:name	*/	六片1.5米端构架上的钢枕及一号U型螺栓-1/六片三角上的一个钢枕及一号U型螺栓-4/一号U型螺栓单元-13/一号U型螺栓-1
				/*	5:type	*/	基本杆件\一号U型螺栓.SLDPRT
				/*	5:location	*/	1.0	0.0	4.93038E-32	0.0	-5.55112E-17	1.0	0.0	0.0	4.93038E-32	4.93038E-32	1.0	0.0	0.0188503	-0.108956	-0.188	1.0
				/*	5:child_number	*/	0
				/*	5:name	*/	六片1.5米端构架上的钢枕及一号U型螺栓-1/六片三角上的一个钢枕及一号U型螺栓-4/一号U型螺栓单元-13/一号U型螺栓垫片-1
				/*	5:type	*/	基本杆件\一号U型螺栓垫片.SLDPRT
				/*	5:location	*/	5.55112E-17	-1.0	0.0	0.0	1.0	0.0	0.0	0.0	4.93038E-32	4.93038E-32	1.0	0.0	-0.0111497	0.0790441	0.143	1.0
				/*	5:child_number	*/	0
				/*	5:name	*/	六片1.5米端构架上的钢枕及一号U型螺栓-1/六片三角上的一个钢枕及一号U型螺栓-4/一号U型螺栓单元-13/螺母-1
				/*	5:type	*/	基本杆件\螺母.SLDPRT
				/*	5:location	*/	1.0	0.0	4.93038E-32	0.0	-5.55112E-17	1.0	0.0	0.0	4.93038E-32	4.93038E-32	1.0	0.0	0.0188503	0.0490441	0.159	1.0
				/*	5:child_number	*/	0
				/*	5:name	*/	六片1.5米端构架上的钢枕及一号U型螺栓-1/六片三角上的一个钢枕及一号U型螺栓-4/一号U型螺栓单元-13/螺母-2
				/*	5:type	*/	基本杆件\螺母.SLDPRT
				/*	5:location	*/	1.0	0.0	4.93038E-32	0.0	-5.55112E-17	1.0	0.0	0.0	4.93038E-32	4.93038E-32	1.0	0.0	0.0188503	-0.108956	0.159	1.0
				/*	5:child_number	*/	0
			/*	4:name	*/	六片1.5米端构架上的钢枕及一号U型螺栓-1/六片三角上的一个钢枕及一号U型螺栓-4/一号U型螺栓单元-14
			/*	4:type	*/	U型螺栓单元\一号U型螺栓单元.SLDASM
			/*	4:location	*/	0.696203	-3.0268E-16	0.717845	0.0	0.717845	1.72407E-16	-0.696203	0.0	9.75782E-17	1.0	2.77556E-16	0.0	2.35417	1.55713	-0.191887	1.0
			/*	4:child_number	*/	4
				/*	5:name	*/	六片1.5米端构架上的钢枕及一号U型螺栓-1/六片三角上的一个钢枕及一号U型螺栓-4/一号U型螺栓单元-14/一号U型螺栓-1
				/*	5:type	*/	基本杆件\一号U型螺栓.SLDPRT
				/*	5:location	*/	1.0	0.0	0.0	0.0	-5.55112E-17	1.0	0.0	0.0	4.93038E-32	4.93038E-32	1.0	0.0	0.0188503	-0.108956	-0.188	1.0
				/*	5:child_number	*/	0
				/*	5:name	*/	六片1.5米端构架上的钢枕及一号U型螺栓-1/六片三角上的一个钢枕及一号U型螺栓-4/一号U型螺栓单元-14/一号U型螺栓垫片-1
				/*	5:type	*/	基本杆件\一号U型螺栓垫片.SLDPRT
				/*	5:location	*/	5.55112E-17	-1.0	0.0	0.0	1.0	0.0	0.0	0.0	4.93038E-32	4.93038E-32	1.0	0.0	-0.0111497	0.0790441	0.143	1.0
				/*	5:child_number	*/	0
				/*	5:name	*/	六片1.5米端构架上的钢枕及一号U型螺栓-1/六片三角上的一个钢枕及一号U型螺栓-4/一号U型螺栓单元-14/螺母-1
				/*	5:type	*/	基本杆件\螺母.SLDPRT
				/*	5:location	*/	1.0	0.0	0.0	0.0	-5.55112E-17	1.0	0.0	0.0	4.93038E-32	4.93038E-32	1.0	0.0	0.0188503	0.0490441	0.159	1.0
				/*	5:child_number	*/	0
				/*	5:name	*/	六片1.5米端构架上的钢枕及一号U型螺栓-1/六片三角上的一个钢枕及一号U型螺栓-4/一号U型螺栓单元-14/螺母-2
				/*	5:type	*/	基本杆件\螺母.SLDPRT
				/*	5:location	*/	1.0	0.0	0.0	0.0	-5.55112E-17	1.0	0.0	0.0	4.93038E-32	4.93038E-32	1.0	0.0	0.0188503	-0.108956	0.159	1.0
				/*	5:child_number	*/	0
			/*	4:name	*/	六片1.5米端构架上的钢枕及一号U型螺栓-1/六片三角上的一个钢枕及一号U型螺栓-4/一号U型螺栓单元-15
			/*	4:type	*/	U型螺栓单元\一号U型螺栓单元.SLDASM
			/*	4:location	*/	0.696203	-2.83138E-16	0.717845	0.0	0.717845	1.70875E-16	-0.696203	0.0	7.44594E-17	1.0	3.22213E-16	0.0	2.52559	1.55713	-0.191887	1.0
			/*	4:child_number	*/	4
				/*	5:name	*/	六片1.5米端构架上的钢枕及一号U型螺栓-1/六片三角上的一个钢枕及一号U型螺栓-4/一号U型螺栓单元-15/一号U型螺栓-1
				/*	5:type	*/	基本杆件\一号U型螺栓.SLDPRT
				/*	5:location	*/	1.0	0.0	0.0	0.0	0.0	1.0	4.93038E-32	0.0	-4.93038E-32	0.0	1.0	0.0	0.0188503	-0.108956	-0.188	1.0
				/*	5:child_number	*/	0
				/*	5:name	*/	六片1.5米端构架上的钢枕及一号U型螺栓-1/六片三角上的一个钢枕及一号U型螺栓-4/一号U型螺栓单元-15/一号U型螺栓垫片-1
				/*	5:type	*/	基本杆件\一号U型螺栓垫片.SLDPRT
				/*	5:location	*/	0.0	-1.0	-4.93038E-32	0.0	1.0	0.0	0.0	0.0	-4.93038E-32	0.0	1.0	0.0	-0.0111497	0.0790441	0.143	1.0
				/*	5:child_number	*/	0
				/*	5:name	*/	六片1.5米端构架上的钢枕及一号U型螺栓-1/六片三角上的一个钢枕及一号U型螺栓-4/一号U型螺栓单元-15/螺母-1
				/*	5:type	*/	基本杆件\螺母.SLDPRT
				/*	5:location	*/	1.0	0.0	0.0	0.0	0.0	1.0	4.93038E-32	0.0	-4.93038E-32	0.0	1.0	0.0	0.0188503	0.0490441	0.159	1.0
				/*	5:child_number	*/	0
				/*	5:name	*/	六片1.5米端构架上的钢枕及一号U型螺栓-1/六片三角上的一个钢枕及一号U型螺栓-4/一号U型螺栓单元-15/螺母-2
				/*	5:type	*/	基本杆件\螺母.SLDPRT
				/*	5:location	*/	1.0	0.0	0.0	0.0	0.0	1.0	4.93038E-32	0.0	-4.93038E-32	0.0	1.0	0.0	0.0188503	-0.108956	0.159	1.0
				/*	5:child_number	*/	0
			/*	4:name	*/	六片1.5米端构架上的钢枕及一号U型螺栓-1/六片三角上的一个钢枕及一号U型螺栓-4/一号U型螺栓单元-8
			/*	4:type	*/	U型螺栓单元\一号U型螺栓单元.SLDASM
			/*	4:location	*/	0.696203	2.00554E-16	-0.717845	0.0	-0.717845	2.30202E-16	-0.696203	0.0	2.56233E-17	1.0	3.04234E-16	0.0	2.91116	1.55713	-0.164824	1.0
			/*	4:child_number	*/	4
				/*	5:name	*/	六片1.5米端构架上的钢枕及一号U型螺栓-1/六片三角上的一个钢枕及一号U型螺栓-4/一号U型螺栓单元-8/一号U型螺栓-1
				/*	5:type	*/	基本杆件\一号U型螺栓.SLDPRT
				/*	5:location	*/	1.0	1.11022E-16	4.93038E-32	0.0	-1.11022E-16	1.0	4.93038E-32	0.0	4.93038E-32	0.0	1.0	0.0	0.0188503	-0.108956	-0.188	1.0
				/*	5:child_number	*/	0
				/*	5:name	*/	六片1.5米端构架上的钢枕及一号U型螺栓-1/六片三角上的一个钢枕及一号U型螺栓-4/一号U型螺栓单元-8/一号U型螺栓垫片-1
				/*	5:type	*/	基本杆件\一号U型螺栓垫片.SLDPRT
				/*	5:location	*/	1.11022E-16	-1.0	-9.86076E-32	0.0	1.0	1.11022E-16	4.93038E-32	0.0	4.93038E-32	0.0	1.0	0.0	-0.0111497	0.0790441	0.143	1.0
				/*	5:child_number	*/	0
				/*	5:name	*/	六片1.5米端构架上的钢枕及一号U型螺栓-1/六片三角上的一个钢枕及一号U型螺栓-4/一号U型螺栓单元-8/螺母-1
				/*	5:type	*/	基本杆件\螺母.SLDPRT
				/*	5:location	*/	1.0	1.11022E-16	4.93038E-32	0.0	-1.11022E-16	1.0	4.93038E-32	0.0	4.93038E-32	0.0	1.0	0.0	0.0188503	0.0490441	0.159	1.0
				/*	5:child_number	*/	0
				/*	5:name	*/	六片1.5米端构架上的钢枕及一号U型螺栓-1/六片三角上的一个钢枕及一号U型螺栓-4/一号U型螺栓单元-8/螺母-2
				/*	5:type	*/	基本杆件\螺母.SLDPRT
				/*	5:location	*/	1.0	1.11022E-16	4.93038E-32	0.0	-1.11022E-16	1.0	4.93038E-32	0.0	4.93038E-32	0.0	1.0	0.0	0.0188503	-0.108956	0.159	1.0
				/*	5:child_number	*/	0
			/*	4:name	*/	六片1.5米端构架上的钢枕及一号U型螺栓-1/六片三角上的一个钢枕及一号U型螺栓-4/一号U型螺栓单元-9
			/*	4:type	*/	U型螺栓单元\一号U型螺栓单元.SLDASM
			/*	4:location	*/	0.696203	3.62259E-16	-0.717845	0.0	-0.717845	3.12097E-16	-0.696203	0.0	-2.81682E-17	1.0	4.77329E-16	0.0	1.28258	1.55713	-0.164824	1.0
			/*	4:child_number	*/	4
				/*	5:name	*/	六片1.5米端构架上的钢枕及一号U型螺栓-1/六片三角上的一个钢枕及一号U型螺栓-4/一号U型螺栓单元-9/一号U型螺栓-1
				/*	5:type	*/	基本杆件\一号U型螺栓.SLDPRT
				/*	5:location	*/	1.0	0.0	0.0	0.0	1.11022E-16	1.0	-9.86076E-32	0.0	0.0	0.0	1.0	0.0	0.0188503	-0.108956	-0.188	1.0
				/*	5:child_number	*/	0
				/*	5:name	*/	六片1.5米端构架上的钢枕及一号U型螺栓-1/六片三角上的一个钢枕及一号U型螺栓-4/一号U型螺栓单元-9/一号U型螺栓垫片-1
				/*	5:type	*/	基本杆件\一号U型螺栓垫片.SLDPRT
				/*	5:location	*/	-1.11022E-16	-1.0	4.93038E-32	0.0	1.0	0.0	0.0	0.0	0.0	0.0	1.0	0.0	-0.0111497	0.0790441	0.143	1.0
				/*	5:child_number	*/	0
				/*	5:name	*/	六片1.5米端构架上的钢枕及一号U型螺栓-1/六片三角上的一个钢枕及一号U型螺栓-4/一号U型螺栓单元-9/螺母-1
				/*	5:type	*/	基本杆件\螺母.SLDPRT
				/*	5:location	*/	1.0	0.0	0.0	0.0	1.11022E-16	1.0	-9.86076E-32	0.0	0.0	0.0	1.0	0.0	0.0188503	0.0490441	0.159	1.0
				/*	5:child_number	*/	0
				/*	5:name	*/	六片1.5米端构架上的钢枕及一号U型螺栓-1/六片三角上的一个钢枕及一号U型螺栓-4/一号U型螺栓单元-9/螺母-2
				/*	5:type	*/	基本杆件\螺母.SLDPRT
				/*	5:location	*/	1.0	0.0	0.0	0.0	1.11022E-16	1.0	-9.86076E-32	0.0	0.0	0.0	1.0	0.0	0.0188503	-0.108956	0.159	1.0
				/*	5:child_number	*/	0
			/*	4:name	*/	六片1.5米端构架上的钢枕及一号U型螺栓-1/六片三角上的一个钢枕及一号U型螺栓-4/钢枕-1
			/*	4:type	*/	基本杆件\钢枕.SLDPRT
			/*	4:location	*/	1.11022E-16	1.1672E-17	-1.0	0.0	7.67615E-17	1.0	4.98359E-17	0.0	1.0	-9.80928E-17	4.90605E-17	0.0	-0.9185	1.54013	-0.1135	1.0
			/*	4:child_number	*/	0
		/*	3:name	*/	六片1.5米端构架上的钢枕及一号U型螺栓-1/六片三角上的一个钢枕及一号U型螺栓-5
		/*	3:type	*/	钢枕单元\六片三角上的一个钢枕及一号U型螺栓.SLDASM
		/*	3:location	*/	-1.38778E-17	-3.38434E-16	1.0	0.0	0.0166505	0.999861	3.39127E-16	0.0	-0.999861	0.0166505	-5.59534E-17	0.0	7.58761	-0.172335	-2.44345	1.0
		/*	3:child_number	*/	9
			/*	4:name	*/	六片1.5米端构架上的钢枕及一号U型螺栓-1/六片三角上的一个钢枕及一号U型螺栓-5/一号U型螺栓单元-10
			/*	4:type	*/	U型螺栓单元\一号U型螺栓单元.SLDASM
			/*	4:location	*/	0.696203	9.39041E-17	-0.717845	0.0	-0.717845	1.02183E-16	-0.696203	0.0	7.97513E-18	1.0	1.38549E-16	0.0	1.11116	1.55713	-0.164824	1.0
			/*	4:child_number	*/	4
				/*	5:name	*/	六片1.5米端构架上的钢枕及一号U型螺栓-1/六片三角上的一个钢枕及一号U型螺栓-5/一号U型螺栓单元-10/一号U型螺栓-1
				/*	5:type	*/	基本杆件\一号U型螺栓.SLDPRT
				/*	5:location	*/	1.0	0.0	1.2326E-32	0.0	-1.11022E-16	1.0	0.0	0.0	0.0	1.2326E-32	1.0	0.0	0.0188503	-0.108956	-0.188	1.0
				/*	5:child_number	*/	0
				/*	5:name	*/	六片1.5米端构架上的钢枕及一号U型螺栓-1/六片三角上的一个钢枕及一号U型螺栓-5/一号U型螺栓单元-10/一号U型螺栓垫片-1
				/*	5:type	*/	基本杆件\一号U型螺栓垫片.SLDPRT
				/*	5:location	*/	1.11022E-16	-1.0	0.0	0.0	1.0	0.0	1.2326E-32	0.0	0.0	1.2326E-32	1.0	0.0	-0.0111497	0.0790441	0.143	1.0
				/*	5:child_number	*/	0
				/*	5:name	*/	六片1.5米端构架上的钢枕及一号U型螺栓-1/六片三角上的一个钢枕及一号U型螺栓-5/一号U型螺栓单元-10/螺母-1
				/*	5:type	*/	基本杆件\螺母.SLDPRT
				/*	5:location	*/	1.0	0.0	1.2326E-32	0.0	-1.11022E-16	1.0	0.0	0.0	0.0	1.2326E-32	1.0	0.0	0.0188503	0.0490441	0.159	1.0
				/*	5:child_number	*/	0
				/*	5:name	*/	六片1.5米端构架上的钢枕及一号U型螺栓-1/六片三角上的一个钢枕及一号U型螺栓-5/一号U型螺栓单元-10/螺母-2
				/*	5:type	*/	基本杆件\螺母.SLDPRT
				/*	5:location	*/	1.0	0.0	1.2326E-32	0.0	-1.11022E-16	1.0	0.0	0.0	0.0	1.2326E-32	1.0	0.0	0.0188503	-0.108956	0.159	1.0
				/*	5:child_number	*/	0
			/*	4:name	*/	六片1.5米端构架上的钢枕及一号U型螺栓-1/六片三角上的一个钢枕及一号U型螺栓-5/一号U型螺栓单元-11
			/*	4:type	*/	U型螺栓单元\一号U型螺栓单元.SLDASM
			/*	4:location	*/	0.696203	1.68194E-16	-0.717845	0.0	-0.717845	3.30226E-16	-0.696203	0.0	1.19954E-16	1.0	3.50642E-16	0.0	-0.517417	1.55713	-0.164824	1.0
			/*	4:child_number	*/	4
				/*	5:name	*/	六片1.5米端构架上的钢枕及一号U型螺栓-1/六片三角上的一个钢枕及一号U型螺栓-5/一号U型螺栓单元-11/一号U型螺栓-1
				/*	5:type	*/	基本杆件\一号U型螺栓.SLDPRT
				/*	5:location	*/	1.0	0.0	5.3926E-33	0.0	0.0	1.0	-1.54074E-32	0.0	-3.65927E-32	2.54223E-32	1.0	0.0	0.0188503	-0.108956	-0.188	1.0
				/*	5:child_number	*/	0
				/*	5:name	*/	六片1.5米端构架上的钢枕及一号U型螺栓-1/六片三角上的一个钢枕及一号U型螺栓-5/一号U型螺栓单元-11/一号U型螺栓垫片-1
				/*	5:type	*/	基本杆件\一号U型螺栓垫片.SLDPRT
				/*	5:location	*/	0.0	-1.0	1.54074E-32	0.0	1.0	0.0	5.3926E-33	0.0	-3.65927E-32	2.54223E-32	1.0	0.0	-0.0111497	0.0790441	0.143	1.0
				/*	5:child_number	*/	0
				/*	5:name	*/	六片1.5米端构架上的钢枕及一号U型螺栓-1/六片三角上的一个钢枕及一号U型螺栓-5/一号U型螺栓单元-11/螺母-1
				/*	5:type	*/	基本杆件\螺母.SLDPRT
				/*	5:location	*/	1.0	0.0	5.3926E-33	0.0	0.0	1.0	-1.54074E-32	0.0	-3.65927E-32	2.54223E-32	1.0	0.0	0.0188503	0.0490441	0.159	1.0
				/*	5:child_number	*/	0
				/*	5:name	*/	六片1.5米端构架上的钢枕及一号U型螺栓-1/六片三角上的一个钢枕及一号U型螺栓-5/一号U型螺栓单元-11/螺母-2
				/*	5:type	*/	基本杆件\螺母.SLDPRT
				/*	5:location	*/	1.0	0.0	5.3926E-33	0.0	0.0	1.0	-1.54074E-32	0.0	-3.65927E-32	2.54223E-32	1.0	0.0	0.0188503	-0.108956	0.159	1.0
				/*	5:child_number	*/	0
			/*	4:name	*/	六片1.5米端构架上的钢枕及一号U型螺栓-1/六片三角上的一个钢枕及一号U型螺栓-5/一号U型螺栓单元-12
			/*	4:type	*/	U型螺栓单元\一号U型螺栓单元.SLDASM
			/*	4:location	*/	0.696203	-1.09997E-15	0.717845	0.0	0.717845	1.73159E-15	-0.696203	0.0	-4.77211E-16	1.0	1.99515E-15	0.0	-0.0458297	1.55713	-0.191887	1.0
			/*	4:child_number	*/	4
				/*	5:name	*/	六片1.5米端构架上的钢枕及一号U型螺栓-1/六片三角上的一个钢枕及一号U型螺栓-5/一号U型螺栓单元-12/一号U型螺栓-1
				/*	5:type	*/	基本杆件\一号U型螺栓.SLDPRT
				/*	5:location	*/	1.0	0.0	-1.97215E-31	0.0	0.0	1.0	1.47911E-31	0.0	4.93038E-31	1.47911E-31	1.0	0.0	0.0188503	-0.108956	-0.188	1.0
				/*	5:child_number	*/	0
				/*	5:name	*/	六片1.5米端构架上的钢枕及一号U型螺栓-1/六片三角上的一个钢枕及一号U型螺栓-5/一号U型螺栓单元-12/一号U型螺栓垫片-1
				/*	5:type	*/	基本杆件\一号U型螺栓垫片.SLDPRT
				/*	5:location	*/	0.0	-1.0	-1.47911E-31	0.0	1.0	0.0	-1.97215E-31	0.0	4.93038E-31	1.47911E-31	1.0	0.0	-0.0111497	0.0790441	0.143	1.0
				/*	5:child_number	*/	0
				/*	5:name	*/	六片1.5米端构架上的钢枕及一号U型螺栓-1/六片三角上的一个钢枕及一号U型螺栓-5/一号U型螺栓单元-12/螺母-1
				/*	5:type	*/	基本杆件\螺母.SLDPRT
				/*	5:location	*/	1.0	0.0	-1.97215E-31	0.0	0.0	1.0	1.47911E-31	0.0	4.93038E-31	1.47911E-31	1.0	0.0	0.0188503	0.0490441	0.159	1.0
				/*	5:child_number	*/	0
				/*	5:name	*/	六片1.5米端构架上的钢枕及一号U型螺栓-1/六片三角上的一个钢枕及一号U型螺栓-5/一号U型螺栓单元-12/螺母-2
				/*	5:type	*/	基本杆件\螺母.SLDPRT
				/*	5:location	*/	1.0	0.0	-1.97215E-31	0.0	0.0	1.0	1.47911E-31	0.0	4.93038E-31	1.47911E-31	1.0	0.0	0.0188503	-0.108956	0.159	1.0
				/*	5:child_number	*/	0
			/*	4:name	*/	六片1.5米端构架上的钢枕及一号U型螺栓-1/六片三角上的一个钢枕及一号U型螺栓-5/一号U型螺栓单元-13
			/*	4:type	*/	U型螺栓单元\一号U型螺栓单元.SLDASM
			/*	4:location	*/	0.696203	-2.4527E-16	0.717845	0.0	0.717845	1.76651E-16	-0.696203	0.0	4.39493E-17	1.0	2.99051E-16	0.0	0.12559	1.55713	-0.191887	1.0
			/*	4:child_number	*/	4
				/*	5:name	*/	六片1.5米端构架上的钢枕及一号U型螺栓-1/六片三角上的一个钢枕及一号U型螺栓-5/一号U型螺栓单元-13/一号U型螺栓-1
				/*	5:type	*/	基本杆件\一号U型螺栓.SLDPRT
				/*	5:location	*/	1.0	0.0	-1.84889E-32	0.0	0.0	1.0	-2.46519E-32	0.0	7.39557E-32	4.93038E-32	1.0	0.0	0.0188503	-0.108956	-0.188	1.0
				/*	5:child_number	*/	0
				/*	5:name	*/	六片1.5米端构架上的钢枕及一号U型螺栓-1/六片三角上的一个钢枕及一号U型螺栓-5/一号U型螺栓单元-13/一号U型螺栓垫片-1
				/*	5:type	*/	基本杆件\一号U型螺栓垫片.SLDPRT
				/*	5:location	*/	0.0	-1.0	2.46519E-32	0.0	1.0	0.0	-4.31408E-32	0.0	7.39557E-32	4.93038E-32	1.0	0.0	-0.0111497	0.0790441	0.143	1.0
				/*	5:child_number	*/	0
				/*	5:name	*/	六片1.5米端构架上的钢枕及一号U型螺栓-1/六片三角上的一个钢枕及一号U型螺栓-5/一号U型螺栓单元-13/螺母-1
				/*	5:type	*/	基本杆件\螺母.SLDPRT
				/*	5:location	*/	1.0	0.0	-1.84889E-32	0.0	0.0	1.0	-2.46519E-32	0.0	7.39557E-32	4.93038E-32	1.0	0.0	0.0188503	0.0490441	0.159	1.0
				/*	5:child_number	*/	0
				/*	5:name	*/	六片1.5米端构架上的钢枕及一号U型螺栓-1/六片三角上的一个钢枕及一号U型螺栓-5/一号U型螺栓单元-13/螺母-2
				/*	5:type	*/	基本杆件\螺母.SLDPRT
				/*	5:location	*/	1.0	0.0	-1.84889E-32	0.0	0.0	1.0	-2.46519E-32	0.0	7.39557E-32	4.93038E-32	1.0	0.0	0.0188503	-0.108956	0.159	1.0
				/*	5:child_number	*/	0
			/*	4:name	*/	六片1.5米端构架上的钢枕及一号U型螺栓-1/六片三角上的一个钢枕及一号U型螺栓-5/一号U型螺栓单元-14
			/*	4:type	*/	U型螺栓单元\一号U型螺栓单元.SLDASM
			/*	4:location	*/	0.696203	-3.0268E-16	0.717845	0.0	0.717845	1.72407E-16	-0.696203	0.0	9.75782E-17	1.0	2.77556E-16	0.0	2.35417	1.55713	-0.191887	1.0
			/*	4:child_number	*/	4
				/*	5:name	*/	六片1.5米端构架上的钢枕及一号U型螺栓-1/六片三角上的一个钢枕及一号U型螺栓-5/一号U型螺栓单元-14/一号U型螺栓-1
				/*	5:type	*/	基本杆件\一号U型螺栓.SLDPRT
				/*	5:location	*/	1.0	0.0	1.2326E-32	0.0	5.55112E-17	1.0	-2.15704E-32	0.0	-7.70372E-33	1.07852E-32	1.0	0.0	0.0188503	-0.108956	-0.188	1.0
				/*	5:child_number	*/	0
				/*	5:name	*/	六片1.5米端构架上的钢枕及一号U型螺栓-1/六片三角上的一个钢枕及一号U型螺栓-5/一号U型螺栓单元-14/一号U型螺栓垫片-1
				/*	5:type	*/	基本杆件\一号U型螺栓垫片.SLDPRT
				/*	5:location	*/	-5.55112E-17	-1.0	2.15704E-32	0.0	1.0	0.0	1.2326E-32	0.0	-7.70372E-33	1.07852E-32	1.0	0.0	-0.0111497	0.0790441	0.143	1.0
				/*	5:child_number	*/	0
				/*	5:name	*/	六片1.5米端构架上的钢枕及一号U型螺栓-1/六片三角上的一个钢枕及一号U型螺栓-5/一号U型螺栓单元-14/螺母-1
				/*	5:type	*/	基本杆件\螺母.SLDPRT
				/*	5:location	*/	1.0	0.0	1.2326E-32	0.0	5.55112E-17	1.0	-2.15704E-32	0.0	-7.70372E-33	1.07852E-32	1.0	0.0	0.0188503	0.0490441	0.159	1.0
				/*	5:child_number	*/	0
				/*	5:name	*/	六片1.5米端构架上的钢枕及一号U型螺栓-1/六片三角上的一个钢枕及一号U型螺栓-5/一号U型螺栓单元-14/螺母-2
				/*	5:type	*/	基本杆件\螺母.SLDPRT
				/*	5:location	*/	1.0	0.0	1.2326E-32	0.0	5.55112E-17	1.0	-2.15704E-32	0.0	-7.70372E-33	1.07852E-32	1.0	0.0	0.0188503	-0.108956	0.159	1.0
				/*	5:child_number	*/	0
			/*	4:name	*/	六片1.5米端构架上的钢枕及一号U型螺栓-1/六片三角上的一个钢枕及一号U型螺栓-5/一号U型螺栓单元-15
			/*	4:type	*/	U型螺栓单元\一号U型螺栓单元.SLDASM
			/*	4:location	*/	0.696203	-2.83138E-16	0.717845	0.0	0.717845	1.70875E-16	-0.696203	0.0	7.44594E-17	1.0	3.22213E-16	0.0	2.52559	1.55713	-0.191887	1.0
			/*	4:child_number	*/	4
				/*	5:name	*/	六片1.5米端构架上的钢枕及一号U型螺栓-1/六片三角上的一个钢枕及一号U型螺栓-5/一号U型螺栓单元-15/一号U型螺栓-1
				/*	5:type	*/	基本杆件\一号U型螺栓.SLDPRT
				/*	5:location	*/	1.0	0.0	-3.08149E-32	0.0	5.55112E-17	1.0	1.84889E-32	0.0	6.16298E-33	6.16298E-33	1.0	0.0	0.0188503	-0.108956	-0.188	1.0
				/*	5:child_number	*/	0
				/*	5:name	*/	六片1.5米端构架上的钢枕及一号U型螺栓-1/六片三角上的一个钢枕及一号U型螺栓-5/一号U型螺栓单元-15/一号U型螺栓垫片-1
				/*	5:type	*/	基本杆件\一号U型螺栓垫片.SLDPRT
				/*	5:location	*/	-5.55112E-17	-1.0	-1.84889E-32	0.0	1.0	0.0	-3.08149E-32	0.0	6.16298E-33	6.16298E-33	1.0	0.0	-0.0111497	0.0790441	0.143	1.0
				/*	5:child_number	*/	0
				/*	5:name	*/	六片1.5米端构架上的钢枕及一号U型螺栓-1/六片三角上的一个钢枕及一号U型螺栓-5/一号U型螺栓单元-15/螺母-1
				/*	5:type	*/	基本杆件\螺母.SLDPRT
				/*	5:location	*/	1.0	0.0	-3.08149E-32	0.0	5.55112E-17	1.0	1.84889E-32	0.0	6.16298E-33	6.16298E-33	1.0	0.0	0.0188503	0.0490441	0.159	1.0
				/*	5:child_number	*/	0
				/*	5:name	*/	六片1.5米端构架上的钢枕及一号U型螺栓-1/六片三角上的一个钢枕及一号U型螺栓-5/一号U型螺栓单元-15/螺母-2
				/*	5:type	*/	基本杆件\螺母.SLDPRT
				/*	5:location	*/	1.0	0.0	-3.08149E-32	0.0	5.55112E-17	1.0	1.84889E-32	0.0	6.16298E-33	6.16298E-33	1.0	0.0	0.0188503	-0.108956	0.159	1.0
				/*	5:child_number	*/	0
			/*	4:name	*/	六片1.5米端构架上的钢枕及一号U型螺栓-1/六片三角上的一个钢枕及一号U型螺栓-5/一号U型螺栓单元-8
			/*	4:type	*/	U型螺栓单元\一号U型螺栓单元.SLDASM
			/*	4:location	*/	0.696203	2.00554E-16	-0.717845	0.0	-0.717845	2.30202E-16	-0.696203	0.0	2.56233E-17	1.0	3.04234E-16	0.0	2.91116	1.55713	-0.164824	1.0
			/*	4:child_number	*/	4
				/*	5:name	*/	六片1.5米端构架上的钢枕及一号U型螺栓-1/六片三角上的一个钢枕及一号U型螺栓-5/一号U型螺栓单元-8/一号U型螺栓-1
				/*	5:type	*/	基本杆件\一号U型螺栓.SLDPRT
				/*	5:location	*/	1.0	0.0	-2.46519E-32	0.0	1.11022E-16	1.0	-2.46519E-32	0.0	-1.2326E-32	1.2326E-32	1.0	0.0	0.0188503	-0.108956	-0.188	1.0
				/*	5:child_number	*/	0
				/*	5:name	*/	六片1.5米端构架上的钢枕及一号U型螺栓-1/六片三角上的一个钢枕及一号U型螺栓-5/一号U型螺栓单元-8/一号U型螺栓垫片-1
				/*	5:type	*/	基本杆件\一号U型螺栓垫片.SLDPRT
				/*	5:location	*/	-1.11022E-16	-1.0	0.0	0.0	1.0	0.0	-2.46519E-32	0.0	-1.2326E-32	1.2326E-32	1.0	0.0	-0.0111497	0.0790441	0.143	1.0
				/*	5:child_number	*/	0
				/*	5:name	*/	六片1.5米端构架上的钢枕及一号U型螺栓-1/六片三角上的一个钢枕及一号U型螺栓-5/一号U型螺栓单元-8/螺母-1
				/*	5:type	*/	基本杆件\螺母.SLDPRT
				/*	5:location	*/	1.0	0.0	-2.46519E-32	0.0	1.11022E-16	1.0	-2.46519E-32	0.0	-1.2326E-32	1.2326E-32	1.0	0.0	0.0188503	0.0490441	0.159	1.0
				/*	5:child_number	*/	0
				/*	5:name	*/	六片1.5米端构架上的钢枕及一号U型螺栓-1/六片三角上的一个钢枕及一号U型螺栓-5/一号U型螺栓单元-8/螺母-2
				/*	5:type	*/	基本杆件\螺母.SLDPRT
				/*	5:location	*/	1.0	0.0	-2.46519E-32	0.0	1.11022E-16	1.0	-2.46519E-32	0.0	-1.2326E-32	1.2326E-32	1.0	0.0	0.0188503	-0.108956	0.159	1.0
				/*	5:child_number	*/	0
			/*	4:name	*/	六片1.5米端构架上的钢枕及一号U型螺栓-1/六片三角上的一个钢枕及一号U型螺栓-5/一号U型螺栓单元-9
			/*	4:type	*/	U型螺栓单元\一号U型螺栓单元.SLDASM
			/*	4:location	*/	0.696203	3.62259E-16	-0.717845	0.0	-0.717845	3.12097E-16	-0.696203	0.0	-2.81682E-17	1.0	4.77329E-16	0.0	1.28258	1.55713	-0.164824	1.0
			/*	4:child_number	*/	4
				/*	5:name	*/	六片1.5米端构架上的钢枕及一号U型螺栓-1/六片三角上的一个钢枕及一号U型螺栓-5/一号U型螺栓单元-9/一号U型螺栓-1
				/*	5:type	*/	基本杆件\一号U型螺栓.SLDPRT
				/*	5:location	*/	1.0	0.0	0.0	0.0	0.0	1.0	4.93038E-32	0.0	-3.69779E-32	4.93038E-32	1.0	0.0	0.0188503	-0.108956	-0.188	1.0
				/*	5:child_number	*/	0
				/*	5:name	*/	六片1.5米端构架上的钢枕及一号U型螺栓-1/六片三角上的一个钢枕及一号U型螺栓-5/一号U型螺栓单元-9/一号U型螺栓垫片-1
				/*	5:type	*/	基本杆件\一号U型螺栓垫片.SLDPRT
				/*	5:location	*/	0.0	-1.0	-4.93038E-32	0.0	1.0	0.0	0.0	0.0	-3.69779E-32	4.93038E-32	1.0	0.0	-0.0111497	0.0790441	0.143	1.0
				/*	5:child_number	*/	0
				/*	5:name	*/	六片1.5米端构架上的钢枕及一号U型螺栓-1/六片三角上的一个钢枕及一号U型螺栓-5/一号U型螺栓单元-9/螺母-1
				/*	5:type	*/	基本杆件\螺母.SLDPRT
				/*	5:location	*/	1.0	0.0	0.0	0.0	0.0	1.0	4.93038E-32	0.0	-3.69779E-32	4.93038E-32	1.0	0.0	0.0188503	0.0490441	0.159	1.0
				/*	5:child_number	*/	0
				/*	5:name	*/	六片1.5米端构架上的钢枕及一号U型螺栓-1/六片三角上的一个钢枕及一号U型螺栓-5/一号U型螺栓单元-9/螺母-2
				/*	5:type	*/	基本杆件\螺母.SLDPRT
				/*	5:location	*/	1.0	0.0	0.0	0.0	0.0	1.0	4.93038E-32	0.0	-3.69779E-32	4.93038E-32	1.0	0.0	0.0188503	-0.108956	0.159	1.0
				/*	5:child_number	*/	0
			/*	4:name	*/	六片1.5米端构架上的钢枕及一号U型螺栓-1/六片三角上的一个钢枕及一号U型螺栓-5/钢枕-1
			/*	4:type	*/	基本杆件\钢枕.SLDPRT
			/*	4:location	*/	1.11022E-16	1.1672E-17	-1.0	0.0	7.67615E-17	1.0	-4.80254E-34	0.0	1.0	-2.51935E-17	0.0	0.0	-0.9185	1.54013	-0.1135	1.0
			/*	4:child_number	*/	0
		/*	3:name	*/	六片1.5米端构架上的钢枕及一号U型螺栓-1/六片三角上的一个钢枕及一号U型螺栓-6
		/*	3:type	*/	钢枕单元\六片三角上的一个钢枕及一号U型螺栓.SLDASM
		/*	3:location	*/	2.77556E-17	1.16226E-16	1.0	0.0	0.0166505	0.999861	-1.16226E-16	0.0	-0.999861	0.0166505	2.77556E-17	0.0	8.11753	-0.18116	-2.44345	1.0
		/*	3:child_number	*/	9
			/*	4:name	*/	六片1.5米端构架上的钢枕及一号U型螺栓-1/六片三角上的一个钢枕及一号U型螺栓-6/一号U型螺栓单元-10
			/*	4:type	*/	U型螺栓单元\一号U型螺栓单元.SLDASM
			/*	4:location	*/	0.696203	9.39041E-17	-0.717845	0.0	-0.717845	1.02183E-16	-0.696203	0.0	7.97513E-18	1.0	1.38549E-16	0.0	1.11116	1.55713	-0.164824	1.0
			/*	4:child_number	*/	4
				/*	5:name	*/	六片1.5米端构架上的钢枕及一号U型螺栓-1/六片三角上的一个钢枕及一号U型螺栓-6/一号U型螺栓单元-10/一号U型螺栓-1
				/*	5:type	*/	基本杆件\一号U型螺栓.SLDPRT
				/*	5:location	*/	1.0	5.55112E-17	0.0	0.0	-1.11022E-16	1.0	-4.93038E-32	0.0	0.0	-4.93038E-32	1.0	0.0	0.0188503	-0.108956	-0.188	1.0
				/*	5:child_number	*/	0
				/*	5:name	*/	六片1.5米端构架上的钢枕及一号U型螺栓-1/六片三角上的一个钢枕及一号U型螺栓-6/一号U型螺栓单元-10/一号U型螺栓垫片-1
				/*	5:type	*/	基本杆件\一号U型螺栓垫片.SLDPRT
				/*	5:location	*/	1.11022E-16	-1.0	4.93038E-32	0.0	1.0	5.55112E-17	0.0	0.0	0.0	-4.93038E-32	1.0	0.0	-0.0111497	0.0790441	0.143	1.0
				/*	5:child_number	*/	0
				/*	5:name	*/	六片1.5米端构架上的钢枕及一号U型螺栓-1/六片三角上的一个钢枕及一号U型螺栓-6/一号U型螺栓单元-10/螺母-1
				/*	5:type	*/	基本杆件\螺母.SLDPRT
				/*	5:location	*/	1.0	5.55112E-17	0.0	0.0	-1.11022E-16	1.0	-4.93038E-32	0.0	0.0	-4.93038E-32	1.0	0.0	0.0188503	0.0490441	0.159	1.0
				/*	5:child_number	*/	0
				/*	5:name	*/	六片1.5米端构架上的钢枕及一号U型螺栓-1/六片三角上的一个钢枕及一号U型螺栓-6/一号U型螺栓单元-10/螺母-2
				/*	5:type	*/	基本杆件\螺母.SLDPRT
				/*	5:location	*/	1.0	5.55112E-17	0.0	0.0	-1.11022E-16	1.0	-4.93038E-32	0.0	0.0	-4.93038E-32	1.0	0.0	0.0188503	-0.108956	0.159	1.0
				/*	5:child_number	*/	0
			/*	4:name	*/	六片1.5米端构架上的钢枕及一号U型螺栓-1/六片三角上的一个钢枕及一号U型螺栓-6/一号U型螺栓单元-11
			/*	4:type	*/	U型螺栓单元\一号U型螺栓单元.SLDASM
			/*	4:location	*/	0.696203	1.68194E-16	-0.717845	0.0	-0.717845	3.30226E-16	-0.696203	0.0	1.20018E-16	1.0	3.50642E-16	0.0	-0.517417	1.55713	-0.164824	1.0
			/*	4:child_number	*/	4
				/*	5:name	*/	六片1.5米端构架上的钢枕及一号U型螺栓-1/六片三角上的一个钢枕及一号U型螺栓-6/一号U型螺栓单元-11/一号U型螺栓-1
				/*	5:type	*/	基本杆件\一号U型螺栓.SLDPRT
				/*	5:location	*/	1.0	5.55112E-17	-9.86076E-32	0.0	5.55112E-17	1.0	-4.93038E-32	0.0	0.0	-4.93038E-32	1.0	0.0	0.0188503	-0.108956	-0.188	1.0
				/*	5:child_number	*/	0
				/*	5:name	*/	六片1.5米端构架上的钢枕及一号U型螺栓-1/六片三角上的一个钢枕及一号U型螺栓-6/一号U型螺栓单元-11/一号U型螺栓垫片-1
				/*	5:type	*/	基本杆件\一号U型螺栓垫片.SLDPRT
				/*	5:location	*/	-5.55112E-17	-1.0	0.0	0.0	1.0	5.55112E-17	-9.86076E-32	0.0	0.0	-4.93038E-32	1.0	0.0	-0.0111497	0.0790441	0.143	1.0
				/*	5:child_number	*/	0
				/*	5:name	*/	六片1.5米端构架上的钢枕及一号U型螺栓-1/六片三角上的一个钢枕及一号U型螺栓-6/一号U型螺栓单元-11/螺母-1
				/*	5:type	*/	基本杆件\螺母.SLDPRT
				/*	5:location	*/	1.0	5.55112E-17	-9.86076E-32	0.0	5.55112E-17	1.0	-4.93038E-32	0.0	0.0	-4.93038E-32	1.0	0.0	0.0188503	0.0490441	0.159	1.0
				/*	5:child_number	*/	0
				/*	5:name	*/	六片1.5米端构架上的钢枕及一号U型螺栓-1/六片三角上的一个钢枕及一号U型螺栓-6/一号U型螺栓单元-11/螺母-2
				/*	5:type	*/	基本杆件\螺母.SLDPRT
				/*	5:location	*/	1.0	5.55112E-17	-9.86076E-32	0.0	5.55112E-17	1.0	-4.93038E-32	0.0	0.0	-4.93038E-32	1.0	0.0	0.0188503	-0.108956	0.159	1.0
				/*	5:child_number	*/	0
			/*	4:name	*/	六片1.5米端构架上的钢枕及一号U型螺栓-1/六片三角上的一个钢枕及一号U型螺栓-6/一号U型螺栓单元-12
			/*	4:type	*/	U型螺栓单元\一号U型螺栓单元.SLDASM
			/*	4:location	*/	0.696203	-1.09997E-15	0.717845	0.0	0.717845	1.73159E-15	-0.696203	0.0	-4.77211E-16	1.0	1.99515E-15	0.0	-0.0458297	1.55713	-0.191887	1.0
			/*	4:child_number	*/	4
				/*	5:name	*/	六片1.5米端构架上的钢枕及一号U型螺栓-1/六片三角上的一个钢枕及一号U型螺栓-6/一号U型螺栓单元-12/一号U型螺栓-1
				/*	5:type	*/	基本杆件\一号U型螺栓.SLDPRT
				/*	5:location	*/	1.0	5.55112E-17	9.86076E-32	0.0	1.11022E-16	1.0	9.86076E-32	0.0	1.97215E-31	-9.86076E-32	1.0	0.0	0.0188503	-0.108956	-0.188	1.0
				/*	5:child_number	*/	0
				/*	5:name	*/	六片1.5米端构架上的钢枕及一号U型螺栓-1/六片三角上的一个钢枕及一号U型螺栓-6/一号U型螺栓单元-12/一号U型螺栓垫片-1
				/*	5:type	*/	基本杆件\一号U型螺栓垫片.SLDPRT
				/*	5:location	*/	-1.11022E-16	-1.0	-9.86076E-32	0.0	1.0	5.55112E-17	0.0	0.0	1.97215E-31	-9.86076E-32	1.0	0.0	-0.0111497	0.0790441	0.143	1.0
				/*	5:child_number	*/	0
				/*	5:name	*/	六片1.5米端构架上的钢枕及一号U型螺栓-1/六片三角上的一个钢枕及一号U型螺栓-6/一号U型螺栓单元-12/螺母-1
				/*	5:type	*/	基本杆件\螺母.SLDPRT
				/*	5:location	*/	1.0	5.55112E-17	9.86076E-32	0.0	1.11022E-16	1.0	9.86076E-32	0.0	1.97215E-31	-9.86076E-32	1.0	0.0	0.0188503	0.0490441	0.159	1.0
				/*	5:child_number	*/	0
				/*	5:name	*/	六片1.5米端构架上的钢枕及一号U型螺栓-1/六片三角上的一个钢枕及一号U型螺栓-6/一号U型螺栓单元-12/螺母-2
				/*	5:type	*/	基本杆件\螺母.SLDPRT
				/*	5:location	*/	1.0	5.55112E-17	9.86076E-32	0.0	1.11022E-16	1.0	9.86076E-32	0.0	1.97215E-31	-9.86076E-32	1.0	0.0	0.0188503	-0.108956	0.159	1.0
				/*	5:child_number	*/	0
			/*	4:name	*/	六片1.5米端构架上的钢枕及一号U型螺栓-1/六片三角上的一个钢枕及一号U型螺栓-6/一号U型螺栓单元-13
			/*	4:type	*/	U型螺栓单元\一号U型螺栓单元.SLDASM
			/*	4:location	*/	0.696203	-2.4527E-16	0.717845	0.0	0.717845	1.76651E-16	-0.696203	0.0	4.39493E-17	1.0	2.99051E-16	0.0	0.12559	1.55713	-0.191887	1.0
			/*	4:child_number	*/	4
				/*	5:name	*/	六片1.5米端构架上的钢枕及一号U型螺栓-1/六片三角上的一个钢枕及一号U型螺栓-6/一号U型螺栓单元-13/一号U型螺栓-1
				/*	5:type	*/	基本杆件\一号U型螺栓.SLDPRT
				/*	5:location	*/	1.0	0.0	-4.93038E-32	0.0	-5.55112E-17	1.0	0.0	0.0	-9.86076E-32	0.0	1.0	0.0	0.0188503	-0.108956	-0.188	1.0
				/*	5:child_number	*/	0
				/*	5:name	*/	六片1.5米端构架上的钢枕及一号U型螺栓-1/六片三角上的一个钢枕及一号U型螺栓-6/一号U型螺栓单元-13/一号U型螺栓垫片-1
				/*	5:type	*/	基本杆件\一号U型螺栓垫片.SLDPRT
				/*	5:location	*/	5.55112E-17	-1.0	0.0	0.0	1.0	0.0	-9.86076E-32	0.0	-9.86076E-32	0.0	1.0	0.0	-0.0111497	0.0790441	0.143	1.0
				/*	5:child_number	*/	0
				/*	5:name	*/	六片1.5米端构架上的钢枕及一号U型螺栓-1/六片三角上的一个钢枕及一号U型螺栓-6/一号U型螺栓单元-13/螺母-1
				/*	5:type	*/	基本杆件\螺母.SLDPRT
				/*	5:location	*/	1.0	0.0	-4.93038E-32	0.0	-5.55112E-17	1.0	0.0	0.0	-9.86076E-32	0.0	1.0	0.0	0.0188503	0.0490441	0.159	1.0
				/*	5:child_number	*/	0
				/*	5:name	*/	六片1.5米端构架上的钢枕及一号U型螺栓-1/六片三角上的一个钢枕及一号U型螺栓-6/一号U型螺栓单元-13/螺母-2
				/*	5:type	*/	基本杆件\螺母.SLDPRT
				/*	5:location	*/	1.0	0.0	-4.93038E-32	0.0	-5.55112E-17	1.0	0.0	0.0	-9.86076E-32	0.0	1.0	0.0	0.0188503	-0.108956	0.159	1.0
				/*	5:child_number	*/	0
			/*	4:name	*/	六片1.5米端构架上的钢枕及一号U型螺栓-1/六片三角上的一个钢枕及一号U型螺栓-6/一号U型螺栓单元-14
			/*	4:type	*/	U型螺栓单元\一号U型螺栓单元.SLDASM
			/*	4:location	*/	0.696203	-3.0268E-16	0.717845	0.0	0.717845	1.72407E-16	-0.696203	0.0	9.75782E-17	1.0	2.77556E-16	0.0	2.35417	1.55713	-0.191887	1.0
			/*	4:child_number	*/	4
				/*	5:name	*/	六片1.5米端构架上的钢枕及一号U型螺栓-1/六片三角上的一个钢枕及一号U型螺栓-6/一号U型螺栓单元-14/一号U型螺栓-1
				/*	5:type	*/	基本杆件\一号U型螺栓.SLDPRT
				/*	5:location	*/	1.0	0.0	-4.93038E-32	0.0	0.0	1.0	4.93038E-32	0.0	-9.86076E-32	0.0	1.0	0.0	0.0188503	-0.108956	-0.188	1.0
				/*	5:child_number	*/	0
				/*	5:name	*/	六片1.5米端构架上的钢枕及一号U型螺栓-1/六片三角上的一个钢枕及一号U型螺栓-6/一号U型螺栓单元-14/一号U型螺栓垫片-1
				/*	5:type	*/	基本杆件\一号U型螺栓垫片.SLDPRT
				/*	5:location	*/	0.0	-1.0	-4.93038E-32	0.0	1.0	0.0	-9.86076E-32	0.0	-9.86076E-32	0.0	1.0	0.0	-0.0111497	0.0790441	0.143	1.0
				/*	5:child_number	*/	0
				/*	5:name	*/	六片1.5米端构架上的钢枕及一号U型螺栓-1/六片三角上的一个钢枕及一号U型螺栓-6/一号U型螺栓单元-14/螺母-1
				/*	5:type	*/	基本杆件\螺母.SLDPRT
				/*	5:location	*/	1.0	0.0	-4.93038E-32	0.0	0.0	1.0	4.93038E-32	0.0	-9.86076E-32	0.0	1.0	0.0	0.0188503	0.0490441	0.159	1.0
				/*	5:child_number	*/	0
				/*	5:name	*/	六片1.5米端构架上的钢枕及一号U型螺栓-1/六片三角上的一个钢枕及一号U型螺栓-6/一号U型螺栓单元-14/螺母-2
				/*	5:type	*/	基本杆件\螺母.SLDPRT
				/*	5:location	*/	1.0	0.0	-4.93038E-32	0.0	0.0	1.0	4.93038E-32	0.0	-9.86076E-32	0.0	1.0	0.0	0.0188503	-0.108956	0.159	1.0
				/*	5:child_number	*/	0
			/*	4:name	*/	六片1.5米端构架上的钢枕及一号U型螺栓-1/六片三角上的一个钢枕及一号U型螺栓-6/一号U型螺栓单元-15
			/*	4:type	*/	U型螺栓单元\一号U型螺栓单元.SLDASM
			/*	4:location	*/	0.696203	-2.83138E-16	0.717845	0.0	0.717845	1.70875E-16	-0.696203	0.0	7.44594E-17	1.0	3.22213E-16	0.0	2.52559	1.55713	-0.191887	1.0
			/*	4:child_number	*/	4
				/*	5:name	*/	六片1.5米端构架上的钢枕及一号U型螺栓-1/六片三角上的一个钢枕及一号U型螺栓-6/一号U型螺栓单元-15/一号U型螺栓-1
				/*	5:type	*/	基本杆件\一号U型螺栓.SLDPRT
				/*	5:location	*/	1.0	0.0	-9.86076E-32	0.0	0.0	1.0	0.0	0.0	4.93038E-32	4.93038E-32	1.0	0.0	0.0188503	-0.108956	-0.188	1.0
				/*	5:child_number	*/	0
				/*	5:name	*/	六片1.5米端构架上的钢枕及一号U型螺栓-1/六片三角上的一个钢枕及一号U型螺栓-6/一号U型螺栓单元-15/一号U型螺栓垫片-1
				/*	5:type	*/	基本杆件\一号U型螺栓垫片.SLDPRT
				/*	5:location	*/	0.0	-1.0	0.0	0.0	1.0	0.0	-9.86076E-32	0.0	4.93038E-32	4.93038E-32	1.0	0.0	-0.0111497	0.0790441	0.143	1.0
				/*	5:child_number	*/	0
				/*	5:name	*/	六片1.5米端构架上的钢枕及一号U型螺栓-1/六片三角上的一个钢枕及一号U型螺栓-6/一号U型螺栓单元-15/螺母-1
				/*	5:type	*/	基本杆件\螺母.SLDPRT
				/*	5:location	*/	1.0	0.0	-9.86076E-32	0.0	0.0	1.0	0.0	0.0	4.93038E-32	4.93038E-32	1.0	0.0	0.0188503	0.0490441	0.159	1.0
				/*	5:child_number	*/	0
				/*	5:name	*/	六片1.5米端构架上的钢枕及一号U型螺栓-1/六片三角上的一个钢枕及一号U型螺栓-6/一号U型螺栓单元-15/螺母-2
				/*	5:type	*/	基本杆件\螺母.SLDPRT
				/*	5:location	*/	1.0	0.0	-9.86076E-32	0.0	0.0	1.0	0.0	0.0	4.93038E-32	4.93038E-32	1.0	0.0	0.0188503	-0.108956	0.159	1.0
				/*	5:child_number	*/	0
			/*	4:name	*/	六片1.5米端构架上的钢枕及一号U型螺栓-1/六片三角上的一个钢枕及一号U型螺栓-6/一号U型螺栓单元-8
			/*	4:type	*/	U型螺栓单元\一号U型螺栓单元.SLDASM
			/*	4:location	*/	0.696203	2.00554E-16	-0.717845	0.0	-0.717845	2.30202E-16	-0.696203	0.0	2.56233E-17	1.0	3.04234E-16	0.0	2.91116	1.55713	-0.164824	1.0
			/*	4:child_number	*/	4
				/*	5:name	*/	六片1.5米端构架上的钢枕及一号U型螺栓-1/六片三角上的一个钢枕及一号U型螺栓-6/一号U型螺栓单元-8/一号U型螺栓-1
				/*	5:type	*/	基本杆件\一号U型螺栓.SLDPRT
				/*	5:location	*/	1.0	1.11022E-16	0.0	0.0	-1.66533E-16	1.0	0.0	0.0	9.86076E-32	-4.93038E-32	1.0	0.0	0.0188503	-0.108956	-0.188	1.0
				/*	5:child_number	*/	0
				/*	5:name	*/	六片1.5米端构架上的钢枕及一号U型螺栓-1/六片三角上的一个钢枕及一号U型螺栓-6/一号U型螺栓单元-8/一号U型螺栓垫片-1
				/*	5:type	*/	基本杆件\一号U型螺栓垫片.SLDPRT
				/*	5:location	*/	1.66533E-16	-1.0	-4.93038E-32	0.0	1.0	1.11022E-16	0.0	0.0	9.86076E-32	-4.93038E-32	1.0	0.0	-0.0111497	0.0790441	0.143	1.0
				/*	5:child_number	*/	0
				/*	5:name	*/	六片1.5米端构架上的钢枕及一号U型螺栓-1/六片三角上的一个钢枕及一号U型螺栓-6/一号U型螺栓单元-8/螺母-1
				/*	5:type	*/	基本杆件\螺母.SLDPRT
				/*	5:location	*/	1.0	1.11022E-16	0.0	0.0	-1.66533E-16	1.0	0.0	0.0	9.86076E-32	-4.93038E-32	1.0	0.0	0.0188503	0.0490441	0.159	1.0
				/*	5:child_number	*/	0
				/*	5:name	*/	六片1.5米端构架上的钢枕及一号U型螺栓-1/六片三角上的一个钢枕及一号U型螺栓-6/一号U型螺栓单元-8/螺母-2
				/*	5:type	*/	基本杆件\螺母.SLDPRT
				/*	5:location	*/	1.0	1.11022E-16	0.0	0.0	-1.66533E-16	1.0	0.0	0.0	9.86076E-32	-4.93038E-32	1.0	0.0	0.0188503	-0.108956	0.159	1.0
				/*	5:child_number	*/	0
			/*	4:name	*/	六片1.5米端构架上的钢枕及一号U型螺栓-1/六片三角上的一个钢枕及一号U型螺栓-6/一号U型螺栓单元-9
			/*	4:type	*/	U型螺栓单元\一号U型螺栓单元.SLDASM
			/*	4:location	*/	0.696203	3.62259E-16	-0.717845	0.0	-0.717845	3.12097E-16	-0.696203	0.0	-2.81682E-17	1.0	4.77329E-16	0.0	1.28258	1.55713	-0.164824	1.0
			/*	4:child_number	*/	4
				/*	5:name	*/	六片1.5米端构架上的钢枕及一号U型螺栓-1/六片三角上的一个钢枕及一号U型螺栓-6/一号U型螺栓单元-9/一号U型螺栓-1
				/*	5:type	*/	基本杆件\一号U型螺栓.SLDPRT
				/*	5:location	*/	1.0	0.0	-4.93038E-32	0.0	1.11022E-16	1.0	-1.47911E-31	0.0	4.93038E-32	0.0	1.0	0.0	0.0188503	-0.108956	-0.188	1.0
				/*	5:child_number	*/	0
				/*	5:name	*/	六片1.5米端构架上的钢枕及一号U型螺栓-1/六片三角上的一个钢枕及一号U型螺栓-6/一号U型螺栓单元-9/一号U型螺栓垫片-1
				/*	5:type	*/	基本杆件\一号U型螺栓垫片.SLDPRT
				/*	5:location	*/	-1.11022E-16	-1.0	9.86076E-32	0.0	1.0	0.0	-4.93038E-32	0.0	4.93038E-32	0.0	1.0	0.0	-0.0111497	0.0790441	0.143	1.0
				/*	5:child_number	*/	0
				/*	5:name	*/	六片1.5米端构架上的钢枕及一号U型螺栓-1/六片三角上的一个钢枕及一号U型螺栓-6/一号U型螺栓单元-9/螺母-1
				/*	5:type	*/	基本杆件\螺母.SLDPRT
				/*	5:location	*/	1.0	0.0	-4.93038E-32	0.0	1.11022E-16	1.0	-1.47911E-31	0.0	4.93038E-32	0.0	1.0	0.0	0.0188503	0.0490441	0.159	1.0
				/*	5:child_number	*/	0
				/*	5:name	*/	六片1.5米端构架上的钢枕及一号U型螺栓-1/六片三角上的一个钢枕及一号U型螺栓-6/一号U型螺栓单元-9/螺母-2
				/*	5:type	*/	基本杆件\螺母.SLDPRT
				/*	5:location	*/	1.0	0.0	-4.93038E-32	0.0	1.11022E-16	1.0	-1.47911E-31	0.0	4.93038E-32	0.0	1.0	0.0	0.0188503	-0.108956	0.159	1.0
				/*	5:child_number	*/	0
			/*	4:name	*/	六片1.5米端构架上的钢枕及一号U型螺栓-1/六片三角上的一个钢枕及一号U型螺栓-6/钢枕-1
			/*	4:type	*/	基本杆件\钢枕.SLDPRT
			/*	4:location	*/	1.11022E-16	1.1672E-17	-1.0	0.0	7.67615E-17	1.0	1.1672E-17	0.0	1.0	-7.6698E-17	6.13706E-17	0.0	-0.9185	1.54013	-0.1135	1.0
			/*	4:child_number	*/	0
		/*	3:name	*/	六片1.5米端构架上的钢枕及一号U型螺栓-1/六片三角上的一个钢枕及一号U型螺栓-7
		/*	3:type	*/	钢枕单元\六片三角上的一个钢枕及一号U型螺栓.SLDASM
		/*	3:location	*/	-1.11022E-16	-2.73653E-16	1.0	0.0	0.0166505	0.999861	2.74954E-16	0.0	-0.999861	0.0166505	-1.11022E-16	0.0	8.60847	-0.189335	-2.44345	1.0
		/*	3:child_number	*/	9
			/*	4:name	*/	六片1.5米端构架上的钢枕及一号U型螺栓-1/六片三角上的一个钢枕及一号U型螺栓-7/一号U型螺栓单元-10
			/*	4:type	*/	U型螺栓单元\一号U型螺栓单元.SLDASM
			/*	4:location	*/	0.696203	9.39041E-17	-0.717845	0.0	-0.717845	1.02183E-16	-0.696203	0.0	7.97513E-18	1.0	1.38549E-16	0.0	1.11116	1.55713	-0.164824	1.0
			/*	4:child_number	*/	4
				/*	5:name	*/	六片1.5米端构架上的钢枕及一号U型螺栓-1/六片三角上的一个钢枕及一号U型螺栓-7/一号U型螺栓单元-10/一号U型螺栓-1
				/*	5:type	*/	基本杆件\一号U型螺栓.SLDPRT
				/*	5:location	*/	1.0	0.0	0.0	0.0	5.55112E-17	1.0	-2.46519E-32	0.0	-2.46519E-32	0.0	1.0	0.0	0.0188503	-0.108956	-0.188	1.0
				/*	5:child_number	*/	0
				/*	5:name	*/	六片1.5米端构架上的钢枕及一号U型螺栓-1/六片三角上的一个钢枕及一号U型螺栓-7/一号U型螺栓单元-10/一号U型螺栓垫片-1
				/*	5:type	*/	基本杆件\一号U型螺栓垫片.SLDPRT
				/*	5:location	*/	-5.55112E-17	-1.0	2.46519E-32	0.0	1.0	0.0	0.0	0.0	-2.46519E-32	0.0	1.0	0.0	-0.0111497	0.0790441	0.143	1.0
				/*	5:child_number	*/	0
				/*	5:name	*/	六片1.5米端构架上的钢枕及一号U型螺栓-1/六片三角上的一个钢枕及一号U型螺栓-7/一号U型螺栓单元-10/螺母-1
				/*	5:type	*/	基本杆件\螺母.SLDPRT
				/*	5:location	*/	1.0	0.0	0.0	0.0	5.55112E-17	1.0	-2.46519E-32	0.0	-2.46519E-32	0.0	1.0	0.0	0.0188503	0.0490441	0.159	1.0
				/*	5:child_number	*/	0
				/*	5:name	*/	六片1.5米端构架上的钢枕及一号U型螺栓-1/六片三角上的一个钢枕及一号U型螺栓-7/一号U型螺栓单元-10/螺母-2
				/*	5:type	*/	基本杆件\螺母.SLDPRT
				/*	5:location	*/	1.0	0.0	0.0	0.0	5.55112E-17	1.0	-2.46519E-32	0.0	-2.46519E-32	0.0	1.0	0.0	0.0188503	-0.108956	0.159	1.0
				/*	5:child_number	*/	0
			/*	4:name	*/	六片1.5米端构架上的钢枕及一号U型螺栓-1/六片三角上的一个钢枕及一号U型螺栓-7/一号U型螺栓单元-11
			/*	4:type	*/	U型螺栓单元\一号U型螺栓单元.SLDASM
			/*	4:location	*/	0.696203	1.68194E-16	-0.717845	0.0	-0.717845	3.30226E-16	-0.696203	0.0	1.20973E-16	1.0	3.54111E-16	0.0	-0.517417	1.55713	-0.164824	1.0
			/*	4:child_number	*/	4
				/*	5:name	*/	六片1.5米端构架上的钢枕及一号U型螺栓-1/六片三角上的一个钢枕及一号U型螺栓-7/一号U型螺栓单元-11/一号U型螺栓-1
				/*	5:type	*/	基本杆件\一号U型螺栓.SLDPRT
				/*	5:location	*/	1.0	0.0	-2.46519E-32	0.0	5.55112E-17	1.0	6.16298E-33	0.0	1.2326E-32	-1.84889E-32	1.0	0.0	0.0188503	-0.108956	-0.188	1.0
				/*	5:child_number	*/	0
				/*	5:name	*/	六片1.5米端构架上的钢枕及一号U型螺栓-1/六片三角上的一个钢枕及一号U型螺栓-7/一号U型螺栓单元-11/一号U型螺栓垫片-1
				/*	5:type	*/	基本杆件\一号U型螺栓垫片.SLDPRT
				/*	5:location	*/	-5.55112E-17	-1.0	-6.16298E-33	0.0	1.0	0.0	-2.46519E-32	0.0	1.2326E-32	-1.84889E-32	1.0	0.0	-0.0111497	0.0790441	0.143	1.0
				/*	5:child_number	*/	0
				/*	5:name	*/	六片1.5米端构架上的钢枕及一号U型螺栓-1/六片三角上的一个钢枕及一号U型螺栓-7/一号U型螺栓单元-11/螺母-1
				/*	5:type	*/	基本杆件\螺母.SLDPRT
				/*	5:location	*/	1.0	0.0	-2.46519E-32	0.0	5.55112E-17	1.0	6.16298E-33	0.0	1.2326E-32	-1.84889E-32	1.0	0.0	0.0188503	0.0490441	0.159	1.0
				/*	5:child_number	*/	0
				/*	5:name	*/	六片1.5米端构架上的钢枕及一号U型螺栓-1/六片三角上的一个钢枕及一号U型螺栓-7/一号U型螺栓单元-11/螺母-2
				/*	5:type	*/	基本杆件\螺母.SLDPRT
				/*	5:location	*/	1.0	0.0	-2.46519E-32	0.0	5.55112E-17	1.0	6.16298E-33	0.0	1.2326E-32	-1.84889E-32	1.0	0.0	0.0188503	-0.108956	0.159	1.0
				/*	5:child_number	*/	0
			/*	4:name	*/	六片1.5米端构架上的钢枕及一号U型螺栓-1/六片三角上的一个钢枕及一号U型螺栓-7/一号U型螺栓单元-12
			/*	4:type	*/	U型螺栓单元\一号U型螺栓单元.SLDASM
			/*	4:location	*/	0.696203	-1.09997E-15	0.717845	0.0	0.717845	1.73159E-15	-0.696203	0.0	-4.77211E-16	1.0	1.99515E-15	0.0	-0.0458297	1.55713	-0.191887	1.0
			/*	4:child_number	*/	4
				/*	5:name	*/	六片1.5米端构架上的钢枕及一号U型螺栓-1/六片三角上的一个钢枕及一号U型螺栓-7/一号U型螺栓单元-12/一号U型螺栓-1
				/*	5:type	*/	基本杆件\一号U型螺栓.SLDPRT
				/*	5:location	*/	1.0	0.0	-9.86076E-32	0.0	1.11022E-16	1.0	0.0	0.0	-2.95823E-31	-9.86076E-32	1.0	0.0	0.0188503	-0.108956	-0.188	1.0
				/*	5:child_number	*/	0
				/*	5:name	*/	六片1.5米端构架上的钢枕及一号U型螺栓-1/六片三角上的一个钢枕及一号U型螺栓-7/一号U型螺栓单元-12/一号U型螺栓垫片-1
				/*	5:type	*/	基本杆件\一号U型螺栓垫片.SLDPRT
				/*	5:location	*/	-1.11022E-16	-1.0	0.0	0.0	1.0	0.0	-9.86076E-32	0.0	-2.95823E-31	-9.86076E-32	1.0	0.0	-0.0111497	0.0790441	0.143	1.0
				/*	5:child_number	*/	0
				/*	5:name	*/	六片1.5米端构架上的钢枕及一号U型螺栓-1/六片三角上的一个钢枕及一号U型螺栓-7/一号U型螺栓单元-12/螺母-1
				/*	5:type	*/	基本杆件\螺母.SLDPRT
				/*	5:location	*/	1.0	0.0	-9.86076E-32	0.0	1.11022E-16	1.0	0.0	0.0	-2.95823E-31	-9.86076E-32	1.0	0.0	0.0188503	0.0490441	0.159	1.0
				/*	5:child_number	*/	0
				/*	5:name	*/	六片1.5米端构架上的钢枕及一号U型螺栓-1/六片三角上的一个钢枕及一号U型螺栓-7/一号U型螺栓单元-12/螺母-2
				/*	5:type	*/	基本杆件\螺母.SLDPRT
				/*	5:location	*/	1.0	0.0	-9.86076E-32	0.0	1.11022E-16	1.0	0.0	0.0	-2.95823E-31	-9.86076E-32	1.0	0.0	0.0188503	-0.108956	0.159	1.0
				/*	5:child_number	*/	0
			/*	4:name	*/	六片1.5米端构架上的钢枕及一号U型螺栓-1/六片三角上的一个钢枕及一号U型螺栓-7/一号U型螺栓单元-13
			/*	4:type	*/	U型螺栓单元\一号U型螺栓单元.SLDASM
			/*	4:location	*/	0.696203	-2.4527E-16	0.717845	0.0	0.717845	1.76651E-16	-0.696203	0.0	4.39493E-17	1.0	2.99051E-16	0.0	0.12559	1.55713	-0.191887	1.0
			/*	4:child_number	*/	4
