/*	1:name	*/	18.0米带有两个3.0米端构架的标准三角七片梁
/*	1:type	*/	18.0米带有两个3.0米端构架的标准三角七片梁.SLDASM
/*	1:location	*/	1.0	0.0	0.0	0.0	0.0	1.0	0.0	0.0	0.0	0.0	1.0	0.0	0.0	0.0	0.0	1.0
/*	1:child_number	*/	20
	/*	2:name	*/	七片3.0米端构架上的钢枕及一号U型螺栓-1
	/*	2:type	*/	钢枕单元\七片3.0米端构架上的钢枕及一号U型螺栓.SLDASM
	/*	2:location	*/	-0.999911	0.0133211	-5.55112E-17	0.0	0.0133211	0.999911	-5.88262E-16	0.0	-5.55112E-17	-7.39181E-16	-1.0	0.0	-2.86281	-0.700853	-2.53002	1.0
	/*	2:child_number	*/	7
		/*	3:name	*/	七片3.0米端构架上的钢枕及一号U型螺栓-1/七片三角上的一个钢枕及一号U型螺栓-10
		/*	3:type	*/	钢枕单元\七片三角上的一个钢枕及一号U型螺栓.SLDASM
		/*	3:location	*/	-9.02056E-17	2.70508E-16	1.0	0.0	0.0133211	0.999911	-2.69283E-16	0.0	-0.999911	0.0133211	-9.38011E-17	0.0	5.63371	-0.0729487	-2.84952	1.0
		/*	3:child_number	*/	11
			/*	4:name	*/	七片3.0米端构架上的钢枕及一号U型螺栓-1/七片三角上的一个钢枕及一号U型螺栓-10/一号U型螺栓单元-10
			/*	4:type	*/	U型螺栓单元\一号U型螺栓单元.SLDASM
			/*	4:location	*/	0.696203	-1.66192E-16	-0.717845	0.0	-0.717845	-2.0424E-16	-0.696203	0.0	-3.09096E-17	1.0	-2.61492E-16	0.0	3.51116	1.55713	-0.164824	1.0
			/*	4:child_number	*/	4
				/*	5:name	*/	七片3.0米端构架上的钢枕及一号U型螺栓-1/七片三角上的一个钢枕及一号U型螺栓-10/一号U型螺栓单元-10/一号U型螺栓-1
				/*	5:type	*/	基本杆件\一号U型螺栓.SLDPRT
				/*	5:location	*/	1.0	0.0	-4.93038E-32	0.0	0.0	1.0	0.0	0.0	4.93038E-32	0.0	1.0	0.0	0.0188503	-0.108956	-0.188	1.0
				/*	5:child_number	*/	0
				/*	5:name	*/	七片3.0米端构架上的钢枕及一号U型螺栓-1/七片三角上的一个钢枕及一号U型螺栓-10/一号U型螺栓单元-10/一号U型螺栓垫片-1
				/*	5:type	*/	基本杆件\一号U型螺栓垫片.SLDPRT
				/*	5:location	*/	0.0	-1.0	4.93038E-32	0.0	1.0	0.0	-4.93038E-32	0.0	4.93038E-32	0.0	1.0	0.0	-0.0111497	0.0790441	0.143	1.0
				/*	5:child_number	*/	0
				/*	5:name	*/	七片3.0米端构架上的钢枕及一号U型螺栓-1/七片三角上的一个钢枕及一号U型螺栓-10/一号U型螺栓单元-10/螺母-1
				/*	5:type	*/	基本杆件\螺母.SLDPRT
				/*	5:location	*/	1.0	0.0	-4.93038E-32	0.0	0.0	1.0	0.0	0.0	4.93038E-32	0.0	1.0	0.0	0.0188503	0.0490441	0.159	1.0
				/*	5:child_number	*/	0
				/*	5:name	*/	七片3.0米端构架上的钢枕及一号U型螺栓-1/七片三角上的一个钢枕及一号U型螺栓-10/一号U型螺栓单元-10/螺母-2
				/*	5:type	*/	基本杆件\螺母.SLDPRT
				/*	5:location	*/	1.0	0.0	-4.93038E-32	0.0	0.0	1.0	0.0	0.0	4.93038E-32	0.0	1.0	0.0	0.0188503	-0.108956	0.159	1.0
				/*	5:child_number	*/	0
			/*	4:name	*/	七片3.0米端构架上的钢枕及一号U型螺栓-1/七片三角上的一个钢枕及一号U型螺栓-10/一号U型螺栓单元-11
			/*	4:type	*/	U型螺栓单元\一号U型螺栓单元.SLDASM
			/*	4:location	*/	0.696203	-1.75004E-16	-0.717845	0.0	-0.717845	-2.6696E-16	-0.696203	0.0	-6.97974E-17	1.0	-3.11484E-16	0.0	2.48258	1.55713	-0.164824	1.0
			/*	4:child_number	*/	4
				/*	5:name	*/	七片3.0米端构架上的钢枕及一号U型螺栓-1/七片三角上的一个钢枕及一号U型螺栓-10/一号U型螺栓单元-11/一号U型螺栓-1
				/*	5:type	*/	基本杆件\一号U型螺栓.SLDPRT
				/*	5:location	*/	1.0	0.0	0.0	0.0	0.0	1.0	0.0	0.0	4.93038E-32	0.0	1.0	0.0	0.0188503	-0.108956	-0.188	1.0
				/*	5:child_number	*/	0
				/*	5:name	*/	七片3.0米端构架上的钢枕及一号U型螺栓-1/七片三角上的一个钢枕及一号U型螺栓-10/一号U型螺栓单元-11/一号U型螺栓垫片-1
				/*	5:type	*/	基本杆件\一号U型螺栓垫片.SLDPRT
				/*	5:location	*/	0.0	-1.0	4.93038E-32	0.0	1.0	0.0	0.0	0.0	4.93038E-32	0.0	1.0	0.0	-0.0111497	0.0790441	0.143	1.0
				/*	5:child_number	*/	0
				/*	5:name	*/	七片3.0米端构架上的钢枕及一号U型螺栓-1/七片三角上的一个钢枕及一号U型螺栓-10/一号U型螺栓单元-11/螺母-1
				/*	5:type	*/	基本杆件\螺母.SLDPRT
				/*	5:location	*/	1.0	0.0	0.0	0.0	0.0	1.0	0.0	0.0	4.93038E-32	0.0	1.0	0.0	0.0188503	0.0490441	0.159	1.0
				/*	5:child_number	*/	0
				/*	5:name	*/	七片3.0米端构架上的钢枕及一号U型螺栓-1/七片三角上的一个钢枕及一号U型螺栓-10/一号U型螺栓单元-11/螺母-2
				/*	5:type	*/	基本杆件\螺母.SLDPRT
				/*	5:location	*/	1.0	0.0	0.0	0.0	0.0	1.0	0.0	0.0	4.93038E-32	0.0	1.0	0.0	0.0188503	-0.108956	0.159	1.0
				/*	5:child_number	*/	0
			/*	4:name	*/	七片3.0米端构架上的钢枕及一号U型螺栓-1/七片三角上的一个钢枕及一号U型螺栓-10/一号U型螺栓单元-12
			/*	4:type	*/	U型螺栓单元\一号U型螺栓单元.SLDASM
			/*	4:location	*/	0.696203	-1.50471E-16	-0.717845	0.0	-0.717845	-1.81178E-16	-0.696203	0.0	-2.52993E-17	1.0	-2.34151E-16	0.0	1.28258	1.55713	-0.164824	1.0
			/*	4:child_number	*/	4
				/*	5:name	*/	七片3.0米端构架上的钢枕及一号U型螺栓-1/七片三角上的一个钢枕及一号U型螺栓-10/一号U型螺栓单元-12/一号U型螺栓-1
				/*	5:type	*/	基本杆件\一号U型螺栓.SLDPRT
				/*	5:location	*/	1.0	0.0	0.0	0.0	0.0	1.0	9.86076E-32	0.0	0.0	0.0	1.0	0.0	0.0188503	-0.108956	-0.188	1.0
				/*	5:child_number	*/	0
				/*	5:name	*/	七片3.0米端构架上的钢枕及一号U型螺栓-1/七片三角上的一个钢枕及一号U型螺栓-10/一号U型螺栓单元-12/一号U型螺栓垫片-1
				/*	5:type	*/	基本杆件\一号U型螺栓垫片.SLDPRT
				/*	5:location	*/	0.0	-1.0	-4.93038E-32	0.0	1.0	0.0	0.0	0.0	0.0	0.0	1.0	0.0	-0.0111497	0.0790441	0.143	1.0
				/*	5:child_number	*/	0
				/*	5:name	*/	七片3.0米端构架上的钢枕及一号U型螺栓-1/七片三角上的一个钢枕及一号U型螺栓-10/一号U型螺栓单元-12/螺母-1
				/*	5:type	*/	基本杆件\螺母.SLDPRT
				/*	5:location	*/	1.0	0.0	0.0	0.0	0.0	1.0	9.86076E-32	0.0	0.0	0.0	1.0	0.0	0.0188503	0.0490441	0.159	1.0
				/*	5:child_number	*/	0
				/*	5:name	*/	七片3.0米端构架上的钢枕及一号U型螺栓-1/七片三角上的一个钢枕及一号U型螺栓-10/一号U型螺栓单元-12/螺母-2
				/*	5:type	*/	基本杆件\螺母.SLDPRT
				/*	5:location	*/	1.0	0.0	0.0	0.0	0.0	1.0	9.86076E-32	0.0	0.0	0.0	1.0	0.0	0.0188503	-0.108956	0.159	1.0
				/*	5:child_number	*/	0
			/*	4:name	*/	七片3.0米端构架上的钢枕及一号U型螺栓-1/七片三角上的一个钢枕及一号U型螺栓-10/一号U型螺栓单元-13
			/*	4:type	*/	U型螺栓单元\一号U型螺栓单元.SLDASM
			/*	4:location	*/	0.696203	-2.82215E-16	-0.717845	0.0	-0.717845	-2.26535E-16	-0.696203	0.0	3.38618E-17	1.0	-3.60301E-16	0.0	0.0825825	1.55713	-0.164824	1.0
			/*	4:child_number	*/	4
				/*	5:name	*/	七片3.0米端构架上的钢枕及一号U型螺栓-1/七片三角上的一个钢枕及一号U型螺栓-10/一号U型螺栓单元-13/一号U型螺栓-1
				/*	5:type	*/	基本杆件\一号U型螺栓.SLDPRT
				/*	5:location	*/	1.0	0.0	4.93038E-32	0.0	0.0	1.0	-4.93038E-32	0.0	-4.93038E-32	0.0	1.0	0.0	0.0188503	-0.108956	-0.188	1.0
				/*	5:child_number	*/	0
				/*	5:name	*/	七片3.0米端构架上的钢枕及一号U型螺栓-1/七片三角上的一个钢枕及一号U型螺栓-10/一号U型螺栓单元-13/一号U型螺栓垫片-1
				/*	5:type	*/	基本杆件\一号U型螺栓垫片.SLDPRT
				/*	5:location	*/	0.0	-1.0	4.93038E-32	0.0	1.0	0.0	4.93038E-32	0.0	-4.93038E-32	0.0	1.0	0.0	-0.0111497	0.0790441	0.143	1.0
				/*	5:child_number	*/	0
				/*	5:name	*/	七片3.0米端构架上的钢枕及一号U型螺栓-1/七片三角上的一个钢枕及一号U型螺栓-10/一号U型螺栓单元-13/螺母-1
				/*	5:type	*/	基本杆件\螺母.SLDPRT
				/*	5:location	*/	1.0	0.0	4.93038E-32	0.0	0.0	1.0	-4.93038E-32	0.0	-4.93038E-32	0.0	1.0	0.0	0.0188503	0.0490441	0.159	1.0
				/*	5:child_number	*/	0
				/*	5:name	*/	七片3.0米端构架上的钢枕及一号U型螺栓-1/七片三角上的一个钢枕及一号U型螺栓-10/一号U型螺栓单元-13/螺母-2
				/*	5:type	*/	基本杆件\螺母.SLDPRT
				/*	5:location	*/	1.0	0.0	4.93038E-32	0.0	0.0	1.0	-4.93038E-32	0.0	-4.93038E-32	0.0	1.0	0.0	0.0188503	-0.108956	0.159	1.0
				/*	5:child_number	*/	0
			/*	4:name	*/	七片3.0米端构架上的钢枕及一号U型螺栓-1/七片三角上的一个钢枕及一号U型螺栓-10/一号U型螺栓单元-14
			/*	4:type	*/	U型螺栓单元\一号U型螺栓单元.SLDASM
			/*	4:location	*/	0.696203	-2.32866E-16	-0.717845	0.0	-0.717845	-2.84904E-16	-0.696203	0.0	1.07837E-16	1.0	-4.24493E-16	0.0	-0.0888371	1.55713	-0.164824	1.0
			/*	4:child_number	*/	4
				/*	5:name	*/	七片3.0米端构架上的钢枕及一号U型螺栓-1/七片三角上的一个钢枕及一号U型螺栓-10/一号U型螺栓单元-14/一号U型螺栓-1
				/*	5:type	*/	基本杆件\一号U型螺栓.SLDPRT
				/*	5:location	*/	1.0	0.0	0.0	0.0	0.0	1.0	-4.93038E-32	0.0	4.93038E-32	0.0	1.0	0.0	0.0188503	-0.108956	-0.188	1.0
				/*	5:child_number	*/	0
				/*	5:name	*/	七片3.0米端构架上的钢枕及一号U型螺栓-1/七片三角上的一个钢枕及一号U型螺栓-10/一号U型螺栓单元-14/一号U型螺栓垫片-1
				/*	5:type	*/	基本杆件\一号U型螺栓垫片.SLDPRT
				/*	5:location	*/	0.0	-1.0	9.86076E-32	0.0	1.0	0.0	0.0	0.0	4.93038E-32	0.0	1.0	0.0	-0.0111497	0.0790441	0.143	1.0
				/*	5:child_number	*/	0
				/*	5:name	*/	七片3.0米端构架上的钢枕及一号U型螺栓-1/七片三角上的一个钢枕及一号U型螺栓-10/一号U型螺栓单元-14/螺母-1
				/*	5:type	*/	基本杆件\螺母.SLDPRT
				/*	5:location	*/	1.0	0.0	0.0	0.0	0.0	1.0	-4.93038E-32	0.0	4.93038E-32	0.0	1.0	0.0	0.0188503	0.0490441	0.159	1.0
				/*	5:child_number	*/	0
				/*	5:name	*/	七片3.0米端构架上的钢枕及一号U型螺栓-1/七片三角上的一个钢枕及一号U型螺栓-10/一号U型螺栓单元-14/螺母-2
				/*	5:type	*/	基本杆件\螺母.SLDPRT
				/*	5:location	*/	1.0	0.0	0.0	0.0	0.0	1.0	-4.93038E-32	0.0	4.93038E-32	0.0	1.0	0.0	0.0188503	-0.108956	0.159	1.0
				/*	5:child_number	*/	0
			/*	4:name	*/	七片3.0米端构架上的钢枕及一号U型螺栓-1/七片三角上的一个钢枕及一号U型螺栓-10/一号U型螺栓单元-15
			/*	4:type	*/	U型螺栓单元\一号U型螺栓单元.SLDASM
			/*	4:location	*/	0.696203	-8.75417E-17	0.717845	0.0	0.717845	1.74971E-16	-0.696203	0.0	-6.46554E-17	1.0	1.84657E-16	0.0	-0.47441	1.55713	-0.191887	1.0
			/*	4:child_number	*/	4
				/*	5:name	*/	七片3.0米端构架上的钢枕及一号U型螺栓-1/七片三角上的一个钢枕及一号U型螺栓-10/一号U型螺栓单元-15/一号U型螺栓-1
				/*	5:type	*/	基本杆件\一号U型螺栓.SLDPRT
				/*	5:location	*/	1.0	1.11022E-16	0.0	0.0	0.0	1.0	0.0	0.0	2.46519E-32	2.46519E-32	1.0	0.0	0.0188503	-0.108956	-0.188	1.0
				/*	5:child_number	*/	0
				/*	5:name	*/	七片3.0米端构架上的钢枕及一号U型螺栓-1/七片三角上的一个钢枕及一号U型螺栓-10/一号U型螺栓单元-15/一号U型螺栓垫片-1
				/*	5:type	*/	基本杆件\一号U型螺栓垫片.SLDPRT
				/*	5:location	*/	0.0	-1.0	0.0	0.0	1.0	1.11022E-16	0.0	0.0	2.46519E-32	2.46519E-32	1.0	0.0	-0.0111497	0.0790441	0.143	1.0
				/*	5:child_number	*/	0
				/*	5:name	*/	七片3.0米端构架上的钢枕及一号U型螺栓-1/七片三角上的一个钢枕及一号U型螺栓-10/一号U型螺栓单元-15/螺母-1
				/*	5:type	*/	基本杆件\螺母.SLDPRT
				/*	5:location	*/	1.0	1.11022E-16	0.0	0.0	0.0	1.0	0.0	0.0	2.46519E-32	2.46519E-32	1.0	0.0	0.0188503	0.0490441	0.159	1.0
				/*	5:child_number	*/	0
				/*	5:name	*/	七片3.0米端构架上的钢枕及一号U型螺栓-1/七片三角上的一个钢枕及一号U型螺栓-10/一号U型螺栓单元-15/螺母-2
				/*	5:type	*/	基本杆件\螺母.SLDPRT
				/*	5:location	*/	1.0	1.11022E-16	0.0	0.0	0.0	1.0	0.0	0.0	2.46519E-32	2.46519E-32	1.0	0.0	0.0188503	-0.108956	0.159	1.0
				/*	5:child_number	*/	0
			/*	4:name	*/	七片3.0米端构架上的钢枕及一号U型螺栓-1/七片三角上的一个钢枕及一号U型螺栓-10/一号U型螺栓单元-16
			/*	4:type	*/	U型螺栓单元\一号U型螺栓单元.SLDASM
			/*	4:location	*/	0.696203	4.57226E-16	0.717845	0.0	0.717845	-4.45705E-16	-0.696203	0.0	1.62506E-18	1.0	-6.38518E-16	0.0	0.55417	1.55713	-0.191887	1.0
			/*	4:child_number	*/	4
				/*	5:name	*/	七片3.0米端构架上的钢枕及一号U型螺栓-1/七片三角上的一个钢枕及一号U型螺栓-10/一号U型螺栓单元-16/一号U型螺栓-1
				/*	5:type	*/	基本杆件\一号U型螺栓.SLDPRT
				/*	5:location	*/	1.0	0.0	-4.93038E-32	0.0	-5.55112E-17	1.0	-1.97215E-31	0.0	4.93038E-32	1.47911E-31	1.0	0.0	0.0188503	-0.108956	-0.188	1.0
				/*	5:child_number	*/	0
				/*	5:name	*/	七片3.0米端构架上的钢枕及一号U型螺栓-1/七片三角上的一个钢枕及一号U型螺栓-10/一号U型螺栓单元-16/一号U型螺栓垫片-1
				/*	5:type	*/	基本杆件\一号U型螺栓垫片.SLDPRT
				/*	5:location	*/	5.55112E-17	-1.0	1.97215E-31	0.0	1.0	0.0	0.0	0.0	4.93038E-32	1.47911E-31	1.0	0.0	-0.0111497	0.0790441	0.143	1.0
				/*	5:child_number	*/	0
				/*	5:name	*/	七片3.0米端构架上的钢枕及一号U型螺栓-1/七片三角上的一个钢枕及一号U型螺栓-10/一号U型螺栓单元-16/螺母-1
				/*	5:type	*/	基本杆件\螺母.SLDPRT
				/*	5:location	*/	1.0	0.0	-4.93038E-32	0.0	-5.55112E-17	1.0	-1.97215E-31	0.0	4.93038E-32	1.47911E-31	1.0	0.0	0.0188503	0.0490441	0.159	1.0
				/*	5:child_number	*/	0
				/*	5:name	*/	七片3.0米端构架上的钢枕及一号U型螺栓-1/七片三角上的一个钢枕及一号U型螺栓-10/一号U型螺栓单元-16/螺母-2
				/*	5:type	*/	基本杆件\螺母.SLDPRT
				/*	5:location	*/	1.0	0.0	-4.93038E-32	0.0	-5.55112E-17	1.0	-1.97215E-31	0.0	4.93038E-32	1.47911E-31	1.0	0.0	0.0188503	-0.108956	0.159	1.0
				/*	5:child_number	*/	0
			/*	4:name	*/	七片3.0米端构架上的钢枕及一号U型螺栓-1/七片三角上的一个钢枕及一号U型螺栓-10/一号U型螺栓单元-17
			/*	4:type	*/	U型螺栓单元\一号U型螺栓单元.SLDASM
			/*	4:location	*/	0.696203	1.91926E-16	0.717845	0.0	0.717845	-1.45428E-16	-0.696203	0.0	-2.92251E-17	1.0	-2.39021E-16	0.0	1.75417	1.55713	-0.191887	1.0
			/*	4:child_number	*/	4
				/*	5:name	*/	七片3.0米端构架上的钢枕及一号U型螺栓-1/七片三角上的一个钢枕及一号U型螺栓-10/一号U型螺栓单元-17/一号U型螺栓-1
				/*	5:type	*/	基本杆件\一号U型螺栓.SLDPRT
				/*	5:location	*/	1.0	0.0	0.0	0.0	1.11022E-16	1.0	0.0	0.0	4.93038E-32	2.46519E-32	1.0	0.0	0.0188503	-0.108956	-0.188	1.0
				/*	5:child_number	*/	0
				/*	5:name	*/	七片3.0米端构架上的钢枕及一号U型螺栓-1/七片三角上的一个钢枕及一号U型螺栓-10/一号U型螺栓单元-17/一号U型螺栓垫片-1
				/*	5:type	*/	基本杆件\一号U型螺栓垫片.SLDPRT
				/*	5:location	*/	-1.11022E-16	-1.0	0.0	0.0	1.0	0.0	4.93038E-32	0.0	4.93038E-32	2.46519E-32	1.0	0.0	-0.0111497	0.0790441	0.143	1.0
				/*	5:child_number	*/	0
				/*	5:name	*/	七片3.0米端构架上的钢枕及一号U型螺栓-1/七片三角上的一个钢枕及一号U型螺栓-10/一号U型螺栓单元-17/螺母-1
				/*	5:type	*/	基本杆件\螺母.SLDPRT
				/*	5:location	*/	1.0	0.0	0.0	0.0	1.11022E-16	1.0	0.0	0.0	4.93038E-32	2.46519E-32	1.0	0.0	0.0188503	0.0490441	0.159	1.0
				/*	5:child_number	*/	0
				/*	5:name	*/	七片3.0米端构架上的钢枕及一号U型螺栓-1/七片三角上的一个钢枕及一号U型螺栓-10/一号U型螺栓单元-17/螺母-2
				/*	5:type	*/	基本杆件\螺母.SLDPRT
				/*	5:location	*/	1.0	0.0	0.0	0.0	1.11022E-16	1.0	0.0	0.0	4.93038E-32	2.46519E-32	1.0	0.0	0.0188503	-0.108956	0.159	1.0
				/*	5:child_number	*/	0
			/*	4:name	*/	七片3.0米端构架上的钢枕及一号U型螺栓-1/七片三角上的一个钢枕及一号U型螺栓-10/一号U型螺栓单元-18
			/*	4:type	*/	U型螺栓单元\一号U型螺栓单元.SLDASM
			/*	4:location	*/	0.696203	2.24752E-16	0.717845	0.0	0.717845	-1.52594E-16	-0.696203	0.0	-4.69339E-17	1.0	-2.67573E-16	0.0	2.95417	1.55713	-0.191887	1.0
			/*	4:child_number	*/	4
				/*	5:name	*/	七片3.0米端构架上的钢枕及一号U型螺栓-1/七片三角上的一个钢枕及一号U型螺栓-10/一号U型螺栓单元-18/一号U型螺栓-1
				/*	5:type	*/	基本杆件\一号U型螺栓.SLDPRT
				/*	5:location	*/	1.0	5.55112E-17	-4.93038E-32	0.0	-1.11022E-16	1.0	0.0	0.0	-2.46519E-32	0.0	1.0	0.0	0.0188503	-0.108956	-0.188	1.0
				/*	5:child_number	*/	0
				/*	5:name	*/	七片3.0米端构架上的钢枕及一号U型螺栓-1/七片三角上的一个钢枕及一号U型螺栓-10/一号U型螺栓单元-18/一号U型螺栓垫片-1
				/*	5:type	*/	基本杆件\一号U型螺栓垫片.SLDPRT
				/*	5:location	*/	1.11022E-16	-1.0	0.0	0.0	1.0	5.55112E-17	0.0	0.0	-2.46519E-32	0.0	1.0	0.0	-0.0111497	0.0790441	0.143	1.0
				/*	5:child_number	*/	0
				/*	5:name	*/	七片3.0米端构架上的钢枕及一号U型螺栓-1/七片三角上的一个钢枕及一号U型螺栓-10/一号U型螺栓单元-18/螺母-1
				/*	5:type	*/	基本杆件\螺母.SLDPRT
				/*	5:location	*/	1.0	5.55112E-17	-4.93038E-32	0.0	-1.11022E-16	1.0	0.0	0.0	-2.46519E-32	0.0	1.0	0.0	0.0188503	0.0490441	0.159	1.0
				/*	5:child_number	*/	0
				/*	5:name	*/	七片3.0米端构架上的钢枕及一号U型螺栓-1/七片三角上的一个钢枕及一号U型螺栓-10/一号U型螺栓单元-18/螺母-2
				/*	5:type	*/	基本杆件\螺母.SLDPRT
				/*	5:location	*/	1.0	5.55112E-17	-4.93038E-32	0.0	-1.11022E-16	1.0	0.0	0.0	-2.46519E-32	0.0	1.0	0.0	0.0188503	-0.108956	0.159	1.0
				/*	5:child_number	*/	0
			/*	4:name	*/	七片3.0米端构架上的钢枕及一号U型螺栓-1/七片三角上的一个钢枕及一号U型螺栓-10/一号U型螺栓单元-19
			/*	4:type	*/	U型螺栓单元\一号U型螺栓单元.SLDASM
			/*	4:location	*/	0.696203	1.63862E-16	0.717845	0.0	0.717845	-4.04955E-17	-0.696203	0.0	-8.50117E-17	1.0	-1.45821E-16	0.0	3.12559	1.55713	-0.191887	1.0
			/*	4:child_number	*/	4
				/*	5:name	*/	七片3.0米端构架上的钢枕及一号U型螺栓-1/七片三角上的一个钢枕及一号U型螺栓-10/一号U型螺栓单元-19/一号U型螺栓-1
				/*	5:type	*/	基本杆件\一号U型螺栓.SLDPRT
				/*	5:location	*/	1.0	-5.55112E-17	0.0	0.0	-5.55112E-17	1.0	0.0	0.0	-2.46519E-32	2.46519E-32	1.0	0.0	0.0188503	-0.108956	-0.188	1.0
				/*	5:child_number	*/	0
				/*	5:name	*/	七片3.0米端构架上的钢枕及一号U型螺栓-1/七片三角上的一个钢枕及一号U型螺栓-10/一号U型螺栓单元-19/一号U型螺栓垫片-1
				/*	5:type	*/	基本杆件\一号U型螺栓垫片.SLDPRT
				/*	5:location	*/	5.55112E-17	-1.0	0.0	0.0	1.0	-5.55112E-17	0.0	0.0	-2.46519E-32	2.46519E-32	1.0	0.0	-0.0111497	0.0790441	0.143	1.0
				/*	5:child_number	*/	0
				/*	5:name	*/	七片3.0米端构架上的钢枕及一号U型螺栓-1/七片三角上的一个钢枕及一号U型螺栓-10/一号U型螺栓单元-19/螺母-1
				/*	5:type	*/	基本杆件\螺母.SLDPRT
				/*	5:location	*/	1.0	-5.55112E-17	0.0	0.0	-5.55112E-17	1.0	0.0	0.0	-2.46519E-32	2.46519E-32	1.0	0.0	0.0188503	0.0490441	0.159	1.0
				/*	5:child_number	*/	0
				/*	5:name	*/	七片3.0米端构架上的钢枕及一号U型螺栓-1/七片三角上的一个钢枕及一号U型螺栓-10/一号U型螺栓单元-19/螺母-2
				/*	5:type	*/	基本杆件\螺母.SLDPRT
				/*	5:location	*/	1.0	-5.55112E-17	0.0	0.0	-5.55112E-17	1.0	0.0	0.0	-2.46519E-32	2.46519E-32	1.0	0.0	0.0188503	-0.108956	0.159	1.0
				/*	5:child_number	*/	0
			/*	4:name	*/	七片3.0米端构架上的钢枕及一号U型螺栓-1/七片三角上的一个钢枕及一号U型螺栓-10/钢枕-1
			/*	4:type	*/	基本杆件\钢枕.SLDPRT
			/*	4:location	*/	1.41471E-16	3.46945E-18	1.0	0.0	-3.19667E-16	1.0	-6.245E-17	0.0	-1.0	-4.69898E-16	3.82899E-17	0.0	3.6815	1.54013	-0.2015	1.0
			/*	4:child_number	*/	0
		/*	3:name	*/	七片3.0米端构架上的钢枕及一号U型螺栓-1/七片三角上的一个钢枕及一号U型螺栓-11
		/*	3:type	*/	钢枕单元\七片三角上的一个钢枕及一号U型螺栓.SLDASM
		/*	3:location	*/	-5.55112E-17	2.71484E-16	1.0	0.0	0.0133211	0.999911	-3.73833E-16	0.0	-0.999911	0.0133211	-5.55112E-17	0.0	6.14054	-0.079701	-2.84952	1.0
		/*	3:child_number	*/	11
			/*	4:name	*/	七片3.0米端构架上的钢枕及一号U型螺栓-1/七片三角上的一个钢枕及一号U型螺栓-11/一号U型螺栓单元-10
			/*	4:type	*/	U型螺栓单元\一号U型螺栓单元.SLDASM
			/*	4:location	*/	0.696203	-1.66192E-16	-0.717845	0.0	-0.717845	-2.0424E-16	-0.696203	0.0	-3.09096E-17	1.0	-2.61492E-16	0.0	3.51116	1.55713	-0.164824	1.0
			/*	4:child_number	*/	4
				/*	5:name	*/	七片3.0米端构架上的钢枕及一号U型螺栓-1/七片三角上的一个钢枕及一号U型螺栓-11/一号U型螺栓单元-10/一号U型螺栓-1
				/*	5:type	*/	基本杆件\一号U型螺栓.SLDPRT
				/*	5:location	*/	1.0	-5.55112E-17	0.0	0.0	0.0	1.0	4.93038E-32	0.0	2.46519E-32	0.0	1.0	0.0	0.0188503	-0.108956	-0.188	1.0
				/*	5:child_number	*/	0
				/*	5:name	*/	七片3.0米端构架上的钢枕及一号U型螺栓-1/七片三角上的一个钢枕及一号U型螺栓-11/一号U型螺栓单元-10/一号U型螺栓垫片-1
				/*	5:type	*/	基本杆件\一号U型螺栓垫片.SLDPRT
				/*	5:location	*/	0.0	-1.0	0.0	0.0	1.0	-5.55112E-17	0.0	0.0	2.46519E-32	0.0	1.0	0.0	-0.0111497	0.0790441	0.143	1.0
				/*	5:child_number	*/	0
				/*	5:name	*/	七片3.0米端构架上的钢枕及一号U型螺栓-1/七片三角上的一个钢枕及一号U型螺栓-11/一号U型螺栓单元-10/螺母-1
				/*	5:type	*/	基本杆件\螺母.SLDPRT
				/*	5:location	*/	1.0	-5.55112E-17	0.0	0.0	0.0	1.0	4.93038E-32	0.0	2.46519E-32	0.0	1.0	0.0	0.0188503	0.0490441	0.159	1.0
				/*	5:child_number	*/	0
				/*	5:name	*/	七片3.0米端构架上的钢枕及一号U型螺栓-1/七片三角上的一个钢枕及一号U型螺栓-11/一号U型螺栓单元-10/螺母-2
				/*	5:type	*/	基本杆件\螺母.SLDPRT
				/*	5:location	*/	1.0	-5.55112E-17	0.0	0.0	0.0	1.0	4.93038E-32	0.0	2.46519E-32	0.0	1.0	0.0	0.0188503	-0.108956	0.159	1.0
				/*	5:child_number	*/	0
			/*	4:name	*/	七片3.0米端构架上的钢枕及一号U型螺栓-1/七片三角上的一个钢枕及一号U型螺栓-11/一号U型螺栓单元-11
			/*	4:type	*/	U型螺栓单元\一号U型螺栓单元.SLDASM
			/*	4:location	*/	0.696203	-1.75004E-16	-0.717845	0.0	-0.717845	-2.6696E-16	-0.696203	0.0	1.83546E-16	1.0	-3.3924E-16	0.0	2.48258	1.55713	-0.164824	1.0
			/*	4:child_number	*/	4
				/*	5:name	*/	七片3.0米端构架上的钢枕及一号U型螺栓-1/七片三角上的一个钢枕及一号U型螺栓-11/一号U型螺栓单元-11/一号U型螺栓-1
				/*	5:type	*/	基本杆件\一号U型螺栓.SLDPRT
				/*	5:location	*/	1.0	-5.55112E-17	4.93038E-32	0.0	-5.55112E-17	1.0	0.0	0.0	0.0	-4.93038E-32	1.0	0.0	0.0188503	-0.108956	-0.188	1.0
				/*	5:child_number	*/	0
				/*	5:name	*/	七片3.0米端构架上的钢枕及一号U型螺栓-1/七片三角上的一个钢枕及一号U型螺栓-11/一号U型螺栓单元-11/一号U型螺栓垫片-1
				/*	5:type	*/	基本杆件\一号U型螺栓垫片.SLDPRT
				/*	5:location	*/	5.55112E-17	-1.0	4.93038E-32	0.0	1.0	-5.55112E-17	4.93038E-32	0.0	0.0	-4.93038E-32	1.0	0.0	-0.0111497	0.0790441	0.143	1.0
				/*	5:child_number	*/	0
				/*	5:name	*/	七片3.0米端构架上的钢枕及一号U型螺栓-1/七片三角上的一个钢枕及一号U型螺栓-11/一号U型螺栓单元-11/螺母-1
				/*	5:type	*/	基本杆件\螺母.SLDPRT
				/*	5:location	*/	1.0	-5.55112E-17	4.93038E-32	0.0	-5.55112E-17	1.0	0.0	0.0	0.0	-4.93038E-32	1.0	0.0	0.0188503	0.0490441	0.159	1.0
				/*	5:child_number	*/	0
				/*	5:name	*/	七片3.0米端构架上的钢枕及一号U型螺栓-1/七片三角上的一个钢枕及一号U型螺栓-11/一号U型螺栓单元-11/螺母-2
				/*	5:type	*/	基本杆件\螺母.SLDPRT
				/*	5:location	*/	1.0	-5.55112E-17	4.93038E-32	0.0	-5.55112E-17	1.0	0.0	0.0	0.0	-4.93038E-32	1.0	0.0	0.0188503	-0.108956	0.159	1.0
				/*	5:child_number	*/	0
			/*	4:name	*/	七片3.0米端构架上的钢枕及一号U型螺栓-1/七片三角上的一个钢枕及一号U型螺栓-11/一号U型螺栓单元-12
			/*	4:type	*/	U型螺栓单元\一号U型螺栓单元.SLDASM
			/*	4:location	*/	0.696203	-1.50471E-16	-0.717845	0.0	-0.717845	-1.81178E-16	-0.696203	0.0	-2.52993E-17	1.0	-2.34151E-16	0.0	1.28258	1.55713	-0.164824	1.0
			/*	4:child_number	*/	4
				/*	5:name	*/	七片3.0米端构架上的钢枕及一号U型螺栓-1/七片三角上的一个钢枕及一号U型螺栓-11/一号U型螺栓单元-12/一号U型螺栓-1
				/*	5:type	*/	基本杆件\一号U型螺栓.SLDPRT
				/*	5:location	*/	1.0	0.0	-4.93038E-32	0.0	-5.55112E-17	1.0	-4.93038E-32	0.0	-2.46519E-32	0.0	1.0	0.0	0.0188503	-0.108956	-0.188	1.0
				/*	5:child_number	*/	0
				/*	5:name	*/	七片3.0米端构架上的钢枕及一号U型螺栓-1/七片三角上的一个钢枕及一号U型螺栓-11/一号U型螺栓单元-12/一号U型螺栓垫片-1
				/*	5:type	*/	基本杆件\一号U型螺栓垫片.SLDPRT
				/*	5:location	*/	5.55112E-17	-1.0	4.93038E-32	0.0	1.0	0.0	-4.93038E-32	0.0	-2.46519E-32	0.0	1.0	0.0	-0.0111497	0.0790441	0.143	1.0
				/*	5:child_number	*/	0
				/*	5:name	*/	七片3.0米端构架上的钢枕及一号U型螺栓-1/七片三角上的一个钢枕及一号U型螺栓-11/一号U型螺栓单元-12/螺母-1
				/*	5:type	*/	基本杆件\螺母.SLDPRT
				/*	5:location	*/	1.0	0.0	-4.93038E-32	0.0	-5.55112E-17	1.0	-4.93038E-32	0.0	-2.46519E-32	0.0	1.0	0.0	0.0188503	0.0490441	0.159	1.0
				/*	5:child_number	*/	0
				/*	5:name	*/	七片3.0米端构架上的钢枕及一号U型螺栓-1/七片三角上的一个钢枕及一号U型螺栓-11/一号U型螺栓单元-12/螺母-2
				/*	5:type	*/	基本杆件\螺母.SLDPRT
				/*	5:location	*/	1.0	0.0	-4.93038E-32	0.0	-5.55112E-17	1.0	-4.93038E-32	0.0	-2.46519E-32	0.0	1.0	0.0	0.0188503	-0.108956	0.159	1.0
				/*	5:child_number	*/	0
			/*	4:name	*/	七片3.0米端构架上的钢枕及一号U型螺栓-1/七片三角上的一个钢枕及一号U型螺栓-11/一号U型螺栓单元-13
			/*	4:type	*/	U型螺栓单元\一号U型螺栓单元.SLDASM
			/*	4:location	*/	0.696203	-2.82215E-16	-0.717845	0.0	-0.717845	-2.26535E-16	-0.696203	0.0	3.38618E-17	1.0	-3.60301E-16	0.0	0.0825825	1.55713	-0.164824	1.0
			/*	4:child_number	*/	4
				/*	5:name	*/	七片3.0米端构架上的钢枕及一号U型螺栓-1/七片三角上的一个钢枕及一号U型螺栓-11/一号U型螺栓单元-13/一号U型螺栓-1
				/*	5:type	*/	基本杆件\一号U型螺栓.SLDPRT
				/*	5:location	*/	1.0	0.0	4.93038E-32	0.0	0.0	1.0	-4.93038E-32	0.0	0.0	0.0	1.0	0.0	0.0188503	-0.108956	-0.188	1.0
				/*	5:child_number	*/	0
				/*	5:name	*/	七片3.0米端构架上的钢枕及一号U型螺栓-1/七片三角上的一个钢枕及一号U型螺栓-11/一号U型螺栓单元-13/一号U型螺栓垫片-1
				/*	5:type	*/	基本杆件\一号U型螺栓垫片.SLDPRT
				/*	5:location	*/	0.0	-1.0	9.86076E-32	0.0	1.0	0.0	4.93038E-32	0.0	0.0	0.0	1.0	0.0	-0.0111497	0.0790441	0.143	1.0
				/*	5:child_number	*/	0
				/*	5:name	*/	七片3.0米端构架上的钢枕及一号U型螺栓-1/七片三角上的一个钢枕及一号U型螺栓-11/一号U型螺栓单元-13/螺母-1
				/*	5:type	*/	基本杆件\螺母.SLDPRT
				/*	5:location	*/	1.0	0.0	4.93038E-32	0.0	0.0	1.0	-4.93038E-32	0.0	0.0	0.0	1.0	0.0	0.0188503	0.0490441	0.159	1.0
				/*	5:child_number	*/	0
				/*	5:name	*/	七片3.0米端构架上的钢枕及一号U型螺栓-1/七片三角上的一个钢枕及一号U型螺栓-11/一号U型螺栓单元-13/螺母-2
				/*	5:type	*/	基本杆件\螺母.SLDPRT
				/*	5:location	*/	1.0	0.0	4.93038E-32	0.0	0.0	1.0	-4.93038E-32	0.0	0.0	0.0	1.0	0.0	0.0188503	-0.108956	0.159	1.0
				/*	5:child_number	*/	0
			/*	4:name	*/	七片3.0米端构架上的钢枕及一号U型螺栓-1/七片三角上的一个钢枕及一号U型螺栓-11/一号U型螺栓单元-14
			/*	4:type	*/	U型螺栓单元\一号U型螺栓单元.SLDASM
			/*	4:location	*/	0.696203	-2.32866E-16	-0.717845	0.0	-0.717845	-2.84904E-16	-0.696203	0.0	2.10949E-16	1.0	-3.93268E-16	0.0	-0.0888371	1.55713	-0.164824	1.0
			/*	4:child_number	*/	4
				/*	5:name	*/	七片3.0米端构架上的钢枕及一号U型螺栓-1/七片三角上的一个钢枕及一号U型螺栓-11/一号U型螺栓单元-14/一号U型螺栓-1
				/*	5:type	*/	基本杆件\一号U型螺栓.SLDPRT
				/*	5:location	*/	1.0	-5.55112E-17	4.93038E-32	0.0	0.0	1.0	-4.93038E-32	0.0	0.0	0.0	1.0	0.0	0.0188503	-0.108956	-0.188	1.0
				/*	5:child_number	*/	0
				/*	5:name	*/	七片3.0米端构架上的钢枕及一号U型螺栓-1/七片三角上的一个钢枕及一号U型螺栓-11/一号U型螺栓单元-14/一号U型螺栓垫片-1
				/*	5:type	*/	基本杆件\一号U型螺栓垫片.SLDPRT
				/*	5:location	*/	0.0	-1.0	4.93038E-32	0.0	1.0	-5.55112E-17	4.93038E-32	0.0	0.0	0.0	1.0	0.0	-0.0111497	0.0790441	0.143	1.0
				/*	5:child_number	*/	0
				/*	5:name	*/	七片3.0米端构架上的钢枕及一号U型螺栓-1/七片三角上的一个钢枕及一号U型螺栓-11/一号U型螺栓单元-14/螺母-1
				/*	5:type	*/	基本杆件\螺母.SLDPRT
				/*	5:location	*/	1.0	-5.55112E-17	4.93038E-32	0.0	0.0	1.0	-4.93038E-32	0.0	0.0	0.0	1.0	0.0	0.0188503	0.0490441	0.159	1.0
				/*	5:child_number	*/	0
				/*	5:name	*/	七片3.0米端构架上的钢枕及一号U型螺栓-1/七片三角上的一个钢枕及一号U型螺栓-11/一号U型螺栓单元-14/螺母-2
				/*	5:type	*/	基本杆件\螺母.SLDPRT
				/*	5:location	*/	1.0	-5.55112E-17	4.93038E-32	0.0	0.0	1.0	-4.93038E-32	0.0	0.0	0.0	1.0	0.0	0.0188503	-0.108956	0.159	1.0
				/*	5:child_number	*/	0
			/*	4:name	*/	七片3.0米端构架上的钢枕及一号U型螺栓-1/七片三角上的一个钢枕及一号U型螺栓-11/一号U型螺栓单元-15
			/*	4:type	*/	U型螺栓单元\一号U型螺栓单元.SLDASM
			/*	4:location	*/	0.696203	-8.75417E-17	0.717845	0.0	0.717845	1.74971E-16	-0.696203	0.0	-6.46554E-17	1.0	1.84657E-16	0.0	-0.47441	1.55713	-0.191887	1.0
			/*	4:child_number	*/	4
				/*	5:name	*/	七片3.0米端构架上的钢枕及一号U型螺栓-1/七片三角上的一个钢枕及一号U型螺栓-11/一号U型螺栓单元-15/一号U型螺栓-1
				/*	5:type	*/	基本杆件\一号U型螺栓.SLDPRT
				/*	5:location	*/	1.0	0.0	0.0	0.0	0.0	1.0	0.0	0.0	3.69779E-32	0.0	1.0	0.0	0.0188503	-0.108956	-0.188	1.0
				/*	5:child_number	*/	0
				/*	5:name	*/	七片3.0米端构架上的钢枕及一号U型螺栓-1/七片三角上的一个钢枕及一号U型螺栓-11/一号U型螺栓单元-15/一号U型螺栓垫片-1
				/*	5:type	*/	基本杆件\一号U型螺栓垫片.SLDPRT
				/*	5:location	*/	0.0	-1.0	0.0	0.0	1.0	0.0	0.0	0.0	3.69779E-32	0.0	1.0	0.0	-0.0111497	0.0790441	0.143	1.0
				/*	5:child_number	*/	0
				/*	5:name	*/	七片3.0米端构架上的钢枕及一号U型螺栓-1/七片三角上的一个钢枕及一号U型螺栓-11/一号U型螺栓单元-15/螺母-1
				/*	5:type	*/	基本杆件\螺母.SLDPRT
				/*	5:location	*/	1.0	0.0	0.0	0.0	0.0	1.0	0.0	0.0	3.69779E-32	0.0	1.0	0.0	0.0188503	0.0490441	0.159	1.0
				/*	5:child_number	*/	0
				/*	5:name	*/	七片3.0米端构架上的钢枕及一号U型螺栓-1/七片三角上的一个钢枕及一号U型螺栓-11/一号U型螺栓单元-15/螺母-2
				/*	5:type	*/	基本杆件\螺母.SLDPRT
				/*	5:location	*/	1.0	0.0	0.0	0.0	0.0	1.0	0.0	0.0	3.69779E-32	0.0	1.0	0.0	0.0188503	-0.108956	0.159	1.0
				/*	5:child_number	*/	0
			/*	4:name	*/	七片3.0米端构架上的钢枕及一号U型螺栓-1/七片三角上的一个钢枕及一号U型螺栓-11/一号U型螺栓单元-16
			/*	4:type	*/	U型螺栓单元\一号U型螺栓单元.SLDASM
			/*	4:location	*/	0.696203	4.57226E-16	0.717845	0.0	0.717845	-4.45705E-16	-0.696203	0.0	2.54969E-16	1.0	-6.66274E-16	0.0	0.55417	1.55713	-0.191887	1.0
			/*	4:child_number	*/	4
				/*	5:name	*/	七片3.0米端构架上的钢枕及一号U型螺栓-1/七片三角上的一个钢枕及一号U型螺栓-11/一号U型螺栓单元-16/一号U型螺栓-1
				/*	5:type	*/	基本杆件\一号U型螺栓.SLDPRT
				/*	5:location	*/	1.0	0.0	-4.93038E-32	0.0	1.11022E-16	1.0	9.86076E-32	0.0	-4.93038E-32	4.93038E-32	1.0	0.0	0.0188503	-0.108956	-0.188	1.0
				/*	5:child_number	*/	0
				/*	5:name	*/	七片3.0米端构架上的钢枕及一号U型螺栓-1/七片三角上的一个钢枕及一号U型螺栓-11/一号U型螺栓单元-16/一号U型螺栓垫片-1
				/*	5:type	*/	基本杆件\一号U型螺栓垫片.SLDPRT
				/*	5:location	*/	-1.11022E-16	-1.0	-9.86076E-32	0.0	1.0	0.0	0.0	0.0	-4.93038E-32	4.93038E-32	1.0	0.0	-0.0111497	0.0790441	0.143	1.0
				/*	5:child_number	*/	0
				/*	5:name	*/	七片3.0米端构架上的钢枕及一号U型螺栓-1/七片三角上的一个钢枕及一号U型螺栓-11/一号U型螺栓单元-16/螺母-1
				/*	5:type	*/	基本杆件\螺母.SLDPRT
				/*	5:location	*/	1.0	0.0	-4.93038E-32	0.0	1.11022E-16	1.0	9.86076E-32	0.0	-4.93038E-32	4.93038E-32	1.0	0.0	0.0188503	0.0490441	0.159	1.0
				/*	5:child_number	*/	0
				/*	5:name	*/	七片3.0米端构架上的钢枕及一号U型螺栓-1/七片三角上的一个钢枕及一号U型螺栓-11/一号U型螺栓单元-16/螺母-2
				/*	5:type	*/	基本杆件\螺母.SLDPRT
				/*	5:location	*/	1.0	0.0	-4.93038E-32	0.0	1.11022E-16	1.0	9.86076E-32	0.0	-4.93038E-32	4.93038E-32	1.0	0.0	0.0188503	-0.108956	0.159	1.0
				/*	5:child_number	*/	0
			/*	4:name	*/	七片3.0米端构架上的钢枕及一号U型螺栓-1/七片三角上的一个钢枕及一号U型螺栓-11/一号U型螺栓单元-17
			/*	4:type	*/	U型螺栓单元\一号U型螺栓单元.SLDASM
			/*	4:location	*/	0.696203	1.91926E-16	0.717845	0.0	0.717845	-1.45428E-16	-0.696203	0.0	-2.92251E-17	1.0	-2.39021E-16	0.0	1.75417	1.55713	-0.191887	1.0
			/*	4:child_number	*/	4
				/*	5:name	*/	七片3.0米端构架上的钢枕及一号U型螺栓-1/七片三角上的一个钢枕及一号U型螺栓-11/一号U型螺栓单元-17/一号U型螺栓-1
				/*	5:type	*/	基本杆件\一号U型螺栓.SLDPRT
				/*	5:location	*/	1.0	0.0	0.0	0.0	1.11022E-16	1.0	0.0	0.0	2.46519E-32	2.46519E-32	1.0	0.0	0.0188503	-0.108956	-0.188	1.0
				/*	5:child_number	*/	0
				/*	5:name	*/	七片3.0米端构架上的钢枕及一号U型螺栓-1/七片三角上的一个钢枕及一号U型螺栓-11/一号U型螺栓单元-17/一号U型螺栓垫片-1
				/*	5:type	*/	基本杆件\一号U型螺栓垫片.SLDPRT
				/*	5:location	*/	-1.11022E-16	-1.0	0.0	0.0	1.0	0.0	0.0	0.0	2.46519E-32	2.46519E-32	1.0	0.0	-0.0111497	0.0790441	0.143	1.0
				/*	5:child_number	*/	0
				/*	5:name	*/	七片3.0米端构架上的钢枕及一号U型螺栓-1/七片三角上的一个钢枕及一号U型螺栓-11/一号U型螺栓单元-17/螺母-1
				/*	5:type	*/	基本杆件\螺母.SLDPRT
				/*	5:location	*/	1.0	0.0	0.0	0.0	1.11022E-16	1.0	0.0	0.0	2.46519E-32	2.46519E-32	1.0	0.0	0.0188503	0.0490441	0.159	1.0
				/*	5:child_number	*/	0
				/*	5:name	*/	七片3.0米端构架上的钢枕及一号U型螺栓-1/七片三角上的一个钢枕及一号U型螺栓-11/一号U型螺栓单元-17/螺母-2
				/*	5:type	*/	基本杆件\螺母.SLDPRT
				/*	5:location	*/	1.0	0.0	0.0	0.0	1.11022E-16	1.0	0.0	0.0	2.46519E-32	2.46519E-32	1.0	0.0	0.0188503	-0.108956	0.159	1.0
				/*	5:child_number	*/	0
			/*	4:name	*/	七片3.0米端构架上的钢枕及一号U型螺栓-1/七片三角上的一个钢枕及一号U型螺栓-11/一号U型螺栓单元-18
			/*	4:type	*/	U型螺栓单元\一号U型螺栓单元.SLDASM
			/*	4:location	*/	0.696203	2.24752E-16	0.717845	0.0	0.717845	-1.52594E-16	-0.696203	0.0	-4.69339E-17	1.0	-2.67573E-16	0.0	2.95417	1.55713	-0.191887	1.0
			/*	4:child_number	*/	4
				/*	5:name	*/	七片3.0米端构架上的钢枕及一号U型螺栓-1/七片三角上的一个钢枕及一号U型螺栓-11/一号U型螺栓单元-18/一号U型螺栓-1
				/*	5:type	*/	基本杆件\一号U型螺栓.SLDPRT
				/*	5:location	*/	1.0	0.0	0.0	0.0	0.0	1.0	4.93038E-32	0.0	0.0	0.0	1.0	0.0	0.0188503	-0.108956	-0.188	1.0
				/*	5:child_number	*/	0
				/*	5:name	*/	七片3.0米端构架上的钢枕及一号U型螺栓-1/七片三角上的一个钢枕及一号U型螺栓-11/一号U型螺栓单元-18/一号U型螺栓垫片-1
				/*	5:type	*/	基本杆件\一号U型螺栓垫片.SLDPRT
				/*	5:location	*/	0.0	-1.0	-4.93038E-32	0.0	1.0	0.0	4.93038E-32	0.0	0.0	0.0	1.0	0.0	-0.0111497	0.0790441	0.143	1.0
				/*	5:child_number	*/	0
				/*	5:name	*/	七片3.0米端构架上的钢枕及一号U型螺栓-1/七片三角上的一个钢枕及一号U型螺栓-11/一号U型螺栓单元-18/螺母-1
				/*	5:type	*/	基本杆件\螺母.SLDPRT
				/*	5:location	*/	1.0	0.0	0.0	0.0	0.0	1.0	4.93038E-32	0.0	0.0	0.0	1.0	0.0	0.0188503	0.0490441	0.159	1.0
				/*	5:child_number	*/	0
				/*	5:name	*/	七片3.0米端构架上的钢枕及一号U型螺栓-1/七片三角上的一个钢枕及一号U型螺栓-11/一号U型螺栓单元-18/螺母-2
				/*	5:type	*/	基本杆件\螺母.SLDPRT
				/*	5:location	*/	1.0	0.0	0.0	0.0	0.0	1.0	4.93038E-32	0.0	0.0	0.0	1.0	0.0	0.0188503	-0.108956	0.159	1.0
				/*	5:child_number	*/	0
			/*	4:name	*/	七片3.0米端构架上的钢枕及一号U型螺栓-1/七片三角上的一个钢枕及一号U型螺栓-11/一号U型螺栓单元-19
			/*	4:type	*/	U型螺栓单元\一号U型螺栓单元.SLDASM
			/*	4:location	*/	0.696203	1.63862E-16	0.717845	0.0	0.717845	-4.04955E-17	-0.696203	0.0	-8.50117E-17	1.0	-1.45821E-16	0.0	3.12559	1.55713	-0.191887	1.0
			/*	4:child_number	*/	4
				/*	5:name	*/	七片3.0米端构架上的钢枕及一号U型螺栓-1/七片三角上的一个钢枕及一号U型螺栓-11/一号U型螺栓单元-19/一号U型螺栓-1
				/*	5:type	*/	基本杆件\一号U型螺栓.SLDPRT
				/*	5:location	*/	1.0	0.0	0.0	0.0	0.0	1.0	-4.93038E-32	0.0	1.2326E-32	-1.2326E-32	1.0	0.0	0.0188503	-0.108956	-0.188	1.0
				/*	5:child_number	*/	0
				/*	5:name	*/	七片3.0米端构架上的钢枕及一号U型螺栓-1/七片三角上的一个钢枕及一号U型螺栓-11/一号U型螺栓单元-19/一号U型螺栓垫片-1
				/*	5:type	*/	基本杆件\一号U型螺栓垫片.SLDPRT
				/*	5:location	*/	0.0	-1.0	4.93038E-32	0.0	1.0	0.0	4.93038E-32	0.0	1.2326E-32	-1.2326E-32	1.0	0.0	-0.0111497	0.0790441	0.143	1.0
				/*	5:child_number	*/	0
				/*	5:name	*/	七片3.0米端构架上的钢枕及一号U型螺栓-1/七片三角上的一个钢枕及一号U型螺栓-11/一号U型螺栓单元-19/螺母-1
				/*	5:type	*/	基本杆件\螺母.SLDPRT
				/*	5:location	*/	1.0	0.0	0.0	0.0	0.0	1.0	-4.93038E-32	0.0	1.2326E-32	-1.2326E-32	1.0	0.0	0.0188503	0.0490441	0.159	1.0
				/*	5:child_number	*/	0
				/*	5:name	*/	七片3.0米端构架上的钢枕及一号U型螺栓-1/七片三角上的一个钢枕及一号U型螺栓-11/一号U型螺栓单元-19/螺母-2
				/*	5:type	*/	基本杆件\螺母.SLDPRT
				/*	5:location	*/	1.0	0.0	0.0	0.0	0.0	1.0	-4.93038E-32	0.0	1.2326E-32	-1.2326E-32	1.0	0.0	0.0188503	-0.108956	0.159	1.0
				/*	5:child_number	*/	0
			/*	4:name	*/	七片3.0米端构架上的钢枕及一号U型螺栓-1/七片三角上的一个钢枕及一号U型螺栓-11/钢枕-1
			/*	4:type	*/	基本杆件\钢枕.SLDPRT
			/*	4:location	*/	1.03181E-16	4.33681E-17	1.0	0.0	-2.15116E-16	1.0	-7.11237E-17	0.0	-1.0	-4.6846E-16	3.61154E-18	0.0	3.6815	1.54013	-0.2015	1.0
			/*	4:child_number	*/	0
		/*	3:name	*/	七片3.0米端构架上的钢枕及一号U型螺栓-1/七片三角上的一个钢枕及一号U型螺栓-13
		/*	3:type	*/	钢枕单元\七片三角上的一个钢枕及一号U型螺栓.SLDASM
		/*	3:location	*/	-5.55112E-17	2.71484E-16	1.0	0.0	0.0133211	0.999911	-3.73833E-16	0.0	-0.999911	0.0133211	-5.55112E-17	0.0	6.53363	-0.0849377	-2.84952	1.0
		/*	3:child_number	*/	11
			/*	4:name	*/	七片3.0米端构架上的钢枕及一号U型螺栓-1/七片三角上的一个钢枕及一号U型螺栓-13/一号U型螺栓单元-10
			/*	4:type	*/	U型螺栓单元\一号U型螺栓单元.SLDASM
			/*	4:location	*/	0.696203	-1.66192E-16	-0.717845	0.0	-0.717845	-2.0424E-16	-0.696203	0.0	-3.09096E-17	1.0	-2.61492E-16	0.0	3.51116	1.55713	-0.164824	1.0
			/*	4:child_number	*/	4
				/*	5:name	*/	七片3.0米端构架上的钢枕及一号U型螺栓-1/七片三角上的一个钢枕及一号U型螺栓-13/一号U型螺栓单元-10/一号U型螺栓-1
				/*	5:type	*/	基本杆件\一号U型螺栓.SLDPRT
				/*	5:location	*/	1.0	-5.55112E-17	0.0	0.0	0.0	1.0	4.93038E-32	0.0	2.46519E-32	0.0	1.0	0.0	0.0188503	-0.108956	-0.188	1.0
				/*	5:child_number	*/	0
				/*	5:name	*/	七片3.0米端构架上的钢枕及一号U型螺栓-1/七片三角上的一个钢枕及一号U型螺栓-13/一号U型螺栓单元-10/一号U型螺栓垫片-1
				/*	5:type	*/	基本杆件\一号U型螺栓垫片.SLDPRT
				/*	5:location	*/	0.0	-1.0	0.0	0.0	1.0	-5.55112E-17	0.0	0.0	2.46519E-32	0.0	1.0	0.0	-0.0111497	0.0790441	0.143	1.0
				/*	5:child_number	*/	0
				/*	5:name	*/	七片3.0米端构架上的钢枕及一号U型螺栓-1/七片三角上的一个钢枕及一号U型螺栓-13/一号U型螺栓单元-10/螺母-1
				/*	5:type	*/	基本杆件\螺母.SLDPRT
				/*	5:location	*/	1.0	-5.55112E-17	0.0	0.0	0.0	1.0	4.93038E-32	0.0	2.46519E-32	0.0	1.0	0.0	0.0188503	0.0490441	0.159	1.0
				/*	5:child_number	*/	0
				/*	5:name	*/	七片3.0米端构架上的钢枕及一号U型螺栓-1/七片三角上的一个钢枕及一号U型螺栓-13/一号U型螺栓单元-10/螺母-2
				/*	5:type	*/	基本杆件\螺母.SLDPRT
				/*	5:location	*/	1.0	-5.55112E-17	0.0	0.0	0.0	1.0	4.93038E-32	0.0	2.46519E-32	0.0	1.0	0.0	0.0188503	-0.108956	0.159	1.0
				/*	5:child_number	*/	0
			/*	4:name	*/	七片3.0米端构架上的钢枕及一号U型螺栓-1/七片三角上的一个钢枕及一号U型螺栓-13/一号U型螺栓单元-11
			/*	4:type	*/	U型螺栓单元\一号U型螺栓单元.SLDASM
			/*	4:location	*/	0.696203	-1.75004E-16	-0.717845	0.0	-0.717845	-2.6696E-16	-0.696203	0.0	1.83546E-16	1.0	-3.3924E-16	0.0	2.48258	1.55713	-0.164824	1.0
			/*	4:child_number	*/	4
				/*	5:name	*/	七片3.0米端构架上的钢枕及一号U型螺栓-1/七片三角上的一个钢枕及一号U型螺栓-13/一号U型螺栓单元-11/一号U型螺栓-1
				/*	5:type	*/	基本杆件\一号U型螺栓.SLDPRT
				/*	5:location	*/	1.0	-5.55112E-17	4.93038E-32	0.0	-5.55112E-17	1.0	0.0	0.0	0.0	-4.93038E-32	1.0	0.0	0.0188503	-0.108956	-0.188	1.0
				/*	5:child_number	*/	0
				/*	5:name	*/	七片3.0米端构架上的钢枕及一号U型螺栓-1/七片三角上的一个钢枕及一号U型螺栓-13/一号U型螺栓单元-11/一号U型螺栓垫片-1
				/*	5:type	*/	基本杆件\一号U型螺栓垫片.SLDPRT
				/*	5:location	*/	5.55112E-17	-1.0	4.93038E-32	0.0	1.0	-5.55112E-17	4.93038E-32	0.0	0.0	-4.93038E-32	1.0	0.0	-0.0111497	0.0790441	0.143	1.0
				/*	5:child_number	*/	0
				/*	5:name	*/	七片3.0米端构架上的钢枕及一号U型螺栓-1/七片三角上的一个钢枕及一号U型螺栓-13/一号U型螺栓单元-11/螺母-1
				/*	5:type	*/	基本杆件\螺母.SLDPRT
				/*	5:location	*/	1.0	-5.55112E-17	4.93038E-32	0.0	-5.55112E-17	1.0	0.0	0.0	0.0	-4.93038E-32	1.0	0.0	0.0188503	0.0490441	0.159	1.0
				/*	5:child_number	*/	0
				/*	5:name	*/	七片3.0米端构架上的钢枕及一号U型螺栓-1/七片三角上的一个钢枕及一号U型螺栓-13/一号U型螺栓单元-11/螺母-2
				/*	5:type	*/	基本杆件\螺母.SLDPRT
				/*	5:location	*/	1.0	-5.55112E-17	4.93038E-32	0.0	-5.55112E-17	1.0	0.0	0.0	0.0	-4.93038E-32	1.0	0.0	0.0188503	-0.108956	0.159	1.0
				/*	5:child_number	*/	0
			/*	4:name	*/	七片3.0米端构架上的钢枕及一号U型螺栓-1/七片三角上的一个钢枕及一号U型螺栓-13/一号U型螺栓单元-12
			/*	4:type	*/	U型螺栓单元\一号U型螺栓单元.SLDASM
			/*	4:location	*/	0.696203	-1.50471E-16	-0.717845	0.0	-0.717845	-1.81178E-16	-0.696203	0.0	-2.52993E-17	1.0	-2.34151E-16	0.0	1.28258	1.55713	-0.164824	1.0
			/*	4:child_number	*/	4
				/*	5:name	*/	七片3.0米端构架上的钢枕及一号U型螺栓-1/七片三角上的一个钢枕及一号U型螺栓-13/一号U型螺栓单元-12/一号U型螺栓-1
				/*	5:type	*/	基本杆件\一号U型螺栓.SLDPRT
				/*	5:location	*/	1.0	0.0	-4.93038E-32	0.0	-5.55112E-17	1.0	-4.93038E-32	0.0	-2.46519E-32	0.0	1.0	0.0	0.0188503	-0.108956	-0.188	1.0
				/*	5:child_number	*/	0
				/*	5:name	*/	七片3.0米端构架上的钢枕及一号U型螺栓-1/七片三角上的一个钢枕及一号U型螺栓-13/一号U型螺栓单元-12/一号U型螺栓垫片-1
				/*	5:type	*/	基本杆件\一号U型螺栓垫片.SLDPRT
				/*	5:location	*/	5.55112E-17	-1.0	4.93038E-32	0.0	1.0	0.0	-4.93038E-32	0.0	-2.46519E-32	0.0	1.0	0.0	-0.0111497	0.0790441	0.143	1.0
				/*	5:child_number	*/	0
				/*	5:name	*/	七片3.0米端构架上的钢枕及一号U型螺栓-1/七片三角上的一个钢枕及一号U型螺栓-13/一号U型螺栓单元-12/螺母-1
				/*	5:type	*/	基本杆件\螺母.SLDPRT
				/*	5:location	*/	1.0	0.0	-4.93038E-32	0.0	-5.55112E-17	1.0	-4.93038E-32	0.0	-2.46519E-32	0.0	1.0	0.0	0.0188503	0.0490441	0.159	1.0
				/*	5:child_number	*/	0
				/*	5:name	*/	七片3.0米端构架上的钢枕及一号U型螺栓-1/七片三角上的一个钢枕及一号U型螺栓-13/一号U型螺栓单元-12/螺母-2
				/*	5:type	*/	基本杆件\螺母.SLDPRT
				/*	5:location	*/	1.0	0.0	-4.93038E-32	0.0	-5.55112E-17	1.0	-4.93038E-32	0.0	-2.46519E-32	0.0	1.0	0.0	0.0188503	-0.108956	0.159	1.0
				/*	5:child_number	*/	0
			/*	4:name	*/	七片3.0米端构架上的钢枕及一号U型螺栓-1/七片三角上的一个钢枕及一号U型螺栓-13/一号U型螺栓单元-13
			/*	4:type	*/	U型螺栓单元\一号U型螺栓单元.SLDASM
			/*	4:location	*/	0.696203	-2.82215E-16	-0.717845	0.0	-0.717845	-2.26535E-16	-0.696203	0.0	3.38618E-17	1.0	-3.60301E-16	0.0	0.0825825	1.55713	-0.164824	1.0
			/*	4:child_number	*/	4
				/*	5:name	*/	七片3.0米端构架上的钢枕及一号U型螺栓-1/七片三角上的一个钢枕及一号U型螺栓-13/一号U型螺栓单元-13/一号U型螺栓-1
				/*	5:type	*/	基本杆件\一号U型螺栓.SLDPRT
				/*	5:location	*/	1.0	0.0	4.93038E-32	0.0	0.0	1.0	-4.93038E-32	0.0	0.0	0.0	1.0	0.0	0.0188503	-0.108956	-0.188	1.0
				/*	5:child_number	*/	0
				/*	5:name	*/	七片3.0米端构架上的钢枕及一号U型螺栓-1/七片三角上的一个钢枕及一号U型螺栓-13/一号U型螺栓单元-13/一号U型螺栓垫片-1
				/*	5:type	*/	基本杆件\一号U型螺栓垫片.SLDPRT
				/*	5:location	*/	0.0	-1.0	9.86076E-32	0.0	1.0	0.0	4.93038E-32	0.0	0.0	0.0	1.0	0.0	-0.0111497	0.0790441	0.143	1.0
				/*	5:child_number	*/	0
				/*	5:name	*/	七片3.0米端构架上的钢枕及一号U型螺栓-1/七片三角上的一个钢枕及一号U型螺栓-13/一号U型螺栓单元-13/螺母-1
				/*	5:type	*/	基本杆件\螺母.SLDPRT
				/*	5:location	*/	1.0	0.0	4.93038E-32	0.0	0.0	1.0	-4.93038E-32	0.0	0.0	0.0	1.0	0.0	0.0188503	0.0490441	0.159	1.0
				/*	5:child_number	*/	0
				/*	5:name	*/	七片3.0米端构架上的钢枕及一号U型螺栓-1/七片三角上的一个钢枕及一号U型螺栓-13/一号U型螺栓单元-13/螺母-2
				/*	5:type	*/	基本杆件\螺母.SLDPRT
				/*	5:location	*/	1.0	0.0	4.93038E-32	0.0	0.0	1.0	-4.93038E-32	0.0	0.0	0.0	1.0	0.0	0.0188503	-0.108956	0.159	1.0
				/*	5:child_number	*/	0
			/*	4:name	*/	七片3.0米端构架上的钢枕及一号U型螺栓-1/七片三角上的一个钢枕及一号U型螺栓-13/一号U型螺栓单元-14
			/*	4:type	*/	U型螺栓单元\一号U型螺栓单元.SLDASM
			/*	4:location	*/	0.696203	-2.32866E-16	-0.717845	0.0	-0.717845	-2.84904E-16	-0.696203	0.0	2.10949E-16	1.0	-3.93268E-16	0.0	-0.0888371	1.55713	-0.164824	1.0
			/*	4:child_number	*/	4
				/*	5:name	*/	七片3.0米端构架上的钢枕及一号U型螺栓-1/七片三角上的一个钢枕及一号U型螺栓-13/一号U型螺栓单元-14/一号U型螺栓-1
				/*	5:type	*/	基本杆件\一号U型螺栓.SLDPRT
				/*	5:location	*/	1.0	-5.55112E-17	4.93038E-32	0.0	0.0	1.0	-4.93038E-32	0.0	0.0	0.0	1.0	0.0	0.0188503	-0.108956	-0.188	1.0
				/*	5:child_number	*/	0
				/*	5:name	*/	七片3.0米端构架上的钢枕及一号U型螺栓-1/七片三角上的一个钢枕及一号U型螺栓-13/一号U型螺栓单元-14/一号U型螺栓垫片-1
				/*	5:type	*/	基本杆件\一号U型螺栓垫片.SLDPRT
				/*	5:location	*/	0.0	-1.0	4.93038E-32	0.0	1.0	-5.55112E-17	4.93038E-32	0.0	0.0	0.0	1.0	0.0	-0.0111497	0.0790441	0.143	1.0
				/*	5:child_number	*/	0
				/*	5:name	*/	七片3.0米端构架上的钢枕及一号U型螺栓-1/七片三角上的一个钢枕及一号U型螺栓-13/一号U型螺栓单元-14/螺母-1
				/*	5:type	*/	基本杆件\螺母.SLDPRT
				/*	5:location	*/	1.0	-5.55112E-17	4.93038E-32	0.0	0.0	1.0	-4.93038E-32	0.0	0.0	0.0	1.0	0.0	0.0188503	0.0490441	0.159	1.0
				/*	5:child_number	*/	0
				/*	5:name	*/	七片3.0米端构架上的钢枕及一号U型螺栓-1/七片三角上的一个钢枕及一号U型螺栓-13/一号U型螺栓单元-14/螺母-2
				/*	5:type	*/	基本杆件\螺母.SLDPRT
				/*	5:location	*/	1.0	-5.55112E-17	4.93038E-32	0.0	0.0	1.0	-4.93038E-32	0.0	0.0	0.0	1.0	0.0	0.0188503	-0.108956	0.159	1.0
				/*	5:child_number	*/	0
			/*	4:name	*/	七片3.0米端构架上的钢枕及一号U型螺栓-1/七片三角上的一个钢枕及一号U型螺栓-13/一号U型螺栓单元-15
			/*	4:type	*/	U型螺栓单元\一号U型螺栓单元.SLDASM
			/*	4:location	*/	0.696203	-8.75417E-17	0.717845	0.0	0.717845	1.74971E-16	-0.696203	0.0	-6.46554E-17	1.0	1.84657E-16	0.0	-0.47441	1.55713	-0.191887	1.0
			/*	4:child_number	*/	4
				/*	5:name	*/	七片3.0米端构架上的钢枕及一号U型螺栓-1/七片三角上的一个钢枕及一号U型螺栓-13/一号U型螺栓单元-15/一号U型螺栓-1
				/*	5:type	*/	基本杆件\一号U型螺栓.SLDPRT
				/*	5:location	*/	1.0	0.0	0.0	0.0	0.0	1.0	0.0	0.0	3.69779E-32	0.0	1.0	0.0	0.0188503	-0.108956	-0.188	1.0
				/*	5:child_number	*/	0
				/*	5:name	*/	七片3.0米端构架上的钢枕及一号U型螺栓-1/七片三角上的一个钢枕及一号U型螺栓-13/一号U型螺栓单元-15/一号U型螺栓垫片-1
				/*	5:type	*/	基本杆件\一号U型螺栓垫片.SLDPRT
				/*	5:location	*/	0.0	-1.0	0.0	0.0	1.0	0.0	0.0	0.0	3.69779E-32	0.0	1.0	0.0	-0.0111497	0.0790441	0.143	1.0
				/*	5:child_number	*/	0
				/*	5:name	*/	七片3.0米端构架上的钢枕及一号U型螺栓-1/七片三角上的一个钢枕及一号U型螺栓-13/一号U型螺栓单元-15/螺母-1
				/*	5:type	*/	基本杆件\螺母.SLDPRT
				/*	5:location	*/	1.0	0.0	0.0	0.0	0.0	1.0	0.0	0.0	3.69779E-32	0.0	1.0	0.0	0.0188503	0.0490441	0.159	1.0
				/*	5:child_number	*/	0
				/*	5:name	*/	七片3.0米端构架上的钢枕及一号U型螺栓-1/七片三角上的一个钢枕及一号U型螺栓-13/一号U型螺栓单元-15/螺母-2
				/*	5:type	*/	基本杆件\螺母.SLDPRT
				/*	5:location	*/	1.0	0.0	0.0	0.0	0.0	1.0	0.0	0.0	3.69779E-32	0.0	1.0	0.0	0.0188503	-0.108956	0.159	1.0
				/*	5:child_number	*/	0
			/*	4:name	*/	七片3.0米端构架上的钢枕及一号U型螺栓-1/七片三角上的一个钢枕及一号U型螺栓-13/一号U型螺栓单元-16
			/*	4:type	*/	U型螺栓单元\一号U型螺栓单元.SLDASM
			/*	4:location	*/	0.696203	4.57226E-16	0.717845	0.0	0.717845	-4.45705E-16	-0.696203	0.0	2.54969E-16	1.0	-6.66274E-16	0.0	0.55417	1.55713	-0.191887	1.0
			/*	4:child_number	*/	4
				/*	5:name	*/	七片3.0米端构架上的钢枕及一号U型螺栓-1/七片三角上的一个钢枕及一号U型螺栓-13/一号U型螺栓单元-16/一号U型螺栓-1
				/*	5:type	*/	基本杆件\一号U型螺栓.SLDPRT
				/*	5:location	*/	1.0	0.0	-4.93038E-32	0.0	1.11022E-16	1.0	9.86076E-32	0.0	-4.93038E-32	4.93038E-32	1.0	0.0	0.0188503	-0.108956	-0.188	1.0
				/*	5:child_number	*/	0
				/*	5:name	*/	七片3.0米端构架上的钢枕及一号U型螺栓-1/七片三角上的一个钢枕及一号U型螺栓-13/一号U型螺栓单元-16/一号U型螺栓垫片-1
				/*	5:type	*/	基本杆件\一号U型螺栓垫片.SLDPRT
				/*	5:location	*/	-1.11022E-16	-1.0	-9.86076E-32	0.0	1.0	0.0	0.0	0.0	-4.93038E-32	4.93038E-32	1.0	0.0	-0.0111497	0.0790441	0.143	1.0
				/*	5:child_number	*/	0
				/*	5:name	*/	七片3.0米端构架上的钢枕及一号U型螺栓-1/七片三角上的一个钢枕及一号U型螺栓-13/一号U型螺栓单元-16/螺母-1
				/*	5:type	*/	基本杆件\螺母.SLDPRT
				/*	5:location	*/	1.0	0.0	-4.93038E-32	0.0	1.11022E-16	1.0	9.86076E-32	0.0	-4.93038E-32	4.93038E-32	1.0	0.0	0.0188503	0.0490441	0.159	1.0
				/*	5:child_number	*/	0
				/*	5:name	*/	七片3.0米端构架上的钢枕及一号U型螺栓-1/七片三角上的一个钢枕及一号U型螺栓-13/一号U型螺栓单元-16/螺母-2
				/*	5:type	*/	基本杆件\螺母.SLDPRT
				/*	5:location	*/	1.0	0.0	-4.93038E-32	0.0	1.11022E-16	1.0	9.86076E-32	0.0	-4.93038E-32	4.93038E-32	1.0	0.0	0.0188503	-0.108956	0.159	1.0
				/*	5:child_number	*/	0
			/*	4:name	*/	七片3.0米端构架上的钢枕及一号U型螺栓-1/七片三角上的一个钢枕及一号U型螺栓-13/一号U型螺栓单元-17
			/*	4:type	*/	U型螺栓单元\一号U型螺栓单元.SLDASM
			/*	4:location	*/	0.696203	1.91926E-16	0.717845	0.0	0.717845	-1.45428E-16	-0.696203	0.0	-2.92251E-17	1.0	-2.39021E-16	0.0	1.75417	1.55713	-0.191887	1.0
			/*	4:child_number	*/	4
				/*	5:name	*/	七片3.0米端构架上的钢枕及一号U型螺栓-1/七片三角上的一个钢枕及一号U型螺栓-13/一号U型螺栓单元-17/一号U型螺栓-1
				/*	5:type	*/	基本杆件\一号U型螺栓.SLDPRT
				/*	5:location	*/	1.0	0.0	0.0	0.0	1.11022E-16	1.0	0.0	0.0	2.46519E-32	2.46519E-32	1.0	0.0	0.0188503	-0.108956	-0.188	1.0
				/*	5:child_number	*/	0
				/*	5:name	*/	七片3.0米端构架上的钢枕及一号U型螺栓-1/七片三角上的一个钢枕及一号U型螺栓-13/一号U型螺栓单元-17/一号U型螺栓垫片-1
				/*	5:type	*/	基本杆件\一号U型螺栓垫片.SLDPRT
				/*	5:location	*/	-1.11022E-16	-1.0	0.0	0.0	1.0	0.0	0.0	0.0	2.46519E-32	2.46519E-32	1.0	0.0	-0.0111497	0.0790441	0.143	1.0
				/*	5:child_number	*/	0
				/*	5:name	*/	七片3.0米端构架上的钢枕及一号U型螺栓-1/七片三角上的一个钢枕及一号U型螺栓-13/一号U型螺栓单元-17/螺母-1
				/*	5:type	*/	基本杆件\螺母.SLDPRT
				/*	5:location	*/	1.0	0.0	0.0	0.0	1.11022E-16	1.0	0.0	0.0	2.46519E-32	2.46519E-32	1.0	0.0	0.0188503	0.0490441	0.159	1.0
				/*	5:child_number	*/	0
				/*	5:name	*/	七片3.0米端构架上的钢枕及一号U型螺栓-1/七片三角上的一个钢枕及一号U型螺栓-13/一号U型螺栓单元-17/螺母-2
				/*	5:type	*/	基本杆件\螺母.SLDPRT
				/*	5:location	*/	1.0	0.0	0.0	0.0	1.11022E-16	1.0	0.0	0.0	2.46519E-32	2.46519E-32	1.0	0.0	0.0188503	-0.108956	0.159	1.0
				/*	5:child_number	*/	0
			/*	4:name	*/	七片3.0米端构架上的钢枕及一号U型螺栓-1/七片三角上的一个钢枕及一号U型螺栓-13/一号U型螺栓单元-18
