

/*	1:名称	*/	上承式49.0M梁_低鱼腹式
/*	1:类型	*/	上承式梁\低鱼腹式\上承式49.0M梁_低鱼腹式.SLDASM
/*	1:位置	*/	1    0    0    0    0    1    0    0    0    0    1    0    0    0    0    1    
/*	1:子节点数	*/	3

        /*	2:名称	*/	48M~49M,56M~57M,64M低鱼腹式(右端)-1
        /*	2:类型	*/	上承式梁\公共组件\梁端\低鱼腹式梁端\48M~49M,56M~57M,64M低鱼腹式(右端).SLDASM
        /*	2:位置	*/	1    0    0    0    0    1    0    0    0    0    1    0    1.17286    2.99481    24.235    1    
        /*	2:子节点数	*/	11

                /*	3:名称	*/	48M~49M,56M~57M,64M低鱼腹式(右端)-1/L2(配1c)-1
                /*	3:类型	*/	上承式梁\公共组件\梁端\低鱼腹式梁端\带螺栓零件\L2(配1c).SLDASM
                /*	3:位置	*/	6.08817e-016    -4.58308e-012    -1    0    -8.35655e-017    -1    4.58303e-012    0    -1    -4.36565e-017    -6.14774e-016    0    0.0871377    0.325597    3.07113    1    
                /*	3:子节点数	*/	5

                        /*	4:名称	*/	48M~49M,56M~57M,64M低鱼腹式(右端)-1/L2(配1c)-1/LS2_2号螺栓-3
                        /*	4:类型	*/	零件\LS2_2号螺栓.SLDPRT
                        /*	4:位置	*/	0.997812    -0.066117    9.86076e-032    0    0.066117    0.997812    6.16298e-033    0    0    2.37477e-033    1    0    0.0561605    -0.0146235    1.209    1    
                        /*	4:子节点数	*/	0

                        /*	4:名称	*/	48M~49M,56M~57M,64M低鱼腹式(右端)-1/L2(配1c)-1/LS2_2号螺栓-4
                        /*	4:类型	*/	零件\LS2_2号螺栓.SLDPRT
                        /*	4:位置	*/	0.997812    0.066117    0    0    0.066117    -0.997812    -6.16298e-033    0    5.95755e-018    1.27222e-016    -1    0    0.0561605    -0.0146235    -1.209    1    
                        /*	4:子节点数	*/	0

                        /*	4:名称	*/	48M~49M,56M~57M,64M低鱼腹式(右端)-1/L2(配1c)-1/LS2_2号螺栓-5
                        /*	4:类型	*/	零件\LS2_2号螺栓.SLDPRT
                        /*	4:位置	*/	0.997812    0.066117    0    0    0.066117    -0.997812    -6.16298e-033    0    5.95755e-018    1.27222e-016    -1    0    -0.0638395    -0.0146235    -1.209    1    
                        /*	4:子节点数	*/	0

                        /*	4:名称	*/	48M~49M,56M~57M,64M低鱼腹式(右端)-1/L2(配1c)-1/LS2_2号螺栓-6
                        /*	4:类型	*/	零件\LS2_2号螺栓.SLDPRT
                        /*	4:位置	*/	0.997812    -0.066117    9.86076e-032    0    0.066117    0.997812    6.16298e-033    0    0    2.37477e-033    1    0    -0.0638395    -0.0146235    1.209    1    
                        /*	4:子节点数	*/	0

                        /*	4:名称	*/	48M~49M,56M~57M,64M低鱼腹式(右端)-1/L2(配1c)-1/l2_直撑-1
                        /*	4:类型	*/	零件\l2_直撑.SLDPRT
                        /*	4:位置	*/	1    0    0    0    0    1    1.15107e-033    0    0    2.37477e-033    1    0    -0.00383951    -0.109623    0    1    
                        /*	4:子节点数	*/	0

                /*	3:名称	*/	48M~49M,56M~57M,64M低鱼腹式(右端)-1/L2(配1g)-2
                /*	3:类型	*/	上承式梁\公共组件\梁端\低鱼腹式梁端\带螺栓零件\L2(配1g).SLDASM
                /*	3:位置	*/	-5.1422e-016    4.69069e-014    1    0    -1.00981e-015    1    -4.68514e-014    0    -1    -1.00981e-015    -5.1422e-016    0    0.0871377    -2.68446    -0.190022    1    
                /*	3:子节点数	*/	13

                        /*	4:名称	*/	48M~49M,56M~57M,64M低鱼腹式(右端)-1/L2(配1g)-2/LS1_1号螺栓-1
                        /*	4:类型	*/	零件\LS1_1号螺栓.SLDPRT
                        /*	4:位置	*/	0.997812    -0.066117    0    0    0.066117    0.997812    5.54668e-032    0    0    6.02363e-032    1    0    -0.214864    -0.0402241    1.209    1    
                        /*	4:子节点数	*/	0

                        /*	4:名称	*/	48M~49M,56M~57M,64M低鱼腹式(右端)-1/L2(配1g)-2/LS1_1号螺栓-2
                        /*	4:类型	*/	零件\LS1_1号螺栓.SLDPRT
                        /*	4:位置	*/	0.997812    -0.066117    0    0    0.066117    0.997812    5.54668e-032    0    0    6.02363e-032    1    0    -0.114864    -0.0402241    1.209    1    
                        /*	4:子节点数	*/	0

                        /*	4:名称	*/	48M~49M,56M~57M,64M低鱼腹式(右端)-1/L2(配1g)-2/LS1_1号螺栓-5
                        /*	4:类型	*/	零件\LS1_1号螺栓.SLDPRT
                        /*	4:位置	*/	0.997812    0.066117    -9.86076e-032    0    0.066117    -0.997812    -2.95823e-031    0    0    -6.02363e-032    -1    0    -0.214864    -0.0402241    -1.209    1    
                        /*	4:子节点数	*/	0

                        /*	4:名称	*/	48M~49M,56M~57M,64M低鱼腹式(右端)-1/L2(配1g)-2/LS1_1号螺栓-6
                        /*	4:类型	*/	零件\LS1_1号螺栓.SLDPRT
                        /*	4:位置	*/	0.997812    0.066117    -9.86076e-032    0    0.066117    -0.997812    -2.95823e-031    0    0    -6.02363e-032    -1    0    -0.114864    -0.0402241    -1.209    1    
                        /*	4:子节点数	*/	0

                        /*	4:名称	*/	48M~49M,56M~57M,64M低鱼腹式(右端)-1/L2(配1g)-2/LS2_2号螺栓-1
                        /*	4:类型	*/	零件\LS2_2号螺栓.SLDPRT
                        /*	4:位置	*/	0.997812    -0.066117    0    0    0.066117    0.997812    5.54668e-032    0    0    6.02363e-032    1    0    -0.149864    0.0947759    1.209    1    
                        /*	4:子节点数	*/	0

                        /*	4:名称	*/	48M~49M,56M~57M,64M低鱼腹式(右端)-1/L2(配1g)-2/LS2_2号螺栓-2
                        /*	4:类型	*/	零件\LS2_2号螺栓.SLDPRT
                        /*	4:位置	*/	0.997812    -0.066117    0    0    0.066117    0.997812    5.54668e-032    0    0    6.02363e-032    1    0    0.0401364    0.0947759    1.209    1    
                        /*	4:子节点数	*/	0

                        /*	4:名称	*/	48M~49M,56M~57M,64M低鱼腹式(右端)-1/L2(配1g)-2/LS2_2号螺栓-3
                        /*	4:类型	*/	零件\LS2_2号螺栓.SLDPRT
                        /*	4:位置	*/	0.997812    0.066117    -9.86076e-032    0    0.066117    -0.997812    -2.95823e-031    0    0    -6.02363e-032    -1    0    -0.149864    0.0947759    -1.209    1    
                        /*	4:子节点数	*/	0

                        /*	4:名称	*/	48M~49M,56M~57M,64M低鱼腹式(右端)-1/L2(配1g)-2/LS2_2号螺栓-4
                        /*	4:类型	*/	零件\LS2_2号螺栓.SLDPRT
                        /*	4:位置	*/	0.997812    0.066117    -9.86076e-032    0    0.066117    -0.997812    -2.95823e-031    0    0    -6.02363e-032    -1    0    0.0401364    0.0947759    -1.209    1    
                        /*	4:子节点数	*/	0

                        /*	4:名称	*/	48M~49M,56M~57M,64M低鱼腹式(右端)-1/L2(配1g)-2/LS2_2号螺栓-5
                        /*	4:类型	*/	零件\LS2_2号螺栓.SLDPRT
                        /*	4:位置	*/	-0.997812    -0.066117    0    0    -0.066117    0.997812    -3.69779e-032    0    0    -6.02363e-032    -1    0    0.00513641    -0.0402241    -1.209    1    
                        /*	4:子节点数	*/	0

                        /*	4:名称	*/	48M~49M,56M~57M,64M低鱼腹式(右端)-1/L2(配1g)-2/LS2_2号螺栓-6
                        /*	4:类型	*/	零件\LS2_2号螺栓.SLDPRT
                        /*	4:位置	*/	0.997812    -0.066117    0    0    0.066117    0.997812    5.54668e-032    0    0    6.02363e-032    1    0    0.00513641    -0.0402241    1.209    1    
                        /*	4:子节点数	*/	0

                        /*	4:名称	*/	48M~49M,56M~57M,64M低鱼腹式(右端)-1/L2(配1g)-2/LS2_2号螺栓-7
                        /*	4:类型	*/	零件\LS2_2号螺栓.SLDPRT
                        /*	4:位置	*/	-0.997812    -0.066117    0    0    -0.066117    0.997812    -3.69779e-032    0    0    -6.02363e-032    -1    0    0.105136    -0.0402241    -1.209    1    
                        /*	4:子节点数	*/	0

                        /*	4:名称	*/	48M~49M,56M~57M,64M低鱼腹式(右端)-1/L2(配1g)-2/LS2_2号螺栓-8
                        /*	4:类型	*/	零件\LS2_2号螺栓.SLDPRT
                        /*	4:位置	*/	0.997812    -0.066117    0    0    0.066117    0.997812    5.54668e-032    0    0    6.02363e-032    1    0    0.105136    -0.0402241    1.209    1    
                        /*	4:子节点数	*/	0

                        /*	4:名称	*/	48M~49M,56M~57M,64M低鱼腹式(右端)-1/L2(配1g)-2/l2_直撑-1
                        /*	4:类型	*/	零件\l2_直撑.SLDPRT
                        /*	4:位置	*/	1    0    0    0    0    1    3.16913e-032    0    0    6.02363e-032    1    0    -0.0548636    -0.135224    -2.22045e-016    1    
                        /*	4:子节点数	*/	0

                /*	3:名称	*/	48M~49M,56M~57M,64M低鱼腹式(右端)-1/Q2(低鱼腹式)-1
                /*	3:类型	*/	上承式梁\公共组件\梁端\低鱼腹式梁端\带螺栓零件\Q2(低鱼腹式).sldasm
                /*	3:位置	*/	-1    -1.87713e-016    -5.25427e-016    0    1.87713e-016    -1    5.60663e-014    0    -5.25427e-016    5.60663e-014    1    0    -0.184183    0.048385    5.87755    1    
                /*	3:子节点数	*/	17

                        /*	4:名称	*/	48M~49M,56M~57M,64M低鱼腹式(右端)-1/Q2(低鱼腹式)-1/LS1_1号螺栓-36
                        /*	4:类型	*/	零件\LS1_1号螺栓.SLDPRT
                        /*	4:位置	*/	0    0.831072    0.556165    0    0    0.556165    -0.831072    0    -1    -2.68304e-034    0    0    -1.48032    -0.481805    -2.06255    1    
                        /*	4:子节点数	*/	0

                        /*	4:名称	*/	48M~49M,56M~57M,64M低鱼腹式(右端)-1/Q2(低鱼腹式)-1/LS1_1号螺栓-37
                        /*	4:类型	*/	零件\LS1_1号螺栓.SLDPRT
                        /*	4:位置	*/	0    0.831072    0.556165    0    0    0.556165    -0.831072    0    -1    -2.68304e-034    0    0    -1.48032    -0.481805    -2.18255    1    
                        /*	4:子节点数	*/	0

                        /*	4:名称	*/	48M~49M,56M~57M,64M低鱼腹式(右端)-1/Q2(低鱼腹式)-1/LS1_1号螺栓-38
                        /*	4:类型	*/	零件\LS1_1号螺栓.SLDPRT
                        /*	4:位置	*/	0    -0.897189    -0.441647    0    0    0.441647    -0.897189    0    1    2.68304e-034    0    0    0.937679    -0.481805    -2.06255    1    
                        /*	4:子节点数	*/	0

                        /*	4:名称	*/	48M~49M,56M~57M,64M低鱼腹式(右端)-1/Q2(低鱼腹式)-1/LS1_1号螺栓-39
                        /*	4:类型	*/	零件\LS1_1号螺栓.SLDPRT
                        /*	4:位置	*/	0    -0.897189    -0.441647    0    0    0.441647    -0.897189    0    1    2.68304e-034    0    0    0.937679    -0.481805    -2.18255    1    
                        /*	4:子节点数	*/	0

                        /*	4:名称	*/	48M~49M,56M~57M,64M低鱼腹式(右端)-1/Q2(低鱼腹式)-1/LS2_2号螺栓-17
                        /*	4:类型	*/	零件\LS2_2号螺栓.SLDPRT
                        /*	4:位置	*/	4.93038e-032    -0.556165    -0.831072    0    -4.93038e-032    0.831072    -0.556165    0    1    2.68304e-034    0    0    0.937679    -0.616805    -2.21755    1    
                        /*	4:子节点数	*/	0

                        /*	4:名称	*/	48M~49M,56M~57M,64M低鱼腹式(右端)-1/Q2(低鱼腹式)-1/LS2_2号螺栓-18
                        /*	4:类型	*/	零件\LS2_2号螺栓.SLDPRT
                        /*	4:位置	*/	4.93038e-032    -0.556165    -0.831072    0    -4.93038e-032    0.831072    -0.556165    0    1    2.68304e-034    0    0    0.937679    -0.716805    -2.21755    1    
                        /*	4:子节点数	*/	0

                        /*	4:名称	*/	48M~49M,56M~57M,64M低鱼腹式(右端)-1/Q2(低鱼腹式)-1/LS2_2号螺栓-19
                        /*	4:类型	*/	零件\LS2_2号螺栓.SLDPRT
                        /*	4:位置	*/	4.93038e-032    -0.556165    -0.831072    0    -4.93038e-032    0.831072    -0.556165    0    1    2.68304e-034    0    0    0.937679    -0.816805    -2.21755    1    
                        /*	4:子节点数	*/	0

                        /*	4:名称	*/	48M~49M,56M~57M,64M低鱼腹式(右端)-1/Q2(低鱼腹式)-1/LS2_2号螺栓-20
                        /*	4:类型	*/	零件\LS2_2号螺栓.SLDPRT
                        /*	4:位置	*/	4.93038e-032    -0.556165    -0.831072    0    -4.93038e-032    0.831072    -0.556165    0    1    2.68304e-034    0    0    0.937679    -0.616805    -2.02755    1    
                        /*	4:子节点数	*/	0

                        /*	4:名称	*/	48M~49M,56M~57M,64M低鱼腹式(右端)-1/Q2(低鱼腹式)-1/LS2_2号螺栓-21
                        /*	4:类型	*/	零件\LS2_2号螺栓.SLDPRT
                        /*	4:位置	*/	4.93038e-032    -0.556165    -0.831072    0    -4.93038e-032    0.831072    -0.556165    0    1    2.68304e-034    0    0    0.937679    -0.716805    -2.02755    1    
                        /*	4:子节点数	*/	0

                        /*	4:名称	*/	48M~49M,56M~57M,64M低鱼腹式(右端)-1/Q2(低鱼腹式)-1/LS2_2号螺栓-22
                        /*	4:类型	*/	零件\LS2_2号螺栓.SLDPRT
                        /*	4:位置	*/	4.93038e-032    -0.556165    -0.831072    0    -4.93038e-032    0.831072    -0.556165    0    1    2.68304e-034    0    0    0.937679    -0.816805    -2.02755    1    
                        /*	4:子节点数	*/	0

                        /*	4:名称	*/	48M~49M,56M~57M,64M低鱼腹式(右端)-1/Q2(低鱼腹式)-1/LS2_2号螺栓-23
                        /*	4:类型	*/	零件\LS2_2号螺栓.SLDPRT
                        /*	4:位置	*/	0    0.441647    0.897189    0    -4.93038e-032    0.897189    -0.441647    0    -1    -2.68304e-034    0    0    -1.48032    -0.616805    -2.21755    1    
                        /*	4:子节点数	*/	0

                        /*	4:名称	*/	48M~49M,56M~57M,64M低鱼腹式(右端)-1/Q2(低鱼腹式)-1/LS2_2号螺栓-24
                        /*	4:类型	*/	零件\LS2_2号螺栓.SLDPRT
                        /*	4:位置	*/	0    0.441647    0.897189    0    -4.93038e-032    0.897189    -0.441647    0    -1    -2.68304e-034    0    0    -1.48032    -0.716805    -2.21755    1    
                        /*	4:子节点数	*/	0

                        /*	4:名称	*/	48M~49M,56M~57M,64M低鱼腹式(右端)-1/Q2(低鱼腹式)-1/LS2_2号螺栓-25
                        /*	4:类型	*/	零件\LS2_2号螺栓.SLDPRT
                        /*	4:位置	*/	0    0.441647    0.897189    0    -4.93038e-032    0.897189    -0.441647    0    -1    -2.68304e-034    0    0    -1.48032    -0.816805    -2.21755    1    
                        /*	4:子节点数	*/	0

                        /*	4:名称	*/	48M~49M,56M~57M,64M低鱼腹式(右端)-1/Q2(低鱼腹式)-1/LS2_2号螺栓-26
                        /*	4:类型	*/	零件\LS2_2号螺栓.SLDPRT
                        /*	4:位置	*/	0    0.441647    0.897189    0    -4.93038e-032    0.897189    -0.441647    0    -1    -2.68304e-034    0    0    -1.48032    -0.616805    -2.02755    1    
                        /*	4:子节点数	*/	0

                        /*	4:名称	*/	48M~49M,56M~57M,64M低鱼腹式(右端)-1/Q2(低鱼腹式)-1/LS2_2号螺栓-27
                        /*	4:类型	*/	零件\LS2_2号螺栓.SLDPRT
                        /*	4:位置	*/	0    0.441647    0.897189    0    -4.93038e-032    0.897189    -0.441647    0    -1    -2.68304e-034    0    0    -1.48032    -0.716805    -2.02755    1    
                        /*	4:子节点数	*/	0

                        /*	4:名称	*/	48M~49M,56M~57M,64M低鱼腹式(右端)-1/Q2(低鱼腹式)-1/LS2_2号螺栓-28
                        /*	4:类型	*/	零件\LS2_2号螺栓.SLDPRT
                        /*	4:位置	*/	0    0.441647    0.897189    0    -4.93038e-032    0.897189    -0.441647    0    -1    -2.68304e-034    0    0    -1.48032    -0.816805    -2.02755    1    
                        /*	4:子节点数	*/	0

                        /*	4:名称	*/	48M~49M,56M~57M,64M低鱼腹式(右端)-1/Q2(低鱼腹式)-1/Q2_短横梁-1
                        /*	4:类型	*/	零件\Q2_短横梁.SLDPRT
                        /*	4:位置	*/	1    2.68304e-034    0    0    2.68304e-034    1    0    0    0    0    1    0    -0.271321    -0.548805    -2.12255    1    
                        /*	4:子节点数	*/	0

                /*	3:名称	*/	48M~49M,56M~57M,64M低鱼腹式(右端)-1/Q2（5a型）-1
                /*	3:类型	*/	上承式梁\公共组件\梁端\低鱼腹式梁端\带螺栓零件\Q2（5a型）.SLDASM
                /*	3:位置	*/	1    0    0    0    0    1    0    0    0    0    1    0    0.42798    1.26895    -4.245    1    
                /*	3:子节点数	*/	21

                        /*	4:名称	*/	48M~49M,56M~57M,64M低鱼腹式(右端)-1/Q2（5a型）-1/LS1_1号螺栓-10
                        /*	4:类型	*/	零件\LS1_1号螺栓.SLDPRT
                        /*	4:位置	*/	0    0.441647    -0.897189    0    0    0.897189    0.441647    0    1    0    0    0    0.868158    0.346235    -0.06    1    
                        /*	4:子节点数	*/	0

                        /*	4:名称	*/	48M~49M,56M~57M,64M低鱼腹式(右端)-1/Q2（5a型）-1/LS1_1号螺栓-11
                        /*	4:类型	*/	零件\LS1_1号螺栓.SLDPRT
                        /*	4:位置	*/	0    0.441647    -0.897189    0    0    0.897189    0.441647    0    1    0    0    0    0.868158    0.156235    -0.06    1    
                        /*	4:子节点数	*/	0

                        /*	4:名称	*/	48M~49M,56M~57M,64M低鱼腹式(右端)-1/Q2（5a型）-1/LS1_1号螺栓-12
                        /*	4:类型	*/	零件\LS1_1号螺栓.SLDPRT
                        /*	4:位置	*/	0    0.441647    -0.897189    0    0    0.897189    0.441647    0    1    0    0    0    0.868158    0.346235    0.06    1    
                        /*	4:子节点数	*/	0

                        /*	4:名称	*/	48M~49M,56M~57M,64M低鱼腹式(右端)-1/Q2（5a型）-1/LS1_1号螺栓-13
                        /*	4:类型	*/	零件\LS1_1号螺栓.SLDPRT
                        /*	4:位置	*/	0    0.441647    -0.897189    0    0    0.897189    0.441647    0    1    0    0    0    0.868158    0.156235    0.06    1    
                        /*	4:子节点数	*/	0

                        /*	4:名称	*/	48M~49M,56M~57M,64M低鱼腹式(右端)-1/Q2（5a型）-1/LS1_1号螺栓-14
                        /*	4:类型	*/	零件\LS1_1号螺栓.SLDPRT
                        /*	4:位置	*/	0    0.441647    0.897189    0    0    0.897189    -0.441647    0    -1    0    0    0    -1.54984    0.156235    -0.06    1    
                        /*	4:子节点数	*/	0

                        /*	4:名称	*/	48M~49M,56M~57M,64M低鱼腹式(右端)-1/Q2（5a型）-1/LS1_1号螺栓-15
                        /*	4:类型	*/	零件\LS1_1号螺栓.SLDPRT
                        /*	4:位置	*/	0    0.441647    0.897189    0    0    0.897189    -0.441647    0    -1    0    0    0    -1.54984    0.346235    0.06    1    
                        /*	4:子节点数	*/	0

                        /*	4:名称	*/	48M~49M,56M~57M,64M低鱼腹式(右端)-1/Q2（5a型）-1/LS1_1号螺栓-16
                        /*	4:类型	*/	零件\LS1_1号螺栓.SLDPRT
                        /*	4:位置	*/	0    0.441647    0.897189    0    0    0.897189    -0.441647    0    -1    0    0    0    -1.54984    0.156235    0.06    1    
                        /*	4:子节点数	*/	0

                        /*	4:名称	*/	48M~49M,56M~57M,64M低鱼腹式(右端)-1/Q2（5a型）-1/LS1_1号螺栓-9
                        /*	4:类型	*/	零件\LS1_1号螺栓.SLDPRT
                        /*	4:位置	*/	0    0.441647    0.897189    0    0    0.897189    -0.441647    0    -1    0    0    0    -1.54984    0.346235    -0.06    1    
                        /*	4:子节点数	*/	0

                        /*	4:名称	*/	48M~49M,56M~57M,64M低鱼腹式(右端)-1/Q2（5a型）-1/LS2_2号螺栓-15
                        /*	4:类型	*/	零件\LS2_2号螺栓.SLDPRT
                        /*	4:位置	*/	0    0.441647    0.897189    0    0    0.897189    -0.441647    0    -1    0    0    0    -1.54984    0.0212351    -0.095    1    
                        /*	4:子节点数	*/	0

                        /*	4:名称	*/	48M~49M,56M~57M,64M低鱼腹式(右端)-1/Q2（5a型）-1/LS2_2号螺栓-16
                        /*	4:类型	*/	零件\LS2_2号螺栓.SLDPRT
                        /*	4:位置	*/	0    -0.556165    -0.831072    0    0    0.831072    -0.556165    0    1    0    0    0    0.868158    0.0212351    -0.095    1    
                        /*	4:子节点数	*/	0

                        /*	4:名称	*/	48M~49M,56M~57M,64M低鱼腹式(右端)-1/Q2（5a型）-1/LS2_2号螺栓-17
                        /*	4:类型	*/	零件\LS2_2号螺栓.SLDPRT
                        /*	4:位置	*/	0    -0.556165    -0.831072    0    0    0.831072    -0.556165    0    1    0    0    0    0.868158    -0.0787649    -0.095    1    
                        /*	4:子节点数	*/	0

                        /*	4:名称	*/	48M~49M,56M~57M,64M低鱼腹式(右端)-1/Q2（5a型）-1/LS2_2号螺栓-18
                        /*	4:类型	*/	零件\LS2_2号螺栓.SLDPRT
                        /*	4:位置	*/	0    -0.556165    -0.831072    0    0    0.831072    -0.556165    0    1    0    0    0    0.868158    -0.178765    -0.095    1    
                        /*	4:子节点数	*/	0

                        /*	4:名称	*/	48M~49M,56M~57M,64M低鱼腹式(右端)-1/Q2（5a型）-1/LS2_2号螺栓-22
                        /*	4:类型	*/	零件\LS2_2号螺栓.SLDPRT
                        /*	4:位置	*/	0    0.441647    0.897189    0    0    0.897189    -0.441647    0    -1    0    0    0    -1.54984    -0.0787649    -0.095    1    
                        /*	4:子节点数	*/	0

                        /*	4:名称	*/	48M~49M,56M~57M,64M低鱼腹式(右端)-1/Q2（5a型）-1/LS2_2号螺栓-23
                        /*	4:类型	*/	零件\LS2_2号螺栓.SLDPRT
                        /*	4:位置	*/	0    0.441647    0.897189    0    0    0.897189    -0.441647    0    -1    0    0    0    -1.54984    -0.178765    -0.095    1    
                        /*	4:子节点数	*/	0

                        /*	4:名称	*/	48M~49M,56M~57M,64M低鱼腹式(右端)-1/Q2（5a型）-1/LS2_2号螺栓-24
                        /*	4:类型	*/	零件\LS2_2号螺栓.SLDPRT
                        /*	4:位置	*/	0    0.441647    0.897189    0    0    0.897189    -0.441647    0    -1    0    0    0    -1.54984    0.0212351    0.095    1    
                        /*	4:子节点数	*/	0

                        /*	4:名称	*/	48M~49M,56M~57M,64M低鱼腹式(右端)-1/Q2（5a型）-1/LS2_2号螺栓-25
                        /*	4:类型	*/	零件\LS2_2号螺栓.SLDPRT
                        /*	4:位置	*/	0    0.441647    0.897189    0    0    0.897189    -0.441647    0    -1    0    0    0    -1.54984    -0.0787649    0.095    1    
                        /*	4:子节点数	*/	0

                        /*	4:名称	*/	48M~49M,56M~57M,64M低鱼腹式(右端)-1/Q2（5a型）-1/LS2_2号螺栓-26
                        /*	4:类型	*/	零件\LS2_2号螺栓.SLDPRT
                        /*	4:位置	*/	0    0.441647    0.897189    0    0    0.897189    -0.441647    0    -1    0    0    0    -1.54984    -0.178765    0.095    1    
                        /*	4:子节点数	*/	0

                        /*	4:名称	*/	48M~49M,56M~57M,64M低鱼腹式(右端)-1/Q2（5a型）-1/LS2_2号螺栓-27
                        /*	4:类型	*/	零件\LS2_2号螺栓.SLDPRT
                        /*	4:位置	*/	0    -0.556165    -0.831072    0    0    0.831072    -0.556165    0    1    0    0    0    0.868158    0.0212351    0.095    1    
                        /*	4:子节点数	*/	0

                        /*	4:名称	*/	48M~49M,56M~57M,64M低鱼腹式(右端)-1/Q2（5a型）-1/LS2_2号螺栓-28
                        /*	4:类型	*/	零件\LS2_2号螺栓.SLDPRT
                        /*	4:位置	*/	0    -0.556165    -0.831072    0    0    0.831072    -0.556165    0    1    0    0    0    0.868158    -0.0787649    0.095    1    
                        /*	4:子节点数	*/	0

                        /*	4:名称	*/	48M~49M,56M~57M,64M低鱼腹式(右端)-1/Q2（5a型）-1/LS2_2号螺栓-29
                        /*	4:类型	*/	零件\LS2_2号螺栓.SLDPRT
                        /*	4:位置	*/	0    -0.556165    -0.831072    0    0    0.831072    -0.556165    0    1    0    0    0    0.868158    -0.178765    0.095    1    
                        /*	4:子节点数	*/	0

                        /*	4:名称	*/	48M~49M,56M~57M,64M低鱼腹式(右端)-1/Q2（5a型）-1/Q2_短横梁-2
                        /*	4:类型	*/	零件\Q2_短横梁.SLDPRT
                        /*	4:位置	*/	1    0    0    0    0    1    0    0    0    0    1    0    -0.340842    0.0892351    0    1    
                        /*	4:子节点数	*/	0

                /*	3:名称	*/	48M~49M,56M~57M,64M低鱼腹式(右端)-1/Q6+2J1(右端)-2
                /*	3:类型	*/	上承式梁\公共组件\纵梁\Q6+2J1(右端).SLDASM
                /*	3:位置	*/	1    0    0    0    0    1    0    0    0    0    1    0    -0.709521    1.65422    3.879    1    
                /*	3:子节点数	*/	19

                        /*	4:名称	*/	48M~49M,56M~57M,64M低鱼腹式(右端)-1/Q6+2J1(右端)-2/J1_1号联结角钢-1
                        /*	4:类型	*/	零件\J1_1号联结角钢.SLDPRT
                        /*	4:位置	*/	1    0    0    0    0    1    0    0    0    0    1    0    -0.234341    -0.15403    -0.118    1    
                        /*	4:子节点数	*/	0

                        /*	4:名称	*/	48M~49M,56M~57M,64M低鱼腹式(右端)-1/Q6+2J1(右端)-2/J1_1号联结角钢-2
                        /*	4:类型	*/	零件\J1_1号联结角钢.SLDPRT
                        /*	4:位置	*/	-1    -1.11022e-016    2.77556e-017    0    1.11022e-016    -1    -7.23033e-015    0    2.77556e-017    -7.23033e-015    1    0    0.0276591    0.13597    -0.118    1    
                        /*	4:子节点数	*/	0

                        /*	4:名称	*/	48M~49M,56M~57M,64M低鱼腹式(右端)-1/Q6+2J1(右端)-2/LS3_3号螺栓-1
                        /*	4:类型	*/	零件\LS3_3号螺栓.SLDPRT
                        /*	4:位置	*/	4.45273e-017    -0.066117    0.997812    0    -2.52193e-016    0.997812    0.066117    0    -1    -2.54586e-016    2.77556e-017    0    -0.0663409    -0.0590298    -0.039    1    
                        /*	4:子节点数	*/	0

                        /*	4:名称	*/	48M~49M,56M~57M,64M低鱼腹式(右端)-1/Q6+2J1(右端)-2/LS3_3号螺栓-3
                        /*	4:类型	*/	零件\LS3_3号螺栓.SLDPRT
                        /*	4:位置	*/	2.4067e-016    -0.897189    0.441647    0    -8.7535e-017    0.441647    0.897189    0    -1    -2.54586e-016    2.77556e-017    0    -0.0663409    -0.10903    0.041    1    
                        /*	4:子节点数	*/	0

                        /*	4:名称	*/	48M~49M,56M~57M,64M低鱼腹式(右端)-1/Q6+2J1(右端)-2/LS3_3号螺栓-4
                        /*	4:类型	*/	零件\LS3_3号螺栓.SLDPRT
                        /*	4:位置	*/	2.4067e-016    -0.897189    0.441647    0    -8.7535e-017    0.441647    0.897189    0    -1    -2.54586e-016    2.77556e-017    0    -0.0663409    -0.00902979    0.041    1    
                        /*	4:子节点数	*/	0

                        /*	4:名称	*/	48M~49M,56M~57M,64M低鱼腹式(右端)-1/Q6+2J1(右端)-2/LS3_3号螺栓-5
                        /*	4:类型	*/	零件\LS3_3号螺栓.SLDPRT
                        /*	4:位置	*/	2.4067e-016    -0.897189    0.441647    0    -8.7535e-017    0.441647    0.897189    0    -1    -2.54586e-016    2.77556e-017    0    -0.0663409    0.0909702    0.041    1    
                        /*	4:子节点数	*/	0

                        /*	4:名称	*/	48M~49M,56M~57M,64M低鱼腹式(右端)-1/Q6+2J1(右端)-2/LS3_3号螺栓-6
                        /*	4:类型	*/	零件\LS3_3号螺栓.SLDPRT
                        /*	4:位置	*/	4.45273e-017    -0.066117    0.997812    0    -2.52193e-016    0.997812    0.066117    0    -1    -2.54586e-016    2.77556e-017    0    -0.0663409    0.0409702    -0.039    1    
                        /*	4:子节点数	*/	0

                        /*	4:名称	*/	48M~49M,56M~57M,64M低鱼腹式(右端)-1/Q6+2J1(右端)-2/Q6_纵梁端头-1
                        /*	4:类型	*/	零件\Q6_纵梁端头.SLDPRT
                        /*	4:位置	*/	1    0    0    0    0    1    0    0    0    0    1    0    -0.103341    -0.00902979    0.0305    1    
                        /*	4:子节点数	*/	0

                        /*	4:名称	*/	48M~49M,56M~57M,64M低鱼腹式(右端)-1/Q6+2J1(右端)-2/螺母3-1
                        /*	4:类型	*/	零件\螺母3.SLDPRT
                        /*	4:位置	*/	2.77556e-017    2.10804e-014    1    0    -2.54586e-016    1    -2.12191e-014    0    -1    -2.54586e-016    2.77556e-017    0    -0.121341    -0.0590298    -0.039    1    
                        /*	4:子节点数	*/	0

                        /*	4:名称	*/	48M~49M,56M~57M,64M低鱼腹式(右端)-1/Q6+2J1(右端)-2/螺母3-10
                        /*	4:类型	*/	零件\螺母3.SLDPRT
                        /*	4:位置	*/	0.866025    -0.5    1.05471e-014    0    0.5    0.866025    -1.82681e-014    0    0    2.10942e-014    1    0    -0.193341    -0.10903    -0.106    1    
                        /*	4:子节点数	*/	0

                        /*	4:名称	*/	48M~49M,56M~57M,64M低鱼腹式(右端)-1/Q6+2J1(右端)-2/螺母3-11
                        /*	4:类型	*/	零件\螺母3.SLDPRT
                        /*	4:位置	*/	0.866025    -0.5    1.05471e-014    0    0.5    0.866025    -1.82681e-014    0    0    2.10942e-014    1    0    -0.0133409    -0.10903    -0.106    1    
                        /*	4:子节点数	*/	0

                        /*	4:名称	*/	48M~49M,56M~57M,64M低鱼腹式(右端)-1/Q6+2J1(右端)-2/螺母3-2
                        /*	4:类型	*/	零件\螺母3.SLDPRT
                        /*	4:位置	*/	2.34355e-016    -0.866025    0.5    0    -1.03256e-016    0.5    0.866025    0    -1    -2.54586e-016    2.77556e-017    0    -0.121341    -0.10903    0.041    1    
                        /*	4:子节点数	*/	0

                        /*	4:名称	*/	48M~49M,56M~57M,64M低鱼腹式(右端)-1/Q6+2J1(右端)-2/螺母3-3
                        /*	4:类型	*/	零件\螺母3.SLDPRT
                        /*	4:位置	*/	2.34355e-016    -0.866025    0.5    0    -1.03256e-016    0.5    0.866025    0    -1    -2.54586e-016    2.77556e-017    0    -0.121341    -0.00902979    0.041    1    
                        /*	4:子节点数	*/	0

                        /*	4:名称	*/	48M~49M,56M~57M,64M低鱼腹式(右端)-1/Q6+2J1(右端)-2/螺母3-4
                        /*	4:类型	*/	零件\螺母3.SLDPRT
                        /*	4:位置	*/	2.34355e-016    -0.866025    0.5    0    -1.03256e-016    0.5    0.866025    0    -1    -2.54586e-016    2.77556e-017    0    -0.121341    0.0909702    0.041    1    
                        /*	4:子节点数	*/	0

                        /*	4:名称	*/	48M~49M,56M~57M,64M低鱼腹式(右端)-1/Q6+2J1(右端)-2/螺母3-5
                        /*	4:类型	*/	零件\螺母3.SLDPRT
                        /*	4:位置	*/	2.77556e-017    2.10804e-014    1    0    -2.54586e-016    1    -2.12191e-014    0    -1    -2.54586e-016    2.77556e-017    0    -0.121341    0.0409702    -0.039    1    
                        /*	4:子节点数	*/	0

                        /*	4:名称	*/	48M~49M,56M~57M,64M低鱼腹式(右端)-1/Q6+2J1(右端)-2/螺母3-6
                        /*	4:类型	*/	零件\螺母3.SLDPRT
                        /*	4:位置	*/	0.866025    -0.5    1.05471e-014    0    0.5    0.866025    -1.82681e-014    0    0    2.10942e-014    1    0    -0.193341    0.0909702    -0.106    1    
                        /*	4:子节点数	*/	0

                        /*	4:名称	*/	48M~49M,56M~57M,64M低鱼腹式(右端)-1/Q6+2J1(右端)-2/螺母3-7
                        /*	4:类型	*/	零件\螺母3.SLDPRT
                        /*	4:位置	*/	0.866025    -0.5    1.05471e-014    0    0.5    0.866025    -1.82681e-014    0    0    2.10942e-014    1    0    -0.0133409    0.0909702    -0.106    1    
                        /*	4:子节点数	*/	0

                        /*	4:名称	*/	48M~49M,56M~57M,64M低鱼腹式(右端)-1/Q6+2J1(右端)-2/螺母3-8
                        /*	4:类型	*/	零件\螺母3.SLDPRT
                        /*	4:位置	*/	0.866025    -0.5    1.05471e-014    0    0.5    0.866025    -1.82681e-014    0    0    2.10942e-014    1    0    -0.193341    -0.00902979    -0.106    1    
                        /*	4:子节点数	*/	0

                        /*	4:名称	*/	48M~49M,56M~57M,64M低鱼腹式(右端)-1/Q6+2J1(右端)-2/螺母3-9
                        /*	4:类型	*/	零件\螺母3.SLDPRT
                        /*	4:位置	*/	0.866025    -0.5    1.05471e-014    0    0.5    0.866025    -1.82681e-014    0    0    2.10942e-014    1    0    -0.0133409    -0.00902979    -0.106    1    
                        /*	4:子节点数	*/	0

                /*	3:名称	*/	48M~49M,56M~57M,64M低鱼腹式(右端)-1/Q6+2J1(右端)-3
                /*	3:类型	*/	上承式梁\公共组件\纵梁\Q6+2J1(右端).SLDASM
                /*	3:位置	*/	1    0    0    0    0    1    0    0    0    0    1    0    1.09048    1.55422    3.879    1    
                /*	3:子节点数	*/	19

                        /*	4:名称	*/	48M~49M,56M~57M,64M低鱼腹式(右端)-1/Q6+2J1(右端)-3/J1_1号联结角钢-1
                        /*	4:类型	*/	零件\J1_1号联结角钢.SLDPRT
                        /*	4:位置	*/	1    0    0    0    0    1    0    0    0    0    1    0    -0.234341    -0.15403    -0.118    1    
                        /*	4:子节点数	*/	0

                        /*	4:名称	*/	48M~49M,56M~57M,64M低鱼腹式(右端)-1/Q6+2J1(右端)-3/J1_1号联结角钢-2
                        /*	4:类型	*/	零件\J1_1号联结角钢.SLDPRT
                        /*	4:位置	*/	-1    -1.11022e-016    2.77556e-017    0    1.11022e-016    -1    -7.23033e-015    0    2.77556e-017    -7.23033e-015    1    0    0.0276591    0.13597    -0.118    1    
                        /*	4:子节点数	*/	0

                        /*	4:名称	*/	48M~49M,56M~57M,64M低鱼腹式(右端)-1/Q6+2J1(右端)-3/LS3_3号螺栓-1
                        /*	4:类型	*/	零件\LS3_3号螺栓.SLDPRT
                        /*	4:位置	*/	4.45273e-017    -0.066117    0.997812    0    -2.52193e-016    0.997812    0.066117    0    -1    -2.54586e-016    2.77556e-017    0    -0.0663409    -0.0590298    -0.039    1    
                        /*	4:子节点数	*/	0

                        /*	4:名称	*/	48M~49M,56M~57M,64M低鱼腹式(右端)-1/Q6+2J1(右端)-3/LS3_3号螺栓-3
                        /*	4:类型	*/	零件\LS3_3号螺栓.SLDPRT
                        /*	4:位置	*/	2.4067e-016    -0.897189    0.441647    0    -8.7535e-017    0.441647    0.897189    0    -1    -2.54586e-016    2.77556e-017    0    -0.0663409    -0.10903    0.041    1    
                        /*	4:子节点数	*/	0

                        /*	4:名称	*/	48M~49M,56M~57M,64M低鱼腹式(右端)-1/Q6+2J1(右端)-3/LS3_3号螺栓-4
                        /*	4:类型	*/	零件\LS3_3号螺栓.SLDPRT
                        /*	4:位置	*/	2.4067e-016    -0.897189    0.441647    0    -8.7535e-017    0.441647    0.897189    0    -1    -2.54586e-016    2.77556e-017    0    -0.0663409    -0.00902979    0.041    1    
                        /*	4:子节点数	*/	0

                        /*	4:名称	*/	48M~49M,56M~57M,64M低鱼腹式(右端)-1/Q6+2J1(右端)-3/LS3_3号螺栓-5
                        /*	4:类型	*/	零件\LS3_3号螺栓.SLDPRT
                        /*	4:位置	*/	2.4067e-016    -0.897189    0.441647    0    -8.7535e-017    0.441647    0.897189    0    -1    -2.54586e-016    2.77556e-017    0    -0.0663409    0.0909702    0.041    1    
                        /*	4:子节点数	*/	0

                        /*	4:名称	*/	48M~49M,56M~57M,64M低鱼腹式(右端)-1/Q6+2J1(右端)-3/LS3_3号螺栓-6
                        /*	4:类型	*/	零件\LS3_3号螺栓.SLDPRT
                        /*	4:位置	*/	4.45273e-017    -0.066117    0.997812    0    -2.52193e-016    0.997812    0.066117    0    -1    -2.54586e-016    2.77556e-017    0    -0.0663409    0.0409702    -0.039    1    
                        /*	4:子节点数	*/	0

                        /*	4:名称	*/	48M~49M,56M~57M,64M低鱼腹式(右端)-1/Q6+2J1(右端)-3/Q6_纵梁端头-1
                        /*	4:类型	*/	零件\Q6_纵梁端头.SLDPRT
                        /*	4:位置	*/	1    0    0    0    0    1    0    0    0    0    1    0    -0.103341    -0.00902979    0.0305    1    
                        /*	4:子节点数	*/	0

                        /*	4:名称	*/	48M~49M,56M~57M,64M低鱼腹式(右端)-1/Q6+2J1(右端)-3/螺母3-1
                        /*	4:类型	*/	零件\螺母3.SLDPRT
                        /*	4:位置	*/	2.77556e-017    2.10804e-014    1    0    -2.54586e-016    1    -2.12191e-014    0    -1    -2.54586e-016    2.77556e-017    0    -0.121341    -0.0590298    -0.039    1    
                        /*	4:子节点数	*/	0

                        /*	4:名称	*/	48M~49M,56M~57M,64M低鱼腹式(右端)-1/Q6+2J1(右端)-3/螺母3-10
                        /*	4:类型	*/	零件\螺母3.SLDPRT
                        /*	4:位置	*/	0.866025    -0.5    1.05471e-014    0    0.5    0.866025    -1.82681e-014    0    0    2.10942e-014    1    0    -0.193341    -0.10903    -0.106    1    
                        /*	4:子节点数	*/	0

                        /*	4:名称	*/	48M~49M,56M~57M,64M低鱼腹式(右端)-1/Q6+2J1(右端)-3/螺母3-11
                        /*	4:类型	*/	零件\螺母3.SLDPRT
                        /*	4:位置	*/	0.866025    -0.5    1.05471e-014    0    0.5    0.866025    -1.82681e-014    0    0    2.10942e-014    1    0    -0.0133409    -0.10903    -0.106    1    
                        /*	4:子节点数	*/	0

                        /*	4:名称	*/	48M~49M,56M~57M,64M低鱼腹式(右端)-1/Q6+2J1(右端)-3/螺母3-2
                        /*	4:类型	*/	零件\螺母3.SLDPRT
                        /*	4:位置	*/	2.34355e-016    -0.866025    0.5    0    -1.03256e-016    0.5    0.866025    0    -1    -2.54586e-016    2.77556e-017    0    -0.121341    -0.10903    0.041    1    
                        /*	4:子节点数	*/	0

                        /*	4:名称	*/	48M~49M,56M~57M,64M低鱼腹式(右端)-1/Q6+2J1(右端)-3/螺母3-3
                        /*	4:类型	*/	零件\螺母3.SLDPRT
                        /*	4:位置	*/	2.34355e-016    -0.866025    0.5    0    -1.03256e-016    0.5    0.866025    0    -1    -2.54586e-016    2.77556e-017    0    -0.121341    -0.00902979    0.041    1    
                        /*	4:子节点数	*/	0

                        /*	4:名称	*/	48M~49M,56M~57M,64M低鱼腹式(右端)-1/Q6+2J1(右端)-3/螺母3-4
                        /*	4:类型	*/	零件\螺母3.SLDPRT
                        /*	4:位置	*/	2.34355e-016    -0.866025    0.5    0    -1.03256e-016    0.5    0.866025    0    -1    -2.54586e-016    2.77556e-017    0    -0.121341    0.0909702    0.041    1    
                        /*	4:子节点数	*/	0

                        /*	4:名称	*/	48M~49M,56M~57M,64M低鱼腹式(右端)-1/Q6+2J1(右端)-3/螺母3-5
                        /*	4:类型	*/	零件\螺母3.SLDPRT
                        /*	4:位置	*/	2.77556e-017    2.10804e-014    1    0    -2.54586e-016    1    -2.12191e-014    0    -1    -2.54586e-016    2.77556e-017    0    -0.121341    0.0409702    -0.039    1    
                        /*	4:子节点数	*/	0

                        /*	4:名称	*/	48M~49M,56M~57M,64M低鱼腹式(右端)-1/Q6+2J1(右端)-3/螺母3-6
                        /*	4:类型	*/	零件\螺母3.SLDPRT
                        /*	4:位置	*/	0.866025    -0.5    1.05471e-014    0    0.5    0.866025    -1.82681e-014    0    0    2.10942e-014    1    0    -0.193341    0.0909702    -0.106    1    
                        /*	4:子节点数	*/	0

                        /*	4:名称	*/	48M~49M,56M~57M,64M低鱼腹式(右端)-1/Q6+2J1(右端)-3/螺母3-7
                        /*	4:类型	*/	零件\螺母3.SLDPRT
                        /*	4:位置	*/	0.866025    -0.5    1.05471e-014    0    0.5    0.866025    -1.82681e-014    0    0    2.10942e-014    1    0    -0.0133409    0.0909702    -0.106    1    
                        /*	4:子节点数	*/	0

                        /*	4:名称	*/	48M~49M,56M~57M,64M低鱼腹式(右端)-1/Q6+2J1(右端)-3/螺母3-8
                        /*	4:类型	*/	零件\螺母3.SLDPRT
                        /*	4:位置	*/	0.866025    -0.5    1.05471e-014    0    0.5    0.866025    -1.82681e-014    0    0    2.10942e-014    1    0    -0.193341    -0.00902979    -0.106    1    
                        /*	4:子节点数	*/	0

                        /*	4:名称	*/	48M~49M,56M~57M,64M低鱼腹式(右端)-1/Q6+2J1(右端)-3/螺母3-9
                        /*	4:类型	*/	零件\螺母3.SLDPRT
                        /*	4:位置	*/	0.866025    -0.5    1.05471e-014    0    0.5    0.866025    -1.82681e-014    0    0    2.10942e-014    1    0    -0.0133409    -0.00902979    -0.106    1    
                        /*	4:子节点数	*/	0

                /*	3:名称	*/	48M~49M,56M~57M,64M低鱼腹式(右端)-1/上承式上平联（反1f型，配J2）-1
                /*	3:类型	*/	上承式梁\公共组件\上平联\上承式上平联（反1f型，配J2）.SLDASM
                /*	3:位置	*/	-1    6.77236e-015    3.59803e-016    0    6.77236e-015    1    -6.07152e-014    0    -3.59803e-016    -6.07152e-014    -1    0    -0.253704    1.26895    -0.245    1    
                /*	3:子节点数	*/	48

                        /*	4:名称	*/	48M~49M,56M~57M,64M低鱼腹式(右端)-1/上承式上平联（反1f型，配J2）-1/LS2_2号螺栓-1
                        /*	4:类型	*/	零件\LS2_2号螺栓.SLDPRT
                        /*	4:位置	*/	-7.39557e-031    0.441647    0.897189    0    1.97215e-031    0.897189    -0.441647    0    -1    -1.03146e-030    0    0    -1.54984    0.0212351    -0.095    1    
                        /*	4:子节点数	*/	0

                        /*	4:名称	*/	48M~49M,56M~57M,64M低鱼腹式(右端)-1/上承式上平联（反1f型，配J2）-1/LS2_2号螺栓-10
                        /*	4:类型	*/	零件\LS2_2号螺栓.SLDPRT
                        /*	4:位置	*/	2.95823e-031    -0.556165    -0.831072    0    -1.03538e-030    0.831072    -0.556165    0    1    1.03146e-030    0    0    0.868158    -0.0787649    -0.095    1    
                        /*	4:子节点数	*/	0

                        /*	4:名称	*/	48M~49M,56M~57M,64M低鱼腹式(右端)-1/上承式上平联（反1f型，配J2）-1/LS2_2号螺栓-11
                        /*	4:类型	*/	零件\LS2_2号螺栓.SLDPRT
                        /*	4:位置	*/	2.95823e-031    -0.556165    -0.831072    0    -1.03538e-030    0.831072    -0.556165    0    1    1.03146e-030    0    0    0.868158    -0.178765    -0.095    1    
                        /*	4:子节点数	*/	0

                        /*	4:名称	*/	48M~49M,56M~57M,64M低鱼腹式(右端)-1/上承式上平联（反1f型，配J2）-1/LS2_2号螺栓-12
                        /*	4:类型	*/	零件\LS2_2号螺栓.SLDPRT
                        /*	4:位置	*/	2.95823e-031    -0.556165    -0.831072    0    -1.03538e-030    0.831072    -0.556165    0    1    1.03146e-030    0    0    0.868158    0.0212351    0.095    1    
                        /*	4:子节点数	*/	0

                        /*	4:名称	*/	48M~49M,56M~57M,64M低鱼腹式(右端)-1/上承式上平联（反1f型，配J2）-1/LS2_2号螺栓-13
                        /*	4:类型	*/	零件\LS2_2号螺栓.SLDPRT
                        /*	4:位置	*/	2.95823e-031    -0.556165    -0.831072    0    -1.03538e-030    0.831072    -0.556165    0    1    1.03146e-030    0    0    0.868158    -0.0787649    0.095    1    
                        /*	4:子节点数	*/	0

                        /*	4:名称	*/	48M~49M,56M~57M,64M低鱼腹式(右端)-1/上承式上平联（反1f型，配J2）-1/LS2_2号螺栓-14
                        /*	4:类型	*/	零件\LS2_2号螺栓.SLDPRT
                        /*	4:位置	*/	2.95823e-031    -0.556165    -0.831072    0    -1.03538e-030    0.831072    -0.556165    0    1    1.03146e-030    0    0    0.868158    -0.178765    0.095    1    
                        /*	4:子节点数	*/	0

                        /*	4:名称	*/	48M~49M,56M~57M,64M低鱼腹式(右端)-1/上承式上平联（反1f型，配J2）-1/LS2_2号螺栓-15
                        /*	4:类型	*/	零件\LS2_2号螺栓.SLDPRT
                        /*	4:位置	*/	-8.38165e-031    0.441647    -0.897189    0    -6.65601e-031    0.897189    0.441647    0    1    1.03146e-030    0    0    0.868158    0.346235    -0.06    1    
                        /*	4:子节点数	*/	0

