/*		change from solidworks 2011		*/	

B型活动墩
B型活动墩.SLDASM
1.0	0.0	0.0	0.0	0.0	1.0	0.0	0.0	0.0	0.0	1.0	0.0	0.0	0.0	0.0	1.0
32

	P32-1
	P32.SLDPRT
	-1.0	0.0	6.98297E-15	0.0	0.0	1.0	0.0	0.0	-6.98297E-15	0.0	-1.0	0.0	-0.592818	-1.68353	0.856475	1.0
	0

	P31-1
	P31.SLDPRT
	1.0	0.0	0.0	0.0	0.0	1.0	0.0	0.0	0.0	0.0	1.0	0.0	-0.762818	-1.69853	0.746475	1.0
	0

	B型活动墩1-2
	B型活动墩1.SLDASM
	-1.0	-5.71645E-17	3.9443E-31	0.0	-5.71645E-17	1.0	-5.55112E-17	0.0	-2.95823E-31	-5.55112E-17	-1.0	0.0	3.63861	-1.82883	-5.55112E-16	1.0
	21

		B型活动墩1-2/P37-2
		P37.SLDPRT
		-1.0	-5.71645E-17	-3.91257E-31	0.0	-5.71645E-17	1.0	-5.55112E-17	0.0	2.98996E-31	-5.55112E-17	-1.0	0.0	0.0344281	-0.151843	2.25	1.0
		0

		B型活动墩1-2/P37-1
		P37.SLDPRT
		1.0	-2.18953E-47	0.0	0.0	-1.65976E-47	1.0	0.0	0.0	0.0	0.0	1.0	0.0	-0.0035719	-0.151843	-2.25	1.0
		0

		B型活动墩1-2/P23A-1
		P23A.SLDPRT
		-9.99201E-16	0.0	-1.0	0.0	-1.65976E-47	1.0	0.0	0.0	1.0	6.16298E-33	-9.99201E-16	0.0	-0.0415719	0.120157	0.75	1.0
		0

		B型活动墩1-2/P23-1
		P23.SLDPRT
		-1.05471E-15	-2.50278E-17	1.0	0.0	-2.85822E-17	1.0	2.50278E-17	0.0	-1.0	-2.85822E-17	-1.05471E-15	0.0	0.0724281	0.120157	0.75	1.0
		0

		B型活动墩1-2/P29-1
		P29.SLDPRT
		1.0	-2.18953E-47	0.0	0.0	-1.65976E-47	1.0	0.0	0.0	0.0	0.0	1.0	0.0	0.0154281	0.120157	1.915	1.0
		0

		B型活动墩1-2/P28-1
		P28.SLDPRT
		1.0	1.45717E-16	1.05471E-15	0.0	-1.05471E-15	-2.50278E-17	1.0	0.0	1.45717E-16	-1.0	-2.50278E-17	0.0	0.0124281	1.33211	0.846475	1.0
		0

		B型活动墩1-2/P38-1
		P38.SLDPRT
		1.05471E-15	-3.55441E-18	-1.0	0.0	-5.36101E-17	1.0	-3.55441E-18	0.0	1.0	5.36101E-17	1.05471E-15	0.0	0.0474281	3.65016	0.841141	1.0
		0

		B型活动墩1-2/P23A-2
		P23A.SLDPRT
		1.33227E-15	0.0	-1.0	0.0	-1.65976E-47	1.0	0.0	0.0	1.0	7.99178E-46	1.33227E-15	0.0	-0.0415719	0.120157	-0.75	1.0
		0

		B型活动墩1-2/P23-2
		P23.SLDPRT
		1.33227E-15	5.48147E-18	1.0	0.0	4.75435E-18	1.0	-5.48147E-18	0.0	-1.0	4.75435E-18	1.33227E-15	0.0	0.0724281	0.120157	-0.75	1.0
		0

		B型活动墩1-2/P26-1
		P26.SLDPRT
		0.0	0.0	1.0	0.0	1.0	-1.22465E-16	0.0	0.0	1.22465E-16	1.0	0.0	0.0	0.0284281	1.34537	0.943675	1.0
		0

		B型活动墩1-2/P24-1
		P24.SLDPRT
		-2.00188E-47	-1.0	1.22465E-16	0.0	1.0	1.91241E-32	1.22465E-16	0.0	-1.22465E-16	1.22465E-16	1.0	0.0	0.0204281	1.60553	2.00997	1.0
		0

		B型活动墩1-2/P25-1
		P25.SLDPRT
		-5.61639E-16	-0.714631	0.699501	0.0	1.0	1.84953E-16	9.91866E-16	0.0	-8.38193E-16	0.699501	0.714631	0.0	0.0174281	1.22514	0.869861	1.0
		0

		B型活动墩1-2/P29-2
		P29.SLDPRT
		-1.0	-5.71645E-17	-3.91257E-31	0.0	-5.71645E-17	1.0	-5.55112E-17	0.0	2.98996E-31	-5.55112E-17	-1.0	0.0	0.0154281	0.120157	-1.915	1.0
		0

		B型活动墩1-2/P28-2
		P28.SLDPRT
		1.0	-5.20417E-18	1.97215E-31	0.0	0.0	-2.49448E-17	1.0	0.0	-5.20417E-18	-1.0	-2.49448E-17	0.0	0.0124281	2.32711	0.846475	1.0
		0

		B型活动墩1-2/P25-2
		P25.SLDPRT
		-8.7699E-34	-0.617975	0.786198	0.0	1.0	-9.62815E-17	-7.56801E-17	0.0	1.22465E-16	0.786198	0.617975	0.0	0.0284281	2.21329	0.870693	1.0
		0

		B型活动墩1-2/P24-2
		P24.SLDPRT
		-4.55884E-17	1.0	1.11098E-16	0.0	1.0	4.55884E-17	-1.22465E-16	0.0	-1.22465E-16	1.11098E-16	-1.0	0.0	0.0204281	0.115532	-2.00997	1.0
		0

		B型活动墩1-2/P25-3
		P25.SLDPRT
		4.71114E-16	0.714631	0.699501	0.0	1.0	1.98845E-16	-8.32667E-16	0.0	-8.88178E-16	0.699501	-0.714631	0.0	0.0174281	0.170342	-1.90232	1.0
		0

		B型活动墩1-2/P28-3
		P28.SLDPRT
		-1.0	1.96152E-15	3.7128E-15	0.0	-3.7128E-15	-2.77556E-17	-1.0	0.0	-1.96152E-15	-1.0	2.77556E-17	0.0	0.0124281	1.33211	-0.846475	1.0
		0

		B型活动墩1-2/P28-4
		P28.SLDPRT
		-1.0	2.11244E-15	2.65809E-15	0.0	-2.65809E-15	-2.77556E-17	-1.0	0.0	-2.11244E-15	-1.0	2.77556E-17	0.0	0.0124281	2.32711	-0.846475	1.0
		0

		B型活动墩1-2/P25-4
		P25.SLDPRT
		-8.45488E-17	0.617975	0.786198	0.0	1.0	-8.30213E-17	1.66533E-16	0.0	1.11022E-16	0.786198	-0.617975	0.0	0.0284281	1.30116	-2.03112	1.0
		0

		B型活动墩1-2/P26-2
		P26.SLDPRT
		7.47543E-17	-5.49295E-17	1.0	0.0	1.0	-1.66533E-16	-7.47543E-17	0.0	1.66533E-16	1.0	5.49295E-17	0.0	0.0284281	1.34537	-1.97367	1.0
		0

	B型活动墩1-1
	B型活动墩1.SLDASM
	1.0	0.0	0.0	0.0	0.0	1.0	0.0	0.0	0.0	0.0	1.0	0.0	-0.900247	-1.82064	-6.97533E-14	1.0
	21

		B型活动墩1-1/P37-2
		P37.SLDPRT
		-1.0	-1.22465E-16	0.0	0.0	-1.22465E-16	1.0	-1.11022E-16	0.0	0.0	5.55112E-17	-1.0	0.0	0.0344281	-0.151843	2.25	1.0
		0

		B型活动墩1-1/P37-1
		P37.SLDPRT
		1.0	0.0	0.0	0.0	0.0	1.0	0.0	0.0	0.0	0.0	1.0	0.0	-0.0035719	-0.151843	-2.25	1.0
		0

		B型活动墩1-1/P23A-1
		P23A.SLDPRT
		-9.99201E-16	0.0	-1.0	0.0	0.0	1.0	0.0	0.0	1.0	0.0	-9.99201E-16	0.0	-0.0415719	0.120157	0.75	1.0
		0

		B型活动墩1-1/P23-1
		P23.SLDPRT
		-1.05471E-15	-2.50278E-17	1.0	0.0	-2.85822E-17	1.0	2.50278E-17	0.0	-1.0	-2.85822E-17	-1.05471E-15	0.0	0.0724281	0.120157	0.75	1.0
		0

		B型活动墩1-1/P29-1
		P29.SLDPRT
		1.0	0.0	0.0	0.0	0.0	1.0	0.0	0.0	0.0	0.0	1.0	0.0	0.0154281	0.120157	1.915	1.0
		0

		B型活动墩1-1/P28-1
		P28.SLDPRT
		1.0	1.45717E-16	1.05471E-15	0.0	-1.05471E-15	-2.50278E-17	1.0	0.0	1.45717E-16	-1.0	-2.50278E-17	0.0	0.0124281	1.33211	0.846475	1.0
		0

		B型活动墩1-1/P38-1
		P38.SLDPRT
		1.05471E-15	-3.55441E-18	-1.0	0.0	-5.36101E-17	1.0	-3.55441E-18	0.0	1.0	5.36101E-17	1.05471E-15	0.0	0.0474281	3.65016	0.841141	1.0
		0

		B型活动墩1-1/P23A-2
		P23A.SLDPRT
		1.33227E-15	0.0	-1.0	0.0	0.0	1.0	0.0	0.0	1.0	0.0	1.33227E-15	0.0	-0.0415719	0.120157	-0.75	1.0
		0

		B型活动墩1-1/P23-2
		P23.SLDPRT
		1.33227E-15	5.48147E-18	1.0	0.0	4.75435E-18	1.0	-5.48147E-18	0.0	-1.0	4.75435E-18	1.33227E-15	0.0	0.0724281	0.120157	-0.75	1.0
		0

		B型活动墩1-1/P26-1
		P26.SLDPRT
		5.64153E-49	0.0	1.0	0.0	1.0	-1.22465E-16	0.0	0.0	1.22465E-16	1.0	0.0	0.0	0.0284281	1.34537	0.943675	1.0
		0

		B型活动墩1-1/P24-1
		P24.SLDPRT
		0.0	-1.0	1.22465E-16	0.0	1.0	1.49976E-32	1.22465E-16	0.0	-1.22465E-16	1.22465E-16	1.0	0.0	0.0204281	1.60553	2.00997	1.0
		0

		B型活动墩1-1/P25-1
		P25.SLDPRT
		-5.61639E-16	-0.714631	0.699501	0.0	1.0	1.84953E-16	9.91866E-16	0.0	-8.38193E-16	0.699501	0.714631	0.0	0.0174281	1.22514	0.869861	1.0
		0

		B型活动墩1-1/P29-2
		P29.SLDPRT
		-1.0	-1.28088E-15	-1.45257E-15	0.0	-1.28088E-15	1.0	0.0	0.0	1.45257E-15	0.0	-1.0	0.0	0.0154281	0.120157	-1.915	1.0
		0

		B型活动墩1-1/P28-2
		P28.SLDPRT
		1.0	-5.20417E-18	1.97215E-31	0.0	0.0	-2.49448E-17	1.0	0.0	-5.20417E-18	-1.0	-2.49448E-17	0.0	0.0124281	2.32711	0.846475	1.0
		0

		B型活动墩1-1/P25-2
		P25.SLDPRT
		4.19384E-48	-0.617975	0.786198	0.0	1.0	-9.62815E-17	-7.56801E-17	0.0	1.22465E-16	0.786198	0.617975	0.0	0.0284281	2.21329	0.870693	1.0
		0

		B型活动墩1-1/P24-2
		P24.SLDPRT
		-4.55884E-17	1.0	1.11098E-16	0.0	1.0	4.55884E-17	-1.22465E-16	0.0	-1.22465E-16	1.11098E-16	-1.0	0.0	0.0204281	0.115532	-2.00997	1.0
		0

		B型活动墩1-1/P25-3
		P25.SLDPRT
		4.71114E-16	0.714631	0.699501	0.0	1.0	1.98845E-16	-8.32667E-16	0.0	-8.88178E-16	0.699501	-0.714631	0.0	0.0174281	0.170342	-1.90232	1.0
		0

		B型活动墩1-1/P28-3
		P28.SLDPRT
		-1.0	1.96152E-15	3.7128E-15	0.0	-3.7128E-15	-2.77556E-17	-1.0	0.0	-1.96152E-15	-1.0	2.77556E-17	0.0	0.0124281	1.33211	-0.846475	1.0
		0

		B型活动墩1-1/P28-4
		P28.SLDPRT
		-1.0	2.11244E-15	2.65809E-15	0.0	-2.65809E-15	-2.77556E-17	-1.0	0.0	-2.11244E-15	-1.0	2.77556E-17	0.0	0.0124281	2.32711	-0.846475	1.0
		0

		B型活动墩1-1/P25-4
		P25.SLDPRT
		-8.45488E-17	0.617975	0.786198	0.0	1.0	-8.30213E-17	1.66533E-16	0.0	1.11022E-16	0.786198	-0.617975	0.0	0.0284281	1.30116	-2.03112	1.0
		0

		B型活动墩1-1/P26-2
		P26.SLDPRT
		7.47543E-17	-5.49295E-17	1.0	0.0	1.0	-1.66533E-16	-7.47543E-17	0.0	1.66533E-16	1.0	5.49295E-17	0.0	0.0284281	1.34537	-1.97367	1.0
		0

	P34-3
	P34.SLDPRT
	1.0	0.0	0.0	0.0	0.0	1.0	0.0	0.0	0.0	0.0	1.0	0.0	-0.872818	0.341473	0.641665	1.0
	0

	P34-1
	P34.SLDPRT
	1.0	0.0	0.0	0.0	0.0	1.0	0.0	0.0	0.0	0.0	1.0	0.0	-0.872818	0.341473	0.846475	1.0
	0

	P32-2
	P32.SLDPRT
	1.0	0.0	0.0	0.0	0.0	1.0	0.0	0.0	0.0	0.0	1.0	0.0	3.33118	-1.69171	0.848335	1.0
	0

	P33-3
	P33.SLDPRT
	0.378878	-0.925446	0.0	0.0	0.0	0.0	-1.0	0.0	0.925446	0.378878	0.0	0.0	-0.709578	0.103514	0.842475	1.0
	0

	P32-4
	P32.SLDPRT
	-1.0	0.0	6.98297E-15	0.0	0.0	1.0	0.0	0.0	-6.98297E-15	0.0	-1.0	0.0	-0.592818	-1.68353	0.651665	1.0
	0

	P32-6
	P32.SLDPRT
	-1.0	0.0	6.98297E-15	0.0	0.0	1.0	0.0	0.0	-6.98297E-15	0.0	-1.0	0.0	-0.592818	-1.68353	-0.853335	1.0
	0

	P31-2
	P31.SLDPRT
	1.0	0.0	0.0	0.0	0.0	1.0	0.0	0.0	0.0	0.0	1.0	0.0	-0.762818	-1.69853	-0.758525	1.0
	0

	P32-5
	P32.SLDPRT
	1.0	0.0	0.0	0.0	0.0	1.0	0.0	0.0	0.0	0.0	1.0	0.0	3.33118	-1.69171	-0.656665	1.0
	0

	P33-5
	P33.SLDPRT
	0.378878	-0.925446	0.0	0.0	0.0	0.0	-1.0	0.0	0.925446	0.378878	0.0	0.0	-0.709578	0.103514	-0.662525	1.0
	0

	P32-7
	P32.SLDPRT
	-1.0	0.0	6.98297E-15	0.0	0.0	1.0	0.0	0.0	-6.98297E-15	0.0	-1.0	0.0	-0.592818	-1.68353	-0.648525	1.0
	0

	P33-7
	P33.SLDPRT
	-0.37815	0.925744	-7.30283E-31	0.0	-1.46379E-45	7.88861E-31	1.0	0.0	0.925744	0.37815	-2.98308E-31	0.0	-0.208819	-1.12217	0.655665	1.0
	0

	P34-6
	P34.SLDPRT
	1.0	0.0	0.0	0.0	0.0	1.0	0.0	0.0	0.0	0.0	1.0	0.0	-0.872818	0.341473	-0.658525	1.0
	0

	P34-5
	P34.SLDPRT
	1.0	0.0	0.0	0.0	0.0	1.0	0.0	0.0	0.0	0.0	1.0	0.0	-0.872818	0.341473	-0.863335	1.0
	0

	P34-8
	P34.SLDPRT
	-1.0	4.71845E-15	3.08636E-15	0.0	4.71845E-15	1.0	-2.6988E-17	0.0	-3.08732E-15	-2.71656E-17	-1.0	0.0	3.61118	0.333289	0.653525	1.0
	0

	P33-8
	P33.SLDPRT
	-0.369104	-0.929388	4.2613E-16	0.0	1.40328E-15	-9.8804E-17	1.0	0.0	-0.929388	0.369104	1.34066E-15	0.0	3.44676	0.0953586	0.657525	1.0
	0

	P34-7
	P34.SLDPRT
	-1.0	4.71845E-15	3.08636E-15	0.0	4.71845E-15	1.0	-2.6988E-17	0.0	-3.08732E-15	-2.71656E-17	-1.0	0.0	3.61118	0.333289	0.858335	1.0
	0

	P33-10
	P33.SLDPRT
	-0.37815	0.925744	-7.30283E-31	0.0	-1.46379E-45	7.88861E-31	1.0	0.0	0.925744	0.37815	-2.98308E-31	0.0	-0.208819	-1.12217	-0.849335	1.0
	0

	P33-9
	P33.SLDPRT
	0.394675	0.918821	-6.08316E-16	0.0	-1.45409E-15	-3.74662E-17	-1.0	0.0	-0.918821	0.394675	1.32126E-15	0.0	2.96223	-1.05297	0.844335	1.0
	0

	P34-9
	P34.SLDPRT
	-1.0	4.71845E-15	3.08636E-15	0.0	4.71845E-15	1.0	-2.6988E-17	0.0	-3.08732E-15	-2.71656E-17	-1.0	0.0	3.61118	0.333289	-0.851475	1.0
	0

	P33-12
	P33.SLDPRT
	-0.369104	-0.929388	4.2613E-16	0.0	1.40328E-15	-9.8804E-17	1.0	0.0	-0.929388	0.369104	1.34066E-15	0.0	3.44676	0.0953586	-0.847475	1.0
	0

	P33-11
	P33.SLDPRT
	0.394675	0.918821	-6.08316E-16	0.0	-1.45409E-15	-3.74662E-17	-1.0	0.0	-0.918821	0.394675	1.32126E-15	0.0	2.96223	-1.05297	-0.660665	1.0
	0

	P32-8
	P32.SLDPRT
	1.0	0.0	0.0	0.0	0.0	1.0	0.0	0.0	0.0	0.0	1.0	0.0	3.33118	-1.69171	0.643525	1.0
	0

	161-纵梁P22-1
	161-纵梁P22.SLDPRT
	0.0	0.0	1.0	0.0	1.20323E-16	-1.0	6.66134E-16	0.0	1.0	1.20323E-16	1.57772E-30	0.0	3.61218	-0.790485	-0.839135	1.0
	0

	P34-10
	P34.SLDPRT
	-1.0	4.71845E-15	3.08636E-15	0.0	4.71845E-15	1.0	-2.6988E-17	0.0	-3.08732E-15	-2.71656E-17	-1.0	0.0	3.61118	0.333289	-0.646665	1.0
	0

	161-纵梁P22-2
	161-纵梁P22.SLDPRT
	0.0	0.0	1.0	0.0	0.0	1.0	0.0	0.0	-1.0	0.0	0.0	0.0	-0.873818	-1.38049	-0.839135	1.0
	0

	P32-9
	P32.SLDPRT
	1.0	0.0	0.0	0.0	0.0	1.0	0.0	0.0	0.0	0.0	1.0	0.0	3.33118	-1.69171	-0.861475	1.0
	0

	P21垫梁组1-1
	P21垫梁组1.sldasm
	1.0	0.0	0.0	0.0	0.0	1.0	0.0	0.0	0.0	0.0	1.0	0.0	-0.873818	-1.08549	0.250865	1.0
	3

		P21垫梁组1-1/160-横梁P21-1
		160-横梁P21.SLDPRT
		1.0	0.0	0.0	0.0	0.0	1.0	0.0	0.0	0.0	0.0	1.0	0.0	0.0	0.0	0.0	1.0
		0

		P21垫梁组1-1/PZ-1
		PZ.SLDPRT
		1.0	0.0	0.0	0.0	0.0	1.0	0.0	0.0	0.0	0.0	1.0	0.0	2.5055	0.275	0.1	1.0
		0

		P21垫梁组1-1/PZ-2
		PZ.SLDPRT
		1.0	0.0	0.0	0.0	0.0	1.0	0.0	0.0	0.0	0.0	1.0	0.0	1.0005	0.275	0.1	1.0
		0

	P21垫梁组2-1
	P21垫梁组2.sldasm
	1.0	0.0	0.0	0.0	0.0	1.0	0.0	0.0	0.0	0.0	1.0	0.0	-0.873818	-1.08549	-0.249135	1.0
	3

		P21垫梁组2-1/160-横梁P21-1
		160-横梁P21.SLDPRT
		1.0	0.0	0.0	0.0	0.0	1.0	0.0	0.0	0.0	0.0	1.0	0.0	0.0	0.0	0.0	1.0
		0

		P21垫梁组2-1/PZ-1
		PZ.SLDPRT
		1.0	0.0	0.0	0.0	0.0	1.0	0.0	0.0	0.0	0.0	1.0	0.0	2.5055	0.275	0.1	1.0
		0

		P21垫梁组2-1/PZ-2
		PZ.SLDPRT
		1.0	0.0	0.0	0.0	0.0	1.0	0.0	0.0	0.0	0.0	1.0	0.0	1.0005	0.275	0.1	1.0
		0
