/*	1:name	*/	上承式51.0M梁_鱼腹式
/*	1:type	*/	上承式梁\鱼腹式\上承式51.0M梁_鱼腹式.SLDASM
/*	1:location	*/	1.0	0.0	0.0	0.0	0.0	1.0	0.0	0.0	0.0	0.0	1.0	0.0	0.0	0.0	0.0	1.0
/*	1:child_number	*/	3
	/*	2:name	*/	49M,51M...57M鱼腹式(左端)-1
	/*	2:type	*/	上承式梁\公共组件\梁端\鱼腹式梁端\49M,51M...57M鱼腹式(左端).SLDASM
	/*	2:location	*/	-1.0	3.47907E-16	5.35037E-16	0.0	3.47907E-16	1.0	-1.15895E-12	0.0	-5.35037E-16	-1.15895E-12	-1.0	0.0	-0.637621	2.70292	27.0075	1.0
	/*	2:child_number	*/	6
		/*	3:name	*/	49M,51M...57M鱼腹式(左端)-1/45M,47鱼腹式(不加畸零节间)(左端)-1
		/*	3:type	*/	上承式梁\公共组件\梁端\鱼腹式梁端\鱼腹式部件\45M,47鱼腹式(不加畸零节间)(左端).SLDASM
		/*	3:location	*/	1.0	1.40531E-32	0.0	0.0	1.40531E-32	1.0	0.0	0.0	0.0	0.0	1.0	0.0	3.25263	-0.577494	-0.227547	1.0
		/*	3:child_number	*/	8
			/*	4:name	*/	49M,51M...57M鱼腹式(左端)-1/45M,47鱼腹式(不加畸零节间)(左端)-1/41M鱼腹式梁端（右单片）(F1)-1
			/*	4:type	*/	上承式梁\公共组件\梁端\鱼腹式梁端\鱼腹式部件\41M鱼腹式梁端（右单片）(F1).SLDASM
			/*	4:location	*/	-1.0	-2.45231E-15	-1.63223E-15	0.0	-2.45231E-15	1.0	-3.90171E-12	0.0	1.63223E-15	-3.90171E-12	-1.0	0.0	-3.98961	2.02741	2.12245	1.0
			/*	4:child_number	*/	20
				/*	5:name	*/	49M,51M...57M鱼腹式(左端)-1/45M,47鱼腹式(不加畸零节间)(左端)-1/41M鱼腹式梁端（右单片）(F1)-1/2a(右内B1)-1
				/*	5:type	*/	上承式梁\公共组件\梁端\鱼腹式梁端\带螺栓零件\2a(右内B1).SLDASM
				/*	5:location	*/	1.0	1.28002E-15	-1.86124E-15	0.0	1.86124E-15	-4.39926E-15	1.0	0.0	1.28002E-15	-1.0	-4.39926E-15	0.0	0.368533	0.197167	3.84535	1.0
				/*	5:child_number	*/	15
					/*	6:name	*/	49M,51M...57M鱼腹式(左端)-1/45M,47鱼腹式(不加畸零节间)(左端)-1/41M鱼腹式梁端（右单片）(F1)-1/2a(右内B1)-1/B1_节点板-1
					/*	6:type	*/	零件\B1_节点板.SLDPRT
					/*	6:location	*/	8.99755E-17	-1.0	4.53302E-15	0.0	-5.173E-16	-4.36648E-15	-1.0	0.0	1.0	8.99755E-17	-5.173E-16	0.0	-0.483885	0.420431	0.08	1.0
					/*	6:child_number	*/	0
					/*	6:name	*/	49M,51M...57M鱼腹式(左端)-1/45M,47鱼腹式(不加畸零节间)(左端)-1/41M鱼腹式梁端（右单片）(F1)-1/2a(右内B1)-1/LS2_2号螺栓-1
					/*	6:type	*/	零件\LS2_2号螺栓.SLDPRT
					/*	6:location	*/	-5.18656E-16	0.322743	-0.946487	0.0	8.17941E-17	0.946487	0.322743	0.0	1.0	8.99755E-17	-5.173E-16	0.0	-0.502885	-0.315139	0.101095	1.0
					/*	6:child_number	*/	0
					/*	6:name	*/	49M,51M...57M鱼腹式(左端)-1/45M,47鱼腹式(不加畸零节间)(左端)-1/41M鱼腹式梁端（右单片）(F1)-1/2a(右内B1)-1/LS2_2号螺栓-10
					/*	6:type	*/	零件\LS2_2号螺栓.SLDPRT
					/*	6:location	*/	-4.34974E-17	0.997812	-0.066117	0.0	-2.34944E-16	0.066117	0.997812	0.0	1.0	5.8936E-17	2.31554E-16	0.0	-0.502885	-0.227894	-0.26	1.0
					/*	6:child_number	*/	0
					/*	6:name	*/	49M,51M...57M鱼腹式(左端)-1/45M,47鱼腹式(不加畸零节间)(左端)-1/41M鱼腹式梁端（右单片）(F1)-1/2a(右内B1)-1/LS2_2号螺栓-11
					/*	6:type	*/	零件\LS2_2号螺栓.SLDPRT
					/*	6:location	*/	-4.34974E-17	0.997812	-0.066117	0.0	-2.34944E-16	0.066117	0.997812	0.0	1.0	5.8936E-17	2.31554E-16	0.0	-0.502885	-0.227894	-0.07	1.0
					/*	6:child_number	*/	0
					/*	6:name	*/	49M,51M...57M鱼腹式(左端)-1/45M,47鱼腹式(不加畸零节间)(左端)-1/41M鱼腹式梁端（右单片）(F1)-1/2a(右内B1)-1/LS2_2号螺栓-12
					/*	6:type	*/	零件\LS2_2号螺栓.SLDPRT
					/*	6:location	*/	-4.34974E-17	0.997812	-0.066117	0.0	-2.34944E-16	0.066117	0.997812	0.0	1.0	5.8936E-17	2.31554E-16	0.0	-0.502885	-0.127894	-0.26	1.0
					/*	6:child_number	*/	0
					/*	6:name	*/	49M,51M...57M鱼腹式(左端)-1/45M,47鱼腹式(不加畸零节间)(左端)-1/41M鱼腹式梁端（右单片）(F1)-1/2a(右内B1)-1/LS2_2号螺栓-13
					/*	6:type	*/	零件\LS2_2号螺栓.SLDPRT
					/*	6:location	*/	-4.34974E-17	0.997812	-0.066117	0.0	-2.34944E-16	0.066117	0.997812	0.0	1.0	5.8936E-17	2.31554E-16	0.0	-0.502885	-0.127894	-0.07	1.0
					/*	6:child_number	*/	0
					/*	6:name	*/	49M,51M...57M鱼腹式(左端)-1/45M,47鱼腹式(不加畸零节间)(左端)-1/41M鱼腹式梁端（右单片）(F1)-1/2a(右内B1)-1/LS2_2号螺栓-14
					/*	6:type	*/	零件\LS2_2号螺栓.SLDPRT
					/*	6:location	*/	-3.79872E-16	-0.556165	-0.831072	0.0	-3.6248E-16	0.831072	-0.556165	0.0	1.0	8.99755E-17	-5.173E-16	0.0	-0.502885	0.192106	-0.26	1.0
					/*	6:child_number	*/	0
					/*	6:name	*/	49M,51M...57M鱼腹式(左端)-1/45M,47鱼腹式(不加畸零节间)(左端)-1/41M鱼腹式梁端（右单片）(F1)-1/2a(右内B1)-1/LS2_2号螺栓-15
					/*	6:type	*/	零件\LS2_2号螺栓.SLDPRT
					/*	6:location	*/	-3.79872E-16	-0.556165	-0.831072	0.0	-3.6248E-16	0.831072	-0.556165	0.0	1.0	8.99755E-17	-5.173E-16	0.0	-0.502885	0.192106	-0.07	1.0
					/*	6:child_number	*/	0
					/*	6:name	*/	49M,51M...57M鱼腹式(左端)-1/45M,47鱼腹式(不加畸零节间)(左端)-1/41M鱼腹式梁端（右单片）(F1)-1/2a(右内B1)-1/LS2_2号螺栓-16
					/*	6:type	*/	零件\LS2_2号螺栓.SLDPRT
					/*	6:location	*/	-3.79872E-16	-0.556165	-0.831072	0.0	-3.6248E-16	0.831072	-0.556165	0.0	1.0	8.99755E-17	-5.173E-16	0.0	-0.502885	0.292106	-0.26	1.0
					/*	6:child_number	*/	0
					/*	6:name	*/	49M,51M...57M鱼腹式(左端)-1/45M,47鱼腹式(不加畸零节间)(左端)-1/41M鱼腹式梁端（右单片）(F1)-1/2a(右内B1)-1/LS2_2号螺栓-17
					/*	6:type	*/	零件\LS2_2号螺栓.SLDPRT
					/*	6:location	*/	-3.79872E-16	-0.556165	-0.831072	0.0	-3.6248E-16	0.831072	-0.556165	0.0	1.0	8.99755E-17	-5.173E-16	0.0	-0.502885	0.292106	-0.07	1.0
					/*	6:child_number	*/	0
					/*	6:name	*/	49M,51M...57M鱼腹式(左端)-1/45M,47鱼腹式(不加畸零节间)(左端)-1/41M鱼腹式梁端（右单片）(F1)-1/2a(右内B1)-1/LS2_2号螺栓-18
					/*	6:type	*/	零件\LS2_2号螺栓.SLDPRT
					/*	6:location	*/	-5.173E-16	-8.99755E-17	-1.0	0.0	-8.99755E-17	1.0	-8.99755E-17	0.0	1.0	8.99755E-17	-5.173E-16	0.0	-0.502885	-0.219327	0.107805	1.0
					/*	6:child_number	*/	0
					/*	6:name	*/	49M,51M...57M鱼腹式(左端)-1/45M,47鱼腹式(不加畸零节间)(左端)-1/41M鱼腹式梁端（右单片）(F1)-1/2a(右内B1)-1/LS2_2号螺栓-19
					/*	6:type	*/	零件\LS2_2号螺栓.SLDPRT
					/*	6:location	*/	-5.173E-16	-8.99755E-17	-1.0	0.0	-8.99755E-17	1.0	-8.99755E-17	0.0	1.0	8.99755E-17	-5.173E-16	0.0	-0.502885	-0.300653	0.196044	1.0
					/*	6:child_number	*/	0
					/*	6:name	*/	49M,51M...57M鱼腹式(左端)-1/45M,47鱼腹式(不加畸零节间)(左端)-1/41M鱼腹式梁端（右单片）(F1)-1/2a(右内B1)-1/LS2_2号螺栓-2
					/*	6:type	*/	零件\LS2_2号螺栓.SLDPRT
					/*	6:location	*/	-5.10219E-16	-0.066117	-0.997812	0.0	-1.23981E-16	0.997812	-0.066117	0.0	1.0	8.99755E-17	-5.173E-16	0.0	-0.502885	-0.204841	0.202753	1.0
					/*	6:child_number	*/	0
					/*	6:name	*/	49M,51M...57M鱼腹式(左端)-1/45M,47鱼腹式(不加畸零节间)(左端)-1/41M鱼腹式梁端（右单片）(F1)-1/2a(右内B1)-1/LS2_2号螺栓-3
					/*	6:type	*/	零件\LS2_2号螺栓.SLDPRT
					/*	6:location	*/	-5.10219E-16	-0.066117	-0.997812	0.0	-1.23981E-16	0.997812	-0.066117	0.0	1.0	8.99755E-17	-5.173E-16	0.0	-0.502885	-0.396465	0.189334	1.0
					/*	6:child_number	*/	0
					/*	6:name	*/	49M,51M...57M鱼腹式(左端)-1/45M,47鱼腹式(不加畸零节间)(左端)-1/41M鱼腹式梁端（右单片）(F1)-1/2a(右内B1)-1/LS2_2号螺栓-5
					/*	6:type	*/	零件\LS2_2号螺栓.SLDPRT
					/*	6:location	*/	-3.79872E-16	-0.556165	-0.831072	0.0	-3.6248E-16	0.831072	-0.556165	0.0	1.0	8.99755E-17	-5.173E-16	0.0	-0.502885	-0.286167	0.290992	1.0
					/*	6:child_number	*/	0
				/*	5:name	*/	49M,51M...57M鱼腹式(左端)-1/45M,47鱼腹式(不加畸零节间)(左端)-1/41M鱼腹式梁端（右单片）(F1)-1/2a(右外B1)-1
				/*	5:type	*/	上承式梁\公共组件\梁端\鱼腹式梁端\带螺栓零件\2a(右外B1).SLDASM
				/*	5:location	*/	-1.0	-4.26963E-16	4.81308E-16	0.0	-4.81308E-16	-1.27676E-15	-1.0	0.0	4.26963E-16	-1.0	1.44329E-15	0.0	0.104469	0.197167	3.86369	1.0
				/*	5:child_number	*/	23
					/*	6:name	*/	49M,51M...57M鱼腹式(左端)-1/45M,47鱼腹式(不加畸零节间)(左端)-1/41M鱼腹式梁端（右单片）(F1)-1/2a(右外B1)-1/B1_节点板-1
					/*	6:type	*/	零件\B1_节点板.SLDPRT
					/*	6:location	*/	8.99755E-17	-1.0	4.53302E-15	0.0	-5.173E-16	-4.36648E-15	-1.0	0.0	1.0	8.99755E-17	-5.173E-16	0.0	-0.192179	0.374566	0.08	1.0
					/*	6:child_number	*/	0
					/*	6:name	*/	49M,51M...57M鱼腹式(左端)-1/45M,47鱼腹式(不加畸零节间)(左端)-1/41M鱼腹式梁端（右单片）(F1)-1/2a(右外B1)-1/LS2_2号螺栓-1
					/*	6:type	*/	零件\LS2_2号螺栓.SLDPRT
					/*	6:location	*/	-5.10219E-16	-0.066117	-0.997812	0.0	-1.23981E-16	0.997812	-0.066117	0.0	1.0	8.99755E-17	-5.173E-16	0.0	-0.211179	0.333486	0.101095	1.0
					/*	6:child_number	*/	0
					/*	6:name	*/	49M,51M...57M鱼腹式(左端)-1/45M,47鱼腹式(不加畸零节间)(左端)-1/41M鱼腹式梁端（右单片）(F1)-1/2a(右外B1)-1/LS2_2号螺栓-10
					/*	6:type	*/	零件\LS2_2号螺栓.SLDPRT
					/*	6:location	*/	-4.34974E-17	0.997812	-0.066117	0.0	-2.34944E-16	0.066117	0.997812	0.0	1.0	5.8936E-17	2.31554E-16	0.0	-0.211179	-0.27376	-0.07	1.0
					/*	6:child_number	*/	0
					/*	6:name	*/	49M,51M...57M鱼腹式(左端)-1/45M,47鱼腹式(不加畸零节间)(左端)-1/41M鱼腹式梁端（右单片）(F1)-1/2a(右外B1)-1/LS2_2号螺栓-11
					/*	6:type	*/	零件\LS2_2号螺栓.SLDPRT
					/*	6:location	*/	-4.34974E-17	0.997812	-0.066117	0.0	-2.34944E-16	0.066117	0.997812	0.0	1.0	5.8936E-17	2.31554E-16	0.0	-0.211179	-0.17376	-0.26	1.0
					/*	6:child_number	*/	0
					/*	6:name	*/	49M,51M...57M鱼腹式(左端)-1/45M,47鱼腹式(不加畸零节间)(左端)-1/41M鱼腹式梁端（右单片）(F1)-1/2a(右外B1)-1/LS2_2号螺栓-12
					/*	6:type	*/	零件\LS2_2号螺栓.SLDPRT
					/*	6:location	*/	-4.34974E-17	0.997812	-0.066117	0.0	-2.34944E-16	0.066117	0.997812	0.0	1.0	5.8936E-17	2.31554E-16	0.0	-0.211179	-0.17376	-0.07	1.0
					/*	6:child_number	*/	0
					/*	6:name	*/	49M,51M...57M鱼腹式(左端)-1/45M,47鱼腹式(不加畸零节间)(左端)-1/41M鱼腹式梁端（右单片）(F1)-1/2a(右外B1)-1/LS2_2号螺栓-13
					/*	6:type	*/	零件\LS2_2号螺栓.SLDPRT
					/*	6:location	*/	-4.34974E-17	0.997812	-0.066117	0.0	-2.34944E-16	0.066117	0.997812	0.0	1.0	5.8936E-17	2.31554E-16	0.0	-0.211179	-0.0737597	-0.26	1.0
					/*	6:child_number	*/	0
					/*	6:name	*/	49M,51M...57M鱼腹式(左端)-1/45M,47鱼腹式(不加畸零节间)(左端)-1/41M鱼腹式梁端（右单片）(F1)-1/2a(右外B1)-1/LS2_2号螺栓-14
					/*	6:type	*/	零件\LS2_2号螺栓.SLDPRT
					/*	6:location	*/	-4.34974E-17	0.997812	-0.066117	0.0	-2.34944E-16	0.066117	0.997812	0.0	1.0	5.8936E-17	2.31554E-16	0.0	-0.211179	-0.0737597	-0.07	1.0
					/*	6:child_number	*/	0
					/*	6:name	*/	49M,51M...57M鱼腹式(左端)-1/45M,47鱼腹式(不加畸零节间)(左端)-1/41M鱼腹式梁端（右单片）(F1)-1/2a(右外B1)-1/LS2_2号螺栓-15
					/*	6:type	*/	零件\LS2_2号螺栓.SLDPRT
					/*	6:location	*/	-4.34974E-17	0.997812	-0.066117	0.0	-2.34944E-16	0.066117	0.997812	0.0	1.0	5.8936E-17	2.31554E-16	0.0	-0.211179	0.0462403	-0.07	1.0
					/*	6:child_number	*/	0
					/*	6:name	*/	49M,51M...57M鱼腹式(左端)-1/45M,47鱼腹式(不加畸零节间)(左端)-1/41M鱼腹式梁端（右单片）(F1)-1/2a(右外B1)-1/LS2_2号螺栓-16
					/*	6:type	*/	零件\LS2_2号螺栓.SLDPRT
					/*	6:location	*/	-4.34974E-17	0.997812	-0.066117	0.0	-2.34944E-16	0.066117	0.997812	0.0	1.0	5.8936E-17	2.31554E-16	0.0	-0.211179	0.0462403	-0.26	1.0
					/*	6:child_number	*/	0
					/*	6:name	*/	49M,51M...57M鱼腹式(左端)-1/45M,47鱼腹式(不加畸零节间)(左端)-1/41M鱼腹式梁端（右单片）(F1)-1/2a(右外B1)-1/LS2_2号螺栓-17
					/*	6:type	*/	零件\LS2_2号螺栓.SLDPRT
					/*	6:location	*/	-4.34974E-17	0.997812	-0.066117	0.0	-2.34944E-16	0.066117	0.997812	0.0	1.0	5.8936E-17	2.31554E-16	0.0	-0.211179	0.14624	-0.07	1.0
					/*	6:child_number	*/	0
					/*	6:name	*/	49M,51M...57M鱼腹式(左端)-1/45M,47鱼腹式(不加畸零节间)(左端)-1/41M鱼腹式梁端（右单片）(F1)-1/2a(右外B1)-1/LS2_2号螺栓-18
					/*	6:type	*/	零件\LS2_2号螺栓.SLDPRT
					/*	6:location	*/	-4.34974E-17	0.997812	-0.066117	0.0	-2.34944E-16	0.066117	0.997812	0.0	1.0	5.8936E-17	2.31554E-16	0.0	-0.211179	0.24624	-0.07	1.0
					/*	6:child_number	*/	0
					/*	6:name	*/	49M,51M...57M鱼腹式(左端)-1/45M,47鱼腹式(不加畸零节间)(左端)-1/41M鱼腹式梁端（右单片）(F1)-1/2a(右外B1)-1/LS2_2号螺栓-19
					/*	6:type	*/	零件\LS2_2号螺栓.SLDPRT
					/*	6:location	*/	-4.34974E-17	0.997812	-0.066117	0.0	-2.34944E-16	0.066117	0.997812	0.0	1.0	5.8936E-17	2.31554E-16	0.0	-0.211179	0.14624	-0.26	1.0
					/*	6:child_number	*/	0
					/*	6:name	*/	49M,51M...57M鱼腹式(左端)-1/45M,47鱼腹式(不加畸零节间)(左端)-1/41M鱼腹式梁端（右单片）(F1)-1/2a(右外B1)-1/LS2_2号螺栓-2
					/*	6:type	*/	零件\LS2_2号螺栓.SLDPRT
					/*	6:location	*/	-5.10219E-16	-0.066117	-0.997812	0.0	-1.23981E-16	0.997812	-0.066117	0.0	1.0	8.99755E-17	-5.173E-16	0.0	-0.211179	0.304513	0.290992	1.0
					/*	6:child_number	*/	0
					/*	6:name	*/	49M,51M...57M鱼腹式(左端)-1/45M,47鱼腹式(不加畸零节间)(左端)-1/41M鱼腹式梁端（右单片）(F1)-1/2a(右外B1)-1/LS2_2号螺栓-20
					/*	6:type	*/	零件\LS2_2号螺栓.SLDPRT
					/*	6:location	*/	-4.34974E-17	0.997812	-0.066117	0.0	-2.34944E-16	0.066117	0.997812	0.0	1.0	5.8936E-17	2.31554E-16	0.0	-0.211179	0.24624	-0.26	1.0
					/*	6:child_number	*/	0
					/*	6:name	*/	49M,51M...57M鱼腹式(左端)-1/45M,47鱼腹式(不加畸零节间)(左端)-1/41M鱼腹式梁端（右单片）(F1)-1/2a(右外B1)-1/LS2_2号螺栓-21
					/*	6:type	*/	零件\LS2_2号螺栓.SLDPRT
					/*	6:location	*/	-5.03853E-16	0.441647	-0.897189	0.0	1.47739E-16	0.897189	0.441647	0.0	1.0	8.99755E-17	-5.173E-16	0.0	-0.211179	-0.10876	0.165	1.0
					/*	6:child_number	*/	0
					/*	6:name	*/	49M,51M...57M鱼腹式(左端)-1/45M,47鱼腹式(不加畸零节间)(左端)-1/41M鱼腹式梁端（右单片）(F1)-1/2a(右外B1)-1/LS2_2号螺栓-27
					/*	6:type	*/	零件\LS2_2号螺栓.SLDPRT
					/*	6:location	*/	-5.03853E-16	0.441647	-0.897189	0.0	1.47739E-16	0.897189	0.441647	0.0	1.0	8.99755E-17	-5.173E-16	0.0	-0.211179	-0.10876	0.265	1.0
					/*	6:child_number	*/	0
					/*	6:name	*/	49M,51M...57M鱼腹式(左端)-1/45M,47鱼腹式(不加畸零节间)(左端)-1/41M鱼腹式梁端（右单片）(F1)-1/2a(右外B1)-1/LS2_2号螺栓-28
					/*	6:type	*/	零件\LS2_2号螺栓.SLDPRT
					/*	6:location	*/	-5.03853E-16	0.441647	-0.897189	0.0	1.47739E-16	0.897189	0.441647	0.0	1.0	8.99755E-17	-5.173E-16	0.0	-0.211179	0.0812403	0.165	1.0
					/*	6:child_number	*/	0
					/*	6:name	*/	49M,51M...57M鱼腹式(左端)-1/45M,47鱼腹式(不加畸零节间)(左端)-1/41M鱼腹式梁端（右单片）(F1)-1/2a(右外B1)-1/LS2_2号螺栓-29
					/*	6:type	*/	零件\LS2_2号螺栓.SLDPRT
					/*	6:location	*/	-5.03853E-16	0.441647	-0.897189	0.0	1.47739E-16	0.897189	0.441647	0.0	1.0	8.99755E-17	-5.173E-16	0.0	-0.211179	0.0812403	0.265	1.0
					/*	6:child_number	*/	0
					/*	6:name	*/	49M,51M...57M鱼腹式(左端)-1/45M,47鱼腹式(不加畸零节间)(左端)-1/41M鱼腹式梁端（右单片）(F1)-1/2a(右外B1)-1/LS2_2号螺栓-3
					/*	6:type	*/	零件\LS2_2号螺栓.SLDPRT
					/*	6:location	*/	-5.10219E-16	-0.066117	-0.997812	0.0	-1.23981E-16	0.997812	-0.066117	0.0	1.0	8.99755E-17	-5.173E-16	0.0	-0.211179	0.414812	0.189334	1.0
					/*	6:child_number	*/	0
					/*	6:name	*/	49M,51M...57M鱼腹式(左端)-1/45M,47鱼腹式(不加畸零节间)(左端)-1/41M鱼腹式梁端（右单片）(F1)-1/2a(右外B1)-1/LS2_2号螺栓-30
					/*	6:type	*/	零件\LS2_2号螺栓.SLDPRT
					/*	6:location	*/	-3.6248E-16	0.831072	-0.556165	0.0	3.79872E-16	0.556165	0.831072	0.0	1.0	8.99755E-17	-5.173E-16	0.0	-0.211179	0.318999	0.196044	1.0
					/*	6:child_number	*/	0
					/*	6:name	*/	49M,51M...57M鱼腹式(左端)-1/45M,47鱼腹式(不加畸零节间)(左端)-1/41M鱼腹式梁端（右单片）(F1)-1/2a(右外B1)-1/LS2_2号螺栓-31
					/*	6:type	*/	零件\LS2_2号螺栓.SLDPRT
					/*	6:location	*/	-3.6248E-16	0.831072	-0.556165	0.0	3.79872E-16	0.556165	0.831072	0.0	1.0	8.99755E-17	-5.173E-16	0.0	-0.211179	0.237673	0.107805	1.0
					/*	6:child_number	*/	0
					/*	6:name	*/	49M,51M...57M鱼腹式(左端)-1/45M,47鱼腹式(不加畸零节间)(左端)-1/41M鱼腹式梁端（右单片）(F1)-1/2a(右外B1)-1/LS2_2号螺栓-6
					/*	6:type	*/	零件\LS2_2号螺栓.SLDPRT
					/*	6:location	*/	-5.10219E-16	-0.066117	-0.997812	0.0	-1.23981E-16	0.997812	-0.066117	0.0	1.0	8.99755E-17	-5.173E-16	0.0	-0.211179	0.223187	0.202753	1.0
					/*	6:child_number	*/	0
					/*	6:name	*/	49M,51M...57M鱼腹式(左端)-1/45M,47鱼腹式(不加畸零节间)(左端)-1/41M鱼腹式梁端（右单片）(F1)-1/2a(右外B1)-1/LS2_2号螺栓-9
					/*	6:type	*/	零件\LS2_2号螺栓.SLDPRT
					/*	6:location	*/	-4.34974E-17	0.997812	-0.066117	0.0	-2.34944E-16	0.066117	0.997812	0.0	1.0	5.8936E-17	2.31554E-16	0.0	-0.211179	-0.27376	-0.26	1.0
					/*	6:child_number	*/	0
				/*	5:name	*/	49M,51M...57M鱼腹式(左端)-1/45M,47鱼腹式(不加畸零节间)(左端)-1/41M鱼腹式梁端（右单片）(F1)-1/2b(内B2)-1
				/*	5:type	*/	上承式梁\公共组件\梁端\鱼腹式梁端\带螺栓零件\2b(内B2).SLDASM
				/*	5:location	*/	-1.89161E-15	-4.04156E-14	-1.0	0.0	1.49268E-15	-1.0	4.03878E-14	0.0	-1.0	-1.50059E-15	1.89574E-15	0.0	-0.107351	-1.61598	3.75618	1.0
				/*	5:child_number	*/	3
					/*	6:name	*/	49M,51M...57M鱼腹式(左端)-1/45M,47鱼腹式(不加畸零节间)(左端)-1/41M鱼腹式梁端（右单片）(F1)-1/2b(内B2)-1/B2_节点板-1
					/*	6:type	*/	零件\B2_节点板.SLDPRT
					/*	6:location	*/	1.0	0.0	0.0	0.0	0.0	1.0	7.77605E-32	0.0	0.0	-2.93827E-32	1.0	0.0	-0.292058	0.0168569	-0.008	1.0
					/*	6:child_number	*/	0
					/*	6:name	*/	49M,51M...57M鱼腹式(左端)-1/45M,47鱼腹式(不加畸零节间)(左端)-1/41M鱼腹式梁端（右单片）(F1)-1/2b(内B2)-1/LS2_2号螺栓-1
					/*	6:type	*/	零件\LS2_2号螺栓.SLDPRT
					/*	6:location	*/	0.997812	0.066117	1.97215E-31	0.0	0.066117	-0.997812	-3.08149E-32	0.0	-4.13464E-18	7.91111E-18	-1.0	0.0	-0.216278	-0.138143	0.027	1.0
					/*	6:child_number	*/	0
					/*	6:name	*/	49M,51M...57M鱼腹式(左端)-1/45M,47鱼腹式(不加畸零节间)(左端)-1/41M鱼腹式梁端（右单片）(F1)-1/2b(内B2)-1/LS2_2号螺栓-2
					/*	6:type	*/	零件\LS2_2号螺栓.SLDPRT
					/*	6:location	*/	0.997812	0.066117	1.97215E-31	0.0	0.066117	-0.997812	-3.08149E-32	0.0	-4.13464E-18	7.91111E-18	-1.0	0.0	-0.0262778	-0.138143	0.027	1.0
					/*	6:child_number	*/	0
				/*	5:name	*/	49M,51M...57M鱼腹式(左端)-1/45M,47鱼腹式(不加畸零节间)(左端)-1/41M鱼腹式梁端（右单片）(F1)-1/2b(外B2)-1
				/*	5:type	*/	上承式梁\公共组件\梁端\鱼腹式梁端\带螺栓零件\2b(外B2).SLDASM
				/*	5:location	*/	1.8023E-15	3.7359E-14	1.0	0.0	1.04847E-15	-1.0	3.7359E-14	0.0	1.0	1.04847E-15	-1.8023E-15	0.0	0.288649	-1.51809	3.98863	1.0
				/*	5:child_number	*/	9
					/*	6:name	*/	49M,51M...57M鱼腹式(左端)-1/45M,47鱼腹式(不加畸零节间)(左端)-1/41M鱼腹式梁端（右单片）(F1)-1/2b(外B2)-1/B2_节点板-1
					/*	6:type	*/	零件\B2_节点板.SLDPRT
					/*	6:location	*/	1.0	0.0	0.0	0.0	0.0	1.0	-6.41709E-32	0.0	0.0	-6.41709E-32	1.0	0.0	-0.281956	0.114747	-0.008	1.0
					/*	6:child_number	*/	0
					/*	6:name	*/	49M,51M...57M鱼腹式(左端)-1/45M,47鱼腹式(不加畸零节间)(左端)-1/41M鱼腹式梁端（右单片）(F1)-1/2b(外B2)-1/LS2_2号螺栓-1
					/*	6:type	*/	零件\LS2_2号螺栓.SLDPRT
					/*	6:location	*/	0.997812	0.066117	0.0	0.0	0.066117	-0.997812	-2.03378E-31	0.0	0.0	6.41709E-32	-1.0	0.0	-0.271176	0.194747	0.027	1.0
					/*	6:child_number	*/	0
					/*	6:name	*/	49M,51M...57M鱼腹式(左端)-1/45M,47鱼腹式(不加畸零节间)(左端)-1/41M鱼腹式梁端（右单片）(F1)-1/2b(外B2)-1/LS2_2号螺栓-10
					/*	6:type	*/	零件\LS2_2号螺栓.SLDPRT
					/*	6:location	*/	0.997812	0.066117	0.0	0.0	0.066117	-0.997812	-2.03378E-31	0.0	0.0	6.41709E-32	-1.0	0.0	-0.206176	-0.0402533	0.027	1.0
					/*	6:child_number	*/	0
					/*	6:name	*/	49M,51M...57M鱼腹式(左端)-1/45M,47鱼腹式(不加畸零节间)(左端)-1/41M鱼腹式梁端（右单片）(F1)-1/2b(外B2)-1/LS2_2号螺栓-12
					/*	6:type	*/	零件\LS2_2号螺栓.SLDPRT
					/*	6:location	*/	0.997812	0.066117	0.0	0.0	0.066117	-0.997812	-2.03378E-31	0.0	0.0	6.41709E-32	-1.0	0.0	-0.0161763	0.0597467	0.027	1.0
					/*	6:child_number	*/	0
					/*	6:name	*/	49M,51M...57M鱼腹式(左端)-1/45M,47鱼腹式(不加畸零节间)(左端)-1/41M鱼腹式梁端（右单片）(F1)-1/2b(外B2)-1/LS2_2号螺栓-13
					/*	6:type	*/	零件\LS2_2号螺栓.SLDPRT
					/*	6:location	*/	0.997812	0.066117	0.0	0.0	0.066117	-0.997812	-2.03378E-31	0.0	0.0	6.41709E-32	-1.0	0.0	-0.0161763	-0.0402533	0.027	1.0
					/*	6:child_number	*/	0
					/*	6:name	*/	49M,51M...57M鱼腹式(左端)-1/45M,47鱼腹式(不加畸零节间)(左端)-1/41M鱼腹式梁端（右单片）(F1)-1/2b(外B2)-1/LS2_2号螺栓-14
					/*	6:type	*/	零件\LS2_2号螺栓.SLDPRT
					/*	6:location	*/	0.997812	0.066117	0.0	0.0	0.066117	-0.997812	-2.03378E-31	0.0	0.0	6.41709E-32	-1.0	0.0	-0.171176	0.194747	0.027	1.0
					/*	6:child_number	*/	0
					/*	6:name	*/	49M,51M...57M鱼腹式(左端)-1/45M,47鱼腹式(不加畸零节间)(左端)-1/41M鱼腹式梁端（右单片）(F1)-1/2b(外B2)-1/LS2_2号螺栓-15
					/*	6:type	*/	零件\LS2_2号螺栓.SLDPRT
					/*	6:location	*/	0.997812	0.066117	0.0	0.0	0.066117	-0.997812	-2.03378E-31	0.0	0.0	6.41709E-32	-1.0	0.0	0.0488237	0.194747	0.027	1.0
					/*	6:child_number	*/	0
					/*	6:name	*/	49M,51M...57M鱼腹式(左端)-1/45M,47鱼腹式(不加畸零节间)(左端)-1/41M鱼腹式梁端（右单片）(F1)-1/2b(外B2)-1/LS2_2号螺栓-16
					/*	6:type	*/	零件\LS2_2号螺栓.SLDPRT
					/*	6:location	*/	0.997812	0.066117	0.0	0.0	0.066117	-0.997812	-2.03378E-31	0.0	0.0	6.41709E-32	-1.0	0.0	-0.0511763	0.194747	0.027	1.0
					/*	6:child_number	*/	0
					/*	6:name	*/	49M,51M...57M鱼腹式(左端)-1/45M,47鱼腹式(不加畸零节间)(左端)-1/41M鱼腹式梁端（右单片）(F1)-1/2b(外B2)-1/LS2_2号螺栓-9
					/*	6:type	*/	零件\LS2_2号螺栓.SLDPRT
					/*	6:location	*/	0.997812	0.066117	0.0	0.0	0.066117	-0.997812	-2.03378E-31	0.0	0.0	6.41709E-32	-1.0	0.0	-0.206176	0.0597467	0.027	1.0
					/*	6:child_number	*/	0
				/*	5:name	*/	49M,51M...57M鱼腹式(左端)-1/45M,47鱼腹式(不加畸零节间)(左端)-1/41M鱼腹式梁端（右单片）(F1)-1/2c(B2)-1
				/*	5:type	*/	上承式梁\公共组件\梁端\鱼腹式梁端\带螺栓零件\2c(B2).SLDASM
				/*	5:location	*/	2.13656E-15	1.37268E-12	1.0	0.0	7.36349E-16	-1.0	1.37268E-12	0.0	1.0	7.36349E-16	-2.13656E-15	0.0	0.288649	-2.05394	3.93198	1.0
				/*	5:child_number	*/	9
					/*	6:name	*/	49M,51M...57M鱼腹式(左端)-1/45M,47鱼腹式(不加畸零节间)(左端)-1/41M鱼腹式梁端（右单片）(F1)-1/2c(B2)-1/B2_节点板-1
					/*	6:type	*/	零件\B2_节点板.SLDPRT
					/*	6:location	*/	1.0	0.0	0.0	0.0	0.0	1.0	1.33814E-31	0.0	0.0	1.33814E-31	1.0	0.0	-0.905302	-0.421104	-0.008	1.0
					/*	6:child_number	*/	0
					/*	6:name	*/	49M,51M...57M鱼腹式(左端)-1/45M,47鱼腹式(不加畸零节间)(左端)-1/41M鱼腹式梁端（右单片）(F1)-1/2c(B2)-1/LS2_2号螺栓-1
					/*	6:type	*/	零件\LS2_2号螺栓.SLDPRT
					/*	6:location	*/	0.997812	0.066117	0.0	0.0	0.066117	-0.997812	-1.72563E-31	0.0	0.0	-1.33814E-31	-1.0	0.0	-0.894522	-0.151104	0.027	1.0
					/*	6:child_number	*/	0
					/*	6:name	*/	49M,51M...57M鱼腹式(左端)-1/45M,47鱼腹式(不加畸零节间)(左端)-1/41M鱼腹式梁端（右单片）(F1)-1/2c(B2)-1/LS2_2号螺栓-10
					/*	6:type	*/	零件\LS2_2号螺栓.SLDPRT
					/*	6:location	*/	0.997812	0.066117	0.0	0.0	0.066117	-0.997812	-1.72563E-31	0.0	0.0	-1.33814E-31	-1.0	0.0	-0.794522	-0.151104	0.027	1.0
					/*	6:child_number	*/	0
					/*	6:name	*/	49M,51M...57M鱼腹式(左端)-1/45M,47鱼腹式(不加畸零节间)(左端)-1/41M鱼腹式梁端（右单片）(F1)-1/2c(B2)-1/LS2_2号螺栓-11
					/*	6:type	*/	零件\LS2_2号螺栓.SLDPRT
					/*	6:location	*/	0.997812	0.066117	0.0	0.0	0.066117	-0.997812	-1.72563E-31	0.0	0.0	-1.33814E-31	-1.0	0.0	-0.574522	-0.151104	0.027	1.0
					/*	6:child_number	*/	0
					/*	6:name	*/	49M,51M...57M鱼腹式(左端)-1/45M,47鱼腹式(不加畸零节间)(左端)-1/41M鱼腹式梁端（右单片）(F1)-1/2c(B2)-1/LS2_2号螺栓-12
					/*	6:type	*/	零件\LS2_2号螺栓.SLDPRT
					/*	6:location	*/	0.997812	0.066117	0.0	0.0	0.066117	-0.997812	-1.72563E-31	0.0	0.0	-1.33814E-31	-1.0	0.0	-0.794522	-0.341104	0.027	1.0
					/*	6:child_number	*/	0
					/*	6:name	*/	49M,51M...57M鱼腹式(左端)-1/45M,47鱼腹式(不加畸零节间)(左端)-1/41M鱼腹式梁端（右单片）(F1)-1/2c(B2)-1/LS2_2号螺栓-13
					/*	6:type	*/	零件\LS2_2号螺栓.SLDPRT
					/*	6:location	*/	0.997812	0.066117	0.0	0.0	0.066117	-0.997812	-1.72563E-31	0.0	0.0	-1.33814E-31	-1.0	0.0	-0.574522	-0.341104	0.027	1.0
					/*	6:child_number	*/	0
					/*	6:name	*/	49M,51M...57M鱼腹式(左端)-1/45M,47鱼腹式(不加畸零节间)(左端)-1/41M鱼腹式梁端（右单片）(F1)-1/2c(B2)-1/LS2_2号螺栓-14
					/*	6:type	*/	零件\LS2_2号螺栓.SLDPRT
					/*	6:location	*/	0.997812	0.066117	0.0	0.0	0.066117	-0.997812	-1.72563E-31	0.0	0.0	-1.33814E-31	-1.0	0.0	-0.674522	-0.151104	0.027	1.0
					/*	6:child_number	*/	0
					/*	6:name	*/	49M,51M...57M鱼腹式(左端)-1/45M,47鱼腹式(不加畸零节间)(左端)-1/41M鱼腹式梁端（右单片）(F1)-1/2c(B2)-1/LS2_2号螺栓-2
					/*	6:type	*/	零件\LS2_2号螺栓.SLDPRT
					/*	6:location	*/	0.997812	0.066117	0.0	0.0	0.066117	-0.997812	-1.72563E-31	0.0	0.0	-1.33814E-31	-1.0	0.0	-0.894522	-0.341104	0.027	1.0
					/*	6:child_number	*/	0
					/*	6:name	*/	49M,51M...57M鱼腹式(左端)-1/45M,47鱼腹式(不加畸零节间)(左端)-1/41M鱼腹式梁端（右单片）(F1)-1/2c(B2)-1/LS2_2号螺栓-9
					/*	6:type	*/	零件\LS2_2号螺栓.SLDPRT
					/*	6:location	*/	0.997812	0.066117	0.0	0.0	0.066117	-0.997812	-1.72563E-31	0.0	0.0	-1.33814E-31	-1.0	0.0	-0.674522	-0.341104	0.027	1.0
					/*	6:child_number	*/	0
				/*	5:name	*/	49M,51M...57M鱼腹式(左端)-1/45M,47鱼腹式(不加畸零节间)(左端)-1/41M鱼腹式梁端（右单片）(F1)-1/2c(B2)-2
				/*	5:type	*/	上承式梁\公共组件\梁端\鱼腹式梁端\带螺栓零件\2c(B2).SLDASM
				/*	5:location	*/	-2.08721E-15	-3.19744E-14	-1.0	0.0	9.09585E-16	-1.0	3.19744E-14	0.0	-1.0	-9.09585E-16	2.08721E-15	0.0	-0.107351	-2.05394	2.46293	1.0
				/*	5:child_number	*/	9
					/*	6:name	*/	49M,51M...57M鱼腹式(左端)-1/45M,47鱼腹式(不加畸零节间)(左端)-1/41M鱼腹式梁端（右单片）(F1)-1/2c(B2)-2/B2_节点板-1
					/*	6:type	*/	零件\B2_节点板.SLDPRT
					/*	6:location	*/	1.0	0.0	0.0	0.0	0.0	1.0	-2.93481E-32	0.0	0.0	-2.93481E-32	1.0	0.0	-0.905302	-0.421104	-0.008	1.0
					/*	6:child_number	*/	0
					/*	6:name	*/	49M,51M...57M鱼腹式(左端)-1/45M,47鱼腹式(不加畸零节间)(左端)-1/41M鱼腹式梁端（右单片）(F1)-1/2c(B2)-2/LS2_2号螺栓-1
					/*	6:type	*/	零件\LS2_2号螺栓.SLDPRT
					/*	6:location	*/	0.997812	0.066117	1.97215E-31	0.0	0.066117	-0.997812	-8.62817E-32	0.0	0.0	2.93481E-32	-1.0	0.0	-0.894522	-0.151104	0.027	1.0
					/*	6:child_number	*/	0
					/*	6:name	*/	49M,51M...57M鱼腹式(左端)-1/45M,47鱼腹式(不加畸零节间)(左端)-1/41M鱼腹式梁端（右单片）(F1)-1/2c(B2)-2/LS2_2号螺栓-10
					/*	6:type	*/	零件\LS2_2号螺栓.SLDPRT
					/*	6:location	*/	0.997812	0.066117	1.97215E-31	0.0	0.066117	-0.997812	-8.62817E-32	0.0	0.0	2.93481E-32	-1.0	0.0	-0.794522	-0.151104	0.027	1.0
					/*	6:child_number	*/	0
					/*	6:name	*/	49M,51M...57M鱼腹式(左端)-1/45M,47鱼腹式(不加畸零节间)(左端)-1/41M鱼腹式梁端（右单片）(F1)-1/2c(B2)-2/LS2_2号螺栓-11
					/*	6:type	*/	零件\LS2_2号螺栓.SLDPRT
					/*	6:location	*/	0.997812	0.066117	1.97215E-31	0.0	0.066117	-0.997812	-8.62817E-32	0.0	0.0	2.93481E-32	-1.0	0.0	-0.574522	-0.151104	0.027	1.0
					/*	6:child_number	*/	0
					/*	6:name	*/	49M,51M...57M鱼腹式(左端)-1/45M,47鱼腹式(不加畸零节间)(左端)-1/41M鱼腹式梁端（右单片）(F1)-1/2c(B2)-2/LS2_2号螺栓-12
					/*	6:type	*/	零件\LS2_2号螺栓.SLDPRT
					/*	6:location	*/	0.997812	0.066117	1.97215E-31	0.0	0.066117	-0.997812	-8.62817E-32	0.0	0.0	2.93481E-32	-1.0	0.0	-0.794522	-0.341104	0.027	1.0
					/*	6:child_number	*/	0
					/*	6:name	*/	49M,51M...57M鱼腹式(左端)-1/45M,47鱼腹式(不加畸零节间)(左端)-1/41M鱼腹式梁端（右单片）(F1)-1/2c(B2)-2/LS2_2号螺栓-13
					/*	6:type	*/	零件\LS2_2号螺栓.SLDPRT
					/*	6:location	*/	0.997812	0.066117	1.97215E-31	0.0	0.066117	-0.997812	-8.62817E-32	0.0	0.0	2.93481E-32	-1.0	0.0	-0.574522	-0.341104	0.027	1.0
					/*	6:child_number	*/	0
					/*	6:name	*/	49M,51M...57M鱼腹式(左端)-1/45M,47鱼腹式(不加畸零节间)(左端)-1/41M鱼腹式梁端（右单片）(F1)-1/2c(B2)-2/LS2_2号螺栓-14
					/*	6:type	*/	零件\LS2_2号螺栓.SLDPRT
					/*	6:location	*/	0.997812	0.066117	1.97215E-31	0.0	0.066117	-0.997812	-8.62817E-32	0.0	0.0	2.93481E-32	-1.0	0.0	-0.674522	-0.151104	0.027	1.0
					/*	6:child_number	*/	0
					/*	6:name	*/	49M,51M...57M鱼腹式(左端)-1/45M,47鱼腹式(不加畸零节间)(左端)-1/41M鱼腹式梁端（右单片）(F1)-1/2c(B2)-2/LS2_2号螺栓-2
					/*	6:type	*/	零件\LS2_2号螺栓.SLDPRT
					/*	6:location	*/	0.997812	0.066117	1.97215E-31	0.0	0.066117	-0.997812	-8.62817E-32	0.0	0.0	2.93481E-32	-1.0	0.0	-0.894522	-0.341104	0.027	1.0
					/*	6:child_number	*/	0
					/*	6:name	*/	49M,51M...57M鱼腹式(左端)-1/45M,47鱼腹式(不加畸零节间)(左端)-1/41M鱼腹式梁端（右单片）(F1)-1/2c(B2)-2/LS2_2号螺栓-9
					/*	6:type	*/	零件\LS2_2号螺栓.SLDPRT
					/*	6:location	*/	0.997812	0.066117	1.97215E-31	0.0	0.066117	-0.997812	-8.62817E-32	0.0	0.0	2.93481E-32	-1.0	0.0	-0.674522	-0.341104	0.027	1.0
					/*	6:child_number	*/	0
				/*	5:name	*/	49M,51M...57M鱼腹式(左端)-1/45M,47鱼腹式(不加畸零节间)(左端)-1/41M鱼腹式梁端（右单片）(F1)-1/2d(右内B4)-1
				/*	5:type	*/	上承式梁\公共组件\梁端\鱼腹式梁端\带螺栓零件\2d(右内B4).SLDASM
				/*	5:location	*/	-8.89462E-16	-8.61533E-14	-1.0	0.0	1.30095E-15	-1.0	8.61533E-14	0.0	-1.0	-1.30095E-15	8.89462E-16	0.0	-0.0848513	-1.79336	1.91895	1.0
				/*	5:child_number	*/	13
					/*	6:name	*/	49M,51M...57M鱼腹式(左端)-1/45M,47鱼腹式(不加畸零节间)(左端)-1/41M鱼腹式梁端（右单片）(F1)-1/2d(右内B4)-1/B4_节点板-1
					/*	6:type	*/	零件\B4_节点板.SLDPRT
					/*	6:location	*/	1.0	0.0	0.0	0.0	0.0	1.0	5.05155E-32	0.0	0.0	5.05155E-32	1.0	0.0	-0.400465	0.488988	0.0145	1.0
					/*	6:child_number	*/	0
					/*	6:name	*/	49M,51M...57M鱼腹式(左端)-1/45M,47鱼腹式(不加畸零节间)(左端)-1/41M鱼腹式梁端（右单片）(F1)-1/2d(右内B4)-1/LS2_2号螺栓-12
					/*	6:type	*/	零件\LS2_2号螺栓.SLDPRT
					/*	6:location	*/	-0.066117	0.997812	3.03527E-31	0.0	0.997812	0.066117	0.0	0.0	2.46519E-32	7.38345E-31	-1.0	0.0	-0.338501	-0.0805237	0.0495	1.0
					/*	6:child_number	*/	0
					/*	6:name	*/	49M,51M...57M鱼腹式(左端)-1/45M,47鱼腹式(不加畸零节间)(左端)-1/41M鱼腹式梁端（右单片）(F1)-1/2d(右内B4)-1/LS2_2号螺栓-13
					/*	6:type	*/	零件\LS2_2号螺栓.SLDPRT
					/*	6:location	*/	0.997812	0.066117	2.46519E-32	0.0	0.066117	-0.997812	-1.38667E-31	0.0	4.93038E-32	5.4113E-31	-1.0	0.0	0.455584	-0.434806	0.0495	1.0
					/*	6:child_number	*/	0
					/*	6:name	*/	49M,51M...57M鱼腹式(左端)-1/45M,47鱼腹式(不加畸零节间)(左端)-1/41M鱼腹式梁端（右单片）(F1)-1/2d(右内B4)-1/LS2_2号螺栓-14
					/*	6:type	*/	零件\LS2_2号螺栓.SLDPRT
					/*	6:location	*/	0.997812	0.066117	2.46519E-32	0.0	0.066117	-0.997812	-1.38667E-31	0.0	4.93038E-32	5.4113E-31	-1.0	0.0	0.374258	-0.346567	0.0495	1.0
					/*	6:child_number	*/	0
					/*	6:name	*/	49M,51M...57M鱼腹式(左端)-1/45M,47鱼腹式(不加畸零节间)(左端)-1/41M鱼腹式梁端（右单片）(F1)-1/2d(右内B4)-1/LS3_3号螺栓-10
					/*	6:type	*/	零件\LS3_3号螺栓.SLDPRT
					/*	6:location	*/	0.997812	0.066117	2.46519E-32	0.0	0.066117	-0.997812	-1.49452E-31	0.0	2.46519E-32	5.4113E-31	-1.0	0.0	-0.195448	-0.353277	0.0495	1.0
					/*	6:child_number	*/	0
					/*	6:name	*/	49M,51M...57M鱼腹式(左端)-1/45M,47鱼腹式(不加畸零节间)(左端)-1/41M鱼腹式梁端（右单片）(F1)-1/2d(右内B4)-1/LS3_3号螺栓-3
					/*	6:type	*/	零件\LS3_3号螺栓.SLDPRT
					/*	6:location	*/	0.997812	0.066117	2.46519E-32	0.0	0.066117	-0.997812	-1.38667E-31	0.0	4.93038E-32	5.4113E-31	-1.0	0.0	0.278446	0.382229	0.0495	1.0
					/*	6:child_number	*/	0
					/*	6:name	*/	49M,51M...57M鱼腹式(左端)-1/45M,47鱼腹式(不加畸零节间)(左端)-1/41M鱼腹式梁端（右单片）(F1)-1/2d(右内B4)-1/LS3_3号螺栓-4
					/*	6:type	*/	零件\LS3_3号螺栓.SLDPRT
					/*	6:location	*/	0.997812	0.066117	2.46519E-32	0.0	0.066117	-0.997812	-1.49452E-31	0.0	2.46519E-32	5.4113E-31	-1.0	0.0	0.359772	0.470468	0.0495	1.0
					/*	6:child_number	*/	0
					/*	6:name	*/	49M,51M...57M鱼腹式(左端)-1/45M,47鱼腹式(不加畸零节间)(左端)-1/41M鱼腹式梁端（右单片）(F1)-1/2d(右内B4)-1/LS3_3号螺栓-5
					/*	6:type	*/	零件\LS3_3号螺栓.SLDPRT
					/*	6:location	*/	0.997812	0.066117	2.46519E-32	0.0	0.066117	-0.997812	-1.61778E-31	0.0	4.93038E-32	5.4113E-31	-1.0	0.0	0.47007	0.36881	0.0495	1.0
					/*	6:child_number	*/	0
					/*	6:name	*/	49M,51M...57M鱼腹式(左端)-1/45M,47鱼腹式(不加畸零节间)(左端)-1/41M鱼腹式梁端（右单片）(F1)-1/2d(右内B4)-1/LS3_3号螺栓-6
					/*	6:type	*/	零件\LS3_3号螺栓.SLDPRT
					/*	6:location	*/	0.441647	0.897189	1.35585E-31	0.0	0.897189	-0.441647	-9.86076E-32	0.0	7.39557E-32	5.4113E-31	-1.0	0.0	0.388744	0.280572	0.0495	1.0
					/*	6:child_number	*/	0
					/*	6:name	*/	49M,51M...57M鱼腹式(左端)-1/45M,47鱼腹式(不加畸零节间)(左端)-1/41M鱼腹式梁端（右单片）(F1)-1/2d(右内B4)-1/LS3_3号螺栓-7
					/*	6:type	*/	零件\LS3_3号螺栓.SLDPRT
					/*	6:location	*/	0.997812	0.066117	2.46519E-32	0.0	0.066117	-0.997812	-1.38667E-31	0.0	4.93038E-32	5.4113E-31	-1.0	0.0	-0.387072	-0.339858	0.0495	1.0
					/*	6:child_number	*/	0
					/*	6:name	*/	49M,51M...57M鱼腹式(左端)-1/45M,47鱼腹式(不加畸零节间)(左端)-1/41M鱼腹式梁端（右单片）(F1)-1/2d(右内B4)-1/LS3_3号螺栓-8
					/*	6:type	*/	零件\LS3_3号螺栓.SLDPRT
					/*	6:location	*/	0.997812	0.066117	2.46519E-32	0.0	0.066117	-0.997812	-1.38667E-31	0.0	4.93038E-32	5.4113E-31	-1.0	0.0	-0.305746	-0.251619	0.0495	1.0
					/*	6:child_number	*/	0
					/*	6:name	*/	49M,51M...57M鱼腹式(左端)-1/45M,47鱼腹式(不加畸零节间)(左端)-1/41M鱼腹式梁端（右单片）(F1)-1/2d(右内B4)-1/LS3_3号螺栓-9
					/*	6:type	*/	零件\LS3_3号螺栓.SLDPRT
					/*	6:location	*/	0.997812	0.066117	2.46519E-32	0.0	0.066117	-0.997812	-1.38667E-31	0.0	4.93038E-32	5.4113E-31	-1.0	0.0	-0.276774	-0.441515	0.0495	1.0
					/*	6:child_number	*/	0
					/*	6:name	*/	49M,51M...57M鱼腹式(左端)-1/45M,47鱼腹式(不加畸零节间)(左端)-1/41M鱼腹式梁端（右单片）(F1)-1/2d(右内B4)-1/螺母1-1
					/*	6:type	*/	零件\螺母1.SLDPRT
					/*	6:location	*/	1.0	1.11022E-16	0.0	0.0	1.11022E-16	-1.0	-2.24668E-31	0.0	4.93038E-32	5.4113E-31	-1.0	0.0	-0.218501	0.109476	0.0145	1.0
					/*	6:child_number	*/	0
				/*	5:name	*/	49M,51M...57M鱼腹式(左端)-1/45M,47鱼腹式(不加畸零节间)(左端)-1/41M鱼腹式梁端（右单片）(F1)-1/2d(右外B4)-1
				/*	5:type	*/	上承式梁\公共组件\梁端\鱼腹式梁端\带螺栓零件\2d(右外B4).SLDASM
				/*	5:location	*/	-1.37822E-15	-8.18234E-14	-1.0	0.0	-1.4888E-15	1.0	-8.18234E-14	0.0	1.0	1.4888E-15	-1.37822E-15	0.0	0.288649	-1.82312	1.58978	1.0
				/*	5:child_number	*/	13
					/*	6:name	*/	49M,51M...57M鱼腹式(左端)-1/45M,47鱼腹式(不加畸零节间)(左端)-1/41M鱼腹式梁端（右单片）(F1)-1/2d(右外B4)-1/B4_节点板-1
					/*	6:type	*/	零件\B4_节点板.SLDPRT
					/*	6:location	*/	1.0	0.0	0.0	0.0	0.0	1.0	3.29623E-32	0.0	0.0	3.29623E-32	1.0	0.0	-0.729638	0.489799	-0.008	1.0
					/*	6:child_number	*/	0
					/*	6:name	*/	49M,51M...57M鱼腹式(左端)-1/45M,47鱼腹式(不加畸零节间)(左端)-1/41M鱼腹式梁端（右单片）(F1)-1/2d(右外B4)-1/LS2_2号螺栓-12
					/*	6:type	*/	零件\LS2_2号螺栓.SLDPRT
					/*	6:location	*/	0.997812	0.066117	0.0	0.0	0.066117	-0.997812	-1.664E-31	0.0	0.0	-3.29623E-32	-1.0	0.0	-0.667674	-0.079713	0.027	1.0
					/*	6:child_number	*/	0
					/*	6:name	*/	49M,51M...57M鱼腹式(左端)-1/45M,47鱼腹式(不加畸零节间)(左端)-1/41M鱼腹式梁端（右单片）(F1)-1/2d(右外B4)-1/LS2_2号螺栓-13
					/*	6:type	*/	零件\LS2_2号螺栓.SLDPRT
					/*	6:location	*/	0.997812	0.066117	-4.93038E-32	0.0	0.066117	-0.997812	-1.50993E-31	0.0	0.0	-3.29623E-32	-1.0	0.0	-0.667674	0.110287	0.027	1.0
					/*	6:child_number	*/	0
					/*	6:name	*/	49M,51M...57M鱼腹式(左端)-1/45M,47鱼腹式(不加畸零节间)(左端)-1/41M鱼腹式梁端（右单片）(F1)-1/2d(右外B4)-1/LS2_2号螺栓-14
					/*	6:type	*/	零件\LS2_2号螺栓.SLDPRT
					/*	6:location	*/	0.997812	0.066117	-4.93038E-32	0.0	0.066117	-0.997812	-1.35585E-31	0.0	0.0	-3.29623E-32	-1.0	0.0	0.0450854	0.376331	0.027	1.0
					/*	6:child_number	*/	0
					/*	6:name	*/	49M,51M...57M鱼腹式(左端)-1/45M,47鱼腹式(不加畸零节间)(左端)-1/41M鱼腹式梁端（右单片）(F1)-1/2d(右外B4)-1/LS2_2号螺栓-15
					/*	6:type	*/	零件\LS2_2号螺栓.SLDPRT
					/*	6:location	*/	0.997812	0.066117	-4.93038E-32	0.0	0.066117	-0.997812	-1.35585E-31	0.0	0.0	-3.29623E-32	-1.0	0.0	0.126411	0.464569	0.027	1.0
					/*	6:child_number	*/	0
					/*	6:name	*/	49M,51M...57M鱼腹式(左端)-1/45M,47鱼腹式(不加畸零节间)(左端)-1/41M鱼腹式梁端（右单片）(F1)-1/2d(右外B4)-1/LS3_3号螺栓-10
					/*	6:type	*/	零件\LS3_3号螺栓.SLDPRT
					/*	6:location	*/	0.997812	0.066117	-4.93038E-32	0.0	0.066117	-0.997812	-1.50993E-31	0.0	0.0	-3.29623E-32	-1.0	0.0	-0.52462	0.38304	0.027	1.0
					/*	6:child_number	*/	0
					/*	6:name	*/	49M,51M...57M鱼腹式(左端)-1/45M,47鱼腹式(不加畸零节间)(左端)-1/41M鱼腹式梁端（右单片）(F1)-1/2d(右外B4)-1/LS3_3号螺栓-3
					/*	6:type	*/	零件\LS3_3号螺栓.SLDPRT
					/*	6:location	*/	0.997812	0.066117	-4.93038E-32	0.0	0.066117	-0.997812	-1.35585E-31	0.0	0.0	-3.29623E-32	-1.0	0.0	-0.0507268	-0.352466	0.027	1.0
					/*	6:child_number	*/	0
					/*	6:name	*/	49M,51M...57M鱼腹式(左端)-1/45M,47鱼腹式(不加畸零节间)(左端)-1/41M鱼腹式梁端（右单片）(F1)-1/2d(右外B4)-1/LS3_3号螺栓-4
					/*	6:type	*/	零件\LS3_3号螺栓.SLDPRT
					/*	6:location	*/	0.997812	0.066117	-4.93038E-32	0.0	0.066117	-0.997812	-1.50993E-31	0.0	0.0	-3.29623E-32	-1.0	0.0	0.0595716	-0.250808	0.027	1.0
					/*	6:child_number	*/	0
					/*	6:name	*/	49M,51M...57M鱼腹式(左端)-1/45M,47鱼腹式(不加畸零节间)(左端)-1/41M鱼腹式梁端（右单片）(F1)-1/2d(右外B4)-1/LS3_3号螺栓-5
					/*	6:type	*/	零件\LS3_3号螺栓.SLDPRT
					/*	6:location	*/	0.997812	0.066117	0.0	0.0	0.066117	-0.997812	-1.664E-31	0.0	0.0	-3.29623E-32	-1.0	0.0	0.140898	-0.339047	0.027	1.0
					/*	6:child_number	*/	0
					/*	6:name	*/	49M,51M...57M鱼腹式(左端)-1/45M,47鱼腹式(不加畸零节间)(左端)-1/41M鱼腹式梁端（右单片）(F1)-1/2d(右外B4)-1/LS3_3号螺栓-6
					/*	6:type	*/	零件\LS3_3号螺栓.SLDPRT
					/*	6:location	*/	0.441647	0.897189	-7.39557E-32	0.0	0.897189	-0.441647	-9.86076E-32	0.0	0.0	-3.29623E-32	-1.0	0.0	0.0305992	-0.440705	0.027	1.0
					/*	6:child_number	*/	0
					/*	6:name	*/	49M,51M...57M鱼腹式(左端)-1/45M,47鱼腹式(不加畸零节间)(左端)-1/41M鱼腹式梁端（右单片）(F1)-1/2d(右外B4)-1/LS3_3号螺栓-7
					/*	6:type	*/	零件\LS3_3号螺栓.SLDPRT
					/*	6:location	*/	0.997812	0.066117	-4.93038E-32	0.0	0.066117	-0.997812	-1.35585E-31	0.0	0.0	-3.29623E-32	-1.0	0.0	-0.716245	0.369621	0.027	1.0
					/*	6:child_number	*/	0
					/*	6:name	*/	49M,51M...57M鱼腹式(左端)-1/45M,47鱼腹式(不加畸零节间)(左端)-1/41M鱼腹式梁端（右单片）(F1)-1/2d(右外B4)-1/LS3_3号螺栓-8
					/*	6:type	*/	零件\LS3_3号螺栓.SLDPRT
					/*	6:location	*/	0.997812	0.066117	-4.93038E-32	0.0	0.066117	-0.997812	-1.35585E-31	0.0	0.0	-3.29623E-32	-1.0	0.0	-0.605946	0.471279	0.027	1.0
					/*	6:child_number	*/	0
					/*	6:name	*/	49M,51M...57M鱼腹式(左端)-1/45M,47鱼腹式(不加畸零节间)(左端)-1/41M鱼腹式梁端（右单片）(F1)-1/2d(右外B4)-1/LS3_3号螺栓-9
					/*	6:type	*/	零件\LS3_3号螺栓.SLDPRT
					/*	6:location	*/	0.997812	0.066117	-4.93038E-32	0.0	0.066117	-0.997812	-1.35585E-31	0.0	0.0	-3.29623E-32	-1.0	0.0	-0.634919	0.281382	0.027	1.0
					/*	6:child_number	*/	0
				/*	5:name	*/	49M,51M...57M鱼腹式(左端)-1/45M,47鱼腹式(不加畸零节间)(左端)-1/41M鱼腹式梁端（右单片）(F1)-1/F1(鱼腹式)-1
				/*	5:type	*/	上承式梁\公共组件\梁端\鱼腹式梁端\带螺栓零件\F1(鱼腹式).SLDASM
				/*	5:location	*/	1.0	1.89366E-15	-1.84686E-15	0.0	-2.64141E-15	0.677717	-0.735323	0.0	-1.40805E-16	0.735323	0.677717	0.0	0.11057	-1.81176	1.88184	1.0
				/*	5:child_number	*/	41
					/*	6:name	*/	49M,51M...57M鱼腹式(左端)-1/45M,47鱼腹式(不加畸零节间)(左端)-1/41M鱼腹式梁端（右单片）(F1)-1/F1(鱼腹式)-1/F1_重斜杆-1
					/*	6:type	*/	零件\F1_重斜杆.SLDPRT
					/*	6:location	*/	1.0	0.0	0.0	0.0	0.0	1.0	0.0	0.0	-1.97215E-31	1.11022E-16	1.0	0.0	-0.0199211	0.00589217	0.0	1.0
					/*	6:child_number	*/	0
					/*	6:name	*/	49M,51M...57M鱼腹式(左端)-1/45M,47鱼腹式(不加畸零节间)(左端)-1/41M鱼腹式梁端（右单片）(F1)-1/F1(鱼腹式)-1/螺母1-1
					/*	6:type	*/	零件\螺母1.SLDPRT
					/*	6:location	*/	2.71171E-31	-0.707107	-0.707107	0.0	0.0	0.707107	-0.707107	0.0	1.0	-9.86076E-32	3.9443E-31	0.0	-0.181921	0.00589217	2.58	1.0
					/*	6:child_number	*/	0
					/*	6:name	*/	49M,51M...57M鱼腹式(左端)-1/45M,47鱼腹式(不加畸零节间)(左端)-1/41M鱼腹式梁端（右单片）(F1)-1/F1(鱼腹式)-1/螺母1-10
					/*	6:type	*/	零件\螺母1.SLDPRT
					/*	6:location	*/	2.71171E-31	-0.707107	-0.707107	0.0	0.0	0.707107	-0.707107	0.0	1.0	-9.86076E-32	3.9443E-31	0.0	-0.181921	-0.0691078	2.4	1.0
					/*	6:child_number	*/	0
					/*	6:name	*/	49M,51M...57M鱼腹式(左端)-1/45M,47鱼腹式(不加畸零节间)(左端)-1/41M鱼腹式梁端（右单片）(F1)-1/F1(鱼腹式)-1/螺母1-11
					/*	6:type	*/	零件\螺母1.SLDPRT
					/*	6:location	*/	2.71171E-31	-0.707107	-0.707107	0.0	0.0	0.707107	-0.707107	0.0	1.0	-9.86076E-32	3.9443E-31	0.0	-0.181921	0.00589217	2.46	1.0
					/*	6:child_number	*/	0
					/*	6:name	*/	49M,51M...57M鱼腹式(左端)-1/45M,47鱼腹式(不加畸零节间)(左端)-1/41M鱼腹式梁端（右单片）(F1)-1/F1(鱼腹式)-1/螺母1-12
					/*	6:type	*/	零件\螺母1.SLDPRT
					/*	6:location	*/	2.95823E-31	0.258819	-0.965926	0.0	0.0	0.965926	0.258819	0.0	1.0	-1.97215E-31	4.93038E-31	0.0	-0.181921	0.0808922	2.4	1.0
					/*	6:child_number	*/	0
					/*	6:name	*/	49M,51M...57M鱼腹式(左端)-1/45M,47鱼腹式(不加畸零节间)(左端)-1/41M鱼腹式梁端（右单片）(F1)-1/F1(鱼腹式)-1/螺母1-2
					/*	6:type	*/	零件\螺母1.SLDPRT
					/*	6:location	*/	0.0	-0.965926	0.258819	0.0	-3.45127E-31	0.258819	0.965926	0.0	-1.0	0.0	0.0	0.0	0.142079	-0.0691078	2.52	1.0
					/*	6:child_number	*/	0
					/*	6:name	*/	49M,51M...57M鱼腹式(左端)-1/45M,47鱼腹式(不加畸零节间)(左端)-1/41M鱼腹式梁端（右单片）(F1)-1/F1(鱼腹式)-1/螺母1-25
					/*	6:type	*/	零件\螺母1.SLDPRT
					/*	6:location	*/	2.71171E-31	-0.707107	-0.707107	0.0	0.0	0.707107	-0.707107	0.0	1.0	-9.86076E-32	3.9443E-31	0.0	-0.181921	-0.0691078	-2.52	1.0
					/*	6:child_number	*/	0
					/*	6:name	*/	49M,51M...57M鱼腹式(左端)-1/45M,47鱼腹式(不加畸零节间)(左端)-1/41M鱼腹式梁端（右单片）(F1)-1/F1(鱼腹式)-1/螺母1-26
					/*	6:type	*/	零件\螺母1.SLDPRT
					/*	6:location	*/	2.71171E-31	-0.707107	-0.707107	0.0	0.0	0.707107	-0.707107	0.0	1.0	-9.86076E-32	3.9443E-31	0.0	-0.181921	-0.0691078	-2.4	1.0
					/*	6:child_number	*/	0
					/*	6:name	*/	49M,51M...57M鱼腹式(左端)-1/45M,47鱼腹式(不加畸零节间)(左端)-1/41M鱼腹式梁端（右单片）(F1)-1/F1(鱼腹式)-1/螺母1-27
					/*	6:type	*/	零件\螺母1.SLDPRT
					/*	6:location	*/	0.0	-0.965926	0.258819	0.0	-3.45127E-31	0.258819	0.965926	0.0	-1.0	0.0	0.0	0.0	0.142079	-0.0691078	-2.4	1.0
					/*	6:child_number	*/	0
					/*	6:name	*/	49M,51M...57M鱼腹式(左端)-1/45M,47鱼腹式(不加畸零节间)(左端)-1/41M鱼腹式梁端（右单片）(F1)-1/F1(鱼腹式)-1/螺母1-28
					/*	6:type	*/	零件\螺母1.SLDPRT
					/*	6:location	*/	0.0	-0.965926	0.258819	0.0	-3.45127E-31	0.258819	0.965926	0.0	-1.0	0.0	0.0	0.0	0.142079	-0.0691078	-2.52	1.0
					/*	6:child_number	*/	0
					/*	6:name	*/	49M,51M...57M鱼腹式(左端)-1/45M,47鱼腹式(不加畸零节间)(左端)-1/41M鱼腹式梁端（右单片）(F1)-1/F1(鱼腹式)-1/螺母1-29
					/*	6:type	*/	零件\螺母1.SLDPRT
					/*	6:location	*/	0.0	-0.965926	0.258819	0.0	-3.45127E-31	0.258819	0.965926	0.0	-1.0	0.0	0.0	0.0	0.142079	0.0808922	-2.52	1.0
					/*	6:child_number	*/	0
					/*	6:name	*/	49M,51M...57M鱼腹式(左端)-1/45M,47鱼腹式(不加畸零节间)(左端)-1/41M鱼腹式梁端（右单片）(F1)-1/F1(鱼腹式)-1/螺母1-3
					/*	6:type	*/	零件\螺母1.SLDPRT
					/*	6:location	*/	2.71171E-31	-0.707107	-0.707107	0.0	0.0	0.707107	-0.707107	0.0	1.0	-9.86076E-32	3.9443E-31	0.0	-0.181921	-0.0691078	2.52	1.0
					/*	6:child_number	*/	0
					/*	6:name	*/	49M,51M...57M鱼腹式(左端)-1/45M,47鱼腹式(不加畸零节间)(左端)-1/41M鱼腹式梁端（右单片）(F1)-1/F1(鱼腹式)-1/螺母1-30
					/*	6:type	*/	零件\螺母1.SLDPRT
					/*	6:location	*/	0.0	-0.965926	0.258819	0.0	-3.45127E-31	0.258819	0.965926	0.0	-1.0	0.0	0.0	0.0	0.142079	0.0808922	-2.4	1.0
					/*	6:child_number	*/	0
					/*	6:name	*/	49M,51M...57M鱼腹式(左端)-1/45M,47鱼腹式(不加畸零节间)(左端)-1/41M鱼腹式梁端（右单片）(F1)-1/F1(鱼腹式)-1/螺母1-31
					/*	6:type	*/	零件\螺母1.SLDPRT
					/*	6:location	*/	2.95823E-31	0.258819	-0.965926	0.0	0.0	0.965926	0.258819	0.0	1.0	-1.97215E-31	4.93038E-31	0.0	-0.181921	0.0808922	-2.52	1.0
					/*	6:child_number	*/	0
					/*	6:name	*/	49M,51M...57M鱼腹式(左端)-1/45M,47鱼腹式(不加畸零节间)(左端)-1/41M鱼腹式梁端（右单片）(F1)-1/F1(鱼腹式)-1/螺母1-32
					/*	6:type	*/	零件\螺母1.SLDPRT
					/*	6:location	*/	2.95823E-31	0.258819	-0.965926	0.0	0.0	0.965926	0.258819	0.0	1.0	-1.97215E-31	4.93038E-31	0.0	-0.181921	0.0808922	-2.4	1.0
					/*	6:child_number	*/	0
					/*	6:name	*/	49M,51M...57M鱼腹式(左端)-1/45M,47鱼腹式(不加畸零节间)(左端)-1/41M鱼腹式梁端（右单片）(F1)-1/F1(鱼腹式)-1/螺母1-33
					/*	6:type	*/	零件\螺母1.SLDPRT
					/*	6:location	*/	1.41748E-31	-0.707107	-0.707107	0.0	0.0	-0.707107	0.707107	0.0	-1.0	2.95823E-31	-1.97215E-31	0.0	0.142079	0.00589217	-2.58	1.0
					/*	6:child_number	*/	0
					/*	6:name	*/	49M,51M...57M鱼腹式(左端)-1/45M,47鱼腹式(不加畸零节间)(左端)-1/41M鱼腹式梁端（右单片）(F1)-1/F1(鱼腹式)-1/螺母1-34
					/*	6:type	*/	零件\螺母1.SLDPRT
					/*	6:location	*/	1.41748E-31	-0.707107	-0.707107	0.0	0.0	-0.707107	0.707107	0.0	-1.0	2.95823E-31	-1.97215E-31	0.0	0.142079	0.00589217	-2.46	1.0
					/*	6:child_number	*/	0
					/*	6:name	*/	49M,51M...57M鱼腹式(左端)-1/45M,47鱼腹式(不加畸零节间)(左端)-1/41M鱼腹式梁端（右单片）(F1)-1/F1(鱼腹式)-1/螺母1-35
					/*	6:type	*/	零件\螺母1.SLDPRT
					/*	6:location	*/	2.71171E-31	-0.707107	-0.707107	0.0	0.0	0.707107	-0.707107	0.0	1.0	-9.86076E-32	3.9443E-31	0.0	-0.181921	0.00589217	-2.58	1.0
					/*	6:child_number	*/	0
					/*	6:name	*/	49M,51M...57M鱼腹式(左端)-1/45M,47鱼腹式(不加畸零节间)(左端)-1/41M鱼腹式梁端（右单片）(F1)-1/F1(鱼腹式)-1/螺母1-36
					/*	6:type	*/	零件\螺母1.SLDPRT
					/*	6:location	*/	2.71171E-31	-0.707107	-0.707107	0.0	0.0	0.707107	-0.707107	0.0	1.0	-9.86076E-32	3.9443E-31	0.0	-0.181921	0.00589217	-2.46	1.0
					/*	6:child_number	*/	0
					/*	6:name	*/	49M,51M...57M鱼腹式(左端)-1/45M,47鱼腹式(不加畸零节间)(左端)-1/41M鱼腹式梁端（右单片）(F1)-1/F1(鱼腹式)-1/螺母1-4
					/*	6:type	*/	零件\螺母1.SLDPRT
