/*	1:name	*/	16.5米带1.5米和3米辅助端构架的标准三角七片梁
/*	1:type	*/	16.5米带1.5米和3米辅助端构架的标准三角七片梁.SLDASM
/*	1:location	*/	1.0	0.0	0.0	0.0	0.0	1.0	0.0	0.0	0.0	0.0	1.0	0.0	0.0	0.0	0.0	1.0
/*	1:child_number	*/	22
	/*	2:name	*/	七片三角上的一个钢枕及一号U型螺栓-1
	/*	2:type	*/	钢枕单元\七片三角上的一个钢枕及一号U型螺栓.SLDASM
	/*	2:location	*/	4.16334E-17	4.82949E-17	1.0	0.0	1.11871E-16	1.0	-1.61409E-16	0.0	-1.0	5.95637E-17	-3.46945E-18	0.0	-8.20744	-0.302778	-3.01492	1.0
	/*	2:child_number	*/	11
		/*	3:name	*/	七片三角上的一个钢枕及一号U型螺栓-1/一号U型螺栓单元-10
		/*	3:type	*/	U型螺栓单元\一号U型螺栓单元.SLDASM
		/*	3:location	*/	0.696203	-1.66192E-16	-0.717845	0.0	-0.717845	-2.0424E-16	-0.696203	0.0	-3.09096E-17	1.0	-2.61492E-16	0.0	3.51116	1.55713	-0.164824	1.0
		/*	3:child_number	*/	4
			/*	4:name	*/	七片三角上的一个钢枕及一号U型螺栓-1/一号U型螺栓单元-10/一号U型螺栓-1
			/*	4:type	*/	基本杆件\一号U型螺栓.SLDPRT
			/*	4:location	*/	1.0	0.0	6.16298E-33	0.0	0.0	1.0	1.2326E-32	0.0	4.93038E-32	0.0	1.0	0.0	0.0188503	-0.108956	-0.188	1.0
			/*	4:child_number	*/	0
			/*	4:name	*/	七片三角上的一个钢枕及一号U型螺栓-1/一号U型螺栓单元-10/一号U型螺栓垫片-1
			/*	4:type	*/	基本杆件\一号U型螺栓垫片.SLDPRT
			/*	4:location	*/	0.0	-1.0	-1.2326E-32	0.0	1.0	0.0	6.16298E-33	0.0	4.93038E-32	0.0	1.0	0.0	-0.0111497	0.0790441	0.143	1.0
			/*	4:child_number	*/	0
			/*	4:name	*/	七片三角上的一个钢枕及一号U型螺栓-1/一号U型螺栓单元-10/六四梁螺母-1
			/*	4:type	*/	基本杆件\六四梁螺母.SLDPRT
			/*	4:location	*/	1.0	0.0	6.16298E-33	0.0	0.0	1.0	1.2326E-32	0.0	4.93038E-32	0.0	1.0	0.0	0.0188503	0.0490441	0.159	1.0
			/*	4:child_number	*/	0
			/*	4:name	*/	七片三角上的一个钢枕及一号U型螺栓-1/一号U型螺栓单元-10/六四梁螺母-2
			/*	4:type	*/	基本杆件\六四梁螺母.SLDPRT
			/*	4:location	*/	1.0	0.0	6.16298E-33	0.0	0.0	1.0	1.2326E-32	0.0	4.93038E-32	0.0	1.0	0.0	0.0188503	-0.108956	0.159	1.0
			/*	4:child_number	*/	0
		/*	3:name	*/	七片三角上的一个钢枕及一号U型螺栓-1/一号U型螺栓单元-11
		/*	3:type	*/	U型螺栓单元\一号U型螺栓单元.SLDASM
		/*	3:location	*/	0.696203	-1.75004E-16	-0.717845	0.0	-0.717845	-2.6696E-16	-0.696203	0.0	-6.97974E-17	1.0	-3.11484E-16	0.0	2.48258	1.55713	-0.164824	1.0
		/*	3:child_number	*/	4
			/*	4:name	*/	七片三角上的一个钢枕及一号U型螺栓-1/一号U型螺栓单元-11/一号U型螺栓-1
			/*	4:type	*/	基本杆件\一号U型螺栓.SLDPRT
			/*	4:location	*/	1.0	0.0	-4.93038E-32	0.0	0.0	1.0	-2.46519E-32	0.0	1.2326E-31	2.46519E-32	1.0	0.0	0.0188503	-0.108956	-0.188	1.0
			/*	4:child_number	*/	0
			/*	4:name	*/	七片三角上的一个钢枕及一号U型螺栓-1/一号U型螺栓单元-11/一号U型螺栓垫片-1
			/*	4:type	*/	基本杆件\一号U型螺栓垫片.SLDPRT
			/*	4:location	*/	0.0	-1.0	2.46519E-32	0.0	1.0	0.0	-2.46519E-32	0.0	1.2326E-31	2.46519E-32	1.0	0.0	-0.0111497	0.0790441	0.143	1.0
			/*	4:child_number	*/	0
			/*	4:name	*/	七片三角上的一个钢枕及一号U型螺栓-1/一号U型螺栓单元-11/六四梁螺母-1
			/*	4:type	*/	基本杆件\六四梁螺母.SLDPRT
			/*	4:location	*/	1.0	0.0	-4.93038E-32	0.0	0.0	1.0	-2.46519E-32	0.0	1.2326E-31	2.46519E-32	1.0	0.0	0.0188503	0.0490441	0.159	1.0
			/*	4:child_number	*/	0
			/*	4:name	*/	七片三角上的一个钢枕及一号U型螺栓-1/一号U型螺栓单元-11/六四梁螺母-2
			/*	4:type	*/	基本杆件\六四梁螺母.SLDPRT
			/*	4:location	*/	1.0	0.0	-4.93038E-32	0.0	0.0	1.0	-2.46519E-32	0.0	1.2326E-31	2.46519E-32	1.0	0.0	0.0188503	-0.108956	0.159	1.0
			/*	4:child_number	*/	0
		/*	3:name	*/	七片三角上的一个钢枕及一号U型螺栓-1/一号U型螺栓单元-12
		/*	3:type	*/	U型螺栓单元\一号U型螺栓单元.SLDASM
		/*	3:location	*/	0.696203	-1.50471E-16	-0.717845	0.0	-0.717845	-1.81178E-16	-0.696203	0.0	-2.52993E-17	1.0	-2.34151E-16	0.0	1.28258	1.55713	-0.164824	1.0
		/*	3:child_number	*/	4
			/*	4:name	*/	七片三角上的一个钢枕及一号U型螺栓-1/一号U型螺栓单元-12/一号U型螺栓-1
			/*	4:type	*/	基本杆件\一号U型螺栓.SLDPRT
			/*	4:location	*/	1.0	0.0	0.0	0.0	0.0	1.0	0.0	0.0	0.0	0.0	1.0	0.0	0.0188503	-0.108956	-0.188	1.0
			/*	4:child_number	*/	0
			/*	4:name	*/	七片三角上的一个钢枕及一号U型螺栓-1/一号U型螺栓单元-12/一号U型螺栓垫片-1
			/*	4:type	*/	基本杆件\一号U型螺栓垫片.SLDPRT
			/*	4:location	*/	0.0	-1.0	0.0	0.0	1.0	0.0	0.0	0.0	0.0	0.0	1.0	0.0	-0.0111497	0.0790441	0.143	1.0
			/*	4:child_number	*/	0
			/*	4:name	*/	七片三角上的一个钢枕及一号U型螺栓-1/一号U型螺栓单元-12/六四梁螺母-1
			/*	4:type	*/	基本杆件\六四梁螺母.SLDPRT
			/*	4:location	*/	1.0	0.0	0.0	0.0	0.0	1.0	0.0	0.0	0.0	0.0	1.0	0.0	0.0188503	0.0490441	0.159	1.0
			/*	4:child_number	*/	0
			/*	4:name	*/	七片三角上的一个钢枕及一号U型螺栓-1/一号U型螺栓单元-12/六四梁螺母-2
			/*	4:type	*/	基本杆件\六四梁螺母.SLDPRT
			/*	4:location	*/	1.0	0.0	0.0	0.0	0.0	1.0	0.0	0.0	0.0	0.0	1.0	0.0	0.0188503	-0.108956	0.159	1.0
			/*	4:child_number	*/	0
		/*	3:name	*/	七片三角上的一个钢枕及一号U型螺栓-1/一号U型螺栓单元-13
		/*	3:type	*/	U型螺栓单元\一号U型螺栓单元.SLDASM
		/*	3:location	*/	0.696203	-2.82215E-16	-0.717845	0.0	-0.717845	-2.26535E-16	-0.696203	0.0	3.38618E-17	1.0	-3.60301E-16	0.0	0.0825825	1.55713	-0.164824	1.0
		/*	3:child_number	*/	4
			/*	4:name	*/	七片三角上的一个钢枕及一号U型螺栓-1/一号U型螺栓单元-13/一号U型螺栓-1
			/*	4:type	*/	基本杆件\一号U型螺栓.SLDPRT
			/*	4:location	*/	1.0	0.0	1.84889E-32	0.0	-5.55112E-17	1.0	1.07852E-32	0.0	0.0	1.2326E-32	1.0	0.0	0.0188503	-0.108956	-0.188	1.0
			/*	4:child_number	*/	0
			/*	4:name	*/	七片三角上的一个钢枕及一号U型螺栓-1/一号U型螺栓单元-13/一号U型螺栓垫片-1
			/*	4:type	*/	基本杆件\一号U型螺栓垫片.SLDPRT
			/*	4:location	*/	5.55112E-17	-1.0	-1.07852E-32	0.0	1.0	0.0	1.84889E-32	0.0	0.0	1.2326E-32	1.0	0.0	-0.0111497	0.0790441	0.143	1.0
			/*	4:child_number	*/	0
			/*	4:name	*/	七片三角上的一个钢枕及一号U型螺栓-1/一号U型螺栓单元-13/六四梁螺母-1
			/*	4:type	*/	基本杆件\六四梁螺母.SLDPRT
			/*	4:location	*/	1.0	0.0	1.84889E-32	0.0	-5.55112E-17	1.0	1.07852E-32	0.0	0.0	1.2326E-32	1.0	0.0	0.0188503	0.0490441	0.159	1.0
			/*	4:child_number	*/	0
			/*	4:name	*/	七片三角上的一个钢枕及一号U型螺栓-1/一号U型螺栓单元-13/六四梁螺母-2
			/*	4:type	*/	基本杆件\六四梁螺母.SLDPRT
			/*	4:location	*/	1.0	0.0	1.84889E-32	0.0	-5.55112E-17	1.0	1.07852E-32	0.0	0.0	1.2326E-32	1.0	0.0	0.0188503	-0.108956	0.159	1.0
			/*	4:child_number	*/	0
		/*	3:name	*/	七片三角上的一个钢枕及一号U型螺栓-1/一号U型螺栓单元-14
		/*	3:type	*/	U型螺栓单元\一号U型螺栓单元.SLDASM
		/*	3:location	*/	0.696203	-2.32866E-16	-0.717845	0.0	-0.717845	-2.84904E-16	-0.696203	0.0	7.07196E-17	1.0	-3.13206E-16	0.0	-0.0888371	1.55713	-0.164824	1.0
		/*	3:child_number	*/	4
			/*	4:name	*/	七片三角上的一个钢枕及一号U型螺栓-1/一号U型螺栓单元-14/一号U型螺栓-1
			/*	4:type	*/	基本杆件\一号U型螺栓.SLDPRT
			/*	4:location	*/	1.0	0.0	2.46519E-32	0.0	0.0	1.0	1.2326E-32	0.0	2.46519E-32	2.46519E-32	1.0	0.0	0.0188503	-0.108956	-0.188	1.0
			/*	4:child_number	*/	0
			/*	4:name	*/	七片三角上的一个钢枕及一号U型螺栓-1/一号U型螺栓单元-14/一号U型螺栓垫片-1
			/*	4:type	*/	基本杆件\一号U型螺栓垫片.SLDPRT
			/*	4:location	*/	0.0	-1.0	-1.2326E-32	0.0	1.0	0.0	2.46519E-32	0.0	2.46519E-32	2.46519E-32	1.0	0.0	-0.0111497	0.0790441	0.143	1.0
			/*	4:child_number	*/	0
			/*	4:name	*/	七片三角上的一个钢枕及一号U型螺栓-1/一号U型螺栓单元-14/六四梁螺母-1
			/*	4:type	*/	基本杆件\六四梁螺母.SLDPRT
			/*	4:location	*/	1.0	0.0	2.46519E-32	0.0	0.0	1.0	1.2326E-32	0.0	2.46519E-32	2.46519E-32	1.0	0.0	0.0188503	0.0490441	0.159	1.0
			/*	4:child_number	*/	0
			/*	4:name	*/	七片三角上的一个钢枕及一号U型螺栓-1/一号U型螺栓单元-14/六四梁螺母-2
			/*	4:type	*/	基本杆件\六四梁螺母.SLDPRT
			/*	4:location	*/	1.0	0.0	2.46519E-32	0.0	0.0	1.0	1.2326E-32	0.0	2.46519E-32	2.46519E-32	1.0	0.0	0.0188503	-0.108956	0.159	1.0
			/*	4:child_number	*/	0
		/*	3:name	*/	七片三角上的一个钢枕及一号U型螺栓-1/一号U型螺栓单元-15
		/*	3:type	*/	U型螺栓单元\一号U型螺栓单元.SLDASM
		/*	3:location	*/	0.696203	-8.75417E-17	0.717845	0.0	0.717845	1.74971E-16	-0.696203	0.0	-6.46554E-17	1.0	1.84657E-16	0.0	-0.47441	1.55713	-0.191887	1.0
		/*	3:child_number	*/	4
			/*	4:name	*/	七片三角上的一个钢枕及一号U型螺栓-1/一号U型螺栓单元-15/一号U型螺栓-1
			/*	4:type	*/	基本杆件\一号U型螺栓.SLDPRT
			/*	4:location	*/	1.0	0.0	0.0	0.0	1.11022E-16	1.0	-1.2326E-32	0.0	0.0	0.0	1.0	0.0	0.0188503	-0.108956	-0.188	1.0
			/*	4:child_number	*/	0
			/*	4:name	*/	七片三角上的一个钢枕及一号U型螺栓-1/一号U型螺栓单元-15/一号U型螺栓垫片-1
			/*	4:type	*/	基本杆件\一号U型螺栓垫片.SLDPRT
			/*	4:location	*/	-1.11022E-16	-1.0	1.2326E-32	0.0	1.0	0.0	-1.2326E-32	0.0	0.0	0.0	1.0	0.0	-0.0111497	0.0790441	0.143	1.0
			/*	4:child_number	*/	0
			/*	4:name	*/	七片三角上的一个钢枕及一号U型螺栓-1/一号U型螺栓单元-15/六四梁螺母-1
			/*	4:type	*/	基本杆件\六四梁螺母.SLDPRT
			/*	4:location	*/	1.0	0.0	0.0	0.0	1.11022E-16	1.0	-1.2326E-32	0.0	0.0	0.0	1.0	0.0	0.0188503	0.0490441	0.159	1.0
			/*	4:child_number	*/	0
			/*	4:name	*/	七片三角上的一个钢枕及一号U型螺栓-1/一号U型螺栓单元-15/六四梁螺母-2
			/*	4:type	*/	基本杆件\六四梁螺母.SLDPRT
			/*	4:location	*/	1.0	0.0	0.0	0.0	1.11022E-16	1.0	-1.2326E-32	0.0	0.0	0.0	1.0	0.0	0.0188503	-0.108956	0.159	1.0
			/*	4:child_number	*/	0
		/*	3:name	*/	七片三角上的一个钢枕及一号U型螺栓-1/一号U型螺栓单元-16
		/*	3:type	*/	U型螺栓单元\一号U型螺栓单元.SLDASM
		/*	3:location	*/	0.696203	4.57226E-16	0.717845	0.0	0.717845	-4.45705E-16	-0.696203	0.0	1.62506E-18	1.0	-6.38518E-16	0.0	0.55417	1.55713	-0.191887	1.0
		/*	3:child_number	*/	4
			/*	4:name	*/	七片三角上的一个钢枕及一号U型螺栓-1/一号U型螺栓单元-16/一号U型螺栓-1
			/*	4:type	*/	基本杆件\一号U型螺栓.SLDPRT
			/*	4:location	*/	1.0	0.0	6.16298E-33	0.0	-1.11022E-16	1.0	-1.10934E-31	0.0	-9.86076E-32	-2.46519E-32	1.0	0.0	0.0188503	-0.108956	-0.188	1.0
			/*	4:child_number	*/	0
			/*	4:name	*/	七片三角上的一个钢枕及一号U型螺栓-1/一号U型螺栓单元-16/一号U型螺栓垫片-1
			/*	4:type	*/	基本杆件\一号U型螺栓垫片.SLDPRT
			/*	4:location	*/	1.11022E-16	-1.0	1.10934E-31	0.0	1.0	0.0	6.16298E-33	0.0	-9.86076E-32	-2.46519E-32	1.0	0.0	-0.0111497	0.0790441	0.143	1.0
			/*	4:child_number	*/	0
			/*	4:name	*/	七片三角上的一个钢枕及一号U型螺栓-1/一号U型螺栓单元-16/六四梁螺母-1
			/*	4:type	*/	基本杆件\六四梁螺母.SLDPRT
			/*	4:location	*/	1.0	0.0	6.16298E-33	0.0	-1.11022E-16	1.0	-1.10934E-31	0.0	-9.86076E-32	-2.46519E-32	1.0	0.0	0.0188503	0.0490441	0.159	1.0
			/*	4:child_number	*/	0
			/*	4:name	*/	七片三角上的一个钢枕及一号U型螺栓-1/一号U型螺栓单元-16/六四梁螺母-2
			/*	4:type	*/	基本杆件\六四梁螺母.SLDPRT
			/*	4:location	*/	1.0	0.0	6.16298E-33	0.0	-1.11022E-16	1.0	-1.10934E-31	0.0	-9.86076E-32	-2.46519E-32	1.0	0.0	0.0188503	-0.108956	0.159	1.0
			/*	4:child_number	*/	0
		/*	3:name	*/	七片三角上的一个钢枕及一号U型螺栓-1/一号U型螺栓单元-17
		/*	3:type	*/	U型螺栓单元\一号U型螺栓单元.SLDASM
		/*	3:location	*/	0.696203	1.91926E-16	0.717845	0.0	0.717845	-1.45428E-16	-0.696203	0.0	-2.92251E-17	1.0	-2.39021E-16	0.0	1.75417	1.55713	-0.191887	1.0
		/*	3:child_number	*/	4
			/*	4:name	*/	七片三角上的一个钢枕及一号U型螺栓-1/一号U型螺栓单元-17/一号U型螺栓-1
			/*	4:type	*/	基本杆件\一号U型螺栓.SLDPRT
			/*	4:location	*/	1.0	0.0	0.0	0.0	0.0	1.0	1.2326E-32	0.0	-2.46519E-32	0.0	1.0	0.0	0.0188503	-0.108956	-0.188	1.0
			/*	4:child_number	*/	0
			/*	4:name	*/	七片三角上的一个钢枕及一号U型螺栓-1/一号U型螺栓单元-17/一号U型螺栓垫片-1
			/*	4:type	*/	基本杆件\一号U型螺栓垫片.SLDPRT
			/*	4:location	*/	0.0	-1.0	-1.2326E-32	0.0	1.0	0.0	0.0	0.0	-2.46519E-32	0.0	1.0	0.0	-0.0111497	0.0790441	0.143	1.0
			/*	4:child_number	*/	0
			/*	4:name	*/	七片三角上的一个钢枕及一号U型螺栓-1/一号U型螺栓单元-17/六四梁螺母-1
			/*	4:type	*/	基本杆件\六四梁螺母.SLDPRT
			/*	4:location	*/	1.0	0.0	0.0	0.0	0.0	1.0	1.2326E-32	0.0	-2.46519E-32	0.0	1.0	0.0	0.0188503	0.0490441	0.159	1.0
			/*	4:child_number	*/	0
			/*	4:name	*/	七片三角上的一个钢枕及一号U型螺栓-1/一号U型螺栓单元-17/六四梁螺母-2
			/*	4:type	*/	基本杆件\六四梁螺母.SLDPRT
			/*	4:location	*/	1.0	0.0	0.0	0.0	0.0	1.0	1.2326E-32	0.0	-2.46519E-32	0.0	1.0	0.0	0.0188503	-0.108956	0.159	1.0
			/*	4:child_number	*/	0
		/*	3:name	*/	七片三角上的一个钢枕及一号U型螺栓-1/一号U型螺栓单元-18
		/*	3:type	*/	U型螺栓单元\一号U型螺栓单元.SLDASM
		/*	3:location	*/	0.696203	2.24752E-16	0.717845	0.0	0.717845	-1.52594E-16	-0.696203	0.0	-4.69339E-17	1.0	-2.67573E-16	0.0	2.95417	1.55713	-0.191887	1.0
		/*	3:child_number	*/	4
			/*	4:name	*/	七片三角上的一个钢枕及一号U型螺栓-1/一号U型螺栓单元-18/一号U型螺栓-1
			/*	4:type	*/	基本杆件\一号U型螺栓.SLDPRT
			/*	4:location	*/	1.0	0.0	0.0	0.0	-1.66533E-16	1.0	1.2326E-32	0.0	0.0	-2.46519E-32	1.0	0.0	0.0188503	-0.108956	-0.188	1.0
			/*	4:child_number	*/	0
			/*	4:name	*/	七片三角上的一个钢枕及一号U型螺栓-1/一号U型螺栓单元-18/一号U型螺栓垫片-1
			/*	4:type	*/	基本杆件\一号U型螺栓垫片.SLDPRT
			/*	4:location	*/	1.66533E-16	-1.0	-3.69779E-32	0.0	1.0	0.0	0.0	0.0	0.0	-2.46519E-32	1.0	0.0	-0.0111497	0.0790441	0.143	1.0
			/*	4:child_number	*/	0
			/*	4:name	*/	七片三角上的一个钢枕及一号U型螺栓-1/一号U型螺栓单元-18/六四梁螺母-1
			/*	4:type	*/	基本杆件\六四梁螺母.SLDPRT
			/*	4:location	*/	1.0	0.0	0.0	0.0	-1.66533E-16	1.0	1.2326E-32	0.0	0.0	-2.46519E-32	1.0	0.0	0.0188503	0.0490441	0.159	1.0
			/*	4:child_number	*/	0
			/*	4:name	*/	七片三角上的一个钢枕及一号U型螺栓-1/一号U型螺栓单元-18/六四梁螺母-2
			/*	4:type	*/	基本杆件\六四梁螺母.SLDPRT
			/*	4:location	*/	1.0	0.0	0.0	0.0	-1.66533E-16	1.0	1.2326E-32	0.0	0.0	-2.46519E-32	1.0	0.0	0.0188503	-0.108956	0.159	1.0
			/*	4:child_number	*/	0
		/*	3:name	*/	七片三角上的一个钢枕及一号U型螺栓-1/一号U型螺栓单元-19
		/*	3:type	*/	U型螺栓单元\一号U型螺栓单元.SLDASM
		/*	3:location	*/	0.696203	1.63862E-16	0.717845	0.0	0.717845	-4.04955E-17	-0.696203	0.0	-8.50117E-17	1.0	-1.45821E-16	0.0	3.12559	1.55713	-0.191887	1.0
		/*	3:child_number	*/	4
			/*	4:name	*/	七片三角上的一个钢枕及一号U型螺栓-1/一号U型螺栓单元-19/一号U型螺栓-1
			/*	4:type	*/	基本杆件\一号U型螺栓.SLDPRT
			/*	4:location	*/	1.0	-1.11022E-16	0.0	0.0	-5.55112E-17	1.0	0.0	0.0	-4.93038E-32	0.0	1.0	0.0	0.0188503	-0.108956	-0.188	1.0
			/*	4:child_number	*/	0
			/*	4:name	*/	七片三角上的一个钢枕及一号U型螺栓-1/一号U型螺栓单元-19/一号U型螺栓垫片-1
			/*	4:type	*/	基本杆件\一号U型螺栓垫片.SLDPRT
			/*	4:location	*/	5.55112E-17	-1.0	-1.2326E-32	0.0	1.0	-1.11022E-16	0.0	0.0	-4.93038E-32	0.0	1.0	0.0	-0.0111497	0.0790441	0.143	1.0
			/*	4:child_number	*/	0
			/*	4:name	*/	七片三角上的一个钢枕及一号U型螺栓-1/一号U型螺栓单元-19/六四梁螺母-1
			/*	4:type	*/	基本杆件\六四梁螺母.SLDPRT
			/*	4:location	*/	1.0	-1.11022E-16	0.0	0.0	-5.55112E-17	1.0	0.0	0.0	-4.93038E-32	0.0	1.0	0.0	0.0188503	0.0490441	0.159	1.0
			/*	4:child_number	*/	0
			/*	4:name	*/	七片三角上的一个钢枕及一号U型螺栓-1/一号U型螺栓单元-19/六四梁螺母-2
			/*	4:type	*/	基本杆件\六四梁螺母.SLDPRT
			/*	4:location	*/	1.0	-1.11022E-16	0.0	0.0	-5.55112E-17	1.0	0.0	0.0	-4.93038E-32	0.0	1.0	0.0	0.0188503	-0.108956	0.159	1.0
			/*	4:child_number	*/	0
		/*	3:name	*/	七片三角上的一个钢枕及一号U型螺栓-1/钢枕-1
		/*	3:type	*/	基本杆件\钢枕.SLDPRT
		/*	3:location	*/	3.85186E-34	-3.46945E-17	1.0	0.0	-5.10454E-17	1.0	3.46945E-17	0.0	-1.0	-5.10454E-17	6.16298E-33	0.0	3.6815	1.54013	-0.2015	1.0
		/*	3:child_number	*/	0
	/*	2:name	*/	七片三角上的一个钢枕及一号U型螺栓-2
	/*	2:type	*/	钢枕单元\七片三角上的一个钢枕及一号U型螺栓.SLDASM
	/*	2:location	*/	5.55112E-17	4.82949E-17	1.0	0.0	-7.62983E-17	1.0	-1.63521E-16	0.0	-1.0	-6.13002E-17	5.55112E-17	0.0	-8.61644	-0.302778	-3.01492	1.0
	/*	2:child_number	*/	11
		/*	3:name	*/	七片三角上的一个钢枕及一号U型螺栓-2/一号U型螺栓单元-10
		/*	3:type	*/	U型螺栓单元\一号U型螺栓单元.SLDASM
		/*	3:location	*/	0.696203	-1.66192E-16	-0.717845	0.0	-0.717845	-2.0424E-16	-0.696203	0.0	-3.09096E-17	1.0	-2.61492E-16	0.0	3.51116	1.55713	-0.164824	1.0
		/*	3:child_number	*/	4
			/*	4:name	*/	七片三角上的一个钢枕及一号U型螺栓-2/一号U型螺栓单元-10/一号U型螺栓-1
			/*	4:type	*/	基本杆件\一号U型螺栓.SLDPRT
			/*	4:location	*/	1.0	-1.11022E-16	0.0	0.0	5.55112E-17	1.0	0.0	0.0	0.0	2.46519E-32	1.0	0.0	0.0188503	-0.108956	-0.188	1.0
			/*	4:child_number	*/	0
			/*	4:name	*/	七片三角上的一个钢枕及一号U型螺栓-2/一号U型螺栓单元-10/一号U型螺栓垫片-1
			/*	4:type	*/	基本杆件\一号U型螺栓垫片.SLDPRT
			/*	4:location	*/	-5.55112E-17	-1.0	0.0	0.0	1.0	-1.11022E-16	1.2326E-32	0.0	0.0	2.46519E-32	1.0	0.0	-0.0111497	0.0790441	0.143	1.0
			/*	4:child_number	*/	0
			/*	4:name	*/	七片三角上的一个钢枕及一号U型螺栓-2/一号U型螺栓单元-10/六四梁螺母-1
			/*	4:type	*/	基本杆件\六四梁螺母.SLDPRT
			/*	4:location	*/	1.0	-1.11022E-16	0.0	0.0	5.55112E-17	1.0	0.0	0.0	0.0	2.46519E-32	1.0	0.0	0.0188503	0.0490441	0.159	1.0
			/*	4:child_number	*/	0
			/*	4:name	*/	七片三角上的一个钢枕及一号U型螺栓-2/一号U型螺栓单元-10/六四梁螺母-2
			/*	4:type	*/	基本杆件\六四梁螺母.SLDPRT
			/*	4:location	*/	1.0	-1.11022E-16	0.0	0.0	5.55112E-17	1.0	0.0	0.0	0.0	2.46519E-32	1.0	0.0	0.0188503	-0.108956	0.159	1.0
			/*	4:child_number	*/	0
		/*	3:name	*/	七片三角上的一个钢枕及一号U型螺栓-2/一号U型螺栓单元-11
		/*	3:type	*/	U型螺栓单元\一号U型螺栓单元.SLDASM
		/*	3:location	*/	0.696203	-1.75004E-16	-0.717845	0.0	-0.717845	-2.6696E-16	-0.696203	0.0	-6.97974E-17	1.0	-3.11484E-16	0.0	2.48258	1.55713	-0.164824	1.0
		/*	3:child_number	*/	4
			/*	4:name	*/	七片三角上的一个钢枕及一号U型螺栓-2/一号U型螺栓单元-11/一号U型螺栓-1
			/*	4:type	*/	基本杆件\一号U型螺栓.SLDPRT
			/*	4:location	*/	1.0	0.0	1.2326E-32	0.0	0.0	1.0	4.93038E-32	0.0	0.0	-4.93038E-32	1.0	0.0	0.0188503	-0.108956	-0.188	1.0
			/*	4:child_number	*/	0
			/*	4:name	*/	七片三角上的一个钢枕及一号U型螺栓-2/一号U型螺栓单元-11/一号U型螺栓垫片-1
			/*	4:type	*/	基本杆件\一号U型螺栓垫片.SLDPRT
			/*	4:location	*/	0.0	-1.0	-4.93038E-32	0.0	1.0	0.0	2.46519E-32	0.0	0.0	-4.93038E-32	1.0	0.0	-0.0111497	0.0790441	0.143	1.0
			/*	4:child_number	*/	0
			/*	4:name	*/	七片三角上的一个钢枕及一号U型螺栓-2/一号U型螺栓单元-11/六四梁螺母-1
			/*	4:type	*/	基本杆件\六四梁螺母.SLDPRT
			/*	4:location	*/	1.0	0.0	1.2326E-32	0.0	0.0	1.0	4.93038E-32	0.0	0.0	-4.93038E-32	1.0	0.0	0.0188503	0.0490441	0.159	1.0
			/*	4:child_number	*/	0
			/*	4:name	*/	七片三角上的一个钢枕及一号U型螺栓-2/一号U型螺栓单元-11/六四梁螺母-2
			/*	4:type	*/	基本杆件\六四梁螺母.SLDPRT
			/*	4:location	*/	1.0	0.0	1.2326E-32	0.0	0.0	1.0	4.93038E-32	0.0	0.0	-4.93038E-32	1.0	0.0	0.0188503	-0.108956	0.159	1.0
			/*	4:child_number	*/	0
		/*	3:name	*/	七片三角上的一个钢枕及一号U型螺栓-2/一号U型螺栓单元-12
		/*	3:type	*/	U型螺栓单元\一号U型螺栓单元.SLDASM
		/*	3:location	*/	0.696203	-1.50471E-16	-0.717845	0.0	-0.717845	-1.81178E-16	-0.696203	0.0	-2.52993E-17	1.0	-2.34151E-16	0.0	1.28258	1.55713	-0.164824	1.0
		/*	3:child_number	*/	4
			/*	4:name	*/	七片三角上的一个钢枕及一号U型螺栓-2/一号U型螺栓单元-12/一号U型螺栓-1
			/*	4:type	*/	基本杆件\一号U型螺栓.SLDPRT
			/*	4:location	*/	1.0	0.0	0.0	0.0	0.0	1.0	0.0	0.0	-2.46519E-32	2.46519E-32	1.0	0.0	0.0188503	-0.108956	-0.188	1.0
			/*	4:child_number	*/	0
			/*	4:name	*/	七片三角上的一个钢枕及一号U型螺栓-2/一号U型螺栓单元-12/一号U型螺栓垫片-1
			/*	4:type	*/	基本杆件\一号U型螺栓垫片.SLDPRT
			/*	4:location	*/	0.0	-1.0	0.0	0.0	1.0	0.0	1.2326E-32	0.0	-2.46519E-32	2.46519E-32	1.0	0.0	-0.0111497	0.0790441	0.143	1.0
			/*	4:child_number	*/	0
			/*	4:name	*/	七片三角上的一个钢枕及一号U型螺栓-2/一号U型螺栓单元-12/六四梁螺母-1
			/*	4:type	*/	基本杆件\六四梁螺母.SLDPRT
			/*	4:location	*/	1.0	0.0	0.0	0.0	0.0	1.0	0.0	0.0	-2.46519E-32	2.46519E-32	1.0	0.0	0.0188503	0.0490441	0.159	1.0
			/*	4:child_number	*/	0
			/*	4:name	*/	七片三角上的一个钢枕及一号U型螺栓-2/一号U型螺栓单元-12/六四梁螺母-2
			/*	4:type	*/	基本杆件\六四梁螺母.SLDPRT
			/*	4:location	*/	1.0	0.0	0.0	0.0	0.0	1.0	0.0	0.0	-2.46519E-32	2.46519E-32	1.0	0.0	0.0188503	-0.108956	0.159	1.0
			/*	4:child_number	*/	0
		/*	3:name	*/	七片三角上的一个钢枕及一号U型螺栓-2/一号U型螺栓单元-13
		/*	3:type	*/	U型螺栓单元\一号U型螺栓单元.SLDASM
		/*	3:location	*/	0.696203	-2.82215E-16	-0.717845	0.0	-0.717845	-2.26535E-16	-0.696203	0.0	1.49088E-16	1.0	-3.75299E-16	0.0	0.0825825	1.55713	-0.164824	1.0
		/*	3:child_number	*/	4
			/*	4:name	*/	七片三角上的一个钢枕及一号U型螺栓-2/一号U型螺栓单元-13/一号U型螺栓-1
			/*	4:type	*/	基本杆件\一号U型螺栓.SLDPRT
			/*	4:location	*/	1.0	0.0	1.84889E-32	0.0	0.0	1.0	1.2326E-32	0.0	9.24446E-33	2.00297E-32	1.0	0.0	0.0188503	-0.108956	-0.188	1.0
			/*	4:child_number	*/	0
			/*	4:name	*/	七片三角上的一个钢枕及一号U型螺栓-2/一号U型螺栓单元-13/一号U型螺栓垫片-1
			/*	4:type	*/	基本杆件\一号U型螺栓垫片.SLDPRT
			/*	4:location	*/	0.0	-1.0	-1.2326E-32	0.0	1.0	0.0	1.84889E-32	0.0	9.24446E-33	2.00297E-32	1.0	0.0	-0.0111497	0.0790441	0.143	1.0
			/*	4:child_number	*/	0
			/*	4:name	*/	七片三角上的一个钢枕及一号U型螺栓-2/一号U型螺栓单元-13/六四梁螺母-1
			/*	4:type	*/	基本杆件\六四梁螺母.SLDPRT
			/*	4:location	*/	1.0	0.0	1.84889E-32	0.0	0.0	1.0	1.2326E-32	0.0	9.24446E-33	2.00297E-32	1.0	0.0	0.0188503	0.0490441	0.159	1.0
			/*	4:child_number	*/	0
			/*	4:name	*/	七片三角上的一个钢枕及一号U型螺栓-2/一号U型螺栓单元-13/六四梁螺母-2
			/*	4:type	*/	基本杆件\六四梁螺母.SLDPRT
			/*	4:location	*/	1.0	0.0	1.84889E-32	0.0	0.0	1.0	1.2326E-32	0.0	9.24446E-33	2.00297E-32	1.0	0.0	0.0188503	-0.108956	0.159	1.0
			/*	4:child_number	*/	0
		/*	3:name	*/	七片三角上的一个钢枕及一号U型螺栓-2/一号U型螺栓单元-14
		/*	3:type	*/	U型螺栓单元\一号U型螺栓单元.SLDASM
		/*	3:location	*/	0.696203	-2.32866E-16	-0.717845	0.0	-0.717845	-2.84904E-16	-0.696203	0.0	7.28315E-17	1.0	-3.80511E-16	0.0	-0.0888371	1.55713	-0.164824	1.0
		/*	3:child_number	*/	4
			/*	4:name	*/	七片三角上的一个钢枕及一号U型螺栓-2/一号U型螺栓单元-14/一号U型螺栓-1
			/*	4:type	*/	基本杆件\一号U型螺栓.SLDPRT
			/*	4:location	*/	1.0	0.0	0.0	0.0	-1.11022E-16	1.0	-2.46519E-32	0.0	-8.62817E-32	6.16298E-32	1.0	0.0	0.0188503	-0.108956	-0.188	1.0
			/*	4:child_number	*/	0
			/*	4:name	*/	七片三角上的一个钢枕及一号U型螺栓-2/一号U型螺栓单元-14/一号U型螺栓垫片-1
			/*	4:type	*/	基本杆件\一号U型螺栓垫片.SLDPRT
			/*	4:location	*/	1.11022E-16	-1.0	2.46519E-32	0.0	1.0	0.0	0.0	0.0	-8.62817E-32	6.16298E-32	1.0	0.0	-0.0111497	0.0790441	0.143	1.0
			/*	4:child_number	*/	0
			/*	4:name	*/	七片三角上的一个钢枕及一号U型螺栓-2/一号U型螺栓单元-14/六四梁螺母-1
			/*	4:type	*/	基本杆件\六四梁螺母.SLDPRT
			/*	4:location	*/	1.0	0.0	0.0	0.0	-1.11022E-16	1.0	-2.46519E-32	0.0	-8.62817E-32	6.16298E-32	1.0	0.0	0.0188503	0.0490441	0.159	1.0
			/*	4:child_number	*/	0
			/*	4:name	*/	七片三角上的一个钢枕及一号U型螺栓-2/一号U型螺栓单元-14/六四梁螺母-2
			/*	4:type	*/	基本杆件\六四梁螺母.SLDPRT
			/*	4:location	*/	1.0	0.0	0.0	0.0	-1.11022E-16	1.0	-2.46519E-32	0.0	-8.62817E-32	6.16298E-32	1.0	0.0	0.0188503	-0.108956	0.159	1.0
			/*	4:child_number	*/	0
		/*	3:name	*/	七片三角上的一个钢枕及一号U型螺栓-2/一号U型螺栓单元-15
		/*	3:type	*/	U型螺栓单元\一号U型螺栓单元.SLDASM
		/*	3:location	*/	0.696203	-8.75417E-17	0.717845	0.0	0.717845	1.74971E-16	-0.696203	0.0	-6.46554E-17	1.0	1.84657E-16	0.0	-0.47441	1.55713	-0.191887	1.0
		/*	3:child_number	*/	4
			/*	4:name	*/	七片三角上的一个钢枕及一号U型螺栓-2/一号U型螺栓单元-15/一号U型螺栓-1
			/*	4:type	*/	基本杆件\一号U型螺栓.SLDPRT
			/*	4:location	*/	1.0	0.0	-1.2326E-32	0.0	1.11022E-16	1.0	0.0	0.0	2.46519E-32	0.0	1.0	0.0	0.0188503	-0.108956	-0.188	1.0
			/*	4:child_number	*/	0
			/*	4:name	*/	七片三角上的一个钢枕及一号U型螺栓-2/一号U型螺栓单元-15/一号U型螺栓垫片-1
			/*	4:type	*/	基本杆件\一号U型螺栓垫片.SLDPRT
			/*	4:location	*/	-1.11022E-16	-1.0	0.0	0.0	1.0	0.0	-2.46519E-32	0.0	2.46519E-32	0.0	1.0	0.0	-0.0111497	0.0790441	0.143	1.0
			/*	4:child_number	*/	0
			/*	4:name	*/	七片三角上的一个钢枕及一号U型螺栓-2/一号U型螺栓单元-15/六四梁螺母-1
			/*	4:type	*/	基本杆件\六四梁螺母.SLDPRT
			/*	4:location	*/	1.0	0.0	-1.2326E-32	0.0	1.11022E-16	1.0	0.0	0.0	2.46519E-32	0.0	1.0	0.0	0.0188503	0.0490441	0.159	1.0
			/*	4:child_number	*/	0
			/*	4:name	*/	七片三角上的一个钢枕及一号U型螺栓-2/一号U型螺栓单元-15/六四梁螺母-2
			/*	4:type	*/	基本杆件\六四梁螺母.SLDPRT
			/*	4:location	*/	1.0	0.0	-1.2326E-32	0.0	1.11022E-16	1.0	0.0	0.0	2.46519E-32	0.0	1.0	0.0	0.0188503	-0.108956	0.159	1.0
			/*	4:child_number	*/	0
		/*	3:name	*/	七片三角上的一个钢枕及一号U型螺栓-2/一号U型螺栓单元-16
		/*	3:type	*/	U型螺栓单元\一号U型螺栓单元.SLDASM
		/*	3:location	*/	0.696203	4.57226E-16	0.717845	0.0	0.717845	-4.45705E-16	-0.696203	0.0	1.16851E-16	1.0	-6.53516E-16	0.0	0.55417	1.55713	-0.191887	1.0
		/*	3:child_number	*/	4
			/*	4:name	*/	七片三角上的一个钢枕及一号U型螺栓-2/一号U型螺栓单元-16/一号U型螺栓-1
			/*	4:type	*/	基本杆件\一号U型螺栓.SLDPRT
			/*	4:location	*/	1.0	0.0	-6.77927E-32	0.0	1.11022E-16	1.0	1.2326E-32	0.0	-7.39557E-32	1.84889E-32	1.0	0.0	0.0188503	-0.108956	-0.188	1.0
			/*	4:child_number	*/	0
			/*	4:name	*/	七片三角上的一个钢枕及一号U型螺栓-2/一号U型螺栓单元-16/一号U型螺栓垫片-1
			/*	4:type	*/	基本杆件\一号U型螺栓垫片.SLDPRT
			/*	4:location	*/	-1.11022E-16	-1.0	-1.2326E-32	0.0	1.0	0.0	-6.77927E-32	0.0	-7.39557E-32	1.84889E-32	1.0	0.0	-0.0111497	0.0790441	0.143	1.0
			/*	4:child_number	*/	0
			/*	4:name	*/	七片三角上的一个钢枕及一号U型螺栓-2/一号U型螺栓单元-16/六四梁螺母-1
			/*	4:type	*/	基本杆件\六四梁螺母.SLDPRT
			/*	4:location	*/	1.0	0.0	-6.77927E-32	0.0	1.11022E-16	1.0	1.2326E-32	0.0	-7.39557E-32	1.84889E-32	1.0	0.0	0.0188503	0.0490441	0.159	1.0
			/*	4:child_number	*/	0
			/*	4:name	*/	七片三角上的一个钢枕及一号U型螺栓-2/一号U型螺栓单元-16/六四梁螺母-2
			/*	4:type	*/	基本杆件\六四梁螺母.SLDPRT
			/*	4:location	*/	1.0	0.0	-6.77927E-32	0.0	1.11022E-16	1.0	1.2326E-32	0.0	-7.39557E-32	1.84889E-32	1.0	0.0	0.0188503	-0.108956	0.159	1.0
			/*	4:child_number	*/	0
		/*	3:name	*/	七片三角上的一个钢枕及一号U型螺栓-2/一号U型螺栓单元-17
		/*	3:type	*/	U型螺栓单元\一号U型螺栓单元.SLDASM
		/*	3:location	*/	0.696203	1.91926E-16	0.717845	0.0	0.717845	-1.45428E-16	-0.696203	0.0	-2.92251E-17	1.0	-2.39021E-16	0.0	1.75417	1.55713	-0.191887	1.0
		/*	3:child_number	*/	4
			/*	4:name	*/	七片三角上的一个钢枕及一号U型螺栓-2/一号U型螺栓单元-17/一号U型螺栓-1
			/*	4:type	*/	基本杆件\一号U型螺栓.SLDPRT
			/*	4:location	*/	1.0	0.0	2.46519E-32	0.0	0.0	1.0	1.2326E-32	0.0	-4.93038E-32	-2.46519E-32	1.0	0.0	0.0188503	-0.108956	-0.188	1.0
			/*	4:child_number	*/	0
			/*	4:name	*/	七片三角上的一个钢枕及一号U型螺栓-2/一号U型螺栓单元-17/一号U型螺栓垫片-1
			/*	4:type	*/	基本杆件\一号U型螺栓垫片.SLDPRT
			/*	4:location	*/	0.0	-1.0	-2.46519E-32	0.0	1.0	0.0	2.46519E-32	0.0	-4.93038E-32	-2.46519E-32	1.0	0.0	-0.0111497	0.0790441	0.143	1.0
			/*	4:child_number	*/	0
			/*	4:name	*/	七片三角上的一个钢枕及一号U型螺栓-2/一号U型螺栓单元-17/六四梁螺母-1
			/*	4:type	*/	基本杆件\六四梁螺母.SLDPRT
			/*	4:location	*/	1.0	0.0	2.46519E-32	0.0	0.0	1.0	1.2326E-32	0.0	-4.93038E-32	-2.46519E-32	1.0	0.0	0.0188503	0.0490441	0.159	1.0
			/*	4:child_number	*/	0
			/*	4:name	*/	七片三角上的一个钢枕及一号U型螺栓-2/一号U型螺栓单元-17/六四梁螺母-2
			/*	4:type	*/	基本杆件\六四梁螺母.SLDPRT
			/*	4:location	*/	1.0	0.0	2.46519E-32	0.0	0.0	1.0	1.2326E-32	0.0	-4.93038E-32	-2.46519E-32	1.0	0.0	0.0188503	-0.108956	0.159	1.0
			/*	4:child_number	*/	0
		/*	3:name	*/	七片三角上的一个钢枕及一号U型螺栓-2/一号U型螺栓单元-18
		/*	3:type	*/	U型螺栓单元\一号U型螺栓单元.SLDASM
		/*	3:location	*/	0.696203	2.24752E-16	0.717845	0.0	0.717845	-1.52594E-16	-0.696203	0.0	-4.69339E-17	1.0	-2.67573E-16	0.0	2.95417	1.55713	-0.191887	1.0
		/*	3:child_number	*/	4
			/*	4:name	*/	七片三角上的一个钢枕及一号U型螺栓-2/一号U型螺栓单元-18/一号U型螺栓-1
			/*	4:type	*/	基本杆件\一号U型螺栓.SLDPRT
			/*	4:location	*/	1.0	0.0	-2.46519E-32	0.0	0.0	1.0	1.2326E-32	0.0	2.46519E-32	2.46519E-32	1.0	0.0	0.0188503	-0.108956	-0.188	1.0
			/*	4:child_number	*/	0
			/*	4:name	*/	七片三角上的一个钢枕及一号U型螺栓-2/一号U型螺栓单元-18/一号U型螺栓垫片-1
			/*	4:type	*/	基本杆件\一号U型螺栓垫片.SLDPRT
			/*	4:location	*/	0.0	-1.0	-2.46519E-32	0.0	1.0	0.0	-2.46519E-32	0.0	2.46519E-32	2.46519E-32	1.0	0.0	-0.0111497	0.0790441	0.143	1.0
			/*	4:child_number	*/	0
			/*	4:name	*/	七片三角上的一个钢枕及一号U型螺栓-2/一号U型螺栓单元-18/六四梁螺母-1
			/*	4:type	*/	基本杆件\六四梁螺母.SLDPRT
			/*	4:location	*/	1.0	0.0	-2.46519E-32	0.0	0.0	1.0	1.2326E-32	0.0	2.46519E-32	2.46519E-32	1.0	0.0	0.0188503	0.0490441	0.159	1.0
			/*	4:child_number	*/	0
			/*	4:name	*/	七片三角上的一个钢枕及一号U型螺栓-2/一号U型螺栓单元-18/六四梁螺母-2
			/*	4:type	*/	基本杆件\六四梁螺母.SLDPRT
			/*	4:location	*/	1.0	0.0	-2.46519E-32	0.0	0.0	1.0	1.2326E-32	0.0	2.46519E-32	2.46519E-32	1.0	0.0	0.0188503	-0.108956	0.159	1.0
			/*	4:child_number	*/	0
		/*	3:name	*/	七片三角上的一个钢枕及一号U型螺栓-2/一号U型螺栓单元-19
		/*	3:type	*/	U型螺栓单元\一号U型螺栓单元.SLDASM
		/*	3:location	*/	0.696203	1.63862E-16	0.717845	0.0	0.717845	-4.04955E-17	-0.696203	0.0	-8.50117E-17	1.0	-1.45821E-16	0.0	3.12559	1.55713	-0.191887	1.0
		/*	3:child_number	*/	4
			/*	4:name	*/	七片三角上的一个钢枕及一号U型螺栓-2/一号U型螺栓单元-19/一号U型螺栓-1
			/*	4:type	*/	基本杆件\一号U型螺栓.SLDPRT
			/*	4:location	*/	1.0	0.0	0.0	0.0	-1.66533E-16	1.0	1.2326E-32	0.0	-2.46519E-32	0.0	1.0	0.0	0.0188503	-0.108956	-0.188	1.0
			/*	4:child_number	*/	0
			/*	4:name	*/	七片三角上的一个钢枕及一号U型螺栓-2/一号U型螺栓单元-19/一号U型螺栓垫片-1
			/*	4:type	*/	基本杆件\一号U型螺栓垫片.SLDPRT
			/*	4:location	*/	1.66533E-16	-1.0	-1.2326E-32	0.0	1.0	0.0	0.0	0.0	-2.46519E-32	0.0	1.0	0.0	-0.0111497	0.0790441	0.143	1.0
			/*	4:child_number	*/	0
			/*	4:name	*/	七片三角上的一个钢枕及一号U型螺栓-2/一号U型螺栓单元-19/六四梁螺母-1
			/*	4:type	*/	基本杆件\六四梁螺母.SLDPRT
			/*	4:location	*/	1.0	0.0	0.0	0.0	-1.66533E-16	1.0	1.2326E-32	0.0	-2.46519E-32	0.0	1.0	0.0	0.0188503	0.0490441	0.159	1.0
			/*	4:child_number	*/	0
			/*	4:name	*/	七片三角上的一个钢枕及一号U型螺栓-2/一号U型螺栓单元-19/六四梁螺母-2
			/*	4:type	*/	基本杆件\六四梁螺母.SLDPRT
			/*	4:location	*/	1.0	0.0	0.0	0.0	-1.66533E-16	1.0	1.2326E-32	0.0	-2.46519E-32	0.0	1.0	0.0	0.0188503	-0.108956	0.159	1.0
			/*	4:child_number	*/	0
		/*	3:name	*/	七片三角上的一个钢枕及一号U型螺栓-2/钢枕-1
		/*	3:type	*/	基本杆件\钢枕.SLDPRT
		/*	3:location	*/	0.0	-3.46945E-17	1.0	0.0	-5.10454E-17	1.0	3.46945E-17	0.0	-1.0	-5.10454E-17	0.0	0.0	3.6815	1.54013	-0.2015	1.0
		/*	3:child_number	*/	0
	/*	2:name	*/	七片三角上的一个钢枕及一号U型螺栓-3
	/*	2:type	*/	钢枕单元\七片三角上的一个钢枕及一号U型螺栓.SLDASM
	/*	2:location	*/	-8.32667E-17	4.48782E-16	1.0	0.0	3.72031E-17	1.0	-2.8283E-16	0.0	-1.0	-8.04328E-17	0.0	0.0	-9.06644	-0.302778	-3.01492	1.0
	/*	2:child_number	*/	11
		/*	3:name	*/	七片三角上的一个钢枕及一号U型螺栓-3/一号U型螺栓单元-10
		/*	3:type	*/	U型螺栓单元\一号U型螺栓单元.SLDASM
		/*	3:location	*/	0.696203	-1.66192E-16	-0.717845	0.0	-0.717845	-2.0424E-16	-0.696203	0.0	-1.96861E-16	1.0	-1.43856E-16	0.0	3.51116	1.55713	-0.164824	1.0
		/*	3:child_number	*/	4
			/*	4:name	*/	七片三角上的一个钢枕及一号U型螺栓-3/一号U型螺栓单元-10/一号U型螺栓-1
			/*	4:type	*/	基本杆件\一号U型螺栓.SLDPRT
			/*	4:location	*/	1.0	-5.55112E-17	0.0	0.0	5.55112E-17	1.0	-9.86076E-32	0.0	0.0	4.93038E-32	1.0	0.0	0.0188503	-0.108956	-0.188	1.0
			/*	4:child_number	*/	0
			/*	4:name	*/	七片三角上的一个钢枕及一号U型螺栓-3/一号U型螺栓单元-10/一号U型螺栓垫片-1
			/*	4:type	*/	基本杆件\一号U型螺栓垫片.SLDPRT
			/*	4:location	*/	-5.55112E-17	-1.0	9.86076E-32	0.0	1.0	-5.55112E-17	4.93038E-32	0.0	0.0	4.93038E-32	1.0	0.0	-0.0111497	0.0790441	0.143	1.0
			/*	4:child_number	*/	0
			/*	4:name	*/	七片三角上的一个钢枕及一号U型螺栓-3/一号U型螺栓单元-10/六四梁螺母-1
			/*	4:type	*/	基本杆件\六四梁螺母.SLDPRT
			/*	4:location	*/	1.0	-5.55112E-17	0.0	0.0	5.55112E-17	1.0	-9.86076E-32	0.0	0.0	4.93038E-32	1.0	0.0	0.0188503	0.0490441	0.159	1.0
			/*	4:child_number	*/	0
			/*	4:name	*/	七片三角上的一个钢枕及一号U型螺栓-3/一号U型螺栓单元-10/六四梁螺母-2
			/*	4:type	*/	基本杆件\六四梁螺母.SLDPRT
			/*	4:location	*/	1.0	-5.55112E-17	0.0	0.0	5.55112E-17	1.0	-9.86076E-32	0.0	0.0	4.93038E-32	1.0	0.0	0.0188503	-0.108956	0.159	1.0
			/*	4:child_number	*/	0
		/*	3:name	*/	七片三角上的一个钢枕及一号U型螺栓-3/一号U型螺栓单元-11
		/*	3:type	*/	U型螺栓单元\一号U型螺栓单元.SLDASM
		/*	3:location	*/	0.696203	-1.75004E-16	-0.717845	0.0	-0.717845	-2.6696E-16	-0.696203	0.0	-6.97974E-17	1.0	-3.11484E-16	0.0	2.48258	1.55713	-0.164824	1.0
		/*	3:child_number	*/	4
			/*	4:name	*/	七片三角上的一个钢枕及一号U型螺栓-3/一号U型螺栓单元-11/一号U型螺栓-1
			/*	4:type	*/	基本杆件\一号U型螺栓.SLDPRT
			/*	4:location	*/	1.0	0.0	4.93038E-32	0.0	1.66533E-16	1.0	0.0	0.0	4.93038E-32	4.93038E-32	1.0	0.0	0.0188503	-0.108956	-0.188	1.0
			/*	4:child_number	*/	0
			/*	4:name	*/	七片三角上的一个钢枕及一号U型螺栓-3/一号U型螺栓单元-11/一号U型螺栓垫片-1
			/*	4:type	*/	基本杆件\一号U型螺栓垫片.SLDPRT
			/*	4:location	*/	-1.66533E-16	-1.0	0.0	0.0	1.0	0.0	4.93038E-32	0.0	4.93038E-32	4.93038E-32	1.0	0.0	-0.0111497	0.0790441	0.143	1.0
			/*	4:child_number	*/	0
			/*	4:name	*/	七片三角上的一个钢枕及一号U型螺栓-3/一号U型螺栓单元-11/六四梁螺母-1
			/*	4:type	*/	基本杆件\六四梁螺母.SLDPRT
			/*	4:location	*/	1.0	0.0	4.93038E-32	0.0	1.66533E-16	1.0	0.0	0.0	4.93038E-32	4.93038E-32	1.0	0.0	0.0188503	0.0490441	0.159	1.0
			/*	4:child_number	*/	0
			/*	4:name	*/	七片三角上的一个钢枕及一号U型螺栓-3/一号U型螺栓单元-11/六四梁螺母-2
			/*	4:type	*/	基本杆件\六四梁螺母.SLDPRT
			/*	4:location	*/	1.0	0.0	4.93038E-32	0.0	1.66533E-16	1.0	0.0	0.0	4.93038E-32	4.93038E-32	1.0	0.0	0.0188503	-0.108956	0.159	1.0
			/*	4:child_number	*/	0
		/*	3:name	*/	七片三角上的一个钢枕及一号U型螺栓-3/一号U型螺栓单元-12
		/*	3:type	*/	U型螺栓单元\一号U型螺栓单元.SLDASM
		/*	3:location	*/	0.696203	-1.50471E-16	-0.717845	0.0	-0.717845	-1.81178E-16	-0.696203	0.0	-1.91251E-16	1.0	-1.16515E-16	0.0	1.28258	1.55713	-0.164824	1.0
		/*	3:child_number	*/	4
			/*	4:name	*/	七片三角上的一个钢枕及一号U型螺栓-3/一号U型螺栓单元-12/一号U型螺栓-1
			/*	4:type	*/	基本杆件\一号U型螺栓.SLDPRT
			/*	4:location	*/	1.0	0.0	0.0	0.0	0.0	1.0	4.93038E-32	0.0	-4.93038E-32	4.93038E-32	1.0	0.0	0.0188503	-0.108956	-0.188	1.0
			/*	4:child_number	*/	0
			/*	4:name	*/	七片三角上的一个钢枕及一号U型螺栓-3/一号U型螺栓单元-12/一号U型螺栓垫片-1
			/*	4:type	*/	基本杆件\一号U型螺栓垫片.SLDPRT
			/*	4:location	*/	0.0	-1.0	-4.93038E-32	0.0	1.0	0.0	0.0	0.0	-4.93038E-32	4.93038E-32	1.0	0.0	-0.0111497	0.0790441	0.143	1.0
			/*	4:child_number	*/	0
			/*	4:name	*/	七片三角上的一个钢枕及一号U型螺栓-3/一号U型螺栓单元-12/六四梁螺母-1
			/*	4:type	*/	基本杆件\六四梁螺母.SLDPRT
			/*	4:location	*/	1.0	0.0	0.0	0.0	0.0	1.0	4.93038E-32	0.0	-4.93038E-32	4.93038E-32	1.0	0.0	0.0188503	0.0490441	0.159	1.0
			/*	4:child_number	*/	0
			/*	4:name	*/	七片三角上的一个钢枕及一号U型螺栓-3/一号U型螺栓单元-12/六四梁螺母-2
			/*	4:type	*/	基本杆件\六四梁螺母.SLDPRT
			/*	4:location	*/	1.0	0.0	0.0	0.0	0.0	1.0	4.93038E-32	0.0	-4.93038E-32	4.93038E-32	1.0	0.0	0.0188503	-0.108956	0.159	1.0
			/*	4:child_number	*/	0
		/*	3:name	*/	七片三角上的一个钢枕及一号U型螺栓-3/一号U型螺栓单元-13
		/*	3:type	*/	U型螺栓单元\一号U型螺栓单元.SLDASM
		/*	3:location	*/	0.696203	-2.82215E-16	-0.717845	0.0	-0.717845	-2.26535E-16	-0.696203	0.0	-1.3209E-16	1.0	-2.42665E-16	0.0	0.0825825	1.55713	-0.164824	1.0
		/*	3:child_number	*/	4
			/*	4:name	*/	七片三角上的一个钢枕及一号U型螺栓-3/一号U型螺栓单元-13/一号U型螺栓-1
			/*	4:type	*/	基本杆件\一号U型螺栓.SLDPRT
			/*	4:location	*/	1.0	0.0	0.0	0.0	0.0	1.0	0.0	0.0	0.0	0.0	1.0	0.0	0.0188503	-0.108956	-0.188	1.0
			/*	4:child_number	*/	0
			/*	4:name	*/	七片三角上的一个钢枕及一号U型螺栓-3/一号U型螺栓单元-13/一号U型螺栓垫片-1
			/*	4:type	*/	基本杆件\一号U型螺栓垫片.SLDPRT
			/*	4:location	*/	0.0	-1.0	0.0	0.0	1.0	0.0	0.0	0.0	0.0	0.0	1.0	0.0	-0.0111497	0.0790441	0.143	1.0
			/*	4:child_number	*/	0
			/*	4:name	*/	七片三角上的一个钢枕及一号U型螺栓-3/一号U型螺栓单元-13/六四梁螺母-1
			/*	4:type	*/	基本杆件\六四梁螺母.SLDPRT
			/*	4:location	*/	1.0	0.0	0.0	0.0	0.0	1.0	0.0	0.0	0.0	0.0	1.0	0.0	0.0188503	0.0490441	0.159	1.0
			/*	4:child_number	*/	0
			/*	4:name	*/	七片三角上的一个钢枕及一号U型螺栓-3/一号U型螺栓单元-13/六四梁螺母-2
			/*	4:type	*/	基本杆件\六四梁螺母.SLDPRT
			/*	4:location	*/	1.0	0.0	0.0	0.0	0.0	1.0	0.0	0.0	0.0	0.0	1.0	0.0	0.0188503	-0.108956	0.159	1.0
			/*	4:child_number	*/	0
		/*	3:name	*/	七片三角上的一个钢枕及一号U型螺栓-3/一号U型螺栓单元-14
		/*	3:type	*/	U型螺栓单元\一号U型螺栓单元.SLDASM
		/*	3:location	*/	0.696203	-2.32866E-16	-0.717845	0.0	-0.717845	-2.84904E-16	-0.696203	0.0	-2.08346E-16	1.0	-2.47877E-16	0.0	-0.0888371	1.55713	-0.164824	1.0
		/*	3:child_number	*/	4
			/*	4:name	*/	七片三角上的一个钢枕及一号U型螺栓-3/一号U型螺栓单元-14/一号U型螺栓-1
			/*	4:type	*/	基本杆件\一号U型螺栓.SLDPRT
			/*	4:location	*/	1.0	0.0	0.0	0.0	-5.55112E-17	1.0	0.0	0.0	-4.93038E-32	0.0	1.0	0.0	0.0188503	-0.108956	-0.188	1.0
			/*	4:child_number	*/	0
			/*	4:name	*/	七片三角上的一个钢枕及一号U型螺栓-3/一号U型螺栓单元-14/一号U型螺栓垫片-1
			/*	4:type	*/	基本杆件\一号U型螺栓垫片.SLDPRT
			/*	4:location	*/	5.55112E-17	-1.0	0.0	0.0	1.0	0.0	0.0	0.0	-4.93038E-32	0.0	1.0	0.0	-0.0111497	0.0790441	0.143	1.0
			/*	4:child_number	*/	0
			/*	4:name	*/	七片三角上的一个钢枕及一号U型螺栓-3/一号U型螺栓单元-14/六四梁螺母-1
			/*	4:type	*/	基本杆件\六四梁螺母.SLDPRT
			/*	4:location	*/	1.0	0.0	0.0	0.0	-5.55112E-17	1.0	0.0	0.0	-4.93038E-32	0.0	1.0	0.0	0.0188503	0.0490441	0.159	1.0
			/*	4:child_number	*/	0
			/*	4:name	*/	七片三角上的一个钢枕及一号U型螺栓-3/一号U型螺栓单元-14/六四梁螺母-2
			/*	4:type	*/	基本杆件\六四梁螺母.SLDPRT
			/*	4:location	*/	1.0	0.0	0.0	0.0	-5.55112E-17	1.0	0.0	0.0	-4.93038E-32	0.0	1.0	0.0	0.0188503	-0.108956	0.159	1.0
			/*	4:child_number	*/	0
		/*	3:name	*/	七片三角上的一个钢枕及一号U型螺栓-3/一号U型螺栓单元-15
		/*	3:type	*/	U型螺栓单元\一号U型螺栓单元.SLDASM
		/*	3:location	*/	0.696203	-8.75417E-17	0.717845	0.0	0.717845	1.74971E-16	-0.696203	0.0	-2.30607E-16	1.0	3.02293E-16	0.0	-0.47441	1.55713	-0.191887	1.0
		/*	3:child_number	*/	4
			/*	4:name	*/	七片三角上的一个钢枕及一号U型螺栓-3/一号U型螺栓单元-15/一号U型螺栓-1
			/*	4:type	*/	基本杆件\一号U型螺栓.SLDPRT
			/*	4:location	*/	1.0	0.0	0.0	0.0	0.0	1.0	4.93038E-32	0.0	0.0	-9.86076E-32	1.0	0.0	0.0188503	-0.108956	-0.188	1.0
			/*	4:child_number	*/	0
			/*	4:name	*/	七片三角上的一个钢枕及一号U型螺栓-3/一号U型螺栓单元-15/一号U型螺栓垫片-1
			/*	4:type	*/	基本杆件\一号U型螺栓垫片.SLDPRT
			/*	4:location	*/	0.0	-1.0	-4.93038E-32	0.0	1.0	0.0	0.0	0.0	0.0	-9.86076E-32	1.0	0.0	-0.0111497	0.0790441	0.143	1.0
			/*	4:child_number	*/	0
			/*	4:name	*/	七片三角上的一个钢枕及一号U型螺栓-3/一号U型螺栓单元-15/六四梁螺母-1
			/*	4:type	*/	基本杆件\六四梁螺母.SLDPRT
			/*	4:location	*/	1.0	0.0	0.0	0.0	0.0	1.0	4.93038E-32	0.0	0.0	-9.86076E-32	1.0	0.0	0.0188503	0.0490441	0.159	1.0
			/*	4:child_number	*/	0
			/*	4:name	*/	七片三角上的一个钢枕及一号U型螺栓-3/一号U型螺栓单元-15/六四梁螺母-2
			/*	4:type	*/	基本杆件\六四梁螺母.SLDPRT
			/*	4:location	*/	1.0	0.0	0.0	0.0	0.0	1.0	4.93038E-32	0.0	0.0	-9.86076E-32	1.0	0.0	0.0188503	-0.108956	0.159	1.0
			/*	4:child_number	*/	0
		/*	3:name	*/	七片三角上的一个钢枕及一号U型螺栓-3/一号U型螺栓单元-16
		/*	3:type	*/	U型螺栓单元\一号U型螺栓单元.SLDASM
		/*	3:location	*/	0.696203	4.57226E-16	0.717845	0.0	0.717845	-4.45705E-16	-0.696203	0.0	-1.64326E-16	1.0	-5.20882E-16	0.0	0.55417	1.55713	-0.191887	1.0
		/*	3:child_number	*/	4
			/*	4:name	*/	七片三角上的一个钢枕及一号U型螺栓-3/一号U型螺栓单元-16/一号U型螺栓-1
			/*	4:type	*/	基本杆件\一号U型螺栓.SLDPRT
			/*	4:location	*/	1.0	0.0	4.93038E-32	0.0	0.0	1.0	0.0	0.0	0.0	0.0	1.0	0.0	0.0188503	-0.108956	-0.188	1.0
			/*	4:child_number	*/	0
			/*	4:name	*/	七片三角上的一个钢枕及一号U型螺栓-3/一号U型螺栓单元-16/一号U型螺栓垫片-1
			/*	4:type	*/	基本杆件\一号U型螺栓垫片.SLDPRT
			/*	4:location	*/	0.0	-1.0	-4.93038E-32	0.0	1.0	0.0	4.93038E-32	0.0	0.0	0.0	1.0	0.0	-0.0111497	0.0790441	0.143	1.0
			/*	4:child_number	*/	0
			/*	4:name	*/	七片三角上的一个钢枕及一号U型螺栓-3/一号U型螺栓单元-16/六四梁螺母-1
			/*	4:type	*/	基本杆件\六四梁螺母.SLDPRT
			/*	4:location	*/	1.0	0.0	4.93038E-32	0.0	0.0	1.0	0.0	0.0	0.0	0.0	1.0	0.0	0.0188503	0.0490441	0.159	1.0
			/*	4:child_number	*/	0
			/*	4:name	*/	七片三角上的一个钢枕及一号U型螺栓-3/一号U型螺栓单元-16/六四梁螺母-2
			/*	4:type	*/	基本杆件\六四梁螺母.SLDPRT
			/*	4:location	*/	1.0	0.0	4.93038E-32	0.0	0.0	1.0	0.0	0.0	0.0	0.0	1.0	0.0	0.0188503	-0.108956	0.159	1.0
			/*	4:child_number	*/	0
		/*	3:name	*/	七片三角上的一个钢枕及一号U型螺栓-3/一号U型螺栓单元-17
		/*	3:type	*/	U型螺栓单元\一号U型螺栓单元.SLDASM
		/*	3:location	*/	0.696203	1.91926E-16	0.717845	0.0	0.717845	-1.45428E-16	-0.696203	0.0	-1.95177E-16	1.0	-1.21385E-16	0.0	1.75417	1.55713	-0.191887	1.0
		/*	3:child_number	*/	4
			/*	4:name	*/	七片三角上的一个钢枕及一号U型螺栓-3/一号U型螺栓单元-17/一号U型螺栓-1
			/*	4:type	*/	基本杆件\一号U型螺栓.SLDPRT
			/*	4:location	*/	1.0	0.0	0.0	0.0	0.0	1.0	-4.93038E-32	0.0	-4.93038E-32	0.0	1.0	0.0	0.0188503	-0.108956	-0.188	1.0
			/*	4:child_number	*/	0
			/*	4:name	*/	七片三角上的一个钢枕及一号U型螺栓-3/一号U型螺栓单元-17/一号U型螺栓垫片-1
			/*	4:type	*/	基本杆件\一号U型螺栓垫片.SLDPRT
			/*	4:location	*/	0.0	-1.0	4.93038E-32	0.0	1.0	0.0	0.0	0.0	-4.93038E-32	0.0	1.0	0.0	-0.0111497	0.0790441	0.143	1.0
			/*	4:child_number	*/	0
			/*	4:name	*/	七片三角上的一个钢枕及一号U型螺栓-3/一号U型螺栓单元-17/六四梁螺母-1
			/*	4:type	*/	基本杆件\六四梁螺母.SLDPRT
			/*	4:location	*/	1.0	0.0	0.0	0.0	0.0	1.0	-4.93038E-32	0.0	-4.93038E-32	0.0	1.0	0.0	0.0188503	0.0490441	0.159	1.0
			/*	4:child_number	*/	0
			/*	4:name	*/	七片三角上的一个钢枕及一号U型螺栓-3/一号U型螺栓单元-17/六四梁螺母-2
			/*	4:type	*/	基本杆件\六四梁螺母.SLDPRT
			/*	4:location	*/	1.0	0.0	0.0	0.0	0.0	1.0	-4.93038E-32	0.0	-4.93038E-32	0.0	1.0	0.0	0.0188503	-0.108956	0.159	1.0
			/*	4:child_number	*/	0
		/*	3:name	*/	七片三角上的一个钢枕及一号U型螺栓-3/一号U型螺栓单元-18
		/*	3:type	*/	U型螺栓单元\一号U型螺栓单元.SLDASM
		/*	3:location	*/	0.696203	2.24752E-16	0.717845	0.0	0.717845	-1.52594E-16	-0.696203	0.0	-2.12885E-16	1.0	-1.49937E-16	0.0	2.95417	1.55713	-0.191887	1.0
		/*	3:child_number	*/	4
			/*	4:name	*/	七片三角上的一个钢枕及一号U型螺栓-3/一号U型螺栓单元-18/一号U型螺栓-1
			/*	4:type	*/	基本杆件\一号U型螺栓.SLDPRT
			/*	4:location	*/	1.0	1.11022E-16	-4.93038E-32	0.0	5.55112E-17	1.0	-4.93038E-32	0.0	0.0	0.0	1.0	0.0	0.0188503	-0.108956	-0.188	1.0
			/*	4:child_number	*/	0
			/*	4:name	*/	七片三角上的一个钢枕及一号U型螺栓-3/一号U型螺栓单元-18/一号U型螺栓垫片-1
			/*	4:type	*/	基本杆件\一号U型螺栓垫片.SLDPRT
			/*	4:location	*/	-5.55112E-17	-1.0	4.93038E-32	0.0	1.0	1.11022E-16	-4.93038E-32	0.0	0.0	0.0	1.0	0.0	-0.0111497	0.0790441	0.143	1.0
			/*	4:child_number	*/	0
			/*	4:name	*/	七片三角上的一个钢枕及一号U型螺栓-3/一号U型螺栓单元-18/六四梁螺母-1
			/*	4:type	*/	基本杆件\六四梁螺母.SLDPRT
			/*	4:location	*/	1.0	1.11022E-16	-4.93038E-32	0.0	5.55112E-17	1.0	-4.93038E-32	0.0	0.0	0.0	1.0	0.0	0.0188503	0.0490441	0.159	1.0
			/*	4:child_number	*/	0
			/*	4:name	*/	七片三角上的一个钢枕及一号U型螺栓-3/一号U型螺栓单元-18/六四梁螺母-2
			/*	4:type	*/	基本杆件\六四梁螺母.SLDPRT
			/*	4:location	*/	1.0	1.11022E-16	-4.93038E-32	0.0	5.55112E-17	1.0	-4.93038E-32	0.0	0.0	0.0	1.0	0.0	0.0188503	-0.108956	0.159	1.0
			/*	4:child_number	*/	0
		/*	3:name	*/	七片三角上的一个钢枕及一号U型螺栓-3/一号U型螺栓单元-19
		/*	3:type	*/	U型螺栓单元\一号U型螺栓单元.SLDASM
		/*	3:location	*/	0.696203	1.63862E-16	0.717845	0.0	0.717845	-4.04955E-17	-0.696203	0.0	-8.50117E-17	1.0	-1.45821E-16	0.0	3.12559	1.55713	-0.191887	1.0
		/*	3:child_number	*/	4
			/*	4:name	*/	七片三角上的一个钢枕及一号U型螺栓-3/一号U型螺栓单元-19/一号U型螺栓-1
			/*	4:type	*/	基本杆件\一号U型螺栓.SLDPRT
			/*	4:location	*/	1.0	0.0	-4.93038E-32	0.0	-5.55112E-17	1.0	4.93038E-32	0.0	4.93038E-32	0.0	1.0	0.0	0.0188503	-0.108956	-0.188	1.0
			/*	4:child_number	*/	0
			/*	4:name	*/	七片三角上的一个钢枕及一号U型螺栓-3/一号U型螺栓单元-19/一号U型螺栓垫片-1
			/*	4:type	*/	基本杆件\一号U型螺栓垫片.SLDPRT
			/*	4:location	*/	5.55112E-17	-1.0	-4.93038E-32	0.0	1.0	0.0	-4.93038E-32	0.0	4.93038E-32	0.0	1.0	0.0	-0.0111497	0.0790441	0.143	1.0
			/*	4:child_number	*/	0
			/*	4:name	*/	七片三角上的一个钢枕及一号U型螺栓-3/一号U型螺栓单元-19/六四梁螺母-1
			/*	4:type	*/	基本杆件\六四梁螺母.SLDPRT
			/*	4:location	*/	1.0	0.0	-4.93038E-32	0.0	-5.55112E-17	1.0	4.93038E-32	0.0	4.93038E-32	0.0	1.0	0.0	0.0188503	0.0490441	0.159	1.0
			/*	4:child_number	*/	0
			/*	4:name	*/	七片三角上的一个钢枕及一号U型螺栓-3/一号U型螺栓单元-19/六四梁螺母-2
			/*	4:type	*/	基本杆件\六四梁螺母.SLDPRT
			/*	4:location	*/	1.0	0.0	-4.93038E-32	0.0	-5.55112E-17	1.0	4.93038E-32	0.0	4.93038E-32	0.0	1.0	0.0	0.0188503	-0.108956	0.159	1.0
			/*	4:child_number	*/	0
		/*	3:name	*/	七片三角上的一个钢枕及一号U型螺栓-3/钢枕-1
		/*	3:type	*/	基本杆件\钢枕.SLDPRT
		/*	3:location	*/	1.36846E-48	-3.46945E-17	1.0	0.0	-5.10454E-17	1.0	3.46945E-17	0.0	-1.0	-5.10454E-17	0.0	0.0	3.6815	1.54013	-0.2015	1.0
		/*	3:child_number	*/	0
	/*	2:name	*/	七片三角上的一个钢枕及一号U型螺栓-4
	/*	2:type	*/	钢枕单元\七片三角上的一个钢枕及一号U型螺栓.SLDASM
	/*	2:location	*/	-1.31839E-16	1.11033E-16	1.0	0.0	3.56531E-17	1.0	-1.11661E-16	0.0	-1.0	3.07922E-17	-1.42247E-16	0.0	-9.51643	-0.302778	-3.01492	1.0
	/*	2:child_number	*/	11
		/*	3:name	*/	七片三角上的一个钢枕及一号U型螺栓-4/一号U型螺栓单元-10
		/*	3:type	*/	U型螺栓单元\一号U型螺栓单元.SLDASM
		/*	3:location	*/	0.696203	-1.66192E-16	-0.717845	0.0	-0.717845	-2.0424E-16	-0.696203	0.0	-3.09096E-17	1.0	-2.61492E-16	0.0	3.51116	1.55713	-0.164824	1.0
		/*	3:child_number	*/	4
			/*	4:name	*/	七片三角上的一个钢枕及一号U型螺栓-4/一号U型螺栓单元-10/一号U型螺栓-1
			/*	4:type	*/	基本杆件\一号U型螺栓.SLDPRT
			/*	4:location	*/	1.0	-5.55112E-17	1.2326E-32	0.0	5.55112E-17	1.0	4.93038E-32	0.0	3.69779E-32	-2.46519E-32	1.0	0.0	0.0188503	-0.108956	-0.188	1.0
			/*	4:child_number	*/	0
			/*	4:name	*/	七片三角上的一个钢枕及一号U型螺栓-4/一号U型螺栓单元-10/一号U型螺栓垫片-1
			/*	4:type	*/	基本杆件\一号U型螺栓垫片.SLDPRT
			/*	4:location	*/	-5.55112E-17	-1.0	-4.93038E-32	0.0	1.0	-5.55112E-17	2.46519E-32	0.0	3.69779E-32	-2.46519E-32	1.0	0.0	-0.0111497	0.0790441	0.143	1.0
			/*	4:child_number	*/	0
			/*	4:name	*/	七片三角上的一个钢枕及一号U型螺栓-4/一号U型螺栓单元-10/六四梁螺母-1
			/*	4:type	*/	基本杆件\六四梁螺母.SLDPRT
			/*	4:location	*/	1.0	-5.55112E-17	1.2326E-32	0.0	5.55112E-17	1.0	4.93038E-32	0.0	3.69779E-32	-2.46519E-32	1.0	0.0	0.0188503	0.0490441	0.159	1.0
			/*	4:child_number	*/	0
