/*	1:name	*/	上承式40.0M梁_齐头式梁端
/*	1:type	*/	上承式梁\齐头式\上承式40.0M梁_齐头式梁端.SLDASM
/*	1:location	*/	1.0	0.0	0.0	0.0	0.0	1.0	0.0	0.0	0.0	0.0	1.0	0.0	0.0	0.0	0.0	1.0
/*	1:child_number	*/	3
	/*	2:name	*/	40M~41M上承式中部-1
	/*	2:type	*/	上承式梁\公共组件\上承式中部\40M~41M上承式中部.SLDASM
	/*	2:location	*/	1.0	0.0	0.0	0.0	0.0	1.0	0.0	0.0	0.0	0.0	1.0	0.0	0.502256	2.43488	6.115	1.0
	/*	2:child_number	*/	3
		/*	3:name	*/	40M~41M上承式中部-1/上承式单元(5a',6c,5a',6b,{6b,1g,20e})-1
		/*	3:type	*/	上承式梁\公共组件\上承式中部\上承式单元\上承式单元(5a',6c,5a',6b,{6b,1g,20e}).SLDASM
		/*	3:location	*/	1.0	0.0	0.0	0.0	0.0	1.0	0.0	0.0	0.0	0.0	1.0	0.0	0.427183	0.228303	-0.105	1.0
		/*	3:child_number	*/	6
			/*	4:name	*/	40M~41M上承式中部-1/上承式单元(5a',6c,5a',6b,{6b,1g,20e})-1/L2(配6b)-1
			/*	4:type	*/	上承式梁\公共组件\梁端\梁端公共组件\带螺栓零件\L2(配6b).SLDASM
			/*	4:location	*/	-1.12539E-15	2.83051E-13	1.0	0.0	-2.0151E-16	1.0	-2.83051E-13	0.0	-1.0	-2.0151E-16	-1.12539E-15	0.0	-2.18944	-2.35296	2.05486	1.0
			/*	4:child_number	*/	13
				/*	5:name	*/	40M~41M上承式中部-1/上承式单元(5a',6c,5a',6b,{6b,1g,20e})-1/L2(配6b)-1/LS1_1号螺栓-1
				/*	5:type	*/	零件\LS1_1号螺栓.SLDPRT
				/*	5:location	*/	0.997812	-0.066117	0.0	0.0	0.066117	0.997812	-2.46519E-32	0.0	5.91646E-31	2.85886E-31	1.0	0.0	-0.214864	-0.0402241	1.209	1.0
				/*	5:child_number	*/	0
				/*	5:name	*/	40M~41M上承式中部-1/上承式单元(5a',6c,5a',6b,{6b,1g,20e})-1/L2(配6b)-1/LS1_1号螺栓-2
				/*	5:type	*/	零件\LS1_1号螺栓.SLDPRT
				/*	5:location	*/	0.997812	-0.066117	0.0	0.0	0.066117	0.997812	-2.46519E-32	0.0	5.91646E-31	2.85886E-31	1.0	0.0	-0.114864	-0.0402241	1.209	1.0
				/*	5:child_number	*/	0
				/*	5:name	*/	40M~41M上承式中部-1/上承式单元(5a',6c,5a',6b,{6b,1g,20e})-1/L2(配6b)-1/LS1_1号螺栓-3
				/*	5:type	*/	零件\LS1_1号螺栓.SLDPRT
				/*	5:location	*/	0.997812	-0.066117	0.0	0.0	0.066117	0.997812	-2.46519E-32	0.0	5.91646E-31	2.85886E-31	1.0	0.0	0.00513641	-0.0402241	1.209	1.0
				/*	5:child_number	*/	0
				/*	5:name	*/	40M~41M上承式中部-1/上承式单元(5a',6c,5a',6b,{6b,1g,20e})-1/L2(配6b)-1/LS1_1号螺栓-4
				/*	5:type	*/	零件\LS1_1号螺栓.SLDPRT
				/*	5:location	*/	0.997812	-0.066117	0.0	0.0	0.066117	0.997812	-2.46519E-32	0.0	5.91646E-31	2.85886E-31	1.0	0.0	0.105136	-0.0402241	1.209	1.0
				/*	5:child_number	*/	0
				/*	5:name	*/	40M~41M上承式中部-1/上承式单元(5a',6c,5a',6b,{6b,1g,20e})-1/L2(配6b)-1/LS1_1号螺栓-5
				/*	5:type	*/	零件\LS1_1号螺栓.SLDPRT
				/*	5:location	*/	0.997812	0.066117	-1.97215E-31	0.0	0.066117	-0.997812	3.69779E-32	0.0	-3.9443E-31	-3.10538E-31	-1.0	0.0	-0.214864	-0.0402241	-1.209	1.0
				/*	5:child_number	*/	0
				/*	5:name	*/	40M~41M上承式中部-1/上承式单元(5a',6c,5a',6b,{6b,1g,20e})-1/L2(配6b)-1/LS1_1号螺栓-6
				/*	5:type	*/	零件\LS1_1号螺栓.SLDPRT
				/*	5:location	*/	0.997812	0.066117	-1.97215E-31	0.0	0.066117	-0.997812	3.69779E-32	0.0	-3.9443E-31	-3.10538E-31	-1.0	0.0	-0.114864	-0.0402241	-1.209	1.0
				/*	5:child_number	*/	0
				/*	5:name	*/	40M~41M上承式中部-1/上承式单元(5a',6c,5a',6b,{6b,1g,20e})-1/L2(配6b)-1/LS1_1号螺栓-7
				/*	5:type	*/	零件\LS1_1号螺栓.SLDPRT
				/*	5:location	*/	0.997812	0.066117	-1.97215E-31	0.0	0.066117	-0.997812	3.69779E-32	0.0	-3.9443E-31	-3.10538E-31	-1.0	0.0	0.00513641	-0.0402241	-1.209	1.0
				/*	5:child_number	*/	0
				/*	5:name	*/	40M~41M上承式中部-1/上承式单元(5a',6c,5a',6b,{6b,1g,20e})-1/L2(配6b)-1/LS1_1号螺栓-8
				/*	5:type	*/	零件\LS1_1号螺栓.SLDPRT
				/*	5:location	*/	0.997812	0.066117	-1.97215E-31	0.0	0.066117	-0.997812	3.69779E-32	0.0	-3.9443E-31	-3.10538E-31	-1.0	0.0	0.105136	-0.0402241	-1.209	1.0
				/*	5:child_number	*/	0
				/*	5:name	*/	40M~41M上承式中部-1/上承式单元(5a',6c,5a',6b,{6b,1g,20e})-1/L2(配6b)-1/LS2_2号螺栓-1
				/*	5:type	*/	零件\LS2_2号螺栓.SLDPRT
				/*	5:location	*/	0.997812	-0.066117	0.0	0.0	0.066117	0.997812	-2.46519E-32	0.0	5.91646E-31	2.85886E-31	1.0	0.0	-0.149864	0.0947759	1.209	1.0
				/*	5:child_number	*/	0
				/*	5:name	*/	40M~41M上承式中部-1/上承式单元(5a',6c,5a',6b,{6b,1g,20e})-1/L2(配6b)-1/LS2_2号螺栓-2
				/*	5:type	*/	零件\LS2_2号螺栓.SLDPRT
				/*	5:location	*/	0.997812	-0.066117	0.0	0.0	0.066117	0.997812	-2.46519E-32	0.0	5.91646E-31	2.85886E-31	1.0	0.0	0.0401364	0.0947759	1.209	1.0
				/*	5:child_number	*/	0
				/*	5:name	*/	40M~41M上承式中部-1/上承式单元(5a',6c,5a',6b,{6b,1g,20e})-1/L2(配6b)-1/LS2_2号螺栓-3
				/*	5:type	*/	零件\LS2_2号螺栓.SLDPRT
				/*	5:location	*/	0.997812	0.066117	-1.97215E-31	0.0	0.066117	-0.997812	3.69779E-32	0.0	-3.9443E-31	-3.10538E-31	-1.0	0.0	-0.149864	0.0947759	-1.209	1.0
				/*	5:child_number	*/	0
				/*	5:name	*/	40M~41M上承式中部-1/上承式单元(5a',6c,5a',6b,{6b,1g,20e})-1/L2(配6b)-1/LS2_2号螺栓-4
				/*	5:type	*/	零件\LS2_2号螺栓.SLDPRT
				/*	5:location	*/	0.997812	0.066117	-1.97215E-31	0.0	0.066117	-0.997812	3.69779E-32	0.0	-3.9443E-31	-3.10538E-31	-1.0	0.0	0.0401364	0.0947759	-1.209	1.0
				/*	5:child_number	*/	0
				/*	5:name	*/	40M~41M上承式中部-1/上承式单元(5a',6c,5a',6b,{6b,1g,20e})-1/L2(配6b)-1/l2_直撑-1
				/*	5:type	*/	零件\l2_直撑.SLDPRT
				/*	5:location	*/	1.0	0.0	0.0	0.0	0.0	1.0	-9.9368E-33	0.0	0.0	-9.9368E-33	1.0	0.0	-0.0548636	-0.135224	0.0	1.0
				/*	5:child_number	*/	0
			/*	4:name	*/	40M~41M上承式中部-1/上承式单元(5a',6c,5a',6b,{6b,1g,20e})-1/上承式(5a',6c,5a',6b,{6b,1g,20e})(右单片)-1
			/*	4:type	*/	上承式梁\公共组件\上承式中部\上承式单元\上承式单元(5a',6c,5a',6b,{6b,1g,20e})\上承式(5a',6c,5a',6b,{6b,1g,20e})(右单片).SLDASM
			/*	4:location	*/	-1.0	4.3417E-16	-2.54917E-16	0.0	4.3417E-16	1.0	-2.80415E-13	0.0	2.54917E-16	-2.80415E-13	-1.0	0.0	-3.75941	1.83448	-6.0	1.0
			/*	4:child_number	*/	12
				/*	5:name	*/	40M~41M上承式中部-1/上承式单元(5a',6c,5a',6b,{6b,1g,20e})-1/上承式(5a',6c,5a',6b,{6b,1g,20e})(右单片)-1/6b(内B1)-2
				/*	5:type	*/	上承式梁\公共组件\梁端\齐头式梁端\带螺栓零件\6b(内B1).SLDASM
				/*	5:location	*/	1.0	4.66308E-17	6.37859E-16	0.0	6.37859E-16	6.63358E-15	-1.0	0.0	-4.66308E-17	1.0	6.63358E-15	0.0	-0.0764836	-2.15266	-3.98681	1.0
				/*	5:child_number	*/	21
					/*	6:name	*/	40M~41M上承式中部-1/上承式单元(5a',6c,5a',6b,{6b,1g,20e})-1/上承式(5a',6c,5a',6b,{6b,1g,20e})(右单片)-1/6b(内B1)-2/B1_节点板-11
					/*	6:type	*/	零件\B1_节点板.SLDPRT
					/*	6:location	*/	8.99755E-17	-1.0	4.53302E-15	0.0	-5.173E-16	-4.53302E-15	-1.0	0.0	1.0	8.99755E-17	-5.173E-16	0.0	-0.24949	4.40151	-1.925	1.0
					/*	6:child_number	*/	0
					/*	6:name	*/	40M~41M上承式中部-1/上承式单元(5a',6c,5a',6b,{6b,1g,20e})-1/上承式(5a',6c,5a',6b,{6b,1g,20e})(右单片)-1/6b(内B1)-2/LS2_2号螺栓-18
					/*	6:type	*/	零件\LS2_2号螺栓.SLDPRT
					/*	6:location	*/	-5.18656E-16	0.322743	-0.946487	0.0	8.17941E-17	0.946487	0.322743	0.0	1.0	8.99755E-17	-5.173E-16	0.0	-0.26849	3.66594	-1.9039	1.0
					/*	6:child_number	*/	0
					/*	6:name	*/	40M~41M上承式中部-1/上承式单元(5a',6c,5a',6b,{6b,1g,20e})-1/上承式(5a',6c,5a',6b,{6b,1g,20e})(右单片)-1/6b(内B1)-2/LS2_2号螺栓-19
					/*	6:type	*/	零件\LS2_2号螺栓.SLDPRT
					/*	6:location	*/	-5.10219E-16	-0.066117	-0.997812	0.0	-1.23981E-16	0.997812	-0.066117	0.0	1.0	8.99755E-17	-5.173E-16	0.0	-0.26849	3.77624	-1.80225	1.0
					/*	6:child_number	*/	0
					/*	6:name	*/	40M~41M上承式中部-1/上承式单元(5a',6c,5a',6b,{6b,1g,20e})-1/上承式(5a',6c,5a',6b,{6b,1g,20e})(右单片)-1/6b(内B1)-2/LS2_2号螺栓-20
					/*	6:type	*/	零件\LS2_2号螺栓.SLDPRT
					/*	6:location	*/	-3.79872E-16	-0.556165	-0.831072	0.0	-3.6248E-16	0.831072	-0.556165	0.0	1.0	8.99755E-17	-5.173E-16	0.0	-0.26849	3.69491	-1.71401	1.0
					/*	6:child_number	*/	0
					/*	6:name	*/	40M~41M上承式中部-1/上承式单元(5a',6c,5a',6b,{6b,1g,20e})-1/上承式(5a',6c,5a',6b,{6b,1g,20e})(右单片)-1/6b(内B1)-2/LS2_2号螺栓-21
					/*	6:type	*/	零件\LS2_2号螺栓.SLDPRT
					/*	6:location	*/	-5.10219E-16	-0.066117	-0.997812	0.0	-1.23981E-16	0.997812	-0.066117	0.0	1.0	8.99755E-17	-5.173E-16	0.0	-0.26849	3.58462	-1.81567	1.0
					/*	6:child_number	*/	0
					/*	6:name	*/	40M~41M上承式中部-1/上承式单元(5a',6c,5a',6b,{6b,1g,20e})-1/上承式(5a',6c,5a',6b,{6b,1g,20e})(右单片)-1/6b(内B1)-2/LS2_2号螺栓-23
					/*	6:type	*/	零件\LS2_2号螺栓.SLDPRT
					/*	6:location	*/	-5.10219E-16	-0.066117	-0.997812	0.0	-1.23981E-16	0.997812	-0.066117	0.0	1.0	8.99755E-17	-5.173E-16	0.0	-0.26849	4.25013	-1.80225	1.0
					/*	6:child_number	*/	0
					/*	6:name	*/	40M~41M上承式中部-1/上承式单元(5a',6c,5a',6b,{6b,1g,20e})-1/上承式(5a',6c,5a',6b,{6b,1g,20e})(右单片)-1/6b(内B1)-2/LS2_2号螺栓-24
					/*	6:type	*/	零件\LS2_2号螺栓.SLDPRT
					/*	6:location	*/	-5.10219E-16	-0.066117	-0.997812	0.0	-1.23981E-16	0.997812	-0.066117	0.0	1.0	8.99755E-17	-5.173E-16	0.0	-0.26849	4.36043	-1.9039	1.0
					/*	6:child_number	*/	0
					/*	6:name	*/	40M~41M上承式中部-1/上承式单元(5a',6c,5a',6b,{6b,1g,20e})-1/上承式(5a',6c,5a',6b,{6b,1g,20e})(右单片)-1/6b(内B1)-2/LS2_2号螺栓-25
					/*	6:type	*/	零件\LS2_2号螺栓.SLDPRT
					/*	6:location	*/	-5.10219E-16	-0.066117	-0.997812	0.0	-1.23981E-16	0.997812	-0.066117	0.0	1.0	8.99755E-17	-5.173E-16	0.0	-0.26849	4.33146	-1.71401	1.0
					/*	6:child_number	*/	0
					/*	6:name	*/	40M~41M上承式中部-1/上承式单元(5a',6c,5a',6b,{6b,1g,20e})-1/上承式(5a',6c,5a',6b,{6b,1g,20e})(右单片)-1/6b(内B1)-2/LS2_2号螺栓-26
					/*	6:type	*/	零件\LS2_2号螺栓.SLDPRT
					/*	6:location	*/	-5.10219E-16	-0.066117	-0.997812	0.0	-1.23981E-16	0.997812	-0.066117	0.0	1.0	8.99755E-17	-5.173E-16	0.0	-0.26849	4.44176	-1.81567	1.0
					/*	6:child_number	*/	0
					/*	6:name	*/	40M~41M上承式中部-1/上承式单元(5a',6c,5a',6b,{6b,1g,20e})-1/上承式(5a',6c,5a',6b,{6b,1g,20e})(右单片)-1/6b(内B1)-2/LS2_2号螺栓-27
					/*	6:type	*/	零件\LS2_2号螺栓.SLDPRT
					/*	6:location	*/	-3.79872E-16	-0.556165	-0.831072	0.0	-3.6248E-16	0.831072	-0.556165	0.0	1.0	8.99755E-17	-5.173E-16	0.0	-0.26849	4.27319	-2.265	1.0
					/*	6:child_number	*/	0
					/*	6:name	*/	40M~41M上承式中部-1/上承式单元(5a',6c,5a',6b,{6b,1g,20e})-1/上承式(5a',6c,5a',6b,{6b,1g,20e})(右单片)-1/6b(内B1)-2/LS2_2号螺栓-28
					/*	6:type	*/	零件\LS2_2号螺栓.SLDPRT
					/*	6:location	*/	-3.79872E-16	-0.556165	-0.831072	0.0	-3.6248E-16	0.831072	-0.556165	0.0	1.0	8.99755E-17	-5.173E-16	0.0	-0.26849	4.27319	-2.075	1.0
					/*	6:child_number	*/	0
					/*	6:name	*/	40M~41M上承式中部-1/上承式单元(5a',6c,5a',6b,{6b,1g,20e})-1/上承式(5a',6c,5a',6b,{6b,1g,20e})(右单片)-1/6b(内B1)-2/LS2_2号螺栓-29
					/*	6:type	*/	零件\LS2_2号螺栓.SLDPRT
					/*	6:location	*/	-3.79872E-16	-0.556165	-0.831072	0.0	-3.6248E-16	0.831072	-0.556165	0.0	1.0	8.99755E-17	-5.173E-16	0.0	-0.26849	4.17319	-2.265	1.0
					/*	6:child_number	*/	0
					/*	6:name	*/	40M~41M上承式中部-1/上承式单元(5a',6c,5a',6b,{6b,1g,20e})-1/上承式(5a',6c,5a',6b,{6b,1g,20e})(右单片)-1/6b(内B1)-2/LS2_2号螺栓-30
					/*	6:type	*/	零件\LS2_2号螺栓.SLDPRT
					/*	6:location	*/	-3.79872E-16	-0.556165	-0.831072	0.0	-3.6248E-16	0.831072	-0.556165	0.0	1.0	8.99755E-17	-5.173E-16	0.0	-0.26849	4.07319	-2.265	1.0
					/*	6:child_number	*/	0
					/*	6:name	*/	40M~41M上承式中部-1/上承式单元(5a',6c,5a',6b,{6b,1g,20e})-1/上承式(5a',6c,5a',6b,{6b,1g,20e})(右单片)-1/6b(内B1)-2/LS2_2号螺栓-31
					/*	6:type	*/	零件\LS2_2号螺栓.SLDPRT
					/*	6:location	*/	-4.34974E-17	0.997812	-0.066117	0.0	-2.34944E-16	0.066117	0.997812	0.0	1.0	5.8936E-17	2.31554E-16	0.0	-0.26849	3.75319	-2.265	1.0
					/*	6:child_number	*/	0
					/*	6:name	*/	40M~41M上承式中部-1/上承式单元(5a',6c,5a',6b,{6b,1g,20e})-1/上承式(5a',6c,5a',6b,{6b,1g,20e})(右单片)-1/6b(内B1)-2/LS2_2号螺栓-32
					/*	6:type	*/	零件\LS2_2号螺栓.SLDPRT
					/*	6:location	*/	-4.34974E-17	0.997812	-0.066117	0.0	-2.34944E-16	0.066117	0.997812	0.0	1.0	5.8936E-17	2.31554E-16	0.0	-0.26849	3.85319	-2.265	1.0
					/*	6:child_number	*/	0
					/*	6:name	*/	40M~41M上承式中部-1/上承式单元(5a',6c,5a',6b,{6b,1g,20e})-1/上承式(5a',6c,5a',6b,{6b,1g,20e})(右单片)-1/6b(内B1)-2/LS2_2号螺栓-33
					/*	6:type	*/	零件\LS2_2号螺栓.SLDPRT
					/*	6:location	*/	-4.34974E-17	0.997812	-0.066117	0.0	-2.34944E-16	0.066117	0.997812	0.0	1.0	5.8936E-17	2.31554E-16	0.0	-0.26849	3.95319	-2.265	1.0
					/*	6:child_number	*/	0
					/*	6:name	*/	40M~41M上承式中部-1/上承式单元(5a',6c,5a',6b,{6b,1g,20e})-1/上承式(5a',6c,5a',6b,{6b,1g,20e})(右单片)-1/6b(内B1)-2/LS2_2号螺栓-34
					/*	6:type	*/	零件\LS2_2号螺栓.SLDPRT
					/*	6:location	*/	-4.34974E-17	0.997812	-0.066117	0.0	-2.34944E-16	0.066117	0.997812	0.0	1.0	5.8936E-17	2.31554E-16	0.0	-0.26849	3.75319	-2.075	1.0
					/*	6:child_number	*/	0
					/*	6:name	*/	40M~41M上承式中部-1/上承式单元(5a',6c,5a',6b,{6b,1g,20e})-1/上承式(5a',6c,5a',6b,{6b,1g,20e})(右单片)-1/6b(内B1)-2/LS3_3号螺栓-41
					/*	6:type	*/	零件\LS3_3号螺栓.SLDPRT
					/*	6:location	*/	-5.10219E-16	-0.066117	-0.997812	0.0	-1.23981E-16	0.997812	-0.066117	0.0	1.0	8.99755E-17	-5.173E-16	0.0	-0.26849	3.91819	-1.84	1.0
					/*	6:child_number	*/	0
					/*	6:name	*/	40M~41M上承式中部-1/上承式单元(5a',6c,5a',6b,{6b,1g,20e})-1/上承式(5a',6c,5a',6b,{6b,1g,20e})(右单片)-1/6b(内B1)-2/LS3_3号螺栓-42
					/*	6:type	*/	零件\LS3_3号螺栓.SLDPRT
					/*	6:location	*/	-5.10219E-16	-0.066117	-0.997812	0.0	-1.23981E-16	0.997812	-0.066117	0.0	1.0	8.99755E-17	-5.173E-16	0.0	-0.26849	3.91819	-1.74	1.0
					/*	6:child_number	*/	0
					/*	6:name	*/	40M~41M上承式中部-1/上承式单元(5a',6c,5a',6b,{6b,1g,20e})-1/上承式(5a',6c,5a',6b,{6b,1g,20e})(右单片)-1/6b(内B1)-2/LS3_3号螺栓-43
					/*	6:type	*/	零件\LS3_3号螺栓.SLDPRT
					/*	6:location	*/	-5.10219E-16	-0.066117	-0.997812	0.0	-1.23981E-16	0.997812	-0.066117	0.0	1.0	8.99755E-17	-5.173E-16	0.0	-0.26849	4.10819	-1.84	1.0
					/*	6:child_number	*/	0
					/*	6:name	*/	40M~41M上承式中部-1/上承式单元(5a',6c,5a',6b,{6b,1g,20e})-1/上承式(5a',6c,5a',6b,{6b,1g,20e})(右单片)-1/6b(内B1)-2/LS3_3号螺栓-44
					/*	6:type	*/	零件\LS3_3号螺栓.SLDPRT
					/*	6:location	*/	-5.10219E-16	-0.066117	-0.997812	0.0	-1.23981E-16	0.997812	-0.066117	0.0	1.0	8.99755E-17	-5.173E-16	0.0	-0.26849	4.10819	-1.74	1.0
					/*	6:child_number	*/	0
				/*	5:name	*/	40M~41M上承式中部-1/上承式单元(5a',6c,5a',6b,{6b,1g,20e})-1/上承式(5a',6c,5a',6b,{6b,1g,20e})(右单片)-1/6b(外B1)-1
				/*	5:type	*/	上承式梁\公共组件\梁端\齐头式梁端\带螺栓零件\6b(外B1).SLDASM
				/*	5:location	*/	-1.0	-3.75206E-16	-1.09513E-15	0.0	-1.09513E-15	2.94209E-15	1.0	0.0	-3.75206E-16	1.0	-2.94209E-15	0.0	-0.163463	-2.15266	-12.0132	1.0
				/*	5:child_number	*/	27
					/*	6:name	*/	40M~41M上承式中部-1/上承式单元(5a',6c,5a',6b,{6b,1g,20e})-1/上承式(5a',6c,5a',6b,{6b,1g,20e})(右单片)-1/6b(外B1)-1/B1_节点板-11
					/*	6:type	*/	零件\B1_节点板.SLDPRT
					/*	6:location	*/	8.99755E-17	-1.0	4.53302E-15	0.0	-5.173E-16	-4.36648E-15	-1.0	0.0	1.0	8.99755E-17	-5.173E-16	0.0	-0.24949	4.40151	-1.925	1.0
					/*	6:child_number	*/	0
					/*	6:name	*/	40M~41M上承式中部-1/上承式单元(5a',6c,5a',6b,{6b,1g,20e})-1/上承式(5a',6c,5a',6b,{6b,1g,20e})(右单片)-1/6b(外B1)-1/LS2_2号螺栓-18
					/*	6:type	*/	零件\LS2_2号螺栓.SLDPRT
					/*	6:location	*/	-5.18656E-16	0.322743	-0.946487	0.0	8.17941E-17	0.946487	0.322743	0.0	1.0	8.99755E-17	-5.173E-16	0.0	-0.26849	3.66594	-1.9039	1.0
					/*	6:child_number	*/	0
					/*	6:name	*/	40M~41M上承式中部-1/上承式单元(5a',6c,5a',6b,{6b,1g,20e})-1/上承式(5a',6c,5a',6b,{6b,1g,20e})(右单片)-1/6b(外B1)-1/LS2_2号螺栓-19
					/*	6:type	*/	零件\LS2_2号螺栓.SLDPRT
					/*	6:location	*/	-5.10219E-16	-0.066117	-0.997812	0.0	-1.23981E-16	0.997812	-0.066117	0.0	1.0	8.99755E-17	-5.173E-16	0.0	-0.26849	3.77624	-1.80225	1.0
					/*	6:child_number	*/	0
					/*	6:name	*/	40M~41M上承式中部-1/上承式单元(5a',6c,5a',6b,{6b,1g,20e})-1/上承式(5a',6c,5a',6b,{6b,1g,20e})(右单片)-1/6b(外B1)-1/LS2_2号螺栓-20
					/*	6:type	*/	零件\LS2_2号螺栓.SLDPRT
					/*	6:location	*/	-3.79872E-16	-0.556165	-0.831072	0.0	-3.6248E-16	0.831072	-0.556165	0.0	1.0	8.99755E-17	-5.173E-16	0.0	-0.26849	3.69491	-1.71401	1.0
					/*	6:child_number	*/	0
					/*	6:name	*/	40M~41M上承式中部-1/上承式单元(5a',6c,5a',6b,{6b,1g,20e})-1/上承式(5a',6c,5a',6b,{6b,1g,20e})(右单片)-1/6b(外B1)-1/LS2_2号螺栓-21
					/*	6:type	*/	零件\LS2_2号螺栓.SLDPRT
					/*	6:location	*/	-5.10219E-16	-0.066117	-0.997812	0.0	-1.23981E-16	0.997812	-0.066117	0.0	1.0	8.99755E-17	-5.173E-16	0.0	-0.26849	3.58462	-1.81567	1.0
					/*	6:child_number	*/	0
					/*	6:name	*/	40M~41M上承式中部-1/上承式单元(5a',6c,5a',6b,{6b,1g,20e})-1/上承式(5a',6c,5a',6b,{6b,1g,20e})(右单片)-1/6b(外B1)-1/LS2_2号螺栓-23
					/*	6:type	*/	零件\LS2_2号螺栓.SLDPRT
					/*	6:location	*/	-5.10219E-16	-0.066117	-0.997812	0.0	-1.23981E-16	0.997812	-0.066117	0.0	1.0	8.99755E-17	-5.173E-16	0.0	-0.26849	4.25013	-1.80225	1.0
					/*	6:child_number	*/	0
					/*	6:name	*/	40M~41M上承式中部-1/上承式单元(5a',6c,5a',6b,{6b,1g,20e})-1/上承式(5a',6c,5a',6b,{6b,1g,20e})(右单片)-1/6b(外B1)-1/LS2_2号螺栓-24
					/*	6:type	*/	零件\LS2_2号螺栓.SLDPRT
					/*	6:location	*/	-5.10219E-16	-0.066117	-0.997812	0.0	-1.23981E-16	0.997812	-0.066117	0.0	1.0	8.99755E-17	-5.173E-16	0.0	-0.26849	4.36043	-1.9039	1.0
					/*	6:child_number	*/	0
					/*	6:name	*/	40M~41M上承式中部-1/上承式单元(5a',6c,5a',6b,{6b,1g,20e})-1/上承式(5a',6c,5a',6b,{6b,1g,20e})(右单片)-1/6b(外B1)-1/LS2_2号螺栓-25
					/*	6:type	*/	零件\LS2_2号螺栓.SLDPRT
					/*	6:location	*/	-5.10219E-16	-0.066117	-0.997812	0.0	-1.23981E-16	0.997812	-0.066117	0.0	1.0	8.99755E-17	-5.173E-16	0.0	-0.26849	4.33146	-1.71401	1.0
					/*	6:child_number	*/	0
					/*	6:name	*/	40M~41M上承式中部-1/上承式单元(5a',6c,5a',6b,{6b,1g,20e})-1/上承式(5a',6c,5a',6b,{6b,1g,20e})(右单片)-1/6b(外B1)-1/LS2_2号螺栓-26
					/*	6:type	*/	零件\LS2_2号螺栓.SLDPRT
					/*	6:location	*/	-5.10219E-16	-0.066117	-0.997812	0.0	-1.23981E-16	0.997812	-0.066117	0.0	1.0	8.99755E-17	-5.173E-16	0.0	-0.26849	4.44176	-1.81567	1.0
					/*	6:child_number	*/	0
					/*	6:name	*/	40M~41M上承式中部-1/上承式单元(5a',6c,5a',6b,{6b,1g,20e})-1/上承式(5a',6c,5a',6b,{6b,1g,20e})(右单片)-1/6b(外B1)-1/LS2_2号螺栓-27
					/*	6:type	*/	零件\LS2_2号螺栓.SLDPRT
					/*	6:location	*/	-4.34974E-17	0.997812	-0.066117	0.0	-2.34944E-16	0.066117	0.997812	0.0	1.0	5.8936E-17	2.31554E-16	0.0	-0.26849	3.75319	-2.265	1.0
					/*	6:child_number	*/	0
					/*	6:name	*/	40M~41M上承式中部-1/上承式单元(5a',6c,5a',6b,{6b,1g,20e})-1/上承式(5a',6c,5a',6b,{6b,1g,20e})(右单片)-1/6b(外B1)-1/LS2_2号螺栓-28
					/*	6:type	*/	零件\LS2_2号螺栓.SLDPRT
					/*	6:location	*/	-4.34974E-17	0.997812	-0.066117	0.0	-2.34944E-16	0.066117	0.997812	0.0	1.0	5.8936E-17	2.31554E-16	0.0	-0.26849	3.85319	-2.265	1.0
					/*	6:child_number	*/	0
					/*	6:name	*/	40M~41M上承式中部-1/上承式单元(5a',6c,5a',6b,{6b,1g,20e})-1/上承式(5a',6c,5a',6b,{6b,1g,20e})(右单片)-1/6b(外B1)-1/LS2_2号螺栓-29
					/*	6:type	*/	零件\LS2_2号螺栓.SLDPRT
					/*	6:location	*/	-4.34974E-17	0.997812	-0.066117	0.0	-2.34944E-16	0.066117	0.997812	0.0	1.0	5.8936E-17	2.31554E-16	0.0	-0.26849	3.95319	-2.265	1.0
					/*	6:child_number	*/	0
					/*	6:name	*/	40M~41M上承式中部-1/上承式单元(5a',6c,5a',6b,{6b,1g,20e})-1/上承式(5a',6c,5a',6b,{6b,1g,20e})(右单片)-1/6b(外B1)-1/LS2_2号螺栓-30
					/*	6:type	*/	零件\LS2_2号螺栓.SLDPRT
					/*	6:location	*/	-4.34974E-17	0.997812	-0.066117	0.0	-2.34944E-16	0.066117	0.997812	0.0	1.0	5.8936E-17	2.31554E-16	0.0	-0.26849	4.07319	-2.265	1.0
					/*	6:child_number	*/	0
					/*	6:name	*/	40M~41M上承式中部-1/上承式单元(5a',6c,5a',6b,{6b,1g,20e})-1/上承式(5a',6c,5a',6b,{6b,1g,20e})(右单片)-1/6b(外B1)-1/LS2_2号螺栓-31
					/*	6:type	*/	零件\LS2_2号螺栓.SLDPRT
					/*	6:location	*/	-4.34974E-17	0.997812	-0.066117	0.0	-2.34944E-16	0.066117	0.997812	0.0	1.0	5.8936E-17	2.31554E-16	0.0	-0.26849	4.17319	-2.265	1.0
					/*	6:child_number	*/	0
					/*	6:name	*/	40M~41M上承式中部-1/上承式单元(5a',6c,5a',6b,{6b,1g,20e})-1/上承式(5a',6c,5a',6b,{6b,1g,20e})(右单片)-1/6b(外B1)-1/LS2_2号螺栓-32
					/*	6:type	*/	零件\LS2_2号螺栓.SLDPRT
					/*	6:location	*/	-4.34974E-17	0.997812	-0.066117	0.0	-2.34944E-16	0.066117	0.997812	0.0	1.0	5.8936E-17	2.31554E-16	0.0	-0.26849	4.27319	-2.265	1.0
					/*	6:child_number	*/	0
					/*	6:name	*/	40M~41M上承式中部-1/上承式单元(5a',6c,5a',6b,{6b,1g,20e})-1/上承式(5a',6c,5a',6b,{6b,1g,20e})(右单片)-1/6b(外B1)-1/LS2_2号螺栓-33
					/*	6:type	*/	零件\LS2_2号螺栓.SLDPRT
					/*	6:location	*/	-4.34974E-17	0.997812	-0.066117	0.0	-2.34944E-16	0.066117	0.997812	0.0	1.0	5.8936E-17	2.31554E-16	0.0	-0.26849	4.07319	-2.075	1.0
					/*	6:child_number	*/	0
					/*	6:name	*/	40M~41M上承式中部-1/上承式单元(5a',6c,5a',6b,{6b,1g,20e})-1/上承式(5a',6c,5a',6b,{6b,1g,20e})(右单片)-1/6b(外B1)-1/LS2_2号螺栓-34
					/*	6:type	*/	零件\LS2_2号螺栓.SLDPRT
					/*	6:location	*/	-4.34974E-17	0.997812	-0.066117	0.0	-2.34944E-16	0.066117	0.997812	0.0	1.0	5.8936E-17	2.31554E-16	0.0	-0.26849	4.17319	-2.075	1.0
					/*	6:child_number	*/	0
					/*	6:name	*/	40M~41M上承式中部-1/上承式单元(5a',6c,5a',6b,{6b,1g,20e})-1/上承式(5a',6c,5a',6b,{6b,1g,20e})(右单片)-1/6b(外B1)-1/LS2_2号螺栓-35
					/*	6:type	*/	零件\LS2_2号螺栓.SLDPRT
					/*	6:location	*/	-4.34974E-17	0.997812	-0.066117	0.0	-2.34944E-16	0.066117	0.997812	0.0	1.0	5.8936E-17	2.31554E-16	0.0	-0.26849	4.27319	-2.075	1.0
					/*	6:child_number	*/	0
					/*	6:name	*/	40M~41M上承式中部-1/上承式单元(5a',6c,5a',6b,{6b,1g,20e})-1/上承式(5a',6c,5a',6b,{6b,1g,20e})(右单片)-1/6b(外B1)-1/LS2_2号螺栓-36
					/*	6:type	*/	零件\LS2_2号螺栓.SLDPRT
					/*	6:location	*/	-4.34974E-17	0.997812	-0.066117	0.0	-2.34944E-16	0.066117	0.997812	0.0	1.0	5.8936E-17	2.31554E-16	0.0	-0.26849	3.75319	-2.075	1.0
					/*	6:child_number	*/	0
					/*	6:name	*/	40M~41M上承式中部-1/上承式单元(5a',6c,5a',6b,{6b,1g,20e})-1/上承式(5a',6c,5a',6b,{6b,1g,20e})(右单片)-1/6b(外B1)-1/LS2_2号螺栓-37
					/*	6:type	*/	零件\LS2_2号螺栓.SLDPRT
					/*	6:location	*/	-4.34974E-17	0.997812	-0.066117	0.0	-2.34944E-16	0.066117	0.997812	0.0	1.0	5.8936E-17	2.31554E-16	0.0	-0.26849	3.85319	-2.075	1.0
					/*	6:child_number	*/	0
					/*	6:name	*/	40M~41M上承式中部-1/上承式单元(5a',6c,5a',6b,{6b,1g,20e})-1/上承式(5a',6c,5a',6b,{6b,1g,20e})(右单片)-1/6b(外B1)-1/LS2_2号螺栓-38
					/*	6:type	*/	零件\LS2_2号螺栓.SLDPRT
					/*	6:location	*/	-4.34974E-17	0.997812	-0.066117	0.0	-2.34944E-16	0.066117	0.997812	0.0	1.0	5.8936E-17	2.31554E-16	0.0	-0.26849	3.95319	-2.075	1.0
					/*	6:child_number	*/	0
					/*	6:name	*/	40M~41M上承式中部-1/上承式单元(5a',6c,5a',6b,{6b,1g,20e})-1/上承式(5a',6c,5a',6b,{6b,1g,20e})(右单片)-1/6b(外B1)-1/LS3_3号螺栓-12
					/*	6:type	*/	零件\LS3_3号螺栓.SLDPRT
					/*	6:location	*/	-5.03853E-16	0.441647	-0.897189	0.0	1.47739E-16	0.897189	0.441647	0.0	1.0	8.99755E-17	-5.173E-16	0.0	-0.26849	3.91819	-1.94	1.0
					/*	6:child_number	*/	0
					/*	6:name	*/	40M~41M上承式中部-1/上承式单元(5a',6c,5a',6b,{6b,1g,20e})-1/上承式(5a',6c,5a',6b,{6b,1g,20e})(右单片)-1/6b(外B1)-1/LS3_3号螺栓-13
					/*	6:type	*/	零件\LS3_3号螺栓.SLDPRT
					/*	6:location	*/	-5.03853E-16	0.441647	-0.897189	0.0	1.47739E-16	0.897189	0.441647	0.0	1.0	8.99755E-17	-5.173E-16	0.0	-0.26849	4.10819	-1.94	1.0
					/*	6:child_number	*/	0
					/*	6:name	*/	40M~41M上承式中部-1/上承式单元(5a',6c,5a',6b,{6b,1g,20e})-1/上承式(5a',6c,5a',6b,{6b,1g,20e})(右单片)-1/6b(外B1)-1/LS3_3号螺栓-36
					/*	6:type	*/	零件\LS3_3号螺栓.SLDPRT
					/*	6:location	*/	-5.03853E-16	0.441647	-0.897189	0.0	1.47739E-16	0.897189	0.441647	0.0	1.0	8.99755E-17	-5.173E-16	0.0	-0.26849	3.91819	-1.84	1.0
					/*	6:child_number	*/	0
					/*	6:name	*/	40M~41M上承式中部-1/上承式单元(5a',6c,5a',6b,{6b,1g,20e})-1/上承式(5a',6c,5a',6b,{6b,1g,20e})(右单片)-1/6b(外B1)-1/LS3_3号螺栓-37
					/*	6:type	*/	零件\LS3_3号螺栓.SLDPRT
					/*	6:location	*/	-5.03853E-16	0.441647	-0.897189	0.0	1.47739E-16	0.897189	0.441647	0.0	1.0	8.99755E-17	-5.173E-16	0.0	-0.26849	3.91819	-1.74	1.0
					/*	6:child_number	*/	0
					/*	6:name	*/	40M~41M上承式中部-1/上承式单元(5a',6c,5a',6b,{6b,1g,20e})-1/上承式(5a',6c,5a',6b,{6b,1g,20e})(右单片)-1/6b(外B1)-1/LS3_3号螺栓-38
					/*	6:type	*/	零件\LS3_3号螺栓.SLDPRT
					/*	6:location	*/	-5.03853E-16	0.441647	-0.897189	0.0	1.47739E-16	0.897189	0.441647	0.0	1.0	8.99755E-17	-5.173E-16	0.0	-0.26849	4.10819	-1.84	1.0
					/*	6:child_number	*/	0
					/*	6:name	*/	40M~41M上承式中部-1/上承式单元(5a',6c,5a',6b,{6b,1g,20e})-1/上承式(5a',6c,5a',6b,{6b,1g,20e})(右单片)-1/6b(外B1)-1/LS3_3号螺栓-39
					/*	6:type	*/	零件\LS3_3号螺栓.SLDPRT
					/*	6:location	*/	-5.03853E-16	0.441647	-0.897189	0.0	1.47739E-16	0.897189	0.441647	0.0	1.0	8.99755E-17	-5.173E-16	0.0	-0.26849	4.10819	-1.74	1.0
					/*	6:child_number	*/	0
				/*	5:name	*/	40M~41M上承式中部-1/上承式单元(5a',6c,5a',6b,{6b,1g,20e})-1/上承式(5a',6c,5a',6b,{6b,1g,20e})(右单片)-1/6c(内B2)-1
				/*	5:type	*/	上承式梁\公共组件\梁端\齐头式梁端\带螺栓零件\6c(内B2).SLDASM
				/*	5:location	*/	-6.2811E-17	4.19109E-15	1.0	0.0	1.93985E-18	1.0	-4.19109E-15	0.0	-1.0	1.93985E-18	-6.2811E-17	0.0	-0.317973	-0.160612	-7.96584	1.0
				/*	5:child_number	*/	5
					/*	6:name	*/	40M~41M上承式中部-1/上承式单元(5a',6c,5a',6b,{6b,1g,20e})-1/上承式(5a',6c,5a',6b,{6b,1g,20e})(右单片)-1/6c(内B2)-1/B2_节点板-1
					/*	6:type	*/	零件\B2_节点板.SLDPRT
					/*	6:location	*/	1.0	0.0	0.0	0.0	0.0	1.0	-3.23716E-33	0.0	0.0	-3.23716E-33	1.0	0.0	-0.20494	0.00294935	-0.008	1.0
					/*	6:child_number	*/	0
					/*	6:name	*/	40M~41M上承式中部-1/上承式单元(5a',6c,5a',6b,{6b,1g,20e})-1/上承式(5a',6c,5a',6b,{6b,1g,20e})(右单片)-1/6c(内B2)-1/LS3_3号螺栓-1
					/*	6:type	*/	零件\LS3_3号螺栓.SLDPRT
					/*	6:location	*/	0.997812	0.066117	1.11022E-16	0.0	0.066117	-0.997812	-2.77556E-17	0.0	1.08944E-16	3.50353E-17	-1.0	0.0	-0.19416	0.272949	0.027	1.0
					/*	6:child_number	*/	0
					/*	6:name	*/	40M~41M上承式中部-1/上承式单元(5a',6c,5a',6b,{6b,1g,20e})-1/上承式(5a',6c,5a',6b,{6b,1g,20e})(右单片)-1/6c(内B2)-1/LS3_3号螺栓-2
					/*	6:type	*/	零件\LS3_3号螺栓.SLDPRT
					/*	6:location	*/	0.997812	0.066117	1.11022E-16	0.0	0.066117	-0.997812	-2.77556E-17	0.0	1.08944E-16	3.50353E-17	-1.0	0.0	-0.19416	0.0829493	0.027	1.0
					/*	6:child_number	*/	0
					/*	6:name	*/	40M~41M上承式中部-1/上承式单元(5a',6c,5a',6b,{6b,1g,20e})-1/上承式(5a',6c,5a',6b,{6b,1g,20e})(右单片)-1/6c(内B2)-1/LS3_3号螺栓-3
					/*	6:type	*/	零件\LS3_3号螺栓.SLDPRT
					/*	6:location	*/	0.441647	0.897189	2.46519E-32	0.0	0.897189	-0.441647	-4.93038E-32	0.0	-4.93038E-32	-4.60666E-32	-1.0	0.0	0.12584	0.272949	0.027	1.0
					/*	6:child_number	*/	0
					/*	6:name	*/	40M~41M上承式中部-1/上承式单元(5a',6c,5a',6b,{6b,1g,20e})-1/上承式(5a',6c,5a',6b,{6b,1g,20e})(右单片)-1/6c(内B2)-1/LS3_3号螺栓-4
					/*	6:type	*/	零件\LS3_3号螺栓.SLDPRT
					/*	6:location	*/	0.441647	0.897189	2.46519E-32	0.0	0.897189	-0.441647	-4.93038E-32	0.0	-4.93038E-32	-4.60666E-32	-1.0	0.0	0.12584	0.0829493	0.027	1.0
					/*	6:child_number	*/	0
				/*	5:name	*/	40M~41M上承式中部-1/上承式单元(5a',6c,5a',6b,{6b,1g,20e})-1/上承式(5a',6c,5a',6b,{6b,1g,20e})(右单片)-1/6c(外B2)-1
				/*	5:type	*/	上承式梁\公共组件\梁端\齐头式梁端\带螺栓零件\6c(外B2).SLDASM
				/*	5:location	*/	-7.88861E-31	1.02696E-15	-1.0	0.0	-3.17207E-16	1.0	1.02696E-15	0.0	1.0	3.17207E-16	-4.43734E-31	0.0	0.0780266	-0.153159	-8.10497	1.0
				/*	5:child_number	*/	15
					/*	6:name	*/	40M~41M上承式中部-1/上承式单元(5a',6c,5a',6b,{6b,1g,20e})-1/上承式(5a',6c,5a',6b,{6b,1g,20e})(右单片)-1/6c(外B2)-1/B2_节点板-1
					/*	6:type	*/	零件\B2_节点板.SLDPRT
					/*	6:location	*/	1.0	0.0	0.0	0.0	0.0	1.0	-1.4065E-31	0.0	0.0	5.6565E-32	1.0	0.0	-0.275745	-0.00450381	-0.008	1.0
					/*	6:child_number	*/	0
					/*	6:name	*/	40M~41M上承式中部-1/上承式单元(5a',6c,5a',6b,{6b,1g,20e})-1/上承式(5a',6c,5a',6b,{6b,1g,20e})(右单片)-1/6c(外B2)-1/LS3_3号螺栓-10
					/*	6:type	*/	零件\LS3_3号螺栓.SLDPRT
					/*	6:location	*/	0.441647	0.897189	-4.93038E-32	0.0	0.897189	-0.441647	4.93038E-32	0.0	0.0	-5.6565E-32	-1.0	0.0	-0.199965	-0.159504	0.027	1.0
					/*	6:child_number	*/	0
					/*	6:name	*/	40M~41M上承式中部-1/上承式单元(5a',6c,5a',6b,{6b,1g,20e})-1/上承式(5a',6c,5a',6b,{6b,1g,20e})(右单片)-1/6c(外B2)-1/LS3_3号螺栓-11
					/*	6:type	*/	零件\LS3_3号螺栓.SLDPRT
					/*	6:location	*/	0.441647	0.897189	-4.93038E-32	0.0	0.897189	-0.441647	4.93038E-32	0.0	0.0	-5.6565E-32	-1.0	0.0	-0.199965	-0.259504	0.027	1.0
					/*	6:child_number	*/	0
					/*	6:name	*/	40M~41M上承式中部-1/上承式单元(5a',6c,5a',6b,{6b,1g,20e})-1/上承式(5a',6c,5a',6b,{6b,1g,20e})(右单片)-1/6c(外B2)-1/LS3_3号螺栓-12
					/*	6:type	*/	零件\LS3_3号螺栓.SLDPRT
					/*	6:location	*/	0.441647	0.897189	-4.93038E-32	0.0	0.897189	-0.441647	4.93038E-32	0.0	0.0	-5.6565E-32	-1.0	0.0	-0.00996533	-0.0595038	0.027	1.0
					/*	6:child_number	*/	0
					/*	6:name	*/	40M~41M上承式中部-1/上承式单元(5a',6c,5a',6b,{6b,1g,20e})-1/上承式(5a',6c,5a',6b,{6b,1g,20e})(右单片)-1/6c(外B2)-1/LS3_3号螺栓-13
					/*	6:type	*/	零件\LS3_3号螺栓.SLDPRT
					/*	6:location	*/	0.441647	0.897189	-4.93038E-32	0.0	0.897189	-0.441647	4.93038E-32	0.0	0.0	-5.6565E-32	-1.0	0.0	-0.00996533	-0.159504	0.027	1.0
					/*	6:child_number	*/	0
					/*	6:name	*/	40M~41M上承式中部-1/上承式单元(5a',6c,5a',6b,{6b,1g,20e})-1/上承式(5a',6c,5a',6b,{6b,1g,20e})(右单片)-1/6c(外B2)-1/LS3_3号螺栓-14
					/*	6:type	*/	零件\LS3_3号螺栓.SLDPRT
					/*	6:location	*/	0.441647	0.897189	-4.93038E-32	0.0	0.897189	-0.441647	4.93038E-32	0.0	0.0	-5.6565E-32	-1.0	0.0	-0.00996533	-0.259504	0.027	1.0
					/*	6:child_number	*/	0
					/*	6:name	*/	40M~41M上承式中部-1/上承式单元(5a',6c,5a',6b,{6b,1g,20e})-1/上承式(5a',6c,5a',6b,{6b,1g,20e})(右单片)-1/6c(外B2)-1/LS3_3号螺栓-15
					/*	6:type	*/	零件\LS3_3号螺栓.SLDPRT
					/*	6:location	*/	0.997812	0.066117	0.0	0.0	0.066117	-0.997812	2.52682E-31	0.0	0.0	-5.6565E-32	-1.0	0.0	-0.264965	0.265496	0.027	1.0
					/*	6:child_number	*/	0
					/*	6:name	*/	40M~41M上承式中部-1/上承式单元(5a',6c,5a',6b,{6b,1g,20e})-1/上承式(5a',6c,5a',6b,{6b,1g,20e})(右单片)-1/6c(外B2)-1/LS3_3号螺栓-16
					/*	6:type	*/	零件\LS3_3号螺栓.SLDPRT
					/*	6:location	*/	0.997812	0.066117	0.0	0.0	0.066117	-0.997812	2.52682E-31	0.0	0.0	-5.6565E-32	-1.0	0.0	-0.264965	0.0754962	0.027	1.0
					/*	6:child_number	*/	0
					/*	6:name	*/	40M~41M上承式中部-1/上承式单元(5a',6c,5a',6b,{6b,1g,20e})-1/上承式(5a',6c,5a',6b,{6b,1g,20e})(右单片)-1/6c(外B2)-1/LS3_3号螺栓-17
					/*	6:type	*/	零件\LS3_3号螺栓.SLDPRT
					/*	6:location	*/	0.997812	0.066117	0.0	0.0	0.066117	-0.997812	2.52682E-31	0.0	0.0	-5.6565E-32	-1.0	0.0	-0.164965	0.265496	0.027	1.0
					/*	6:child_number	*/	0
					/*	6:name	*/	40M~41M上承式中部-1/上承式单元(5a',6c,5a',6b,{6b,1g,20e})-1/上承式(5a',6c,5a',6b,{6b,1g,20e})(右单片)-1/6c(外B2)-1/LS3_3号螺栓-18
					/*	6:type	*/	零件\LS3_3号螺栓.SLDPRT
					/*	6:location	*/	0.997812	0.066117	0.0	0.0	0.066117	-0.997812	2.52682E-31	0.0	0.0	-5.6565E-32	-1.0	0.0	-0.164965	0.0754962	0.027	1.0
					/*	6:child_number	*/	0
					/*	6:name	*/	40M~41M上承式中部-1/上承式单元(5a',6c,5a',6b,{6b,1g,20e})-1/上承式(5a',6c,5a',6b,{6b,1g,20e})(右单片)-1/6c(外B2)-1/LS3_3号螺栓-5
					/*	6:type	*/	零件\LS3_3号螺栓.SLDPRT
					/*	6:location	*/	0.997812	0.066117	0.0	0.0	0.066117	-0.997812	2.52682E-31	0.0	0.0	-5.6565E-32	-1.0	0.0	-0.0449653	0.265496	0.027	1.0
					/*	6:child_number	*/	0
					/*	6:name	*/	40M~41M上承式中部-1/上承式单元(5a',6c,5a',6b,{6b,1g,20e})-1/上承式(5a',6c,5a',6b,{6b,1g,20e})(右单片)-1/6c(外B2)-1/LS3_3号螺栓-6
					/*	6:type	*/	零件\LS3_3号螺栓.SLDPRT
					/*	6:location	*/	0.997812	0.066117	0.0	0.0	0.066117	-0.997812	2.52682E-31	0.0	0.0	-5.6565E-32	-1.0	0.0	-0.0449653	0.0754962	0.027	1.0
					/*	6:child_number	*/	0
					/*	6:name	*/	40M~41M上承式中部-1/上承式单元(5a',6c,5a',6b,{6b,1g,20e})-1/上承式(5a',6c,5a',6b,{6b,1g,20e})(右单片)-1/6c(外B2)-1/LS3_3号螺栓-7
					/*	6:type	*/	零件\LS3_3号螺栓.SLDPRT
					/*	6:location	*/	0.997812	0.066117	0.0	0.0	0.066117	-0.997812	2.52682E-31	0.0	0.0	-5.6565E-32	-1.0	0.0	0.0550347	0.265496	0.027	1.0
					/*	6:child_number	*/	0
					/*	6:name	*/	40M~41M上承式中部-1/上承式单元(5a',6c,5a',6b,{6b,1g,20e})-1/上承式(5a',6c,5a',6b,{6b,1g,20e})(右单片)-1/6c(外B2)-1/LS3_3号螺栓-8
					/*	6:type	*/	零件\LS3_3号螺栓.SLDPRT
					/*	6:location	*/	0.997812	0.066117	0.0	0.0	0.066117	-0.997812	2.52682E-31	0.0	0.0	-5.6565E-32	-1.0	0.0	0.0550347	0.0754962	0.027	1.0
					/*	6:child_number	*/	0
					/*	6:name	*/	40M~41M上承式中部-1/上承式单元(5a',6c,5a',6b,{6b,1g,20e})-1/上承式(5a',6c,5a',6b,{6b,1g,20e})(右单片)-1/6c(外B2)-1/LS3_3号螺栓-9
					/*	6:type	*/	零件\LS3_3号螺栓.SLDPRT
					/*	6:location	*/	0.441647	0.897189	-4.93038E-32	0.0	0.897189	-0.441647	4.93038E-32	0.0	0.0	-5.6565E-32	-1.0	0.0	-0.199965	-0.0595038	0.027	1.0
					/*	6:child_number	*/	0
				/*	5:name	*/	40M~41M上承式中部-1/上承式单元(5a',6c,5a',6b,{6b,1g,20e})-1/上承式(5a',6c,5a',6b,{6b,1g,20e})(右单片)-1/B6+6LM1-1
				/*	5:type	*/	上承式梁\公共组件\梁端\梁端公共组件\带螺栓零件\B6+6LM1.SLDASM
				/*	5:location	*/	8.58745E-17	5.88418E-15	1.0	0.0	-8.34147E-17	1.0	-5.88418E-15	0.0	-1.0	-8.34147E-17	8.58745E-17	0.0	0.0300266	0.0441269	-3.92813	1.0
				/*	5:child_number	*/	7
					/*	6:name	*/	40M~41M上承式中部-1/上承式单元(5a',6c,5a',6b,{6b,1g,20e})-1/上承式(5a',6c,5a',6b,{6b,1g,20e})(右单片)-1/B6+6LM1-1/B6_弦杆拼接板-1
					/*	6:type	*/	零件\B6_弦杆拼接板.SLDPRT
					/*	6:location	*/	1.0	0.0	0.0	0.0	0.0	1.0	3.68272E-32	0.0	0.0	3.68272E-32	1.0	0.0	-0.336963	0.0141885	-0.008	1.0
					/*	6:child_number	*/	0
					/*	6:name	*/	40M~41M上承式中部-1/上承式单元(5a',6c,5a',6b,{6b,1g,20e})-1/上承式(5a',6c,5a',6b,{6b,1g,20e})(右单片)-1/B6+6LM1-1/螺母1-1
					/*	6:type	*/	零件\螺母1.SLDPRT
					/*	6:location	*/	0.866025	0.5	0.0	0.0	-0.5	0.866025	-2.46519E-32	0.0	0.0	3.68272E-32	1.0	0.0	-0.331873	0.0682103	0.008	1.0
					/*	6:child_number	*/	0
					/*	6:name	*/	40M~41M上承式中部-1/上承式单元(5a',6c,5a',6b,{6b,1g,20e})-1/上承式(5a',6c,5a',6b,{6b,1g,20e})(右单片)-1/B6+6LM1-1/螺母1-2
					/*	6:type	*/	零件\螺母1.SLDPRT
					/*	6:location	*/	0.866025	0.5	0.0	0.0	-0.5	0.866025	-2.46519E-32	0.0	0.0	3.68272E-32	1.0	0.0	-0.231873	0.0682103	0.008	1.0
					/*	6:child_number	*/	0
					/*	6:name	*/	40M~41M上承式中部-1/上承式单元(5a',6c,5a',6b,{6b,1g,20e})-1/上承式(5a',6c,5a',6b,{6b,1g,20e})(右单片)-1/B6+6LM1-1/螺母1-3
					/*	6:type	*/	零件\螺母1.SLDPRT
					/*	6:location	*/	0.866025	0.5	0.0	0.0	-0.5	0.866025	-2.46519E-32	0.0	0.0	3.68272E-32	1.0	0.0	-0.131873	0.0682103	0.008	1.0
					/*	6:child_number	*/	0
					/*	6:name	*/	40M~41M上承式中部-1/上承式单元(5a',6c,5a',6b,{6b,1g,20e})-1/上承式(5a',6c,5a',6b,{6b,1g,20e})(右单片)-1/B6+6LM1-1/螺母1-4
					/*	6:type	*/	零件\螺母1.SLDPRT
					/*	6:location	*/	0.866025	0.5	0.0	0.0	-0.5	0.866025	-2.46519E-32	0.0	0.0	3.68272E-32	1.0	0.0	0.188127	0.0682103	0.008	1.0
					/*	6:child_number	*/	0
					/*	6:name	*/	40M~41M上承式中部-1/上承式单元(5a',6c,5a',6b,{6b,1g,20e})-1/上承式(5a',6c,5a',6b,{6b,1g,20e})(右单片)-1/B6+6LM1-1/螺母1-5
					/*	6:type	*/	零件\螺母1.SLDPRT
					/*	6:location	*/	0.866025	0.5	0.0	0.0	-0.5	0.866025	-2.46519E-32	0.0	0.0	3.68272E-32	1.0	0.0	0.0881274	0.0682103	0.008	1.0
					/*	6:child_number	*/	0
					/*	6:name	*/	40M~41M上承式中部-1/上承式单元(5a',6c,5a',6b,{6b,1g,20e})-1/上承式(5a',6c,5a',6b,{6b,1g,20e})(右单片)-1/B6+6LM1-1/螺母1-6
					/*	6:type	*/	零件\螺母1.SLDPRT
					/*	6:location	*/	0.866025	0.5	0.0	0.0	-0.5	0.866025	-2.46519E-32	0.0	0.0	3.68272E-32	1.0	0.0	-0.0118726	0.0682103	0.008	1.0
					/*	6:child_number	*/	0
				/*	5:name	*/	40M~41M上承式中部-1/上承式单元(5a',6c,5a',6b,{6b,1g,20e})-1/上承式(5a',6c,5a',6b,{6b,1g,20e})(右单片)-1/B6+6LM1-3
				/*	5:type	*/	上承式梁\公共组件\梁端\梁端公共组件\带螺栓零件\B6+6LM1.SLDASM
				/*	5:location	*/	8.58745E-17	5.88418E-15	1.0	0.0	-8.34147E-17	1.0	-5.88418E-15	0.0	-1.0	-8.34147E-17	8.58745E-17	0.0	0.0300266	-0.145873	-3.92813	1.0
				/*	5:child_number	*/	7
					/*	6:name	*/	40M~41M上承式中部-1/上承式单元(5a',6c,5a',6b,{6b,1g,20e})-1/上承式(5a',6c,5a',6b,{6b,1g,20e})(右单片)-1/B6+6LM1-3/B6_弦杆拼接板-1
					/*	6:type	*/	零件\B6_弦杆拼接板.SLDPRT
					/*	6:location	*/	1.0	0.0	0.0	0.0	0.0	1.0	3.68272E-32	0.0	0.0	3.68272E-32	1.0	0.0	-0.336963	0.0141885	-0.008	1.0
					/*	6:child_number	*/	0
					/*	6:name	*/	40M~41M上承式中部-1/上承式单元(5a',6c,5a',6b,{6b,1g,20e})-1/上承式(5a',6c,5a',6b,{6b,1g,20e})(右单片)-1/B6+6LM1-3/螺母1-1
					/*	6:type	*/	零件\螺母1.SLDPRT
					/*	6:location	*/	0.866025	0.5	0.0	0.0	-0.5	0.866025	-2.46519E-32	0.0	0.0	3.68272E-32	1.0	0.0	-0.331873	0.0682103	0.008	1.0
					/*	6:child_number	*/	0
					/*	6:name	*/	40M~41M上承式中部-1/上承式单元(5a',6c,5a',6b,{6b,1g,20e})-1/上承式(5a',6c,5a',6b,{6b,1g,20e})(右单片)-1/B6+6LM1-3/螺母1-2
					/*	6:type	*/	零件\螺母1.SLDPRT
					/*	6:location	*/	0.866025	0.5	0.0	0.0	-0.5	0.866025	-2.46519E-32	0.0	0.0	3.68272E-32	1.0	0.0	-0.231873	0.0682103	0.008	1.0
					/*	6:child_number	*/	0
					/*	6:name	*/	40M~41M上承式中部-1/上承式单元(5a',6c,5a',6b,{6b,1g,20e})-1/上承式(5a',6c,5a',6b,{6b,1g,20e})(右单片)-1/B6+6LM1-3/螺母1-3
					/*	6:type	*/	零件\螺母1.SLDPRT
					/*	6:location	*/	0.866025	0.5	0.0	0.0	-0.5	0.866025	-2.46519E-32	0.0	0.0	3.68272E-32	1.0	0.0	-0.131873	0.0682103	0.008	1.0
					/*	6:child_number	*/	0
					/*	6:name	*/	40M~41M上承式中部-1/上承式单元(5a',6c,5a',6b,{6b,1g,20e})-1/上承式(5a',6c,5a',6b,{6b,1g,20e})(右单片)-1/B6+6LM1-3/螺母1-4
					/*	6:type	*/	零件\螺母1.SLDPRT
					/*	6:location	*/	0.866025	0.5	0.0	0.0	-0.5	0.866025	-2.46519E-32	0.0	0.0	3.68272E-32	1.0	0.0	0.188127	0.0682103	0.008	1.0
					/*	6:child_number	*/	0
					/*	6:name	*/	40M~41M上承式中部-1/上承式单元(5a',6c,5a',6b,{6b,1g,20e})-1/上承式(5a',6c,5a',6b,{6b,1g,20e})(右单片)-1/B6+6LM1-3/螺母1-5
					/*	6:type	*/	零件\螺母1.SLDPRT
					/*	6:location	*/	0.866025	0.5	0.0	0.0	-0.5	0.866025	-2.46519E-32	0.0	0.0	3.68272E-32	1.0	0.0	0.0881274	0.0682103	0.008	1.0
					/*	6:child_number	*/	0
					/*	6:name	*/	40M~41M上承式中部-1/上承式单元(5a',6c,5a',6b,{6b,1g,20e})-1/上承式(5a',6c,5a',6b,{6b,1g,20e})(右单片)-1/B6+6LM1-3/螺母1-6
					/*	6:type	*/	零件\螺母1.SLDPRT
					/*	6:location	*/	0.866025	0.5	0.0	0.0	-0.5	0.866025	-2.46519E-32	0.0	0.0	3.68272E-32	1.0	0.0	-0.0118726	0.0682103	0.008	1.0
					/*	6:child_number	*/	0
				/*	5:name	*/	40M~41M上承式中部-1/上承式单元(5a',6c,5a',6b,{6b,1g,20e})-1/上承式(5a',6c,5a',6b,{6b,1g,20e})(右单片)-1/B6+6LM1-5
				/*	5:type	*/	上承式梁\公共组件\梁端\梁端公共组件\带螺栓零件\B6+6LM1.SLDASM
				/*	5:location	*/	7.70135E-18	1.00478E-12	-1.0	0.0	-9.85499E-17	1.0	1.00478E-12	0.0	1.0	9.85499E-17	7.70135E-18	0.0	-0.269973	0.0441269	-4.07187	1.0
				/*	5:child_number	*/	7
					/*	6:name	*/	40M~41M上承式中部-1/上承式单元(5a',6c,5a',6b,{6b,1g,20e})-1/上承式(5a',6c,5a',6b,{6b,1g,20e})(右单片)-1/B6+6LM1-5/B6_弦杆拼接板-1
					/*	6:type	*/	零件\B6_弦杆拼接板.SLDPRT
					/*	6:location	*/	1.0	0.0	0.0	0.0	0.0	1.0	-1.79801E-32	0.0	0.0	-1.79801E-32	1.0	0.0	-0.336963	0.0141885	-0.008	1.0
					/*	6:child_number	*/	0
					/*	6:name	*/	40M~41M上承式中部-1/上承式单元(5a',6c,5a',6b,{6b,1g,20e})-1/上承式(5a',6c,5a',6b,{6b,1g,20e})(右单片)-1/B6+6LM1-5/螺母1-1
					/*	6:type	*/	零件\螺母1.SLDPRT
					/*	6:location	*/	0.866025	0.5	0.0	0.0	-0.5	0.866025	4.93038E-32	0.0	0.0	-1.79801E-32	1.0	0.0	-0.331873	0.0682103	0.008	1.0
					/*	6:child_number	*/	0
					/*	6:name	*/	40M~41M上承式中部-1/上承式单元(5a',6c,5a',6b,{6b,1g,20e})-1/上承式(5a',6c,5a',6b,{6b,1g,20e})(右单片)-1/B6+6LM1-5/螺母1-2
					/*	6:type	*/	零件\螺母1.SLDPRT
					/*	6:location	*/	0.866025	0.5	0.0	0.0	-0.5	0.866025	4.93038E-32	0.0	0.0	-1.79801E-32	1.0	0.0	-0.231873	0.0682103	0.008	1.0
					/*	6:child_number	*/	0
					/*	6:name	*/	40M~41M上承式中部-1/上承式单元(5a',6c,5a',6b,{6b,1g,20e})-1/上承式(5a',6c,5a',6b,{6b,1g,20e})(右单片)-1/B6+6LM1-5/螺母1-3
					/*	6:type	*/	零件\螺母1.SLDPRT
					/*	6:location	*/	0.866025	0.5	0.0	0.0	-0.5	0.866025	4.93038E-32	0.0	0.0	-1.79801E-32	1.0	0.0	-0.131873	0.0682103	0.008	1.0
					/*	6:child_number	*/	0
					/*	6:name	*/	40M~41M上承式中部-1/上承式单元(5a',6c,5a',6b,{6b,1g,20e})-1/上承式(5a',6c,5a',6b,{6b,1g,20e})(右单片)-1/B6+6LM1-5/螺母1-4
					/*	6:type	*/	零件\螺母1.SLDPRT
					/*	6:location	*/	0.866025	0.5	0.0	0.0	-0.5	0.866025	4.93038E-32	0.0	0.0	-1.79801E-32	1.0	0.0	0.188127	0.0682103	0.008	1.0
					/*	6:child_number	*/	0
					/*	6:name	*/	40M~41M上承式中部-1/上承式单元(5a',6c,5a',6b,{6b,1g,20e})-1/上承式(5a',6c,5a',6b,{6b,1g,20e})(右单片)-1/B6+6LM1-5/螺母1-5
					/*	6:type	*/	零件\螺母1.SLDPRT
					/*	6:location	*/	0.866025	0.5	0.0	0.0	-0.5	0.866025	4.93038E-32	0.0	0.0	-1.79801E-32	1.0	0.0	0.0881274	0.0682103	0.008	1.0
					/*	6:child_number	*/	0
					/*	6:name	*/	40M~41M上承式中部-1/上承式单元(5a',6c,5a',6b,{6b,1g,20e})-1/上承式(5a',6c,5a',6b,{6b,1g,20e})(右单片)-1/B6+6LM1-5/螺母1-6
					/*	6:type	*/	零件\螺母1.SLDPRT
					/*	6:location	*/	0.866025	0.5	0.0	0.0	-0.5	0.866025	4.93038E-32	0.0	0.0	-1.79801E-32	1.0	0.0	-0.0118726	0.0682103	0.008	1.0
					/*	6:child_number	*/	0
				/*	5:name	*/	40M~41M上承式中部-1/上承式单元(5a',6c,5a',6b,{6b,1g,20e})-1/上承式(5a',6c,5a',6b,{6b,1g,20e})(右单片)-1/B6+6LM1-6
				/*	5:type	*/	上承式梁\公共组件\梁端\梁端公共组件\带螺栓零件\B6+6LM1.SLDASM
				/*	5:location	*/	7.70135E-18	-7.88258E-15	-1.0	0.0	-9.85499E-17	1.0	-7.88258E-15	0.0	1.0	9.85499E-17	7.70135E-18	0.0	-0.269973	-0.145873	-4.07187	1.0
				/*	5:child_number	*/	7
					/*	6:name	*/	40M~41M上承式中部-1/上承式单元(5a',6c,5a',6b,{6b,1g,20e})-1/上承式(5a',6c,5a',6b,{6b,1g,20e})(右单片)-1/B6+6LM1-6/B6_弦杆拼接板-1
					/*	6:type	*/	零件\B6_弦杆拼接板.SLDPRT
					/*	6:location	*/	1.0	0.0	0.0	0.0	0.0	1.0	-1.71588E-32	0.0	0.0	-1.71588E-32	1.0	0.0	-0.336963	0.0141885	-0.008	1.0
					/*	6:child_number	*/	0
					/*	6:name	*/	40M~41M上承式中部-1/上承式单元(5a',6c,5a',6b,{6b,1g,20e})-1/上承式(5a',6c,5a',6b,{6b,1g,20e})(右单片)-1/B6+6LM1-6/螺母1-1
					/*	6:type	*/	零件\螺母1.SLDPRT
					/*	6:location	*/	0.866025	0.5	-4.93038E-32	0.0	-0.5	0.866025	1.47911E-31	0.0	0.0	-1.71588E-32	1.0	0.0	-0.331873	0.0682103	0.008	1.0
					/*	6:child_number	*/	0
					/*	6:name	*/	40M~41M上承式中部-1/上承式单元(5a',6c,5a',6b,{6b,1g,20e})-1/上承式(5a',6c,5a',6b,{6b,1g,20e})(右单片)-1/B6+6LM1-6/螺母1-2
					/*	6:type	*/	零件\螺母1.SLDPRT
					/*	6:location	*/	0.866025	0.5	-4.93038E-32	0.0	-0.5	0.866025	1.47911E-31	0.0	0.0	-1.71588E-32	1.0	0.0	-0.231873	0.0682103	0.008	1.0
					/*	6:child_number	*/	0
					/*	6:name	*/	40M~41M上承式中部-1/上承式单元(5a',6c,5a',6b,{6b,1g,20e})-1/上承式(5a',6c,5a',6b,{6b,1g,20e})(右单片)-1/B6+6LM1-6/螺母1-3
					/*	6:type	*/	零件\螺母1.SLDPRT
					/*	6:location	*/	0.866025	0.5	-4.93038E-32	0.0	-0.5	0.866025	1.47911E-31	0.0	0.0	-1.71588E-32	1.0	0.0	-0.131873	0.0682103	0.008	1.0
					/*	6:child_number	*/	0
					/*	6:name	*/	40M~41M上承式中部-1/上承式单元(5a',6c,5a',6b,{6b,1g,20e})-1/上承式(5a',6c,5a',6b,{6b,1g,20e})(右单片)-1/B6+6LM1-6/螺母1-4
					/*	6:type	*/	零件\螺母1.SLDPRT
					/*	6:location	*/	0.866025	0.5	-4.93038E-32	0.0	-0.5	0.866025	1.47911E-31	0.0	0.0	-1.71588E-32	1.0	0.0	0.188127	0.0682103	0.008	1.0
					/*	6:child_number	*/	0
					/*	6:name	*/	40M~41M上承式中部-1/上承式单元(5a',6c,5a',6b,{6b,1g,20e})-1/上承式(5a',6c,5a',6b,{6b,1g,20e})(右单片)-1/B6+6LM1-6/螺母1-5
					/*	6:type	*/	零件\螺母1.SLDPRT
					/*	6:location	*/	0.866025	0.5	-4.93038E-32	0.0	-0.5	0.866025	1.47911E-31	0.0	0.0	-1.71588E-32	1.0	0.0	0.0881274	0.0682103	0.008	1.0
					/*	6:child_number	*/	0
					/*	6:name	*/	40M~41M上承式中部-1/上承式单元(5a',6c,5a',6b,{6b,1g,20e})-1/上承式(5a',6c,5a',6b,{6b,1g,20e})(右单片)-1/B6+6LM1-6/螺母1-6
					/*	6:type	*/	零件\螺母1.SLDPRT
