C70装载分水节
C70装载分水节.SLDASM
1.0	0.0	0.0	0.0	0.0	1.0	0.0	0.0	0.0	0.0	1.0	0.0	0.0	0.0	0.0	1.0
7
	分水节-4
	分水节.SLDPRT
	0.0393614	0.999225	6.66018E-18	0.0	-0.999225	0.0393614	7.21202E-18	0.0	6.94428E-18	-6.93889E-18	1.0	0.0	1.83995	-0.454275	0.0032352	1.0
	0

	分水节-3
	分水节.SLDPRT
	0.0393614	0.999225	6.66018E-18	0.0	-0.999225	0.0393614	7.21202E-18	0.0	6.94428E-18	-6.93889E-18	1.0	0.0	-0.241662	-0.454275	0.0032352	1.0
	0

	分水节-2
	分水节.SLDPRT
	0.0393614	0.999225	6.66018E-18	0.0	-0.999225	0.0393614	7.21202E-18	0.0	6.94428E-18	-6.93889E-18	1.0	0.0	-2.32327	-0.454275	0.0032352	1.0
	0

	分水节-1
	分水节.SLDPRT
	0.0393614	0.999225	6.66018E-18	0.0	-0.999225	0.0393614	7.21202E-18	0.0	6.94428E-18	-6.93889E-18	1.0	0.0	-4.40489	-0.454275	0.0032352	1.0
	0

	分水节-6
	分水节.SLDPRT
	0.0393614	0.999225	6.66018E-18	0.0	-0.999225	0.0393614	7.21202E-18	0.0	6.94428E-18	-6.93889E-18	1.0	0.0	6.00318	-0.454275	0.0032352	1.0
	0

	分水节-5
	分水节.SLDPRT
	0.0393614	0.999225	6.66018E-18	0.0	-0.999225	0.0393614	7.21202E-18	0.0	6.94428E-18	-6.93889E-18	1.0	0.0	3.92156	-0.454275	0.0032352	1.0
	0

	C70-1
	C70.SLDASM
	1.0	0.0	0.0	0.0	0.0	1.0	0.0	0.0	0.0	0.0	1.0	0.0	1.93618	-0.634319	6.43929E-15	1.0
	99
		C70-1/竖档-8
		竖档.SLDPRT
		-1.0	-5.06154E-17	-9.32319E-35	0.0	-6.04069E-17	-1.0	-1.71738E-18	0.0	-4.97689E-35	-1.71738E-18	1.0	0.0	-6.41769	2.04499	-1.461	1.0
		0

		C70-1/斜撑杆-1
		斜撑杆.SLDPRT
		2.07591E-17	6.78945E-17	1.0	0.0	-0.637165	0.770727	-3.91012E-17	0.0	-0.770727	-0.637165	5.92596E-17	0.0	-6.52456	1.17064	1.46	1.0
		0

		C70-1/下侧门-1
		下侧门.SLDPRT
		0.0	0.0	1.0	0.0	0.0	1.0	0.0	0.0	-1.0	0.0	0.0	0.0	-7.24454	0.691231	1.45	1.0
		0

		C70-1/斜撑杆-4
		斜撑杆.SLDPRT
		-0.791859	0.610704	3.24517E-16	0.0	0.610704	0.791859	-1.52713E-16	0.0	-3.50234E-16	7.72567E-17	-1.0	0.0	-6.26892	1.14069	1.46	1.0
		0

		C70-1/斜撑杆-3
		斜撑杆.SLDPRT
		2.07591E-17	6.78945E-17	1.0	0.0	-0.637165	0.770727	-3.91012E-17	0.0	-0.770727	-0.637165	5.92596E-17	0.0	-4.82456	1.17064	1.46	1.0
		0

		C70-1/斜撑杆-2
		斜撑杆.SLDPRT
		-0.791859	0.610704	3.24517E-16	0.0	0.610704	0.791859	-1.52713E-16	0.0	-3.50234E-16	7.72567E-17	-1.0	0.0	-7.96892	1.14069	1.46	1.0
		0

		C70-1/竖档-1
		竖档.SLDPRT
		-1.0	1.66533E-16	0.0	0.0	5.55112E-17	1.0	0.0	0.0	0.0	0.0	-1.0	0.0	-6.41769	-0.15501	1.461	1.0
		0

		C70-1/车厢-1
		车厢.SLDPRT
		1.0	0.0	0.0	0.0	0.0	1.0	0.0	0.0	0.0	0.0	1.0	0.0	-2.10519	-0.15501	-5.66214E-14	1.0
		0

		C70-1/斜撑杆-6
		斜撑杆.SLDPRT
		2.07591E-17	6.78945E-17	1.0	0.0	-0.637165	0.770727	-3.91012E-17	0.0	-0.770727	-0.637165	5.92596E-17	0.0	-3.12456	1.17064	1.46	1.0
		0

		C70-1/竖档-4
		竖档.SLDPRT
		-1.0	1.66533E-16	0.0	0.0	5.55112E-17	1.0	0.0	0.0	0.0	0.0	-1.0	0.0	-3.01769	-0.15501	1.461	1.0
		0

		C70-1/竖档-5
		竖档.SLDPRT
		1.0	-5.06154E-17	9.32319E-35	0.0	6.04069E-17	-1.0	1.71738E-18	0.0	4.97689E-35	-1.71738E-18	-1.0	0.0	0.507311	2.04499	1.461	1.0
		0

		C70-1/竖档-7
		竖档.SLDPRT
		1.0	-5.06154E-17	9.32319E-35	0.0	6.04069E-17	-1.0	1.71738E-18	0.0	4.97689E-35	-1.71738E-18	-1.0	0.0	2.20731	2.04499	1.461	1.0
		0

		C70-1/斜撑杆-10
		斜撑杆.SLDPRT
		0.791859	0.610704	3.33067E-16	0.0	0.610704	-0.791859	1.96654E-16	0.0	3.83839E-16	4.76835E-17	-1.0	0.0	1.38677	2.01174	1.46	1.0
		0

		C70-1/斜撑杆-12
		斜撑杆.SLDPRT
		1.04562E-16	0.0	1.0	0.0	-0.637165	-0.770727	1.07467E-16	0.0	0.770727	-0.637165	0.0	0.0	-0.38494	2.01844	1.46	1.0
		0

		C70-1/下侧门-4
		下侧门.SLDPRT
		-3.27725E-8	7.1605E-15	1.0	0.0	4.36974E-7	1.0	7.1605E-15	0.0	-1.0	4.36974E-7	-3.27725E-8	0.0	3.03417	0.691231	1.45	1.0
		0

		C70-1/斜撑杆-5
		斜撑杆.SLDPRT
		-0.791859	0.610704	3.24517E-16	0.0	0.610704	0.791859	-1.52713E-16	0.0	-3.50234E-16	7.72567E-17	-1.0	0.0	-4.56892	1.14069	1.46	1.0
		0

		C70-1/竖档-6
		竖档.SLDPRT
		1.0	-5.06154E-17	9.32319E-35	0.0	6.04069E-17	-1.0	1.71738E-18	0.0	4.97689E-35	-1.71738E-18	-1.0	0.0	-1.19269	2.04499	1.461	1.0
		0

		C70-1/斜撑杆-11
		斜撑杆.SLDPRT
		0.791859	0.610704	3.33067E-16	0.0	0.610704	-0.791859	1.96654E-16	0.0	3.83839E-16	4.76835E-17	-1.0	0.0	-0.313229	2.01174	1.46	1.0
		0

		C70-1/下侧门-6
		下侧门.SLDPRT
		-3.27725E-8	7.1605E-15	1.0	0.0	4.36974E-7	1.0	7.1605E-15	0.0	-1.0	4.36974E-7	-3.27725E-8	0.0	-0.365833	0.691231	1.45	1.0
		0

		C70-1/下侧门-5
		下侧门.SLDPRT
		-3.27725E-8	7.1605E-15	1.0	0.0	4.36974E-7	1.0	7.1605E-15	0.0	-1.0	4.36974E-7	-3.27725E-8	0.0	1.33417	0.691231	1.45	1.0
		0

		C70-1/竖档-3
		竖档.SLDPRT
		-1.0	1.66533E-16	0.0	0.0	5.55112E-17	1.0	0.0	0.0	0.0	0.0	-1.0	0.0	-4.71769	-0.15501	1.461	1.0
		0

		C70-1/斜撑杆-9
		斜撑杆.SLDPRT
		1.04562E-16	0.0	1.0	0.0	-0.637165	-0.770727	1.07467E-16	0.0	0.770727	-0.637165	0.0	0.0	1.31506	2.01844	1.46	1.0
		0

		C70-1/斜撑杆-8
		斜撑杆.SLDPRT
		0.791859	0.610704	3.33067E-16	0.0	0.610704	-0.791859	1.96654E-16	0.0	3.83839E-16	4.76835E-17	-1.0	0.0	3.08677	2.01174	1.46	1.0
		0

		C70-1/斜撑杆-7
		斜撑杆.SLDPRT
		1.04562E-16	0.0	1.0	0.0	-0.637165	-0.770727	1.07467E-16	0.0	0.770727	-0.637165	0.0	0.0	3.01506	2.01844	1.46	1.0
		0

		C70-1/下侧门-3
		下侧门.SLDPRT
		0.0	0.0	1.0	0.0	0.0	1.0	0.0	0.0	-1.0	0.0	0.0	0.0	-3.84454	0.691231	1.45	1.0
		0

		C70-1/下侧门-2
		下侧门.SLDPRT
		0.0	0.0	1.0	0.0	0.0	1.0	0.0	0.0	-1.0	0.0	0.0	0.0	-5.54454	0.691231	1.45	1.0
		0

		C70-1/斜撑杆-18
		斜撑杆.SLDPRT
		0.791859	0.610704	-3.33067E-16	0.0	-0.610704	0.791859	1.91965E-16	0.0	3.80976E-16	5.1396E-17	1.0	0.0	2.05855	1.14069	-1.46	1.0
		0

		C70-1/斜撑杆-17
		斜撑杆.SLDPRT
		2.54529E-16	5.55112E-17	-1.0	0.0	0.637165	0.770727	1.56858E-16	0.0	0.770727	-0.637165	0.0	0.0	0.614179	1.17064	-1.46	1.0
		0

		C70-1/斜撑杆-16
		斜撑杆.SLDPRT
		0.791859	0.610704	-3.33067E-16	0.0	-0.610704	0.791859	1.91965E-16	0.0	3.80976E-16	5.1396E-17	1.0	0.0	3.75855	1.14069	-1.46	1.0
		0

		C70-1/顶端钩-1
		顶端钩.SLDPRT
		1.0	0.0	0.0	0.0	0.0	1.0	0.0	0.0	0.0	0.0	1.0	0.0	-8.08019	2.0803	1.55	1.0
		0

		C70-1/竖档-13
		竖档.SLDPRT
		-1.0	-5.06154E-17	-9.32319E-35	0.0	-6.04069E-17	-1.0	-1.71738E-18	0.0	-4.97689E-35	-1.71738E-18	1.0	0.0	-3.01769	2.04499	-1.461	1.0
		0

		C70-1/竖档-12
		竖档.SLDPRT
		-1.0	-5.06154E-17	-9.32319E-35	0.0	-6.04069E-17	-1.0	-1.71738E-18	0.0	-4.97689E-35	-1.71738E-18	1.0	0.0	-4.71769	2.04499	-1.461	1.0
		0

		C70-1/下侧门-7
		下侧门.SLDPRT
		3.28839E-22	8.67362E-19	-1.0	0.0	-2.85046E-40	1.0	8.67362E-19	0.0	1.0	-2.85046E-40	3.28839E-22	0.0	-7.23901	0.691231	-1.45	1.0
		0

		C70-1/竖档-11
		竖档.SLDPRT
		1.0	0.0	0.0	0.0	0.0	1.0	0.0	0.0	0.0	0.0	1.0	0.0	2.20731	-0.15501	-1.461	1.0
		0

		C70-1/下侧门-11
		下侧门.SLDPRT
		3.28839E-22	8.67362E-19	-1.0	0.0	-2.85046E-40	1.0	8.67362E-19	0.0	1.0	-2.85046E-40	3.28839E-22	0.0	-5.53436	0.691231	-1.45	1.0
		0

		C70-1/斜撑杆-22
		斜撑杆.SLDPRT
		-0.791859	0.610704	-3.33067E-16	0.0	-0.610704	-0.791859	-1.96654E-16	0.0	-3.83839E-16	4.76835E-17	1.0	0.0	-5.59715	2.01174	-1.46	1.0
		0

		C70-1/斜撑杆-21
		斜撑杆.SLDPRT
		-1.04562E-16	0.0	-1.0	0.0	0.637165	-0.770727	-1.07467E-16	0.0	-0.770727	-0.637165	0.0	0.0	-5.52544	2.01844	-1.46	1.0
		0

		C70-1/斜撑杆-19
		斜撑杆.SLDPRT
		0.791859	0.610704	-3.33067E-16	0.0	-0.610704	0.791859	1.91965E-16	0.0	3.80976E-16	5.1396E-17	1.0	0.0	0.358546	1.14069	-1.46	1.0
		0

		C70-1/下侧门-10
		下侧门.SLDPRT
		9.92617E-24	8.67362E-19	-1.0	0.0	-1.05879E-22	1.0	8.67362E-19	0.0	1.0	1.05879E-22	9.92617E-24	0.0	-0.365833	0.691231	-1.45	1.0
		0

		C70-1/下侧门-9
		下侧门.SLDPRT
		9.92617E-24	8.67362E-19	-1.0	0.0	-1.05879E-22	1.0	8.67362E-19	0.0	1.0	1.05879E-22	9.92617E-24	0.0	1.33417	0.691231	-1.45	1.0
		0

		C70-1/斜撑杆-15
		斜撑杆.SLDPRT
		2.54529E-16	5.55112E-17	-1.0	0.0	0.637165	0.770727	1.56858E-16	0.0	0.770727	-0.637165	0.0	0.0	2.31418	1.17064	-1.46	1.0
		0

		C70-1/下侧门-8
		下侧门.SLDPRT
		9.92617E-24	8.67362E-19	-1.0	0.0	-1.05879E-22	1.0	8.67362E-19	0.0	1.0	1.05879E-22	9.92617E-24	0.0	3.03417	0.691231	-1.45	1.0
		0

		C70-1/斜撑杆-14
		斜撑杆.SLDPRT
		-0.791859	0.610704	-3.33067E-16	0.0	-0.610704	-0.791859	-1.96654E-16	0.0	-3.83839E-16	4.76835E-17	1.0	0.0	-7.29715	2.01174	-1.46	1.0
		0

		C70-1/斜撑杆-13
		斜撑杆.SLDPRT
		-1.04562E-16	0.0	-1.0	0.0	0.637165	-0.770727	-1.07467E-16	0.0	-0.770727	-0.637165	0.0	0.0	-7.22544	2.01844	-1.46	1.0
		0

		C70-1/斜撑杆-24
		斜撑杆.SLDPRT
		-1.04562E-16	0.0	-1.0	0.0	0.637165	-0.770727	-1.07467E-16	0.0	-0.770727	-0.637165	0.0	0.0	-3.82544	2.01844	-1.46	1.0
		0

		C70-1/斜撑杆-23
		斜撑杆.SLDPRT
		-0.791859	0.610704	-3.33067E-16	0.0	-0.610704	-0.791859	-1.96654E-16	0.0	-3.83839E-16	4.76835E-17	1.0	0.0	-3.89715	2.01174	-1.46	1.0
		0

		C70-1/下侧门-12
		下侧门.SLDPRT
		3.28839E-22	8.67362E-19	-1.0	0.0	-2.85046E-40	1.0	8.67362E-19	0.0	1.0	-2.85046E-40	3.28839E-22	0.0	-3.84339	0.691231	-1.45	1.0
		0

		C70-1/竖档-10
		竖档.SLDPRT
		1.0	0.0	0.0	0.0	0.0	1.0	0.0	0.0	0.0	0.0	1.0	0.0	-1.19269	-0.15501	-1.461	1.0
		0

		C70-1/竖档-9
		竖档.SLDPRT
		1.0	0.0	0.0	0.0	0.0	1.0	0.0	0.0	0.0	0.0	1.0	0.0	0.507311	-0.15501	-1.461	1.0
		0

		C70-1/斜撑杆-20
		斜撑杆.SLDPRT
		2.54529E-16	5.55112E-17	-1.0	0.0	0.637165	0.770727	1.56858E-16	0.0	0.770727	-0.637165	0.0	0.0	-1.08582	1.17064	-1.46	1.0
		0

		C70-1/侧面销-4
		侧面销.SLDPRT
		1.0	0.0	0.0	0.0	0.0	1.0	0.0	0.0	0.0	0.0	1.0	0.0	-2.09019	-0.0150101	1.45	1.0
		0

		C70-1/侧面销-3
		侧面销.SLDPRT
		1.0	0.0	0.0	0.0	0.0	1.0	0.0	0.0	0.0	0.0	1.0	0.0	-3.82019	-0.0150101	1.45	1.0
		0

		C70-1/顶端钩-2
		顶端钩.SLDPRT
		1.0	0.0	0.0	0.0	0.0	1.0	0.0	0.0	0.0	0.0	1.0	0.0	-6.94219	2.0803	1.55	1.0
		0

		C70-1/顶端钩-12
		顶端钩.SLDPRT
		1.0	0.0	0.0	0.0	0.0	1.0	0.0	0.0	0.0	0.0	1.0	0.0	-0.623189	2.0803	1.55	1.0
		0

		C70-1/顶端钩-11
		顶端钩.SLDPRT
		1.0	0.0	0.0	0.0	0.0	1.0	0.0	0.0	0.0	0.0	1.0	0.0	0.00181092	2.0803	1.55	1.0
		0

		C70-1/顶端钩-10
		顶端钩.SLDPRT
		1.0	0.0	0.0	0.0	0.0	1.0	0.0	0.0	0.0	0.0	1.0	0.0	1.07681	2.0803	1.55	1.0
		0

		C70-1/顶端钩-7
		顶端钩.SLDPRT
		1.0	0.0	0.0	0.0	0.0	1.0	0.0	0.0	0.0	0.0	1.0	0.0	3.91481	2.0803	1.55	1.0
		0

		C70-1/顶端钩-6
		顶端钩.SLDPRT
		1.0	0.0	0.0	0.0	0.0	1.0	0.0	0.0	0.0	0.0	1.0	0.0	-3.54219	2.0803	1.55	1.0
		0

		C70-1/顶端钩-5
		顶端钩.SLDPRT
		1.0	0.0	0.0	0.0	0.0	1.0	0.0	0.0	0.0	0.0	1.0	0.0	-4.16719	2.0803	1.55	1.0
		0

		C70-1/顶端钩-16
		顶端钩.SLDPRT
		-1.0	1.39503E-6	-2.75575E-6	0.0	1.39503E-6	1.0	1.92218E-12	0.0	2.75575E-6	-1.92218E-12	-1.0	0.0	-5.29219	2.0803	-1.55	1.0
		0

		C70-1/顶端钩-15
		顶端钩.SLDPRT
		-1.0	1.39503E-6	-2.75575E-6	0.0	1.39503E-6	1.0	1.92218E-12	0.0	2.75575E-6	-1.92218E-12	-1.0	0.0	-5.91719	2.0803	-1.55	1.0
		0

		C70-1/顶端钩-14
		顶端钩.SLDPRT
		-1.0	1.39503E-6	-2.75575E-6	0.0	1.39503E-6	1.0	1.92218E-12	0.0	2.75575E-6	-1.92218E-12	-1.0	0.0	-6.99219	2.0803	-1.55	1.0
		0

		C70-1/侧面销-2
		侧面销.SLDPRT
		1.0	0.0	0.0	0.0	0.0	1.0	0.0	0.0	0.0	0.0	1.0	0.0	-5.42019	-0.0150101	1.45	1.0
		0

		C70-1/侧面顶端销-1
		侧面顶端销.SLDPRT
		1.0	0.0	0.0	0.0	0.0	1.0	0.0	0.0	0.0	0.0	1.0	0.0	-8.44769	-0.0150101	1.45	1.0
		0

		C70-1/侧面销-1
		侧面销.SLDPRT
		1.0	0.0	0.0	0.0	0.0	1.0	0.0	0.0	0.0	0.0	1.0	0.0	-7.14019	-0.0150101	1.45	1.0
		0

		C70-1/顶端钩-13
		顶端钩.SLDPRT
		-1.0	1.39503E-6	-2.75575E-6	0.0	1.39503E-6	1.0	1.92218E-12	0.0	2.75575E-6	-1.92218E-12	-1.0	0.0	-8.13019	2.0803	-1.55	1.0
		0

		C70-1/侧面顶端销-2
		侧面顶端销.SLDPRT
		1.0	0.0	0.0	0.0	0.0	1.0	0.0	0.0	0.0	0.0	1.0	0.0	4.18731	-0.0150101	1.45	1.0
		0

		C70-1/侧面销-7
		侧面销.SLDPRT
		1.0	0.0	0.0	0.0	0.0	1.0	0.0	0.0	0.0	0.0	1.0	0.0	2.95981	-0.0150101	1.45	1.0
		0

		C70-1/侧面销-6
		侧面销.SLDPRT
		1.0	0.0	0.0	0.0	0.0	1.0	0.0	0.0	0.0	0.0	1.0	0.0	1.23981	-0.0150101	1.45	1.0
		0

		C70-1/侧面销-5
		侧面销.SLDPRT
		1.0	0.0	0.0	0.0	0.0	1.0	0.0	0.0	0.0	0.0	1.0	0.0	-0.360189	-0.0150101	1.45	1.0
		0

		C70-1/顶端钩-9
		顶端钩.SLDPRT
		1.0	0.0	0.0	0.0	0.0	1.0	0.0	0.0	0.0	0.0	1.0	0.0	1.70181	2.0803	1.55	1.0
		0

		C70-1/顶端钩-8
		顶端钩.SLDPRT
		1.0	0.0	0.0	0.0	0.0	1.0	0.0	0.0	0.0	0.0	1.0	0.0	2.77681	2.0803	1.55	1.0
		0

		C70-1/顶端钩-4
		顶端钩.SLDPRT
		1.0	0.0	0.0	0.0	0.0	1.0	0.0	0.0	0.0	0.0	1.0	0.0	-5.24219	2.0803	1.55	1.0
		0

		C70-1/顶端钩-3
		顶端钩.SLDPRT
		1.0	0.0	0.0	0.0	0.0	1.0	0.0	0.0	0.0	0.0	1.0	0.0	-5.86719	2.0803	1.55	1.0
		0

		C70-1/侧面销-13
		侧面销.SLDPRT
		1.0	-3.2193E-5	3.01893E-10	0.0	-3.2193E-5	-1.0	1.87552E-5	0.0	-3.01893E-10	-1.87552E-5	-1.0	0.0	1.28981	-0.0150093	-1.45	1.0
		0

		C70-1/侧面销-12
		侧面销.SLDPRT
		1.0	-3.2193E-5	3.01893E-10	0.0	-3.2193E-5	-1.0	1.87552E-5	0.0	-3.01893E-10	-1.87552E-5	-1.0	0.0	-0.310189	-0.0150093	-1.45	1.0
		0

		C70-1/侧面销-11
		侧面销.SLDPRT
		1.0	-3.2193E-5	3.01893E-10	0.0	-3.2193E-5	-1.0	1.87552E-5	0.0	-3.01893E-10	-1.87552E-5	-1.0	0.0	-2.04019	-0.0150093	-1.45	1.0
		0

		C70-1/侧面销-16
		侧面销.SLDPRT
		0.0	0.0	1.0	0.0	0.0	1.0	0.0	0.0	-1.0	0.0	0.0	0.0	-8.60519	0.0249899	-0.787	1.0
		0

		C70-1/侧面销-15
		侧面销.SLDPRT
		0.0	0.0	1.0	0.0	0.0	1.0	0.0	0.0	-1.0	0.0	0.0	0.0	-8.60519	0.0249899	0.787	1.0
		0

		C70-1/侧门-2
		侧门.SLDPRT
		1.0	0.0	0.0	0.0	0.0	1.0	0.0	0.0	0.0	0.0	1.0	0.0	-1.66519	1.04499	1.45	1.0
		0

		C70-1/顶端钩-20
		顶端钩.SLDPRT
		-1.0	1.39503E-6	-2.75575E-6	0.0	1.39503E-6	1.0	1.92218E-12	0.0	2.75575E-6	-1.92218E-12	-1.0	0.0	2.72681	2.0803	-1.55	1.0
		0

		C70-1/顶端钩-19
		顶端钩.SLDPRT
		-1.0	1.39503E-6	-2.75575E-6	0.0	1.39503E-6	1.0	1.92218E-12	0.0	2.75575E-6	-1.92218E-12	-1.0	0.0	3.86481	2.0803	-1.55	1.0
		0

		C70-1/顶端钩-18
		顶端钩.SLDPRT
		-1.0	1.39503E-6	-2.75575E-6	0.0	1.39503E-6	1.0	1.92218E-12	0.0	2.75575E-6	-1.92218E-12	-1.0	0.0	-3.59219	2.0803	-1.55	1.0
		0

		C70-1/顶端钩-17
		顶端钩.SLDPRT
		-1.0	1.39503E-6	-2.75575E-6	0.0	1.39503E-6	1.0	1.92218E-12	0.0	2.75575E-6	-1.92218E-12	-1.0	0.0	-4.21719	2.0803	-1.55	1.0
		0

		C70-1/顶端钩-23
		顶端钩.SLDPRT
		-1.0	1.39503E-6	-2.75575E-6	0.0	1.39503E-6	1.0	1.92218E-12	0.0	2.75575E-6	-1.92218E-12	-1.0	0.0	-0.0481891	2.0803	-1.55	1.0
		0

		C70-1/顶端钩-22
		顶端钩.SLDPRT
		-1.0	1.39503E-6	-2.75575E-6	0.0	1.39503E-6	1.0	1.92218E-12	0.0	2.75575E-6	-1.92218E-12	-1.0	0.0	1.02681	2.0803	-1.55	1.0
		0

		C70-1/顶端钩-21
		顶端钩.SLDPRT
		-1.0	1.39503E-6	-2.75575E-6	0.0	1.39503E-6	1.0	1.92218E-12	0.0	2.75575E-6	-1.92218E-12	-1.0	0.0	1.65181	2.0803	-1.55	1.0
		0

		C70-1/侧面销-10
		侧面销.SLDPRT
		1.0	-3.2193E-5	3.01893E-10	0.0	-3.2193E-5	-1.0	1.87552E-5	0.0	-3.01893E-10	-1.87552E-5	-1.0	0.0	-3.77019	-0.0150093	-1.45	1.0
		0

		C70-1/侧面销-9
		侧面销.SLDPRT
		1.0	-3.2193E-5	3.01893E-10	0.0	-3.2193E-5	-1.0	1.87552E-5	0.0	-3.01893E-10	-1.87552E-5	-1.0	0.0	-5.37019	-0.0150093	-1.45	1.0
		0

		C70-1/侧面顶端销-3
		侧面顶端销.SLDPRT
		1.0	-1.63498E-4	-1.72025E-8	0.0	-1.63498E-4	-1.0	-2.10431E-4	0.0	1.72025E-8	2.10431E-4	-1.0	0.0	-8.39769	-0.0150175	-1.45	1.0
		0

		C70-1/侧门-1
		侧门.SLDPRT
		1.0	0.0	0.0	0.0	0.0	1.0	0.0	0.0	0.0	0.0	1.0	0.0	-2.54519	1.04499	1.45	1.0
		0

		C70-1/侧面顶端销-4
		侧面顶端销.SLDPRT
		1.0	-1.63498E-4	-1.72025E-8	0.0	-1.63498E-4	-1.0	-2.10431E-4	0.0	1.72025E-8	2.10431E-4	-1.0	0.0	4.18731	-0.0150175	-1.45	1.0
		0

		C70-1/侧面销-14
		侧面销.SLDPRT
		1.0	-3.2193E-5	3.01893E-10	0.0	-3.2193E-5	-1.0	1.87552E-5	0.0	-3.01893E-10	-1.87552E-5	-1.0	0.0	3.00981	-0.0150093	-1.45	1.0
		0

		C70-1/侧面销-8
		侧面销.SLDPRT
		1.0	-3.2193E-5	3.01893E-10	0.0	-3.2193E-5	-1.0	1.87552E-5	0.0	-3.01893E-10	-1.87552E-5	-1.0	0.0	-7.09019	-0.0150093	-1.45	1.0
		0

		C70-1/顶端钩-24
		顶端钩.SLDPRT
		-1.0	1.39503E-6	-2.75575E-6	0.0	1.39503E-6	1.0	1.92218E-12	0.0	2.75575E-6	-1.92218E-12	-1.0	0.0	-0.673189	2.0803	-1.55	1.0
		0

		C70-1/转向架-1
		转向架.SLDASM
		0.0	0.0	-1.0	0.0	0.0	1.0	0.0	0.0	1.0	0.0	0.0	0.0	-5.42326	-0.454129	0.0336928	1.0
		4
			C70-1/转向架-1/侧架-2
			侧架.SLDPRT
			0.0	0.0	-1.0	0.0	0.0	1.0	0.0	0.0	1.0	0.0	0.0	0.0	-0.996307	-0.0265513	-0.881952	1.0
			0

			C70-1/转向架-1/侧架-1
			侧架.SLDPRT
			0.0	-1.22298E-16	-1.0	0.0	0.0	1.0	-1.22298E-16	0.0	1.0	0.0	0.0	0.0	0.863939	-0.0265513	-0.881952	1.0
			0

			C70-1/转向架-1/轮对-2
			轮对.SLDASM
			1.0	0.0	0.0	0.0	0.0	1.0	0.0	0.0	0.0	0.0	1.0	0.0	0.0623096	-0.0798773	-1.75	1.0
			3
				C70-1/转向架-1/轮对-2/车轮-2
				车轮.SLDPRT
				0.0	-0.136888	0.990587	0.0	0.0	0.990587	0.136888	0.0	-1.0	0.0	0.0	0.0	0.68073	0.0255652	0.0	1.0
				0

				C70-1/转向架-1/轮对-2/车轮-1
				车轮.SLDPRT
				0.0	0.0936225	-0.995608	0.0	0.0	0.995608	0.0936225	0.0	1.0	0.0	0.0	0.0	-0.73527	0.0255652	0.0	1.0
				0

				C70-1/转向架-1/轮对-2/车轴-1
				车轴.SLDPRT
				1.0	0.0	0.0	0.0	0.0	1.0	0.0	0.0	0.0	0.0	1.0	0.0	-0.0272696	0.0255652	0.0	1.0
				0


			C70-1/转向架-1/轮对-1
			轮对.SLDASM
			1.0	0.0	0.0	0.0	0.0	1.0	0.0	0.0	0.0	0.0	1.0	0.0	0.0623096	-0.0798773	0.0	1.0
			3
				C70-1/转向架-1/轮对-1/车轮-2
				车轮.SLDPRT
				0.0	-0.136888	0.990587	0.0	0.0	0.990587	0.136888	0.0	-1.0	0.0	0.0	0.0	0.68073	0.0255652	0.0	1.0
				0

				C70-1/转向架-1/轮对-1/车轮-1
				车轮.SLDPRT
				0.0	0.0936225	-0.995608	0.0	0.0	0.995608	0.0936225	0.0	1.0	0.0	0.0	0.0	-0.73527	0.0255652	0.0	1.0
				0

				C70-1/转向架-1/轮对-1/车轴-1
				车轴.SLDPRT
				1.0	0.0	0.0	0.0	0.0	1.0	0.0	0.0	0.0	0.0	1.0	0.0	-0.0272696	0.0255652	0.0	1.0
				0



		C70-1/侧面销-18
		侧面销.SLDPRT
		-3.01893E-10	-3.2193E-5	1.0	0.0	-1.87552E-5	-1.0	-3.2193E-5	0.0	1.0	-1.87552E-5	-3.01893E-10	0.0	4.39481	0.0249907	-0.787	1.0
		0

		C70-1/侧面销-17
		侧面销.SLDPRT
		-3.01893E-10	-3.2193E-5	1.0	0.0	-1.87552E-5	-1.0	-3.2193E-5	0.0	1.0	-1.87552E-5	-3.01893E-10	0.0	4.39481	0.0249907	0.787	1.0
		0

		C70-1/转向架-2
		转向架.SLDASM
		0.0	0.0	1.0	0.0	0.0	1.0	0.0	0.0	-1.0	0.0	0.0	0.0	1.21288	-0.454129	-0.0339392	1.0
		4
			C70-1/转向架-2/侧架-2
			侧架.SLDPRT
			0.0	0.0	-1.0	0.0	0.0	1.0	0.0	0.0	1.0	0.0	0.0	0.0	-0.996307	-0.0265513	-0.881952	1.0
			0

			C70-1/转向架-2/侧架-1
			侧架.SLDPRT
			0.0	0.0	-1.0	0.0	0.0	1.0	0.0	0.0	1.0	0.0	0.0	0.0	0.863939	-0.0265513	-0.881952	1.0
			0

			C70-1/转向架-2/轮对-2
			轮对.SLDASM
			1.0	0.0	0.0	0.0	0.0	1.0	0.0	0.0	0.0	0.0	1.0	0.0	0.0623096	-0.0798773	-1.75	1.0
			3
				C70-1/转向架-2/轮对-2/车轮-2
				车轮.SLDPRT
				0.0	-0.136888	0.990587	0.0	0.0	0.990587	0.136888	0.0	-1.0	0.0	0.0	0.0	0.68073	0.0255652	0.0	1.0
				0

				C70-1/转向架-2/轮对-2/车轮-1
				车轮.SLDPRT
				0.0	0.0936225	-0.995608	0.0	0.0	0.995608	0.0936225	0.0	1.0	0.0	0.0	0.0	-0.73527	0.0255652	0.0	1.0
				0

				C70-1/转向架-2/轮对-2/车轴-1
				车轴.SLDPRT
				1.0	0.0	0.0	0.0	0.0	1.0	0.0	0.0	0.0	0.0	1.0	0.0	-0.0272696	0.0255652	0.0	1.0
				0


			C70-1/转向架-2/轮对-1
			轮对.SLDASM
			1.0	0.0	0.0	0.0	0.0	1.0	0.0	0.0	0.0	0.0	1.0	0.0	0.0623096	-0.0798773	0.0	1.0
			3
				C70-1/转向架-2/轮对-1/车轮-2
				车轮.SLDPRT
				0.0	-0.136888	0.990587	0.0	0.0	0.990587	0.136888	0.0	-1.0	0.0	0.0	0.0	0.68073	0.0255652	0.0	1.0
				0

				C70-1/转向架-2/轮对-1/车轮-1
				车轮.SLDPRT
				0.0	0.0936225	-0.995608	0.0	0.0	0.995608	0.0936225	0.0	1.0	0.0	0.0	0.0	-0.73527	0.0255652	0.0	1.0
				0

				C70-1/转向架-2/轮对-1/车轴-1
				车轴.SLDPRT
				1.0	0.0	0.0	0.0	0.0	1.0	0.0	0.0	0.0	0.0	1.0	0.0	-0.0272696	0.0255652	0.0	1.0
				0





