低平板装标准梁节
低平板装标准梁节.SLDASM
1.0	0.0	0.0	0.0	0.0	1.0	0.0	0.0	0.0	0.0	1.0	0.0	0.0	0.0	0.0	1.0
10
	绳9-4
	绳9.SLDPRT
	0.904757	0.194027	0.379167	0.0	-0.221489	-0.546055	0.80794	0.0	0.363808	-0.814971	-0.451072	0.0	-3.04323	0.067848	1.51858	1.0
	0

	绳8-2
	绳8.SLDPRT
	-6.03205E-33	1.14424E-17	-1.0	0.0	1.14424E-17	1.0	1.14424E-17	0.0	1.0	-1.14424E-17	-6.16298E-33	0.0	4.93141	1.9244	-0.00507458	1.0
	0

	绳8-1
	绳8.SLDPRT
	-6.03205E-33	1.14424E-17	-1.0	0.0	1.14424E-17	1.0	1.14424E-17	0.0	1.0	-1.14424E-17	-6.16298E-33	0.0	-1.4706	1.9244	-0.00507458	1.0
	0

	20T低平板车-1
	20T低平板车.SLDASM
	1.0	0.0	0.0	0.0	0.0	1.0	0.0	0.0	0.0	0.0	1.0	0.0	-10.0373	0.36822	7.50217E-7	1.0
	33
		20T低平板车-1/侧面销-10
		侧面销.SLDPRT
		1.0	0.0	0.0	0.0	0.0	1.0	0.0	0.0	0.0	0.0	1.0	0.0	14.1631	-0.308616	1.45037	1.0
		0

		20T低平板车-1/侧面销-9
		侧面销.SLDPRT
		1.0	0.0	0.0	0.0	0.0	1.0	0.0	0.0	0.0	0.0	1.0	0.0	13.3631	-0.308616	1.45037	1.0
		0

		20T低平板车-1/侧面销-8
		侧面销.SLDPRT
		1.0	0.0	0.0	0.0	0.0	1.0	0.0	0.0	0.0	0.0	1.0	0.0	12.5631	-0.308616	1.45037	1.0
		0

		20T低平板车-1/侧面销-12
		侧面销.SLDPRT
		1.0	0.0	0.0	0.0	0.0	1.0	0.0	0.0	0.0	0.0	1.0	0.0	15.7631	-0.308616	1.45037	1.0
		0

		20T低平板车-1/侧面销-11
		侧面销.SLDPRT
		1.0	0.0	0.0	0.0	0.0	1.0	0.0	0.0	0.0	0.0	1.0	0.0	14.9631	-0.308616	1.45037	1.0
		0

		20T低平板车-1/侧面销-15
		侧面销.SLDPRT
		1.0	-3.2193E-5	3.01893E-10	0.0	-3.2193E-5	-1.0	1.87552E-5	0.0	-3.01893E-10	-1.87552E-5	-1.0	0.0	7.76309	-0.308615	-1.45037	1.0
		0

		20T低平板车-1/侧面销-14
		侧面销.SLDPRT
		1.0	-3.2193E-5	3.01893E-10	0.0	-3.2193E-5	-1.0	1.87552E-5	0.0	-3.01893E-10	-1.87552E-5	-1.0	0.0	6.96309	-0.308615	-1.45037	1.0
		0

		20T低平板车-1/侧面销-13
		侧面销.SLDPRT
		1.0	0.0	0.0	0.0	0.0	1.0	0.0	0.0	0.0	0.0	1.0	0.0	16.5631	-0.308616	1.45037	1.0
		0

		20T低平板车-1/侧面销-18
		侧面销.SLDPRT
		1.0	-3.2193E-5	3.01893E-10	0.0	-3.2193E-5	-1.0	1.87552E-5	0.0	-3.01893E-10	-1.87552E-5	-1.0	0.0	10.1631	-0.308615	-1.45037	1.0
		0

		20T低平板车-1/侧面销-17
		侧面销.SLDPRT
		1.0	-3.2193E-5	3.01893E-10	0.0	-3.2193E-5	-1.0	1.87552E-5	0.0	-3.01893E-10	-1.87552E-5	-1.0	0.0	9.36309	-0.308615	-1.45037	1.0
		0

		20T低平板车-1/侧面销-16
		侧面销.SLDPRT
		1.0	-3.2193E-5	3.01893E-10	0.0	-3.2193E-5	-1.0	1.87552E-5	0.0	-3.01893E-10	-1.87552E-5	-1.0	0.0	8.56309	-0.308615	-1.45037	1.0
		0

		20T低平板车-1/侧面销-21
		侧面销.SLDPRT
		1.0	-3.2193E-5	3.01893E-10	0.0	-3.2193E-5	-1.0	1.87552E-5	0.0	-3.01893E-10	-1.87552E-5	-1.0	0.0	12.5631	-0.308615	-1.45037	1.0
		0

		20T低平板车-1/侧面销-20
		侧面销.SLDPRT
		1.0	-3.2193E-5	3.01893E-10	0.0	-3.2193E-5	-1.0	1.87552E-5	0.0	-3.01893E-10	-1.87552E-5	-1.0	0.0	11.7631	-0.308615	-1.45037	1.0
		0

		20T低平板车-1/侧面销-19
		侧面销.SLDPRT
		1.0	-3.2193E-5	3.01893E-10	0.0	-3.2193E-5	-1.0	1.87552E-5	0.0	-3.01893E-10	-1.87552E-5	-1.0	0.0	10.9631	-0.308615	-1.45037	1.0
		0

		20T低平板车-1/侧面销-24
		侧面销.SLDPRT
		1.0	-3.2193E-5	3.01893E-10	0.0	-3.2193E-5	-1.0	1.87552E-5	0.0	-3.01893E-10	-1.87552E-5	-1.0	0.0	14.9631	-0.308615	-1.45037	1.0
		0

		20T低平板车-1/侧面销-23
		侧面销.SLDPRT
		1.0	-3.2193E-5	3.01893E-10	0.0	-3.2193E-5	-1.0	1.87552E-5	0.0	-3.01893E-10	-1.87552E-5	-1.0	0.0	14.1631	-0.308615	-1.45037	1.0
		0

		20T低平板车-1/侧面销-22
		侧面销.SLDPRT
		1.0	-3.2193E-5	3.01893E-10	0.0	-3.2193E-5	-1.0	1.87552E-5	0.0	-3.01893E-10	-1.87552E-5	-1.0	0.0	13.3631	-0.308615	-1.45037	1.0
		0

		20T低平板车-1/侧面销-26
		侧面销.SLDPRT
		1.0	-3.2193E-5	3.01893E-10	0.0	-3.2193E-5	-1.0	1.87552E-5	0.0	-3.01893E-10	-1.87552E-5	-1.0	0.0	16.5631	-0.308615	-1.45037	1.0
		0

		20T低平板车-1/侧面销-25
		侧面销.SLDPRT
		1.0	-3.2193E-5	3.01893E-10	0.0	-3.2193E-5	-1.0	1.87552E-5	0.0	-3.01893E-10	-1.87552E-5	-1.0	0.0	15.7631	-0.308615	-1.45037	1.0
		0

		20T低平板车-1/轮轴-1
		轮轴.SLDASM
		0.0	0.0	-1.0	0.0	0.0	1.0	0.0	0.0	1.0	0.0	0.0	0.0	3.02438	-0.693232	-1.00102	1.0
		3
			20T低平板车-1/轮轴-1/汽车轮胎-3
			汽车轮胎.SLDPRT
			1.0	0.0	0.0	0.0	0.0	1.0	0.0	0.0	0.0	0.0	1.0	0.0	0.0489793	-0.0599199	0.0	1.0
			0

			20T低平板车-1/轮轴-1/汽车车轴-1
			汽车车轴.SLDPRT
			1.0	0.0	0.0	0.0	0.0	0.856824	-0.515608	0.0	0.0	0.515608	0.856824	0.0	-2.05102	-0.0599199	0.0	1.0
			0

			20T低平板车-1/轮轴-1/汽车轮胎-2
			汽车轮胎.SLDPRT
			-1.0	0.0	0.0	0.0	0.0	0.381849	-0.924225	0.0	0.0	-0.924225	-0.381849	0.0	-2.05102	-0.0599199	0.0	1.0
			0


		20T低平板车-1/车头-1
		车头.SLDASM
		1.0	0.0	0.0	0.0	0.0	1.0	0.0	0.0	0.0	0.0	1.0	0.0	-0.535935	0.0831788	3.70498E-4	1.0
		2
			20T低平板车-1/车头-1/斯太尔车头-1
			斯太尔车头.SLDPRT
			1.0	0.0	0.0	0.0	0.0	1.0	0.0	0.0	0.0	0.0	1.0	0.0	-0.0802277	1.41341	-1.11022E-16	1.0
			0

			20T低平板车-1/车头-1/轮轴-1
			轮轴.SLDASM
			0.0	0.0	-1.0	0.0	0.0	1.0	0.0	0.0	1.0	0.0	0.0	0.0	0.242955	-0.644119	-1.00139	1.0
			3
				20T低平板车-1/车头-1/轮轴-1/汽车轮胎-3
				汽车轮胎.SLDPRT
				1.0	0.0	0.0	0.0	0.0	1.0	0.0	0.0	0.0	0.0	1.0	0.0	0.0489793	-0.0599199	0.0	1.0
				0

				20T低平板车-1/车头-1/轮轴-1/汽车车轴-1
				汽车车轴.SLDPRT
				1.0	0.0	0.0	0.0	0.0	0.856824	-0.515608	0.0	0.0	0.515608	0.856824	0.0	-2.05102	-0.0599199	0.0	1.0
				0

				20T低平板车-1/车头-1/轮轴-1/汽车轮胎-2
				汽车轮胎.SLDPRT
				-1.0	0.0	0.0	0.0	0.0	0.381849	-0.924225	0.0	0.0	-0.924225	-0.381849	0.0	-2.05102	-0.0599199	0.0	1.0
				0



		20T低平板车-1/轮轴-2
		轮轴.SLDASM
		0.0	0.0	-1.0	0.0	0.0	1.0	0.0	0.0	1.0	0.0	0.0	0.0	4.49424	-0.713544	-1.00102	1.0
		3
			20T低平板车-1/轮轴-2/汽车轮胎-3
			汽车轮胎.SLDPRT
			1.0	0.0	0.0	0.0	0.0	1.0	0.0	0.0	0.0	0.0	1.0	0.0	0.0489793	-0.0599199	0.0	1.0
			0

			20T低平板车-1/轮轴-2/汽车车轴-1
			汽车车轴.SLDPRT
			1.0	0.0	0.0	0.0	0.0	0.856824	-0.515608	0.0	0.0	0.515608	0.856824	0.0	-2.05102	-0.0599199	0.0	1.0
			0

			20T低平板车-1/轮轴-2/汽车轮胎-2
			汽车轮胎.SLDPRT
			-1.0	0.0	0.0	0.0	0.0	0.381849	-0.924225	0.0	0.0	-0.924225	-0.381849	0.0	-2.05102	-0.0599199	0.0	1.0
			0


		20T低平板车-1/平板-1
		平板.SLDPRT
		6.16298E-33	0.0	1.0	0.0	1.14424E-17	1.0	0.0	0.0	-1.0	1.14424E-17	6.16298E-33	0.0	3.77706	0.596703	-1.44963	1.0
		0

		20T低平板车-1/牵引-1
		牵引.SLDPRT
		0.0	0.0	1.0	0.0	1.11022E-16	1.0	0.0	0.0	-1.0	-1.11022E-16	0.0	0.0	2.83319	-0.173297	-0.74963	1.0
		0

		20T低平板车-1/侧面销-2
		侧面销.SLDPRT
		1.0	0.0	0.0	0.0	0.0	1.0	0.0	0.0	0.0	0.0	1.0	0.0	7.76309	-0.308616	1.45037	1.0
		0

		20T低平板车-1/侧面销-1
		侧面销.SLDPRT
		1.0	0.0	0.0	0.0	0.0	1.0	0.0	0.0	0.0	0.0	1.0	0.0	6.96309	-0.308616	1.45037	1.0
		0

		20T低平板车-1/轮轴-4
		轮轴.SLDASM
		0.0	0.0	-1.0	0.0	0.0	1.0	0.0	0.0	1.0	0.0	0.0	0.0	15.1131	-0.825192	-1.00102	1.0
		3
			20T低平板车-1/轮轴-4/汽车轮胎-3
			汽车轮胎.SLDPRT
			1.0	0.0	0.0	0.0	0.0	1.0	0.0	0.0	0.0	0.0	1.0	0.0	0.0489793	-0.0599199	0.0	1.0
			0

			20T低平板车-1/轮轴-4/汽车车轴-1
			汽车车轴.SLDPRT
			1.0	0.0	0.0	0.0	0.0	0.856824	-0.515608	0.0	0.0	0.515608	0.856824	0.0	-2.05102	-0.0599199	0.0	1.0
			0

			20T低平板车-1/轮轴-4/汽车轮胎-2
			汽车轮胎.SLDPRT
			-1.0	0.0	0.0	0.0	0.0	0.381849	-0.924225	0.0	0.0	-0.924225	-0.381849	0.0	-2.05102	-0.0599199	0.0	1.0
			0


		20T低平板车-1/轮轴-3
		轮轴.SLDASM
		0.0	0.0	1.0	0.0	0.0	1.0	0.0	0.0	-1.0	0.0	0.0	0.0	13.5511	-0.841519	1.00102	1.0
		3
			20T低平板车-1/轮轴-3/汽车轮胎-3
			汽车轮胎.SLDPRT
			1.0	0.0	0.0	0.0	0.0	1.0	0.0	0.0	0.0	0.0	1.0	0.0	0.0489793	-0.0599199	0.0	1.0
			0

			20T低平板车-1/轮轴-3/汽车车轴-1
			汽车车轴.SLDPRT
			1.0	0.0	0.0	0.0	0.0	0.856824	-0.515608	0.0	0.0	0.515608	0.856824	0.0	-2.05102	-0.0599199	0.0	1.0
			0

			20T低平板车-1/轮轴-3/汽车轮胎-2
			汽车轮胎.SLDPRT
			-1.0	0.0	0.0	0.0	0.0	0.381849	-0.924225	0.0	0.0	-0.924225	-0.381849	0.0	-2.05102	-0.0599199	0.0	1.0
			0


		20T低平板车-1/侧面销-4
		侧面销.SLDPRT
		1.0	0.0	0.0	0.0	0.0	1.0	0.0	0.0	0.0	0.0	1.0	0.0	9.36309	-0.308616	1.45037	1.0
		0

		20T低平板车-1/侧面销-3
		侧面销.SLDPRT
		1.0	0.0	0.0	0.0	0.0	1.0	0.0	0.0	0.0	0.0	1.0	0.0	8.56309	-0.308616	1.45037	1.0
		0

		20T低平板车-1/侧面销-7
		侧面销.SLDPRT
		1.0	0.0	0.0	0.0	0.0	1.0	0.0	0.0	0.0	0.0	1.0	0.0	11.7631	-0.308616	1.45037	1.0
		0

		20T低平板车-1/侧面销-6
		侧面销.SLDPRT
		1.0	0.0	0.0	0.0	0.0	1.0	0.0	0.0	0.0	0.0	1.0	0.0	10.9631	-0.308616	1.45037	1.0
		0

		20T低平板车-1/侧面销-5
		侧面销.SLDPRT
		1.0	0.0	0.0	0.0	0.0	1.0	0.0	0.0	0.0	0.0	1.0	0.0	10.1631	-0.308616	1.45037	1.0
		0


	绳9-3
	绳9.SLDPRT
	0.916615	0.149445	-0.370788	0.0	-0.234832	-0.549331	-0.801928	0.0	-0.323529	0.822132	-0.468431	0.0	-3.08636	0.0518944	-1.52174	1.0
	0

	绳9-2
	绳9.SLDPRT
	0.783195	0.597738	-0.171215	0.0	0.245092	-0.549854	-0.798492	0.0	-0.571433	0.583412	-0.577144	0.0	6.53441	0.0747805	-1.51953	1.0
	0

	绳9-1
	绳9.SLDPRT
	0.971385	0.15824	-0.177122	0.0	0.235723	-0.550936	0.800565	0.0	0.0290982	-0.819408	-0.572472	0.0	6.51084	0.0539257	1.5153	1.0
	0

	钢轨-1
	钢轨.SLDPRT
	1.0	0.0	0.0	0.0	0.0	1.0	0.0	0.0	0.0	0.0	1.0	0.0	-2.34769	1.9486	-0.764629	1.0
	0

	标准梁节-3
	标准梁节.SLDPRT
	1.0	0.0	0.0	0.0	0.0	1.0	0.0	0.0	0.0	0.0	1.0	0.0	-2.34769	0.294605	0.970371	1.0
	0

	钢轨-2
	钢轨.SLDPRT
	1.0	0.0	0.0	0.0	0.0	1.0	0.0	0.0	0.0	0.0	1.0	0.0	-2.34769	1.9486	0.740371	1.0
	0


