

/*	1:名称	*/	上承式41.0M梁_低鱼腹式
/*	1:类型	*/	上承式梁\低鱼腹式\上承式41.0M梁_低鱼腹式.SLDASM
/*	1:位置	*/	1    0    0    0    0    1    0    0    0    0    1    0    0    0    0    1    
/*	1:子节点数	*/	3

        /*	2:名称	*/	40M~41M上承式中部-1
        /*	2:类型	*/	上承式梁\公共组件\上承式中部\40M~41M上承式中部.SLDASM
        /*	2:位置	*/	-1    -5.05151e-015    1.8993e-017    0    -5.05151e-015    1    2.15039e-014    0    -1.8993e-017    2.15039e-014    -1    0    -0.502256    2.43488    -6.115    1    
        /*	2:子节点数	*/	3

                /*	3:名称	*/	40M~41M上承式中部-1/上承式单元(5a',6c,5a',6b,{6b,1g,20e})-1
                /*	3:类型	*/	上承式梁\公共组件\上承式中部\上承式单元\上承式单元(5a',6c,5a',6b,{6b,1g,20e}).SLDASM
                /*	3:位置	*/	1    -3.80438e-031    0    0    -3.80438e-031    1    -3.15544e-030    0    0    0    1    0    0.427183    0.228303    -0.105    1    
                /*	3:子节点数	*/	6

                        /*	4:名称	*/	40M~41M上承式中部-1/上承式单元(5a',6c,5a',6b,{6b,1g,20e})-1/L2(配6b)-1
                        /*	4:类型	*/	上承式梁\公共组件\上承式中部\上承式单元\带螺栓零件\L2(配6b).SLDASM
                        /*	4:位置	*/	-1.12539e-015    2.83051e-013    1    0    -2.0151e-016    1    -2.83051e-013    0    -1    -2.0151e-016    -1.12539e-015    0    -2.18944    -2.35296    2.05486    1    
                        /*	4:子节点数	*/	13

                                /*	5:名称	*/	40M~41M上承式中部-1/上承式单元(5a',6c,5a',6b,{6b,1g,20e})-1/L2(配6b)-1/LS1_1号螺栓-1
                                /*	5:类型	*/	零件\LS1_1号螺栓.SLDPRT
                                /*	5:位置	*/	0.997812    -0.066117    0    0    0.066117    0.997812    2.83497e-031    0    0    1.14148e-031    1    0    -0.214864    -0.0402241    1.209    1    
                                /*	5:子节点数	*/	0

                                /*	5:名称	*/	40M~41M上承式中部-1/上承式单元(5a',6c,5a',6b,{6b,1g,20e})-1/L2(配6b)-1/LS1_1号螺栓-2
                                /*	5:类型	*/	零件\LS1_1号螺栓.SLDPRT
                                /*	5:位置	*/	0.997812    -0.066117    0    0    0.066117    0.997812    2.83497e-031    0    0    1.14148e-031    1    0    -0.114864    -0.0402241    1.209    1    
                                /*	5:子节点数	*/	0

                                /*	5:名称	*/	40M~41M上承式中部-1/上承式单元(5a',6c,5a',6b,{6b,1g,20e})-1/L2(配6b)-1/LS1_1号螺栓-3
                                /*	5:类型	*/	零件\LS1_1号螺栓.SLDPRT
                                /*	5:位置	*/	0.997812    -0.066117    0    0    0.066117    0.997812    2.83497e-031    0    0    1.14148e-031    1    0    0.00513641    -0.0402241    1.209    1    
                                /*	5:子节点数	*/	0

                                /*	5:名称	*/	40M~41M上承式中部-1/上承式单元(5a',6c,5a',6b,{6b,1g,20e})-1/L2(配6b)-1/LS1_1号螺栓-4
                                /*	5:类型	*/	零件\LS1_1号螺栓.SLDPRT
                                /*	5:位置	*/	0.997812    -0.066117    0    0    0.066117    0.997812    2.83497e-031    0    0    1.14148e-031    1    0    0.105136    -0.0402241    1.209    1    
                                /*	5:子节点数	*/	0

                                /*	5:名称	*/	40M~41M上承式中部-1/上承式单元(5a',6c,5a',6b,{6b,1g,20e})-1/L2(配6b)-1/LS1_1号螺栓-5
                                /*	5:类型	*/	零件\LS1_1号螺栓.SLDPRT
                                /*	5:位置	*/	0.997812    0.066117    0    0    0.066117    -0.997812    -7.14905e-031    0    3.9443e-031    -9.03009e-031    -1    0    -0.214864    -0.0402241    -1.209    1    
                                /*	5:子节点数	*/	0

                                /*	5:名称	*/	40M~41M上承式中部-1/上承式单元(5a',6c,5a',6b,{6b,1g,20e})-1/L2(配6b)-1/LS1_1号螺栓-6
                                /*	5:类型	*/	零件\LS1_1号螺栓.SLDPRT
                                /*	5:位置	*/	0.997812    0.066117    0    0    0.066117    -0.997812    -7.14905e-031    0    3.9443e-031    -9.03009e-031    -1    0    -0.114864    -0.0402241    -1.209    1    
                                /*	5:子节点数	*/	0

                                /*	5:名称	*/	40M~41M上承式中部-1/上承式单元(5a',6c,5a',6b,{6b,1g,20e})-1/L2(配6b)-1/LS1_1号螺栓-7
                                /*	5:类型	*/	零件\LS1_1号螺栓.SLDPRT
                                /*	5:位置	*/	0.997812    0.066117    0    0    0.066117    -0.997812    -7.14905e-031    0    3.9443e-031    -9.03009e-031    -1    0    0.00513641    -0.0402241    -1.209    1    
                                /*	5:子节点数	*/	0

                                /*	5:名称	*/	40M~41M上承式中部-1/上承式单元(5a',6c,5a',6b,{6b,1g,20e})-1/L2(配6b)-1/LS1_1号螺栓-8
                                /*	5:类型	*/	零件\LS1_1号螺栓.SLDPRT
                                /*	5:位置	*/	0.997812    0.066117    0    0    0.066117    -0.997812    -7.14905e-031    0    3.9443e-031    -9.03009e-031    -1    0    0.105136    -0.0402241    -1.209    1    
                                /*	5:子节点数	*/	0

                                /*	5:名称	*/	40M~41M上承式中部-1/上承式单元(5a',6c,5a',6b,{6b,1g,20e})-1/L2(配6b)-1/LS2_2号螺栓-1
                                /*	5:类型	*/	零件\LS2_2号螺栓.SLDPRT
                                /*	5:位置	*/	0.997812    -0.066117    0    0    0.066117    0.997812    2.83497e-031    0    0    1.14148e-031    1    0    -0.149864    0.0947759    1.209    1    
                                /*	5:子节点数	*/	0

                                /*	5:名称	*/	40M~41M上承式中部-1/上承式单元(5a',6c,5a',6b,{6b,1g,20e})-1/L2(配6b)-1/LS2_2号螺栓-2
                                /*	5:类型	*/	零件\LS2_2号螺栓.SLDPRT
                                /*	5:位置	*/	0.997812    -0.066117    0    0    0.066117    0.997812    2.83497e-031    0    0    1.14148e-031    1    0    0.0401364    0.0947759    1.209    1    
                                /*	5:子节点数	*/	0

                                /*	5:名称	*/	40M~41M上承式中部-1/上承式单元(5a',6c,5a',6b,{6b,1g,20e})-1/L2(配6b)-1/LS2_2号螺栓-3
                                /*	5:类型	*/	零件\LS2_2号螺栓.SLDPRT
                                /*	5:位置	*/	0.997812    0.066117    0    0    0.066117    -0.997812    -7.14905e-031    0    3.9443e-031    -9.03009e-031    -1    0    -0.149864    0.0947759    -1.209    1    
                                /*	5:子节点数	*/	0

                                /*	5:名称	*/	40M~41M上承式中部-1/上承式单元(5a',6c,5a',6b,{6b,1g,20e})-1/L2(配6b)-1/LS2_2号螺栓-4
                                /*	5:类型	*/	零件\LS2_2号螺栓.SLDPRT
                                /*	5:位置	*/	0.997812    0.066117    0    0    0.066117    -0.997812    -7.14905e-031    0    3.9443e-031    -9.03009e-031    -1    0    0.0401364    0.0947759    -1.209    1    
                                /*	5:子节点数	*/	0

                                /*	5:名称	*/	40M~41M上承式中部-1/上承式单元(5a',6c,5a',6b,{6b,1g,20e})-1/L2(配6b)-1/l2_直撑-1
                                /*	5:类型	*/	零件\l2_直撑.SLDPRT
                                /*	5:位置	*/	1    0    0    0    0    1    1.14148e-031    0    0    1.14148e-031    1    0    -0.0548636    -0.135224    0    1    
                                /*	5:子节点数	*/	0

                        /*	4:名称	*/	40M~41M上承式中部-1/上承式单元(5a',6c,5a',6b,{6b,1g,20e})-1/上承式(5a',6c,5a',6b,{6b,1g,20e})(右单片)-1
                        /*	4:类型	*/	上承式梁\公共组件\上承式中部\上承式单元\上承式单元(5a',6c,5a',6b,{6b,1g,20e})\上承式(5a',6c,5a',6b,{6b,1g,20e})(右单片).SLDASM
                        /*	4:位置	*/	-1    -5.05151e-015    -1.8993e-017    0    -5.05151e-015    1    2.15039e-014    0    1.8993e-017    2.15039e-014    -1    0    -3.75941    1.83448    -6    1    
                        /*	4:子节点数	*/	12

                                /*	5:名称	*/	40M~41M上承式中部-1/上承式单元(5a',6c,5a',6b,{6b,1g,20e})-1/上承式(5a',6c,5a',6b,{6b,1g,20e})(右单片)-1/6b(内B1)-2
                                /*	5:类型	*/	上承式梁\公共组件\上承式中部\上承式单元\带螺栓零件\6b(内B1).SLDASM
                                /*	5:位置	*/	1    4.66308e-017    6.37859e-016    0    6.37859e-016    6.63358e-015    -1    0    -4.66308e-017    1    6.63358e-015    0    -0.0764836    -2.15266    -3.98681    1    
                                /*	5:子节点数	*/	21

                                        /*	6:名称	*/	40M~41M上承式中部-1/上承式单元(5a',6c,5a',6b,{6b,1g,20e})-1/上承式(5a',6c,5a',6b,{6b,1g,20e})(右单片)-1/6b(内B1)-2/B1_节点板-11
                                        /*	6:类型	*/	零件\B1_节点板.SLDPRT
                                        /*	6:位置	*/	8.99755e-017    -1    4.53302e-015    0    -5.173e-016    -4.53302e-015    -1    0    1    8.99755e-017    -5.173e-016    0    -0.24949    4.40151    -1.925    1    
                                        /*	6:子节点数	*/	0

                                        /*	6:名称	*/	40M~41M上承式中部-1/上承式单元(5a',6c,5a',6b,{6b,1g,20e})-1/上承式(5a',6c,5a',6b,{6b,1g,20e})(右单片)-1/6b(内B1)-2/LS2_2号螺栓-18
                                        /*	6:类型	*/	零件\LS2_2号螺栓.SLDPRT
                                        /*	6:位置	*/	-5.18656e-016    0.322743    -0.946487    0    8.17941e-017    0.946487    0.322743    0    1    8.99755e-017    -5.173e-016    0    -0.26849    3.66594    -1.9039    1    
                                        /*	6:子节点数	*/	0

                                        /*	6:名称	*/	40M~41M上承式中部-1/上承式单元(5a',6c,5a',6b,{6b,1g,20e})-1/上承式(5a',6c,5a',6b,{6b,1g,20e})(右单片)-1/6b(内B1)-2/LS2_2号螺栓-19
                                        /*	6:类型	*/	零件\LS2_2号螺栓.SLDPRT
                                        /*	6:位置	*/	-5.10219e-016    -0.066117    -0.997812    0    -1.23981e-016    0.997812    -0.066117    0    1    8.99755e-017    -5.173e-016    0    -0.26849    3.77624    -1.80225    1    
                                        /*	6:子节点数	*/	0

                                        /*	6:名称	*/	40M~41M上承式中部-1/上承式单元(5a',6c,5a',6b,{6b,1g,20e})-1/上承式(5a',6c,5a',6b,{6b,1g,20e})(右单片)-1/6b(内B1)-2/LS2_2号螺栓-20
                                        /*	6:类型	*/	零件\LS2_2号螺栓.SLDPRT
                                        /*	6:位置	*/	-3.79872e-016    -0.556165    -0.831072    0    -3.6248e-016    0.831072    -0.556165    0    1    8.99755e-017    -5.173e-016    0    -0.26849    3.69491    -1.71401    1    
                                        /*	6:子节点数	*/	0

                                        /*	6:名称	*/	40M~41M上承式中部-1/上承式单元(5a',6c,5a',6b,{6b,1g,20e})-1/上承式(5a',6c,5a',6b,{6b,1g,20e})(右单片)-1/6b(内B1)-2/LS2_2号螺栓-21
                                        /*	6:类型	*/	零件\LS2_2号螺栓.SLDPRT
                                        /*	6:位置	*/	-5.10219e-016    -0.066117    -0.997812    0    -1.23981e-016    0.997812    -0.066117    0    1    8.99755e-017    -5.173e-016    0    -0.26849    3.58462    -1.81567    1    
                                        /*	6:子节点数	*/	0

                                        /*	6:名称	*/	40M~41M上承式中部-1/上承式单元(5a',6c,5a',6b,{6b,1g,20e})-1/上承式(5a',6c,5a',6b,{6b,1g,20e})(右单片)-1/6b(内B1)-2/LS2_2号螺栓-23
                                        /*	6:类型	*/	零件\LS2_2号螺栓.SLDPRT
                                        /*	6:位置	*/	-5.10219e-016    -0.066117    -0.997812    0    -1.23981e-016    0.997812    -0.066117    0    1    8.99755e-017    -5.173e-016    0    -0.26849    4.25013    -1.80225    1    
                                        /*	6:子节点数	*/	0

                                        /*	6:名称	*/	40M~41M上承式中部-1/上承式单元(5a',6c,5a',6b,{6b,1g,20e})-1/上承式(5a',6c,5a',6b,{6b,1g,20e})(右单片)-1/6b(内B1)-2/LS2_2号螺栓-24
                                        /*	6:类型	*/	零件\LS2_2号螺栓.SLDPRT
                                        /*	6:位置	*/	-5.10219e-016    -0.066117    -0.997812    0    -1.23981e-016    0.997812    -0.066117    0    1    8.99755e-017    -5.173e-016    0    -0.26849    4.36043    -1.9039    1    
                                        /*	6:子节点数	*/	0

                                        /*	6:名称	*/	40M~41M上承式中部-1/上承式单元(5a',6c,5a',6b,{6b,1g,20e})-1/上承式(5a',6c,5a',6b,{6b,1g,20e})(右单片)-1/6b(内B1)-2/LS2_2号螺栓-25
                                        /*	6:类型	*/	零件\LS2_2号螺栓.SLDPRT
                                        /*	6:位置	*/	-5.10219e-016    -0.066117    -0.997812    0    -1.23981e-016    0.997812    -0.066117    0    1    8.99755e-017    -5.173e-016    0    -0.26849    4.33146    -1.71401    1    
                                        /*	6:子节点数	*/	0

                                        /*	6:名称	*/	40M~41M上承式中部-1/上承式单元(5a',6c,5a',6b,{6b,1g,20e})-1/上承式(5a',6c,5a',6b,{6b,1g,20e})(右单片)-1/6b(内B1)-2/LS2_2号螺栓-26
                                        /*	6:类型	*/	零件\LS2_2号螺栓.SLDPRT
                                        /*	6:位置	*/	-5.10219e-016    -0.066117    -0.997812    0    -1.23981e-016    0.997812    -0.066117    0    1    8.99755e-017    -5.173e-016    0    -0.26849    4.44176    -1.81567    1    
                                        /*	6:子节点数	*/	0

                                        /*	6:名称	*/	40M~41M上承式中部-1/上承式单元(5a',6c,5a',6b,{6b,1g,20e})-1/上承式(5a',6c,5a',6b,{6b,1g,20e})(右单片)-1/6b(内B1)-2/LS2_2号螺栓-27
                                        /*	6:类型	*/	零件\LS2_2号螺栓.SLDPRT
                                        /*	6:位置	*/	-3.79872e-016    -0.556165    -0.831072    0    -3.6248e-016    0.831072    -0.556165    0    1    8.99755e-017    -5.173e-016    0    -0.26849    4.27319    -2.265    1    
                                        /*	6:子节点数	*/	0

                                        /*	6:名称	*/	40M~41M上承式中部-1/上承式单元(5a',6c,5a',6b,{6b,1g,20e})-1/上承式(5a',6c,5a',6b,{6b,1g,20e})(右单片)-1/6b(内B1)-2/LS2_2号螺栓-28
                                        /*	6:类型	*/	零件\LS2_2号螺栓.SLDPRT
                                        /*	6:位置	*/	-3.79872e-016    -0.556165    -0.831072    0    -3.6248e-016    0.831072    -0.556165    0    1    8.99755e-017    -5.173e-016    0    -0.26849    4.27319    -2.075    1    
                                        /*	6:子节点数	*/	0

                                        /*	6:名称	*/	40M~41M上承式中部-1/上承式单元(5a',6c,5a',6b,{6b,1g,20e})-1/上承式(5a',6c,5a',6b,{6b,1g,20e})(右单片)-1/6b(内B1)-2/LS2_2号螺栓-29
                                        /*	6:类型	*/	零件\LS2_2号螺栓.SLDPRT
                                        /*	6:位置	*/	-3.79872e-016    -0.556165    -0.831072    0    -3.6248e-016    0.831072    -0.556165    0    1    8.99755e-017    -5.173e-016    0    -0.26849    4.17319    -2.265    1    
                                        /*	6:子节点数	*/	0

                                        /*	6:名称	*/	40M~41M上承式中部-1/上承式单元(5a',6c,5a',6b,{6b,1g,20e})-1/上承式(5a',6c,5a',6b,{6b,1g,20e})(右单片)-1/6b(内B1)-2/LS2_2号螺栓-30
                                        /*	6:类型	*/	零件\LS2_2号螺栓.SLDPRT
                                        /*	6:位置	*/	-3.79872e-016    -0.556165    -0.831072    0    -3.6248e-016    0.831072    -0.556165    0    1    8.99755e-017    -5.173e-016    0    -0.26849    4.07319    -2.265    1    
                                        /*	6:子节点数	*/	0

                                        /*	6:名称	*/	40M~41M上承式中部-1/上承式单元(5a',6c,5a',6b,{6b,1g,20e})-1/上承式(5a',6c,5a',6b,{6b,1g,20e})(右单片)-1/6b(内B1)-2/LS2_2号螺栓-31
                                        /*	6:类型	*/	零件\LS2_2号螺栓.SLDPRT
                                        /*	6:位置	*/	-4.34974e-017    0.997812    -0.066117    0    -2.34944e-016    0.066117    0.997812    0    1    5.8936e-017    2.31554e-016    0    -0.26849    3.75319    -2.265    1    
                                        /*	6:子节点数	*/	0

                                        /*	6:名称	*/	40M~41M上承式中部-1/上承式单元(5a',6c,5a',6b,{6b,1g,20e})-1/上承式(5a',6c,5a',6b,{6b,1g,20e})(右单片)-1/6b(内B1)-2/LS2_2号螺栓-32
                                        /*	6:类型	*/	零件\LS2_2号螺栓.SLDPRT
                                        /*	6:位置	*/	-4.34974e-017    0.997812    -0.066117    0    -2.34944e-016    0.066117    0.997812    0    1    5.8936e-017    2.31554e-016    0    -0.26849    3.85319    -2.265    1    
                                        /*	6:子节点数	*/	0

                                        /*	6:名称	*/	40M~41M上承式中部-1/上承式单元(5a',6c,5a',6b,{6b,1g,20e})-1/上承式(5a',6c,5a',6b,{6b,1g,20e})(右单片)-1/6b(内B1)-2/LS2_2号螺栓-33
                                        /*	6:类型	*/	零件\LS2_2号螺栓.SLDPRT
                                        /*	6:位置	*/	-4.34974e-017    0.997812    -0.066117    0    -2.34944e-016    0.066117    0.997812    0    1    5.8936e-017    2.31554e-016    0    -0.26849    3.95319    -2.265    1    
                                        /*	6:子节点数	*/	0

                                        /*	6:名称	*/	40M~41M上承式中部-1/上承式单元(5a',6c,5a',6b,{6b,1g,20e})-1/上承式(5a',6c,5a',6b,{6b,1g,20e})(右单片)-1/6b(内B1)-2/LS2_2号螺栓-34
                                        /*	6:类型	*/	零件\LS2_2号螺栓.SLDPRT
                                        /*	6:位置	*/	-4.34974e-017    0.997812    -0.066117    0    -2.34944e-016    0.066117    0.997812    0    1    5.8936e-017    2.31554e-016    0    -0.26849    3.75319    -2.075    1    
                                        /*	6:子节点数	*/	0

                                        /*	6:名称	*/	40M~41M上承式中部-1/上承式单元(5a',6c,5a',6b,{6b,1g,20e})-1/上承式(5a',6c,5a',6b,{6b,1g,20e})(右单片)-1/6b(内B1)-2/LS3_3号螺栓-41
                                        /*	6:类型	*/	零件\LS3_3号螺栓.SLDPRT
                                        /*	6:位置	*/	-5.10219e-016    -0.066117    -0.997812    0    -1.23981e-016    0.997812    -0.066117    0    1    8.99755e-017    -5.173e-016    0    -0.26849    3.91819    -1.84    1    
                                        /*	6:子节点数	*/	0

                                        /*	6:名称	*/	40M~41M上承式中部-1/上承式单元(5a',6c,5a',6b,{6b,1g,20e})-1/上承式(5a',6c,5a',6b,{6b,1g,20e})(右单片)-1/6b(内B1)-2/LS3_3号螺栓-42
                                        /*	6:类型	*/	零件\LS3_3号螺栓.SLDPRT
                                        /*	6:位置	*/	-5.10219e-016    -0.066117    -0.997812    0    -1.23981e-016    0.997812    -0.066117    0    1    8.99755e-017    -5.173e-016    0    -0.26849    3.91819    -1.74    1    
                                        /*	6:子节点数	*/	0

                                        /*	6:名称	*/	40M~41M上承式中部-1/上承式单元(5a',6c,5a',6b,{6b,1g,20e})-1/上承式(5a',6c,5a',6b,{6b,1g,20e})(右单片)-1/6b(内B1)-2/LS3_3号螺栓-43
                                        /*	6:类型	*/	零件\LS3_3号螺栓.SLDPRT
                                        /*	6:位置	*/	-5.10219e-016    -0.066117    -0.997812    0    -1.23981e-016    0.997812    -0.066117    0    1    8.99755e-017    -5.173e-016    0    -0.26849    4.10819    -1.84    1    
                                        /*	6:子节点数	*/	0

                                        /*	6:名称	*/	40M~41M上承式中部-1/上承式单元(5a',6c,5a',6b,{6b,1g,20e})-1/上承式(5a',6c,5a',6b,{6b,1g,20e})(右单片)-1/6b(内B1)-2/LS3_3号螺栓-44
                                        /*	6:类型	*/	零件\LS3_3号螺栓.SLDPRT
                                        /*	6:位置	*/	-5.10219e-016    -0.066117    -0.997812    0    -1.23981e-016    0.997812    -0.066117    0    1    8.99755e-017    -5.173e-016    0    -0.26849    4.10819    -1.74    1    
                                        /*	6:子节点数	*/	0

                                /*	5:名称	*/	40M~41M上承式中部-1/上承式单元(5a',6c,5a',6b,{6b,1g,20e})-1/上承式(5a',6c,5a',6b,{6b,1g,20e})(右单片)-1/6b(外B1)-1
                                /*	5:类型	*/	上承式梁\公共组件\上承式中部\上承式单元\带螺栓零件\6b(外B1).SLDASM
                                /*	5:位置	*/	-1    -3.75206e-016    -1.09513e-015    0    -1.09513e-015    2.94209e-015    1    0    -3.75206e-016    1    -2.94209e-015    0    -0.163463    -2.15266    -12.0132    1    
                                /*	5:子节点数	*/	27

                                        /*	6:名称	*/	40M~41M上承式中部-1/上承式单元(5a',6c,5a',6b,{6b,1g,20e})-1/上承式(5a',6c,5a',6b,{6b,1g,20e})(右单片)-1/6b(外B1)-1/B1_节点板-11
                                        /*	6:类型	*/	零件\B1_节点板.SLDPRT
                                        /*	6:位置	*/	8.99755e-017    -1    4.53302e-015    0    -5.173e-016    -4.36648e-015    -1    0    1    8.99755e-017    -5.173e-016    0    -0.24949    4.40151    -1.925    1    
                                        /*	6:子节点数	*/	0

                                        /*	6:名称	*/	40M~41M上承式中部-1/上承式单元(5a',6c,5a',6b,{6b,1g,20e})-1/上承式(5a',6c,5a',6b,{6b,1g,20e})(右单片)-1/6b(外B1)-1/LS2_2号螺栓-18
                                        /*	6:类型	*/	零件\LS2_2号螺栓.SLDPRT
                                        /*	6:位置	*/	-5.18656e-016    0.322743    -0.946487    0    8.17941e-017    0.946487    0.322743    0    1    8.99755e-017    -5.173e-016    0    -0.26849    3.66594    -1.9039    1    
                                        /*	6:子节点数	*/	0

                                        /*	6:名称	*/	40M~41M上承式中部-1/上承式单元(5a',6c,5a',6b,{6b,1g,20e})-1/上承式(5a',6c,5a',6b,{6b,1g,20e})(右单片)-1/6b(外B1)-1/LS2_2号螺栓-19
                                        /*	6:类型	*/	零件\LS2_2号螺栓.SLDPRT
                                        /*	6:位置	*/	-5.10219e-016    -0.066117    -0.997812    0    -1.23981e-016    0.997812    -0.066117    0    1    8.99755e-017    -5.173e-016    0    -0.26849    3.77624    -1.80225    1    
                                        /*	6:子节点数	*/	0

                                        /*	6:名称	*/	40M~41M上承式中部-1/上承式单元(5a',6c,5a',6b,{6b,1g,20e})-1/上承式(5a',6c,5a',6b,{6b,1g,20e})(右单片)-1/6b(外B1)-1/LS2_2号螺栓-20
                                        /*	6:类型	*/	零件\LS2_2号螺栓.SLDPRT
                                        /*	6:位置	*/	-3.79872e-016    -0.556165    -0.831072    0    -3.6248e-016    0.831072    -0.556165    0    1    8.99755e-017    -5.173e-016    0    -0.26849    3.69491    -1.71401    1    
                                        /*	6:子节点数	*/	0

                                        /*	6:名称	*/	40M~41M上承式中部-1/上承式单元(5a',6c,5a',6b,{6b,1g,20e})-1/上承式(5a',6c,5a',6b,{6b,1g,20e})(右单片)-1/6b(外B1)-1/LS2_2号螺栓-21
                                        /*	6:类型	*/	零件\LS2_2号螺栓.SLDPRT
                                        /*	6:位置	*/	-5.10219e-016    -0.066117    -0.997812    0    -1.23981e-016    0.997812    -0.066117    0    1    8.99755e-017    -5.173e-016    0    -0.26849    3.58462    -1.81567    1    
                                        /*	6:子节点数	*/	0

                                        /*	6:名称	*/	40M~41M上承式中部-1/上承式单元(5a',6c,5a',6b,{6b,1g,20e})-1/上承式(5a',6c,5a',6b,{6b,1g,20e})(右单片)-1/6b(外B1)-1/LS2_2号螺栓-23
                                        /*	6:类型	*/	零件\LS2_2号螺栓.SLDPRT
                                        /*	6:位置	*/	-5.10219e-016    -0.066117    -0.997812    0    -1.23981e-016    0.997812    -0.066117    0    1    8.99755e-017    -5.173e-016    0    -0.26849    4.25013    -1.80225    1    
                                        /*	6:子节点数	*/	0

                                        /*	6:名称	*/	40M~41M上承式中部-1/上承式单元(5a',6c,5a',6b,{6b,1g,20e})-1/上承式(5a',6c,5a',6b,{6b,1g,20e})(右单片)-1/6b(外B1)-1/LS2_2号螺栓-24
                                        /*	6:类型	*/	零件\LS2_2号螺栓.SLDPRT
                                        /*	6:位置	*/	-5.10219e-016    -0.066117    -0.997812    0    -1.23981e-016    0.997812    -0.066117    0    1    8.99755e-017    -5.173e-016    0    -0.26849    4.36043    -1.9039    1    
                                        /*	6:子节点数	*/	0

                                        /*	6:名称	*/	40M~41M上承式中部-1/上承式单元(5a',6c,5a',6b,{6b,1g,20e})-1/上承式(5a',6c,5a',6b,{6b,1g,20e})(右单片)-1/6b(外B1)-1/LS2_2号螺栓-25
                                        /*	6:类型	*/	零件\LS2_2号螺栓.SLDPRT
                                        /*	6:位置	*/	-5.10219e-016    -0.066117    -0.997812    0    -1.23981e-016    0.997812    -0.066117    0    1    8.99755e-017    -5.173e-016    0    -0.26849    4.33146    -1.71401    1    
                                        /*	6:子节点数	*/	0

                                        /*	6:名称	*/	40M~41M上承式中部-1/上承式单元(5a',6c,5a',6b,{6b,1g,20e})-1/上承式(5a',6c,5a',6b,{6b,1g,20e})(右单片)-1/6b(外B1)-1/LS2_2号螺栓-26
                                        /*	6:类型	*/	零件\LS2_2号螺栓.SLDPRT
                                        /*	6:位置	*/	-5.10219e-016    -0.066117    -0.997812    0    -1.23981e-016    0.997812    -0.066117    0    1    8.99755e-017    -5.173e-016    0    -0.26849    4.44176    -1.81567    1    
                                        /*	6:子节点数	*/	0

                                        /*	6:名称	*/	40M~41M上承式中部-1/上承式单元(5a',6c,5a',6b,{6b,1g,20e})-1/上承式(5a',6c,5a',6b,{6b,1g,20e})(右单片)-1/6b(外B1)-1/LS2_2号螺栓-27
                                        /*	6:类型	*/	零件\LS2_2号螺栓.SLDPRT
                                        /*	6:位置	*/	-4.34974e-017    0.997812    -0.066117    0    -2.34944e-016    0.066117    0.997812    0    1    5.8936e-017    2.31554e-016    0    -0.26849    3.75319    -2.265    1    
                                        /*	6:子节点数	*/	0

                                        /*	6:名称	*/	40M~41M上承式中部-1/上承式单元(5a',6c,5a',6b,{6b,1g,20e})-1/上承式(5a',6c,5a',6b,{6b,1g,20e})(右单片)-1/6b(外B1)-1/LS2_2号螺栓-28
                                        /*	6:类型	*/	零件\LS2_2号螺栓.SLDPRT
                                        /*	6:位置	*/	-4.34974e-017    0.997812    -0.066117    0    -2.34944e-016    0.066117    0.997812    0    1    5.8936e-017    2.31554e-016    0    -0.26849    3.85319    -2.265    1    
                                        /*	6:子节点数	*/	0

                                        /*	6:名称	*/	40M~41M上承式中部-1/上承式单元(5a',6c,5a',6b,{6b,1g,20e})-1/上承式(5a',6c,5a',6b,{6b,1g,20e})(右单片)-1/6b(外B1)-1/LS2_2号螺栓-29
                                        /*	6:类型	*/	零件\LS2_2号螺栓.SLDPRT
                                        /*	6:位置	*/	-4.34974e-017    0.997812    -0.066117    0    -2.34944e-016    0.066117    0.997812    0    1    5.8936e-017    2.31554e-016    0    -0.26849    3.95319    -2.265    1    
                                        /*	6:子节点数	*/	0

                                        /*	6:名称	*/	40M~41M上承式中部-1/上承式单元(5a',6c,5a',6b,{6b,1g,20e})-1/上承式(5a',6c,5a',6b,{6b,1g,20e})(右单片)-1/6b(外B1)-1/LS2_2号螺栓-30
                                        /*	6:类型	*/	零件\LS2_2号螺栓.SLDPRT
                                        /*	6:位置	*/	-4.34974e-017    0.997812    -0.066117    0    -2.34944e-016    0.066117    0.997812    0    1    5.8936e-017    2.31554e-016    0    -0.26849    4.07319    -2.265    1    
                                        /*	6:子节点数	*/	0

                                        /*	6:名称	*/	40M~41M上承式中部-1/上承式单元(5a',6c,5a',6b,{6b,1g,20e})-1/上承式(5a',6c,5a',6b,{6b,1g,20e})(右单片)-1/6b(外B1)-1/LS2_2号螺栓-31
                                        /*	6:类型	*/	零件\LS2_2号螺栓.SLDPRT
                                        /*	6:位置	*/	-4.34974e-017    0.997812    -0.066117    0    -2.34944e-016    0.066117    0.997812    0    1    5.8936e-017    2.31554e-016    0    -0.26849    4.17319    -2.265    1    
                                        /*	6:子节点数	*/	0

                                        /*	6:名称	*/	40M~41M上承式中部-1/上承式单元(5a',6c,5a',6b,{6b,1g,20e})-1/上承式(5a',6c,5a',6b,{6b,1g,20e})(右单片)-1/6b(外B1)-1/LS2_2号螺栓-32
                                        /*	6:类型	*/	零件\LS2_2号螺栓.SLDPRT
                                        /*	6:位置	*/	-4.34974e-017    0.997812    -0.066117    0    -2.34944e-016    0.066117    0.997812    0    1    5.8936e-017    2.31554e-016    0    -0.26849    4.27319    -2.265    1    
                                        /*	6:子节点数	*/	0

                                        /*	6:名称	*/	40M~41M上承式中部-1/上承式单元(5a',6c,5a',6b,{6b,1g,20e})-1/上承式(5a',6c,5a',6b,{6b,1g,20e})(右单片)-1/6b(外B1)-1/LS2_2号螺栓-33
                                        /*	6:类型	*/	零件\LS2_2号螺栓.SLDPRT
                                        /*	6:位置	*/	-4.34974e-017    0.997812    -0.066117    0    -2.34944e-016    0.066117    0.997812    0    1    5.8936e-017    2.31554e-016    0    -0.26849    4.07319    -2.075    1    
                                        /*	6:子节点数	*/	0

                                        /*	6:名称	*/	40M~41M上承式中部-1/上承式单元(5a',6c,5a',6b,{6b,1g,20e})-1/上承式(5a',6c,5a',6b,{6b,1g,20e})(右单片)-1/6b(外B1)-1/LS2_2号螺栓-34
                                        /*	6:类型	*/	零件\LS2_2号螺栓.SLDPRT
                                        /*	6:位置	*/	-4.34974e-017    0.997812    -0.066117    0    -2.34944e-016    0.066117    0.997812    0    1    5.8936e-017    2.31554e-016    0    -0.26849    4.17319    -2.075    1    
                                        /*	6:子节点数	*/	0

                                        /*	6:名称	*/	40M~41M上承式中部-1/上承式单元(5a',6c,5a',6b,{6b,1g,20e})-1/上承式(5a',6c,5a',6b,{6b,1g,20e})(右单片)-1/6b(外B1)-1/LS2_2号螺栓-35
                                        /*	6:类型	*/	零件\LS2_2号螺栓.SLDPRT
                                        /*	6:位置	*/	-4.34974e-017    0.997812    -0.066117    0    -2.34944e-016    0.066117    0.997812    0    1    5.8936e-017    2.31554e-016    0    -0.26849    4.27319    -2.075    1    
                                        /*	6:子节点数	*/	0

                                        /*	6:名称	*/	40M~41M上承式中部-1/上承式单元(5a',6c,5a',6b,{6b,1g,20e})-1/上承式(5a',6c,5a',6b,{6b,1g,20e})(右单片)-1/6b(外B1)-1/LS2_2号螺栓-36
                                        /*	6:类型	*/	零件\LS2_2号螺栓.SLDPRT
                                        /*	6:位置	*/	-4.34974e-017    0.997812    -0.066117    0    -2.34944e-016    0.066117    0.997812    0    1    5.8936e-017    2.31554e-016    0    -0.26849    3.75319    -2.075    1    
                                        /*	6:子节点数	*/	0

                                        /*	6:名称	*/	40M~41M上承式中部-1/上承式单元(5a',6c,5a',6b,{6b,1g,20e})-1/上承式(5a',6c,5a',6b,{6b,1g,20e})(右单片)-1/6b(外B1)-1/LS2_2号螺栓-37
                                        /*	6:类型	*/	零件\LS2_2号螺栓.SLDPRT
                                        /*	6:位置	*/	-4.34974e-017    0.997812    -0.066117    0    -2.34944e-016    0.066117    0.997812    0    1    5.8936e-017    2.31554e-016    0    -0.26849    3.85319    -2.075    1    
                                        /*	6:子节点数	*/	0

                                        /*	6:名称	*/	40M~41M上承式中部-1/上承式单元(5a',6c,5a',6b,{6b,1g,20e})-1/上承式(5a',6c,5a',6b,{6b,1g,20e})(右单片)-1/6b(外B1)-1/LS2_2号螺栓-38
                                        /*	6:类型	*/	零件\LS2_2号螺栓.SLDPRT
                                        /*	6:位置	*/	-4.34974e-017    0.997812    -0.066117    0    -2.34944e-016    0.066117    0.997812    0    1    5.8936e-017    2.31554e-016    0    -0.26849    3.95319    -2.075    1    
                                        /*	6:子节点数	*/	0

                                        /*	6:名称	*/	40M~41M上承式中部-1/上承式单元(5a',6c,5a',6b,{6b,1g,20e})-1/上承式(5a',6c,5a',6b,{6b,1g,20e})(右单片)-1/6b(外B1)-1/LS3_3号螺栓-12
                                        /*	6:类型	*/	零件\LS3_3号螺栓.SLDPRT
                                        /*	6:位置	*/	-5.03853e-016    0.441647    -0.897189    0    1.47739e-016    0.897189    0.441647    0    1    8.99755e-017    -5.173e-016    0    -0.26849    3.91819    -1.94    1    
                                        /*	6:子节点数	*/	0

                                        /*	6:名称	*/	40M~41M上承式中部-1/上承式单元(5a',6c,5a',6b,{6b,1g,20e})-1/上承式(5a',6c,5a',6b,{6b,1g,20e})(右单片)-1/6b(外B1)-1/LS3_3号螺栓-13
                                        /*	6:类型	*/	零件\LS3_3号螺栓.SLDPRT
                                        /*	6:位置	*/	-5.03853e-016    0.441647    -0.897189    0    1.47739e-016    0.897189    0.441647    0    1    8.99755e-017    -5.173e-016    0    -0.26849    4.10819    -1.94    1    
                                        /*	6:子节点数	*/	0

                                        /*	6:名称	*/	40M~41M上承式中部-1/上承式单元(5a',6c,5a',6b,{6b,1g,20e})-1/上承式(5a',6c,5a',6b,{6b,1g,20e})(右单片)-1/6b(外B1)-1/LS3_3号螺栓-36
                                        /*	6:类型	*/	零件\LS3_3号螺栓.SLDPRT
                                        /*	6:位置	*/	-5.03853e-016    0.441647    -0.897189    0    1.47739e-016    0.897189    0.441647    0    1    8.99755e-017    -5.173e-016    0    -0.26849    3.91819    -1.84    1    
                                        /*	6:子节点数	*/	0

                                        /*	6:名称	*/	40M~41M上承式中部-1/上承式单元(5a',6c,5a',6b,{6b,1g,20e})-1/上承式(5a',6c,5a',6b,{6b,1g,20e})(右单片)-1/6b(外B1)-1/LS3_3号螺栓-37
                                        /*	6:类型	*/	零件\LS3_3号螺栓.SLDPRT
                                        /*	6:位置	*/	-5.03853e-016    0.441647    -0.897189    0    1.47739e-016    0.897189    0.441647    0    1    8.99755e-017    -5.173e-016    0    -0.26849    3.91819    -1.74    1    
                                        /*	6:子节点数	*/	0

                                        /*	6:名称	*/	40M~41M上承式中部-1/上承式单元(5a',6c,5a',6b,{6b,1g,20e})-1/上承式(5a',6c,5a',6b,{6b,1g,20e})(右单片)-1/6b(外B1)-1/LS3_3号螺栓-38
                                        /*	6:类型	*/	零件\LS3_3号螺栓.SLDPRT
                                        /*	6:位置	*/	-5.03853e-016    0.441647    -0.897189    0    1.47739e-016    0.897189    0.441647    0    1    8.99755e-017    -5.173e-016    0    -0.26849    4.10819    -1.84    1    
                                        /*	6:子节点数	*/	0

                                        /*	6:名称	*/	40M~41M上承式中部-1/上承式单元(5a',6c,5a',6b,{6b,1g,20e})-1/上承式(5a',6c,5a',6b,{6b,1g,20e})(右单片)-1/6b(外B1)-1/LS3_3号螺栓-39
                                        /*	6:类型	*/	零件\LS3_3号螺栓.SLDPRT
                                        /*	6:位置	*/	-5.03853e-016    0.441647    -0.897189    0    1.47739e-016    0.897189    0.441647    0    1    8.99755e-017    -5.173e-016    0    -0.26849    4.10819    -1.74    1    
                                        /*	6:子节点数	*/	0

                                /*	5:名称	*/	40M~41M上承式中部-1/上承式单元(5a',6c,5a',6b,{6b,1g,20e})-1/上承式(5a',6c,5a',6b,{6b,1g,20e})(右单片)-1/6c(内B2)-1
                                /*	5:类型	*/	上承式梁\公共组件\上承式中部\上承式单元\带螺栓零件\6c(内B2).SLDASM
                                /*	5:位置	*/	-6.2811e-017    4.19109e-015    1    0    1.93985e-018    1    -4.19109e-015    0    -1    1.93985e-018    -6.2811e-017    0    -0.317973    -0.160612    -7.96584    1    
                                /*	5:子节点数	*/	5

                                        /*	6:名称	*/	40M~41M上承式中部-1/上承式单元(5a',6c,5a',6b,{6b,1g,20e})-1/上承式(5a',6c,5a',6b,{6b,1g,20e})(右单片)-1/6c(内B2)-1/B2_节点板-1
                                        /*	6:类型	*/	零件\B2_节点板.SLDPRT
                                        /*	6:位置	*/	1    0    0    0    0    1    1.64796e-034    0    0    1.64796e-034    1    0    -0.20494    0.00294935    -0.008    1    
                                        /*	6:子节点数	*/	0

                                        /*	6:名称	*/	40M~41M上承式中部-1/上承式单元(5a',6c,5a',6b,{6b,1g,20e})-1/上承式(5a',6c,5a',6b,{6b,1g,20e})(右单片)-1/6c(内B2)-1/LS3_3号螺栓-1
                                        /*	6:类型	*/	零件\LS3_3号螺栓.SLDPRT
                                        /*	6:位置	*/	0.997812    0.066117    1.11022e-016    0    0.066117    -0.997812    -2.77556e-017    0    1.08944e-016    3.50353e-017    -1    0    -0.19416    0.272949    0.027    1    
                                        /*	6:子节点数	*/	0

                                        /*	6:名称	*/	40M~41M上承式中部-1/上承式单元(5a',6c,5a',6b,{6b,1g,20e})-1/上承式(5a',6c,5a',6b,{6b,1g,20e})(右单片)-1/6c(内B2)-1/LS3_3号螺栓-2
                                        /*	6:类型	*/	零件\LS3_3号螺栓.SLDPRT
                                        /*	6:位置	*/	0.997812    0.066117    1.11022e-016    0    0.066117    -0.997812    -2.77556e-017    0    1.08944e-016    3.50353e-017    -1    0    -0.19416    0.0829493    0.027    1    
                                        /*	6:子节点数	*/	0

                                        /*	6:名称	*/	40M~41M上承式中部-1/上承式单元(5a',6c,5a',6b,{6b,1g,20e})-1/上承式(5a',6c,5a',6b,{6b,1g,20e})(右单片)-1/6c(内B2)-1/LS3_3号螺栓-3
                                        /*	6:类型	*/	零件\LS3_3号螺栓.SLDPRT
                                        /*	6:位置	*/	0.441647    0.897189    0    0    0.897189    -0.441647    0    0    -4.93038e-032    -3.09797e-032    -1    0    0.12584    0.272949    0.027    1    
                                        /*	6:子节点数	*/	0

                                        /*	6:名称	*/	40M~41M上承式中部-1/上承式单元(5a',6c,5a',6b,{6b,1g,20e})-1/上承式(5a',6c,5a',6b,{6b,1g,20e})(右单片)-1/6c(内B2)-1/LS3_3号螺栓-4
                                        /*	6:类型	*/	零件\LS3_3号螺栓.SLDPRT
                                        /*	6:位置	*/	0.441647    0.897189    0    0    0.897189    -0.441647    0    0    -4.93038e-032    -3.09797e-032    -1    0    0.12584    0.0829493    0.027    1    
                                        /*	6:子节点数	*/	0

                                /*	5:名称	*/	40M~41M上承式中部-1/上承式单元(5a',6c,5a',6b,{6b,1g,20e})-1/上承式(5a',6c,5a',6b,{6b,1g,20e})(右单片)-1/6c(外B2)-1
                                /*	5:类型	*/	上承式梁\公共组件\上承式中部\上承式单元\带螺栓零件\6c(外B2).SLDASM
                                /*	5:位置	*/	-7.70372e-031    1.02696e-015    -1    0    -3.17207e-016    1    1.02696e-015    0    1    3.17207e-016    -4.45344e-031    0    0.0780266    -0.153159    -8.10497    1    
                                /*	5:子节点数	*/	15

                                        /*	6:名称	*/	40M~41M上承式中部-1/上承式单元(5a',6c,5a',6b,{6b,1g,20e})-1/上承式(5a',6c,5a',6b,{6b,1g,20e})(右单片)-1/6c(外B2)-1/B2_节点板-1
                                        /*	6:类型	*/	零件\B2_节点板.SLDPRT
                                        /*	6:位置	*/	1    0    0    0    0    1    -4.566e-046    0    0    -4.57349e-046    1    0    -0.275745    -0.00450381    -0.008    1    
                                        /*	6:子节点数	*/	0

                                        /*	6:名称	*/	40M~41M上承式中部-1/上承式单元(5a',6c,5a',6b,{6b,1g,20e})-1/上承式(5a',6c,5a',6b,{6b,1g,20e})(右单片)-1/6c(外B2)-1/LS3_3号螺栓-10
                                        /*	6:类型	*/	零件\LS3_3号螺栓.SLDPRT
                                        /*	6:位置	*/	0.441647    0.897189    -8.52506e-034    0    0.897189    -0.441647    4.47292e-033    0    0    4.57349e-046    -1    0    -0.199965    -0.159504    0.027    1    
                                        /*	6:子节点数	*/	0

                                        /*	6:名称	*/	40M~41M上承式中部-1/上承式单元(5a',6c,5a',6b,{6b,1g,20e})-1/上承式(5a',6c,5a',6b,{6b,1g,20e})(右单片)-1/6c(外B2)-1/LS3_3号螺栓-11
                                        /*	6:类型	*/	零件\LS3_3号螺栓.SLDPRT
                                        /*	6:位置	*/	0.441647    0.897189    -8.52506e-034    0    0.897189    -0.441647    4.47292e-033    0    0    4.57349e-046    -1    0    -0.199965    -0.259504    0.027    1    
                                        /*	6:子节点数	*/	0

                                        /*	6:名称	*/	40M~41M上承式中部-1/上承式单元(5a',6c,5a',6b,{6b,1g,20e})-1/上承式(5a',6c,5a',6b,{6b,1g,20e})(右单片)-1/6c(外B2)-1/LS3_3号螺栓-12
                                        /*	6:类型	*/	零件\LS3_3号螺栓.SLDPRT
                                        /*	6:位置	*/	0.441647    0.897189    -8.52506e-034    0    0.897189    -0.441647    4.47292e-033    0    0    4.57349e-046    -1    0    -0.00996533    -0.0595038    0.027    1    
                                        /*	6:子节点数	*/	0

                                        /*	6:名称	*/	40M~41M上承式中部-1/上承式单元(5a',6c,5a',6b,{6b,1g,20e})-1/上承式(5a',6c,5a',6b,{6b,1g,20e})(右单片)-1/6c(外B2)-1/LS3_3号螺栓-13
                                        /*	6:类型	*/	零件\LS3_3号螺栓.SLDPRT
                                        /*	6:位置	*/	0.441647    0.897189    -8.52506e-034    0    0.897189    -0.441647    4.47292e-033    0    0    4.57349e-046    -1    0    -0.00996533    -0.159504    0.027    1    
                                        /*	6:子节点数	*/	0

                                        /*	6:名称	*/	40M~41M上承式中部-1/上承式单元(5a',6c,5a',6b,{6b,1g,20e})-1/上承式(5a',6c,5a',6b,{6b,1g,20e})(右单片)-1/6c(外B2)-1/LS3_3号螺栓-14
                                        /*	6:类型	*/	零件\LS3_3号螺栓.SLDPRT
                                        /*	6:位置	*/	0.441647    0.897189    -8.52506e-034    0    0.897189    -0.441647    4.47292e-033    0    0    4.57349e-046    -1    0    -0.00996533    -0.259504    0.027    1    
                                        /*	6:子节点数	*/	0

                                        /*	6:名称	*/	40M~41M上承式中部-1/上承式单元(5a',6c,5a',6b,{6b,1g,20e})-1/上承式(5a',6c,5a',6b,{6b,1g,20e})(右单片)-1/6c(外B2)-1/LS3_3号螺栓-15
                                        /*	6:类型	*/	零件\LS3_3号螺栓.SLDPRT
                                        /*	6:位置	*/	0.997812    0.066117    -9.24459e-035    0    0.066117    -0.997812    -1.99072e-032    0    0    4.57349e-046    -1    0    -0.264965    0.265496    0.027    1    
                                        /*	6:子节点数	*/	0

                                        /*	6:名称	*/	40M~41M上承式中部-1/上承式单元(5a',6c,5a',6b,{6b,1g,20e})-1/上承式(5a',6c,5a',6b,{6b,1g,20e})(右单片)-1/6c(外B2)-1/LS3_3号螺栓-16
                                        /*	6:类型	*/	零件\LS3_3号螺栓.SLDPRT
