/*	1:name	*/	双层24.0米桥梁
/*	1:type	*/	双层24.0米桥梁.SLDASM
/*	1:location	*/	1.0	0.0	0.0	0.0	0.0	1.0	0.0	0.0	0.0	0.0	1.0	0.0	0.0	0.0	0.0	1.0
/*	1:child_number	*/	6
	/*	2:name	*/	三角上的一个钢枕及一号U型螺栓-1
	/*	2:type	*/	钢枕单元\三角上的一个钢枕及一号U型螺栓.SLDASM
	/*	2:location	*/	1.0	0.0	0.0	0.0	0.0	1.0	0.0	0.0	0.0	0.0	1.0	0.0	9.99856	4.86924	2.22045E-15	1.0
	/*	2:child_number	*/	11
		/*	3:name	*/	三角上的一个钢枕及一号U型螺栓-1/一号U型螺栓单元-232
		/*	3:type	*/	U型螺栓单元\一号U型螺栓单元.SLDASM
		/*	3:location	*/	0.717845	2.26412E-16	-0.696203	0.0	-0.696203	-2.19585E-16	-0.717845	0.0	-3.15404E-16	1.0	-1.33965E-30	0.0	-0.951911	0.145264	1.57733	1.0
		/*	3:child_number	*/	4
			/*	4:name	*/	三角上的一个钢枕及一号U型螺栓-1/一号U型螺栓单元-232/螺母-2
			/*	4:type	*/	基本杆件\螺母.SLDPRT
			/*	4:location	*/	1.0	9.36209E-17	9.98546E-33	0.0	-1.98138E-17	1.0	-1.14192E-32	0.0	-4.10542E-33	2.36533E-34	1.0	0.0	0.0188503	-0.108956	0.159	1.0
			/*	4:child_number	*/	0
			/*	4:name	*/	三角上的一个钢枕及一号U型螺栓-1/一号U型螺栓单元-232/螺母-1
			/*	4:type	*/	基本杆件\螺母.SLDPRT
			/*	4:location	*/	1.0	9.36209E-17	9.98546E-33	0.0	-1.98138E-17	1.0	-1.14192E-32	0.0	-4.10542E-33	2.36533E-34	1.0	0.0	0.0188503	0.0490441	0.159	1.0
			/*	4:child_number	*/	0
			/*	4:name	*/	三角上的一个钢枕及一号U型螺栓-1/一号U型螺栓单元-232/一号U型螺栓垫片-1
			/*	4:type	*/	基本杆件\一号U型螺栓垫片.SLDPRT
			/*	4:location	*/	1.98138E-17	-1.0	1.14192E-32	0.0	1.0	9.36209E-17	9.98546E-33	0.0	-4.10542E-33	2.36533E-34	1.0	0.0	-0.0111497	0.0790441	0.143	1.0
			/*	4:child_number	*/	0
			/*	4:name	*/	三角上的一个钢枕及一号U型螺栓-1/一号U型螺栓单元-232/一号U型螺栓-1
			/*	4:type	*/	基本杆件\一号U型螺栓.SLDPRT
			/*	4:location	*/	1.0	9.36209E-17	9.98546E-33	0.0	-1.98138E-17	1.0	-1.14192E-32	0.0	-4.10542E-33	2.36533E-34	1.0	0.0	0.0188503	-0.108956	-0.188	1.0
			/*	4:child_number	*/	0
		/*	3:name	*/	三角上的一个钢枕及一号U型螺栓-1/一号U型螺栓单元-252
		/*	3:type	*/	U型螺栓单元\一号U型螺栓单元.SLDASM
		/*	3:location	*/	0.717845	2.26412E-16	-0.696203	0.0	-0.696203	-2.19585E-16	-0.717845	0.0	-3.15404E-16	1.0	-1.33965E-30	0.0	-0.951911	0.145264	-1.42267	1.0
		/*	3:child_number	*/	4
			/*	4:name	*/	三角上的一个钢枕及一号U型螺栓-1/一号U型螺栓单元-252/螺母-2
			/*	4:type	*/	基本杆件\螺母.SLDPRT
			/*	4:location	*/	1.0	9.36209E-17	9.98546E-33	0.0	-1.98138E-17	1.0	-1.14192E-32	0.0	-4.10542E-33	2.36533E-34	1.0	0.0	0.0188503	-0.108956	0.159	1.0
			/*	4:child_number	*/	0
			/*	4:name	*/	三角上的一个钢枕及一号U型螺栓-1/一号U型螺栓单元-252/螺母-1
			/*	4:type	*/	基本杆件\螺母.SLDPRT
			/*	4:location	*/	1.0	9.36209E-17	9.98546E-33	0.0	-1.98138E-17	1.0	-1.14192E-32	0.0	-4.10542E-33	2.36533E-34	1.0	0.0	0.0188503	0.0490441	0.159	1.0
			/*	4:child_number	*/	0
			/*	4:name	*/	三角上的一个钢枕及一号U型螺栓-1/一号U型螺栓单元-252/一号U型螺栓垫片-1
			/*	4:type	*/	基本杆件\一号U型螺栓垫片.SLDPRT
			/*	4:location	*/	1.98138E-17	-1.0	1.14192E-32	0.0	1.0	9.36209E-17	9.98546E-33	0.0	-4.10542E-33	2.36533E-34	1.0	0.0	-0.0111497	0.0790441	0.143	1.0
			/*	4:child_number	*/	0
			/*	4:name	*/	三角上的一个钢枕及一号U型螺栓-1/一号U型螺栓单元-252/一号U型螺栓-1
			/*	4:type	*/	基本杆件\一号U型螺栓.SLDPRT
			/*	4:location	*/	1.0	9.36209E-17	9.98546E-33	0.0	-1.98138E-17	1.0	-1.14192E-32	0.0	-4.10542E-33	2.36533E-34	1.0	0.0	0.0188503	-0.108956	-0.188	1.0
			/*	4:child_number	*/	0
		/*	3:name	*/	三角上的一个钢枕及一号U型螺栓-1/一号U型螺栓单元-244
		/*	3:type	*/	U型螺栓单元\一号U型螺栓单元.SLDASM
		/*	3:location	*/	0.717845	2.26412E-16	-0.696203	0.0	-0.696203	-2.19585E-16	-0.717845	0.0	-3.15404E-16	1.0	-1.33965E-30	0.0	-0.951911	0.145264	-0.22267	1.0
		/*	3:child_number	*/	4
			/*	4:name	*/	三角上的一个钢枕及一号U型螺栓-1/一号U型螺栓单元-244/螺母-2
			/*	4:type	*/	基本杆件\螺母.SLDPRT
			/*	4:location	*/	1.0	9.36209E-17	9.98546E-33	0.0	-1.98138E-17	1.0	-1.14192E-32	0.0	-4.10542E-33	2.36533E-34	1.0	0.0	0.0188503	-0.108956	0.159	1.0
			/*	4:child_number	*/	0
			/*	4:name	*/	三角上的一个钢枕及一号U型螺栓-1/一号U型螺栓单元-244/螺母-1
			/*	4:type	*/	基本杆件\螺母.SLDPRT
			/*	4:location	*/	1.0	9.36209E-17	9.98546E-33	0.0	-1.98138E-17	1.0	-1.14192E-32	0.0	-4.10542E-33	2.36533E-34	1.0	0.0	0.0188503	0.0490441	0.159	1.0
			/*	4:child_number	*/	0
			/*	4:name	*/	三角上的一个钢枕及一号U型螺栓-1/一号U型螺栓单元-244/一号U型螺栓垫片-1
			/*	4:type	*/	基本杆件\一号U型螺栓垫片.SLDPRT
			/*	4:location	*/	1.98138E-17	-1.0	1.14192E-32	0.0	1.0	9.36209E-17	9.98546E-33	0.0	-4.10542E-33	2.36533E-34	1.0	0.0	-0.0111497	0.0790441	0.143	1.0
			/*	4:child_number	*/	0
			/*	4:name	*/	三角上的一个钢枕及一号U型螺栓-1/一号U型螺栓单元-244/一号U型螺栓-1
			/*	4:type	*/	基本杆件\一号U型螺栓.SLDPRT
			/*	4:location	*/	1.0	9.36209E-17	9.98546E-33	0.0	-1.98138E-17	1.0	-1.14192E-32	0.0	-4.10542E-33	2.36533E-34	1.0	0.0	0.0188503	-0.108956	-0.188	1.0
			/*	4:child_number	*/	0
		/*	3:name	*/	三角上的一个钢枕及一号U型螺栓-1/一号U型螺栓单元-236
		/*	3:type	*/	U型螺栓单元\一号U型螺栓单元.SLDASM
		/*	3:location	*/	0.717845	2.26412E-16	-0.696203	0.0	-0.696203	-2.19585E-16	-0.717845	0.0	-3.15404E-16	1.0	-1.33965E-30	0.0	-0.951911	0.145264	0.97733	1.0
		/*	3:child_number	*/	4
			/*	4:name	*/	三角上的一个钢枕及一号U型螺栓-1/一号U型螺栓单元-236/螺母-2
			/*	4:type	*/	基本杆件\螺母.SLDPRT
			/*	4:location	*/	1.0	9.36209E-17	9.98546E-33	0.0	-1.98138E-17	1.0	-1.14192E-32	0.0	-4.10542E-33	2.36533E-34	1.0	0.0	0.0188503	-0.108956	0.159	1.0
			/*	4:child_number	*/	0
			/*	4:name	*/	三角上的一个钢枕及一号U型螺栓-1/一号U型螺栓单元-236/螺母-1
			/*	4:type	*/	基本杆件\螺母.SLDPRT
			/*	4:location	*/	1.0	9.36209E-17	9.98546E-33	0.0	-1.98138E-17	1.0	-1.14192E-32	0.0	-4.10542E-33	2.36533E-34	1.0	0.0	0.0188503	0.0490441	0.159	1.0
			/*	4:child_number	*/	0
			/*	4:name	*/	三角上的一个钢枕及一号U型螺栓-1/一号U型螺栓单元-236/一号U型螺栓垫片-1
			/*	4:type	*/	基本杆件\一号U型螺栓垫片.SLDPRT
			/*	4:location	*/	1.98138E-17	-1.0	1.14192E-32	0.0	1.0	9.36209E-17	9.98546E-33	0.0	-4.10542E-33	2.36533E-34	1.0	0.0	-0.0111497	0.0790441	0.143	1.0
			/*	4:child_number	*/	0
			/*	4:name	*/	三角上的一个钢枕及一号U型螺栓-1/一号U型螺栓单元-236/一号U型螺栓-1
			/*	4:type	*/	基本杆件\一号U型螺栓.SLDPRT
			/*	4:location	*/	1.0	9.36209E-17	9.98546E-33	0.0	-1.98138E-17	1.0	-1.14192E-32	0.0	-4.10542E-33	2.36533E-34	1.0	0.0	0.0188503	-0.108956	-0.188	1.0
			/*	4:child_number	*/	0
		/*	3:name	*/	三角上的一个钢枕及一号U型螺栓-1/一号U型螺栓单元-283
		/*	3:type	*/	U型螺栓单元\一号U型螺栓单元.SLDASM
		/*	3:location	*/	0.717845	2.26412E-16	-0.696203	0.0	-0.696203	-2.19585E-16	-0.717845	0.0	-3.15404E-16	1.0	-1.33965E-30	0.0	-0.951911	0.145264	-1.59409	1.0
		/*	3:child_number	*/	4
			/*	4:name	*/	三角上的一个钢枕及一号U型螺栓-1/一号U型螺栓单元-283/螺母-2
			/*	4:type	*/	基本杆件\螺母.SLDPRT
			/*	4:location	*/	1.0	9.36209E-17	9.98546E-33	0.0	-1.98138E-17	1.0	-1.14192E-32	0.0	-4.10542E-33	2.36533E-34	1.0	0.0	0.0188503	-0.108956	0.159	1.0
			/*	4:child_number	*/	0
			/*	4:name	*/	三角上的一个钢枕及一号U型螺栓-1/一号U型螺栓单元-283/螺母-1
			/*	4:type	*/	基本杆件\螺母.SLDPRT
			/*	4:location	*/	1.0	9.36209E-17	9.98546E-33	0.0	-1.98138E-17	1.0	-1.14192E-32	0.0	-4.10542E-33	2.36533E-34	1.0	0.0	0.0188503	0.0490441	0.159	1.0
			/*	4:child_number	*/	0
			/*	4:name	*/	三角上的一个钢枕及一号U型螺栓-1/一号U型螺栓单元-283/一号U型螺栓垫片-1
			/*	4:type	*/	基本杆件\一号U型螺栓垫片.SLDPRT
			/*	4:location	*/	1.98138E-17	-1.0	1.14192E-32	0.0	1.0	9.36209E-17	9.98546E-33	0.0	-4.10542E-33	2.36533E-34	1.0	0.0	-0.0111497	0.0790441	0.143	1.0
			/*	4:child_number	*/	0
			/*	4:name	*/	三角上的一个钢枕及一号U型螺栓-1/一号U型螺栓单元-283/一号U型螺栓-1
			/*	4:type	*/	基本杆件\一号U型螺栓.SLDPRT
			/*	4:location	*/	1.0	9.36209E-17	9.98546E-33	0.0	-1.98138E-17	1.0	-1.14192E-32	0.0	-4.10542E-33	2.36533E-34	1.0	0.0	0.0188503	-0.108956	-0.188	1.0
			/*	4:child_number	*/	0
		/*	3:name	*/	三角上的一个钢枕及一号U型螺栓-1/一号U型螺栓单元-279
		/*	3:type	*/	U型螺栓单元\一号U型螺栓单元.SLDASM
		/*	3:location	*/	0.717845	2.26412E-16	-0.696203	0.0	-0.696203	-2.19585E-16	-0.717845	0.0	-3.15404E-16	1.0	-1.33965E-30	0.0	-0.951911	0.145264	-0.99409	1.0
		/*	3:child_number	*/	4
			/*	4:name	*/	三角上的一个钢枕及一号U型螺栓-1/一号U型螺栓单元-279/螺母-2
			/*	4:type	*/	基本杆件\螺母.SLDPRT
			/*	4:location	*/	1.0	9.36209E-17	9.98546E-33	0.0	-1.98138E-17	1.0	-1.14192E-32	0.0	-4.10542E-33	2.36533E-34	1.0	0.0	0.0188503	-0.108956	0.159	1.0
			/*	4:child_number	*/	0
			/*	4:name	*/	三角上的一个钢枕及一号U型螺栓-1/一号U型螺栓单元-279/螺母-1
			/*	4:type	*/	基本杆件\螺母.SLDPRT
			/*	4:location	*/	1.0	9.36209E-17	9.98546E-33	0.0	-1.98138E-17	1.0	-1.14192E-32	0.0	-4.10542E-33	2.36533E-34	1.0	0.0	0.0188503	0.0490441	0.159	1.0
			/*	4:child_number	*/	0
			/*	4:name	*/	三角上的一个钢枕及一号U型螺栓-1/一号U型螺栓单元-279/一号U型螺栓垫片-1
			/*	4:type	*/	基本杆件\一号U型螺栓垫片.SLDPRT
			/*	4:location	*/	1.98138E-17	-1.0	1.14192E-32	0.0	1.0	9.36209E-17	9.98546E-33	0.0	-4.10542E-33	2.36533E-34	1.0	0.0	-0.0111497	0.0790441	0.143	1.0
			/*	4:child_number	*/	0
			/*	4:name	*/	三角上的一个钢枕及一号U型螺栓-1/一号U型螺栓单元-279/一号U型螺栓-1
			/*	4:type	*/	基本杆件\一号U型螺栓.SLDPRT
			/*	4:location	*/	1.0	9.36209E-17	9.98546E-33	0.0	-1.98138E-17	1.0	-1.14192E-32	0.0	-4.10542E-33	2.36533E-34	1.0	0.0	0.0188503	-0.108956	-0.188	1.0
			/*	4:child_number	*/	0
		/*	3:name	*/	三角上的一个钢枕及一号U型螺栓-1/一号U型螺栓单元-271
		/*	3:type	*/	U型螺栓单元\一号U型螺栓单元.SLDASM
		/*	3:location	*/	0.717845	2.26412E-16	-0.696203	0.0	-0.696203	-2.19585E-16	-0.717845	0.0	-3.15404E-16	1.0	-1.33965E-30	0.0	-0.951911	0.145264	0.20591	1.0
		/*	3:child_number	*/	4
			/*	4:name	*/	三角上的一个钢枕及一号U型螺栓-1/一号U型螺栓单元-271/螺母-2
			/*	4:type	*/	基本杆件\螺母.SLDPRT
			/*	4:location	*/	1.0	9.36209E-17	9.98546E-33	0.0	-1.98138E-17	1.0	-1.14192E-32	0.0	-4.10542E-33	2.36533E-34	1.0	0.0	0.0188503	-0.108956	0.159	1.0
			/*	4:child_number	*/	0
			/*	4:name	*/	三角上的一个钢枕及一号U型螺栓-1/一号U型螺栓单元-271/螺母-1
			/*	4:type	*/	基本杆件\螺母.SLDPRT
			/*	4:location	*/	1.0	9.36209E-17	9.98546E-33	0.0	-1.98138E-17	1.0	-1.14192E-32	0.0	-4.10542E-33	2.36533E-34	1.0	0.0	0.0188503	0.0490441	0.159	1.0
			/*	4:child_number	*/	0
			/*	4:name	*/	三角上的一个钢枕及一号U型螺栓-1/一号U型螺栓单元-271/一号U型螺栓垫片-1
			/*	4:type	*/	基本杆件\一号U型螺栓垫片.SLDPRT
			/*	4:location	*/	1.98138E-17	-1.0	1.14192E-32	0.0	1.0	9.36209E-17	9.98546E-33	0.0	-4.10542E-33	2.36533E-34	1.0	0.0	-0.0111497	0.0790441	0.143	1.0
			/*	4:child_number	*/	0
			/*	4:name	*/	三角上的一个钢枕及一号U型螺栓-1/一号U型螺栓单元-271/一号U型螺栓-1
			/*	4:type	*/	基本杆件\一号U型螺栓.SLDPRT
			/*	4:location	*/	1.0	9.36209E-17	9.98546E-33	0.0	-1.98138E-17	1.0	-1.14192E-32	0.0	-4.10542E-33	2.36533E-34	1.0	0.0	0.0188503	-0.108956	-0.188	1.0
			/*	4:child_number	*/	0
		/*	3:name	*/	三角上的一个钢枕及一号U型螺栓-1/钢枕-1
		/*	3:type	*/	基本杆件\钢枕.SLDPRT
		/*	3:location	*/	1.0	0.0	0.0	0.0	0.0	1.0	0.0	0.0	0.0	0.0	1.0	0.0	-0.961524	0.128264	-2.15	1.0
		/*	3:child_number	*/	0
		/*	3:name	*/	三角上的一个钢枕及一号U型螺栓-1/一号U型螺栓单元-263
		/*	3:type	*/	U型螺栓单元\一号U型螺栓单元.SLDASM
		/*	3:location	*/	0.717845	2.26412E-16	-0.696203	0.0	-0.696203	-2.19585E-16	-0.717845	0.0	-3.15404E-16	1.0	-1.33965E-30	0.0	-0.951911	0.145264	1.40591	1.0
		/*	3:child_number	*/	4
			/*	4:name	*/	三角上的一个钢枕及一号U型螺栓-1/一号U型螺栓单元-263/螺母-2
			/*	4:type	*/	基本杆件\螺母.SLDPRT
			/*	4:location	*/	1.0	9.36209E-17	9.98546E-33	0.0	-1.98138E-17	1.0	-1.14192E-32	0.0	-4.10542E-33	2.36533E-34	1.0	0.0	0.0188503	-0.108956	0.159	1.0
			/*	4:child_number	*/	0
			/*	4:name	*/	三角上的一个钢枕及一号U型螺栓-1/一号U型螺栓单元-263/螺母-1
			/*	4:type	*/	基本杆件\螺母.SLDPRT
			/*	4:location	*/	1.0	9.36209E-17	9.98546E-33	0.0	-1.98138E-17	1.0	-1.14192E-32	0.0	-4.10542E-33	2.36533E-34	1.0	0.0	0.0188503	0.0490441	0.159	1.0
			/*	4:child_number	*/	0
			/*	4:name	*/	三角上的一个钢枕及一号U型螺栓-1/一号U型螺栓单元-263/一号U型螺栓垫片-1
			/*	4:type	*/	基本杆件\一号U型螺栓垫片.SLDPRT
			/*	4:location	*/	1.98138E-17	-1.0	1.14192E-32	0.0	1.0	9.36209E-17	9.98546E-33	0.0	-4.10542E-33	2.36533E-34	1.0	0.0	-0.0111497	0.0790441	0.143	1.0
			/*	4:child_number	*/	0
			/*	4:name	*/	三角上的一个钢枕及一号U型螺栓-1/一号U型螺栓单元-263/一号U型螺栓-1
			/*	4:type	*/	基本杆件\一号U型螺栓.SLDPRT
			/*	4:location	*/	1.0	9.36209E-17	9.98546E-33	0.0	-1.98138E-17	1.0	-1.14192E-32	0.0	-4.10542E-33	2.36533E-34	1.0	0.0	0.0188503	-0.108956	-0.188	1.0
			/*	4:child_number	*/	0
		/*	3:name	*/	三角上的一个钢枕及一号U型螺栓-1/一号U型螺栓单元-259
		/*	3:type	*/	U型螺栓单元\一号U型螺栓单元.SLDASM
		/*	3:location	*/	0.717845	2.26412E-16	-0.696203	0.0	-0.696203	-2.19585E-16	-0.717845	0.0	-3.15404E-16	1.0	-1.33965E-30	0.0	-0.951911	0.145264	2.00591	1.0
		/*	3:child_number	*/	4
			/*	4:name	*/	三角上的一个钢枕及一号U型螺栓-1/一号U型螺栓单元-259/螺母-2
			/*	4:type	*/	基本杆件\螺母.SLDPRT
			/*	4:location	*/	1.0	9.36209E-17	9.98546E-33	0.0	-1.98138E-17	1.0	-1.14192E-32	0.0	-4.10542E-33	2.36533E-34	1.0	0.0	0.0188503	-0.108956	0.159	1.0
			/*	4:child_number	*/	0
			/*	4:name	*/	三角上的一个钢枕及一号U型螺栓-1/一号U型螺栓单元-259/螺母-1
			/*	4:type	*/	基本杆件\螺母.SLDPRT
			/*	4:location	*/	1.0	9.36209E-17	9.98546E-33	0.0	-1.98138E-17	1.0	-1.14192E-32	0.0	-4.10542E-33	2.36533E-34	1.0	0.0	0.0188503	0.0490441	0.159	1.0
			/*	4:child_number	*/	0
			/*	4:name	*/	三角上的一个钢枕及一号U型螺栓-1/一号U型螺栓单元-259/一号U型螺栓垫片-1
			/*	4:type	*/	基本杆件\一号U型螺栓垫片.SLDPRT
			/*	4:location	*/	1.98138E-17	-1.0	1.14192E-32	0.0	1.0	9.36209E-17	9.98546E-33	0.0	-4.10542E-33	2.36533E-34	1.0	0.0	-0.0111497	0.0790441	0.143	1.0
			/*	4:child_number	*/	0
			/*	4:name	*/	三角上的一个钢枕及一号U型螺栓-1/一号U型螺栓单元-259/一号U型螺栓-1
			/*	4:type	*/	基本杆件\一号U型螺栓.SLDPRT
			/*	4:location	*/	1.0	9.36209E-17	9.98546E-33	0.0	-1.98138E-17	1.0	-1.14192E-32	0.0	-4.10542E-33	2.36533E-34	1.0	0.0	0.0188503	-0.108956	-0.188	1.0
			/*	4:child_number	*/	0
		/*	3:name	*/	三角上的一个钢枕及一号U型螺栓-1/一号U型螺栓单元-256
		/*	3:type	*/	U型螺栓单元\一号U型螺栓单元.SLDASM
		/*	3:location	*/	0.717845	2.26412E-16	-0.696203	0.0	-0.696203	-2.19585E-16	-0.717845	0.0	-3.15404E-16	1.0	-1.33965E-30	0.0	-0.951911	0.145264	-2.02267	1.0
		/*	3:child_number	*/	4
			/*	4:name	*/	三角上的一个钢枕及一号U型螺栓-1/一号U型螺栓单元-256/螺母-2
			/*	4:type	*/	基本杆件\螺母.SLDPRT
			/*	4:location	*/	1.0	9.36209E-17	9.98546E-33	0.0	-1.98138E-17	1.0	-1.14192E-32	0.0	-4.10542E-33	2.36533E-34	1.0	0.0	0.0188503	-0.108956	0.159	1.0
			/*	4:child_number	*/	0
			/*	4:name	*/	三角上的一个钢枕及一号U型螺栓-1/一号U型螺栓单元-256/螺母-1
			/*	4:type	*/	基本杆件\螺母.SLDPRT
			/*	4:location	*/	1.0	9.36209E-17	9.98546E-33	0.0	-1.98138E-17	1.0	-1.14192E-32	0.0	-4.10542E-33	2.36533E-34	1.0	0.0	0.0188503	0.0490441	0.159	1.0
			/*	4:child_number	*/	0
			/*	4:name	*/	三角上的一个钢枕及一号U型螺栓-1/一号U型螺栓单元-256/一号U型螺栓垫片-1
			/*	4:type	*/	基本杆件\一号U型螺栓垫片.SLDPRT
			/*	4:location	*/	1.98138E-17	-1.0	1.14192E-32	0.0	1.0	9.36209E-17	9.98546E-33	0.0	-4.10542E-33	2.36533E-34	1.0	0.0	-0.0111497	0.0790441	0.143	1.0
			/*	4:child_number	*/	0
			/*	4:name	*/	三角上的一个钢枕及一号U型螺栓-1/一号U型螺栓单元-256/一号U型螺栓-1
			/*	4:type	*/	基本杆件\一号U型螺栓.SLDPRT
			/*	4:location	*/	1.0	9.36209E-17	9.98546E-33	0.0	-1.98138E-17	1.0	-1.14192E-32	0.0	-4.10542E-33	2.36533E-34	1.0	0.0	0.0188503	-0.108956	-0.188	1.0
			/*	4:child_number	*/	0
	/*	2:name	*/	用于双层的端构架钢枕和两个三角上的九个钢枕及一号U型螺栓-3
	/*	2:type	*/	钢枕单元\用于双层的端构架钢枕和两个三角上的九个钢枕及一号U型螺栓.SLDASM
	/*	2:location	*/	-2.8669E-32	1.22465E-16	-1.0	0.0	1.06177E-15	1.0	1.22465E-16	0.0	1.0	-1.06177E-15	-1.58699E-31	0.0	4.91503	5.16817	0.69825	1.0
	/*	2:child_number	*/	2
		/*	3:name	*/	用于双层的端构架钢枕和两个三角上的九个钢枕及一号U型螺栓-3/三角上的四个钢枕及一号U型螺栓-1
		/*	3:type	*/	钢枕单元\三角上的四个钢枕及一号U型螺栓.SLDASM
		/*	3:location	*/	-1.31372E-46	1.9435E-47	-1.0	0.0	0.0	1.0	-1.9435E-47	0.0	1.0	0.0	1.31372E-46	0.0	0.69825	-0.298933	2.80748	1.0
		/*	3:child_number	*/	41
			/*	4:name	*/	用于双层的端构架钢枕和两个三角上的九个钢枕及一号U型螺栓-3/三角上的四个钢枕及一号U型螺栓-1/一号U型螺栓单元-255
			/*	4:type	*/	U型螺栓单元\一号U型螺栓单元.SLDASM
			/*	4:location	*/	0.717845	2.26412E-16	-0.696203	0.0	-0.696203	-2.19585E-16	-0.717845	0.0	-3.15404E-16	1.0	-1.3312E-30	0.0	-0.501911	0.145264	-2.02267	1.0
			/*	4:child_number	*/	4
				/*	5:name	*/	用于双层的端构架钢枕和两个三角上的九个钢枕及一号U型螺栓-3/三角上的四个钢枕及一号U型螺栓-1/一号U型螺栓单元-255/螺母-2
				/*	5:type	*/	基本杆件\螺母.SLDPRT
				/*	5:location	*/	1.0	9.36209E-17	9.43465E-32	0.0	-1.98138E-17	1.0	-6.73895E-32	0.0	9.79095E-32	-6.32909E-32	1.0	0.0	0.0188503	-0.108956	0.159	1.0
				/*	5:child_number	*/	0
				/*	5:name	*/	用于双层的端构架钢枕和两个三角上的九个钢枕及一号U型螺栓-3/三角上的四个钢枕及一号U型螺栓-1/一号U型螺栓单元-255/螺母-1
				/*	5:type	*/	基本杆件\螺母.SLDPRT
				/*	5:location	*/	1.0	9.36209E-17	9.43465E-32	0.0	-1.98138E-17	1.0	-6.73895E-32	0.0	9.79095E-32	-6.32909E-32	1.0	0.0	0.0188503	0.0490441	0.159	1.0
				/*	5:child_number	*/	0
				/*	5:name	*/	用于双层的端构架钢枕和两个三角上的九个钢枕及一号U型螺栓-3/三角上的四个钢枕及一号U型螺栓-1/一号U型螺栓单元-255/一号U型螺栓垫片-1
				/*	5:type	*/	基本杆件\一号U型螺栓垫片.SLDPRT
				/*	5:location	*/	1.98138E-17	-1.0	6.73895E-32	0.0	1.0	9.36209E-17	9.43465E-32	0.0	9.79095E-32	-6.32909E-32	1.0	0.0	-0.0111497	0.0790441	0.143	1.0
				/*	5:child_number	*/	0
				/*	5:name	*/	用于双层的端构架钢枕和两个三角上的九个钢枕及一号U型螺栓-3/三角上的四个钢枕及一号U型螺栓-1/一号U型螺栓单元-255/一号U型螺栓-1
				/*	5:type	*/	基本杆件\一号U型螺栓.SLDPRT
				/*	5:location	*/	1.0	9.36209E-17	9.43465E-32	0.0	-1.98138E-17	1.0	-6.73895E-32	0.0	9.79095E-32	-6.32909E-32	1.0	0.0	0.0188503	-0.108956	-0.188	1.0
				/*	5:child_number	*/	0
			/*	4:name	*/	用于双层的端构架钢枕和两个三角上的九个钢枕及一号U型螺栓-3/三角上的四个钢枕及一号U型螺栓-1/一号U型螺栓单元-254
			/*	4:type	*/	U型螺栓单元\一号U型螺栓单元.SLDASM
			/*	4:location	*/	0.717845	2.26412E-16	-0.696203	0.0	-0.696203	-2.19585E-16	-0.717845	0.0	-3.15404E-16	1.0	-1.3312E-30	0.0	-0.0519105	0.145264	-2.02267	1.0
			/*	4:child_number	*/	4
				/*	5:name	*/	用于双层的端构架钢枕和两个三角上的九个钢枕及一号U型螺栓-3/三角上的四个钢枕及一号U型螺栓-1/一号U型螺栓单元-254/螺母-2
				/*	5:type	*/	基本杆件\螺母.SLDPRT
				/*	5:location	*/	1.0	9.36209E-17	9.43465E-32	0.0	-1.98138E-17	1.0	-6.73895E-32	0.0	9.79095E-32	-6.32909E-32	1.0	0.0	0.0188503	-0.108956	0.159	1.0
				/*	5:child_number	*/	0
				/*	5:name	*/	用于双层的端构架钢枕和两个三角上的九个钢枕及一号U型螺栓-3/三角上的四个钢枕及一号U型螺栓-1/一号U型螺栓单元-254/螺母-1
				/*	5:type	*/	基本杆件\螺母.SLDPRT
				/*	5:location	*/	1.0	9.36209E-17	9.43465E-32	0.0	-1.98138E-17	1.0	-6.73895E-32	0.0	9.79095E-32	-6.32909E-32	1.0	0.0	0.0188503	0.0490441	0.159	1.0
				/*	5:child_number	*/	0
				/*	5:name	*/	用于双层的端构架钢枕和两个三角上的九个钢枕及一号U型螺栓-3/三角上的四个钢枕及一号U型螺栓-1/一号U型螺栓单元-254/一号U型螺栓垫片-1
				/*	5:type	*/	基本杆件\一号U型螺栓垫片.SLDPRT
				/*	5:location	*/	1.98138E-17	-1.0	6.73895E-32	0.0	1.0	9.36209E-17	9.43465E-32	0.0	9.79095E-32	-6.32909E-32	1.0	0.0	-0.0111497	0.0790441	0.143	1.0
				/*	5:child_number	*/	0
				/*	5:name	*/	用于双层的端构架钢枕和两个三角上的九个钢枕及一号U型螺栓-3/三角上的四个钢枕及一号U型螺栓-1/一号U型螺栓单元-254/一号U型螺栓-1
				/*	5:type	*/	基本杆件\一号U型螺栓.SLDPRT
				/*	5:location	*/	1.0	9.36209E-17	9.43465E-32	0.0	-1.98138E-17	1.0	-6.73895E-32	0.0	9.79095E-32	-6.32909E-32	1.0	0.0	0.0188503	-0.108956	-0.188	1.0
				/*	5:child_number	*/	0
			/*	4:name	*/	用于双层的端构架钢枕和两个三角上的九个钢枕及一号U型螺栓-3/三角上的四个钢枕及一号U型螺栓-1/一号U型螺栓单元-253
			/*	4:type	*/	U型螺栓单元\一号U型螺栓单元.SLDASM
			/*	4:location	*/	0.717845	2.26412E-16	-0.696203	0.0	-0.696203	-2.19585E-16	-0.717845	0.0	-3.15404E-16	1.0	-1.3312E-30	0.0	0.398089	0.145264	-2.02267	1.0
			/*	4:child_number	*/	4
				/*	5:name	*/	用于双层的端构架钢枕和两个三角上的九个钢枕及一号U型螺栓-3/三角上的四个钢枕及一号U型螺栓-1/一号U型螺栓单元-253/螺母-2
				/*	5:type	*/	基本杆件\螺母.SLDPRT
				/*	5:location	*/	1.0	9.36209E-17	9.43465E-32	0.0	-1.98138E-17	1.0	-6.73895E-32	0.0	9.79095E-32	-6.32909E-32	1.0	0.0	0.0188503	-0.108956	0.159	1.0
				/*	5:child_number	*/	0
				/*	5:name	*/	用于双层的端构架钢枕和两个三角上的九个钢枕及一号U型螺栓-3/三角上的四个钢枕及一号U型螺栓-1/一号U型螺栓单元-253/螺母-1
				/*	5:type	*/	基本杆件\螺母.SLDPRT
				/*	5:location	*/	1.0	9.36209E-17	9.43465E-32	0.0	-1.98138E-17	1.0	-6.73895E-32	0.0	9.79095E-32	-6.32909E-32	1.0	0.0	0.0188503	0.0490441	0.159	1.0
				/*	5:child_number	*/	0
				/*	5:name	*/	用于双层的端构架钢枕和两个三角上的九个钢枕及一号U型螺栓-3/三角上的四个钢枕及一号U型螺栓-1/一号U型螺栓单元-253/一号U型螺栓垫片-1
				/*	5:type	*/	基本杆件\一号U型螺栓垫片.SLDPRT
				/*	5:location	*/	1.98138E-17	-1.0	6.73895E-32	0.0	1.0	9.36209E-17	9.43465E-32	0.0	9.79095E-32	-6.32909E-32	1.0	0.0	-0.0111497	0.0790441	0.143	1.0
				/*	5:child_number	*/	0
				/*	5:name	*/	用于双层的端构架钢枕和两个三角上的九个钢枕及一号U型螺栓-3/三角上的四个钢枕及一号U型螺栓-1/一号U型螺栓单元-253/一号U型螺栓-1
				/*	5:type	*/	基本杆件\一号U型螺栓.SLDPRT
				/*	5:location	*/	1.0	9.36209E-17	9.43465E-32	0.0	-1.98138E-17	1.0	-6.73895E-32	0.0	9.79095E-32	-6.32909E-32	1.0	0.0	0.0188503	-0.108956	-0.188	1.0
				/*	5:child_number	*/	0
			/*	4:name	*/	用于双层的端构架钢枕和两个三角上的九个钢枕及一号U型螺栓-3/三角上的四个钢枕及一号U型螺栓-1/一号U型螺栓单元-257
			/*	4:type	*/	U型螺栓单元\一号U型螺栓单元.SLDASM
			/*	4:location	*/	0.717845	2.26412E-16	-0.696203	0.0	-0.696203	-2.19585E-16	-0.717845	0.0	-3.15404E-16	1.0	-1.3312E-30	0.0	-0.0519105	0.145264	2.00591	1.0
			/*	4:child_number	*/	4
				/*	5:name	*/	用于双层的端构架钢枕和两个三角上的九个钢枕及一号U型螺栓-3/三角上的四个钢枕及一号U型螺栓-1/一号U型螺栓单元-257/螺母-2
				/*	5:type	*/	基本杆件\螺母.SLDPRT
				/*	5:location	*/	1.0	9.36209E-17	9.43465E-32	0.0	-1.98138E-17	1.0	-6.73895E-32	0.0	9.79095E-32	-6.32909E-32	1.0	0.0	0.0188503	-0.108956	0.159	1.0
				/*	5:child_number	*/	0
				/*	5:name	*/	用于双层的端构架钢枕和两个三角上的九个钢枕及一号U型螺栓-3/三角上的四个钢枕及一号U型螺栓-1/一号U型螺栓单元-257/螺母-1
				/*	5:type	*/	基本杆件\螺母.SLDPRT
				/*	5:location	*/	1.0	9.36209E-17	9.43465E-32	0.0	-1.98138E-17	1.0	-6.73895E-32	0.0	9.79095E-32	-6.32909E-32	1.0	0.0	0.0188503	0.0490441	0.159	1.0
				/*	5:child_number	*/	0
				/*	5:name	*/	用于双层的端构架钢枕和两个三角上的九个钢枕及一号U型螺栓-3/三角上的四个钢枕及一号U型螺栓-1/一号U型螺栓单元-257/一号U型螺栓垫片-1
				/*	5:type	*/	基本杆件\一号U型螺栓垫片.SLDPRT
				/*	5:location	*/	1.98138E-17	-1.0	6.73895E-32	0.0	1.0	9.36209E-17	9.43465E-32	0.0	9.79095E-32	-6.32909E-32	1.0	0.0	-0.0111497	0.0790441	0.143	1.0
				/*	5:child_number	*/	0
				/*	5:name	*/	用于双层的端构架钢枕和两个三角上的九个钢枕及一号U型螺栓-3/三角上的四个钢枕及一号U型螺栓-1/一号U型螺栓单元-257/一号U型螺栓-1
				/*	5:type	*/	基本杆件\一号U型螺栓.SLDPRT
				/*	5:location	*/	1.0	9.36209E-17	9.43465E-32	0.0	-1.98138E-17	1.0	-6.73895E-32	0.0	9.79095E-32	-6.32909E-32	1.0	0.0	0.0188503	-0.108956	-0.188	1.0
				/*	5:child_number	*/	0
			/*	4:name	*/	用于双层的端构架钢枕和两个三角上的九个钢枕及一号U型螺栓-3/三角上的四个钢枕及一号U型螺栓-1/一号U型螺栓单元-256
			/*	4:type	*/	U型螺栓单元\一号U型螺栓单元.SLDASM
			/*	4:location	*/	0.717845	2.26412E-16	-0.696203	0.0	-0.696203	-2.19585E-16	-0.717845	0.0	-3.15404E-16	1.0	-1.3312E-30	0.0	-0.951911	0.145264	-2.02267	1.0
			/*	4:child_number	*/	4
				/*	5:name	*/	用于双层的端构架钢枕和两个三角上的九个钢枕及一号U型螺栓-3/三角上的四个钢枕及一号U型螺栓-1/一号U型螺栓单元-256/螺母-2
				/*	5:type	*/	基本杆件\螺母.SLDPRT
				/*	5:location	*/	1.0	9.36209E-17	9.43465E-32	0.0	-1.98138E-17	1.0	-6.73895E-32	0.0	9.79095E-32	-6.32909E-32	1.0	0.0	0.0188503	-0.108956	0.159	1.0
				/*	5:child_number	*/	0
				/*	5:name	*/	用于双层的端构架钢枕和两个三角上的九个钢枕及一号U型螺栓-3/三角上的四个钢枕及一号U型螺栓-1/一号U型螺栓单元-256/螺母-1
				/*	5:type	*/	基本杆件\螺母.SLDPRT
				/*	5:location	*/	1.0	9.36209E-17	9.43465E-32	0.0	-1.98138E-17	1.0	-6.73895E-32	0.0	9.79095E-32	-6.32909E-32	1.0	0.0	0.0188503	0.0490441	0.159	1.0
				/*	5:child_number	*/	0
				/*	5:name	*/	用于双层的端构架钢枕和两个三角上的九个钢枕及一号U型螺栓-3/三角上的四个钢枕及一号U型螺栓-1/一号U型螺栓单元-256/一号U型螺栓垫片-1
				/*	5:type	*/	基本杆件\一号U型螺栓垫片.SLDPRT
				/*	5:location	*/	1.98138E-17	-1.0	6.73895E-32	0.0	1.0	9.36209E-17	9.43465E-32	0.0	9.79095E-32	-6.32909E-32	1.0	0.0	-0.0111497	0.0790441	0.143	1.0
				/*	5:child_number	*/	0
				/*	5:name	*/	用于双层的端构架钢枕和两个三角上的九个钢枕及一号U型螺栓-3/三角上的四个钢枕及一号U型螺栓-1/一号U型螺栓单元-256/一号U型螺栓-1
				/*	5:type	*/	基本杆件\一号U型螺栓.SLDPRT
				/*	5:location	*/	1.0	9.36209E-17	9.43465E-32	0.0	-1.98138E-17	1.0	-6.73895E-32	0.0	9.79095E-32	-6.32909E-32	1.0	0.0	0.0188503	-0.108956	-0.188	1.0
				/*	5:child_number	*/	0
			/*	4:name	*/	用于双层的端构架钢枕和两个三角上的九个钢枕及一号U型螺栓-3/三角上的四个钢枕及一号U型螺栓-1/一号U型螺栓单元-271
			/*	4:type	*/	U型螺栓单元\一号U型螺栓单元.SLDASM
			/*	4:location	*/	0.717845	2.26412E-16	-0.696203	0.0	-0.696203	-2.19585E-16	-0.717845	0.0	-3.15404E-16	1.0	-1.3312E-30	0.0	-0.951911	0.145264	0.20591	1.0
			/*	4:child_number	*/	4
				/*	5:name	*/	用于双层的端构架钢枕和两个三角上的九个钢枕及一号U型螺栓-3/三角上的四个钢枕及一号U型螺栓-1/一号U型螺栓单元-271/螺母-2
				/*	5:type	*/	基本杆件\螺母.SLDPRT
				/*	5:location	*/	1.0	9.36209E-17	9.43465E-32	0.0	-1.98138E-17	1.0	-6.73895E-32	0.0	9.79095E-32	-6.32909E-32	1.0	0.0	0.0188503	-0.108956	0.159	1.0
				/*	5:child_number	*/	0
				/*	5:name	*/	用于双层的端构架钢枕和两个三角上的九个钢枕及一号U型螺栓-3/三角上的四个钢枕及一号U型螺栓-1/一号U型螺栓单元-271/螺母-1
				/*	5:type	*/	基本杆件\螺母.SLDPRT
				/*	5:location	*/	1.0	9.36209E-17	9.43465E-32	0.0	-1.98138E-17	1.0	-6.73895E-32	0.0	9.79095E-32	-6.32909E-32	1.0	0.0	0.0188503	0.0490441	0.159	1.0
				/*	5:child_number	*/	0
				/*	5:name	*/	用于双层的端构架钢枕和两个三角上的九个钢枕及一号U型螺栓-3/三角上的四个钢枕及一号U型螺栓-1/一号U型螺栓单元-271/一号U型螺栓垫片-1
				/*	5:type	*/	基本杆件\一号U型螺栓垫片.SLDPRT
				/*	5:location	*/	1.98138E-17	-1.0	6.73895E-32	0.0	1.0	9.36209E-17	9.43465E-32	0.0	9.79095E-32	-6.32909E-32	1.0	0.0	-0.0111497	0.0790441	0.143	1.0
				/*	5:child_number	*/	0
				/*	5:name	*/	用于双层的端构架钢枕和两个三角上的九个钢枕及一号U型螺栓-3/三角上的四个钢枕及一号U型螺栓-1/一号U型螺栓单元-271/一号U型螺栓-1
				/*	5:type	*/	基本杆件\一号U型螺栓.SLDPRT
				/*	5:location	*/	1.0	9.36209E-17	9.43465E-32	0.0	-1.98138E-17	1.0	-6.73895E-32	0.0	9.79095E-32	-6.32909E-32	1.0	0.0	0.0188503	-0.108956	-0.188	1.0
				/*	5:child_number	*/	0
			/*	4:name	*/	用于双层的端构架钢枕和两个三角上的九个钢枕及一号U型螺栓-3/三角上的四个钢枕及一号U型螺栓-1/一号U型螺栓单元-250
			/*	4:type	*/	U型螺栓单元\一号U型螺栓单元.SLDASM
			/*	4:location	*/	0.717845	2.26412E-16	-0.696203	0.0	-0.696203	-2.19585E-16	-0.717845	0.0	-3.15404E-16	1.0	-1.3312E-30	0.0	-0.0519105	0.145264	-1.42267	1.0
			/*	4:child_number	*/	4
				/*	5:name	*/	用于双层的端构架钢枕和两个三角上的九个钢枕及一号U型螺栓-3/三角上的四个钢枕及一号U型螺栓-1/一号U型螺栓单元-250/螺母-2
				/*	5:type	*/	基本杆件\螺母.SLDPRT
				/*	5:location	*/	1.0	9.36209E-17	9.43465E-32	0.0	-1.98138E-17	1.0	-6.73895E-32	0.0	9.79095E-32	-6.32909E-32	1.0	0.0	0.0188503	-0.108956	0.159	1.0
				/*	5:child_number	*/	0
				/*	5:name	*/	用于双层的端构架钢枕和两个三角上的九个钢枕及一号U型螺栓-3/三角上的四个钢枕及一号U型螺栓-1/一号U型螺栓单元-250/螺母-1
				/*	5:type	*/	基本杆件\螺母.SLDPRT
				/*	5:location	*/	1.0	9.36209E-17	9.43465E-32	0.0	-1.98138E-17	1.0	-6.73895E-32	0.0	9.79095E-32	-6.32909E-32	1.0	0.0	0.0188503	0.0490441	0.159	1.0
				/*	5:child_number	*/	0
				/*	5:name	*/	用于双层的端构架钢枕和两个三角上的九个钢枕及一号U型螺栓-3/三角上的四个钢枕及一号U型螺栓-1/一号U型螺栓单元-250/一号U型螺栓垫片-1
				/*	5:type	*/	基本杆件\一号U型螺栓垫片.SLDPRT
				/*	5:location	*/	1.98138E-17	-1.0	6.73895E-32	0.0	1.0	9.36209E-17	9.43465E-32	0.0	9.79095E-32	-6.32909E-32	1.0	0.0	-0.0111497	0.0790441	0.143	1.0
				/*	5:child_number	*/	0
				/*	5:name	*/	用于双层的端构架钢枕和两个三角上的九个钢枕及一号U型螺栓-3/三角上的四个钢枕及一号U型螺栓-1/一号U型螺栓单元-250/一号U型螺栓-1
				/*	5:type	*/	基本杆件\一号U型螺栓.SLDPRT
				/*	5:location	*/	1.0	9.36209E-17	9.43465E-32	0.0	-1.98138E-17	1.0	-6.73895E-32	0.0	9.79095E-32	-6.32909E-32	1.0	0.0	0.0188503	-0.108956	-0.188	1.0
				/*	5:child_number	*/	0
			/*	4:name	*/	用于双层的端构架钢枕和两个三角上的九个钢枕及一号U型螺栓-3/三角上的四个钢枕及一号U型螺栓-1/一号U型螺栓单元-249
			/*	4:type	*/	U型螺栓单元\一号U型螺栓单元.SLDASM
			/*	4:location	*/	0.717845	2.26412E-16	-0.696203	0.0	-0.696203	-2.19585E-16	-0.717845	0.0	-3.15404E-16	1.0	-1.3312E-30	0.0	0.398089	0.145264	-1.42267	1.0
			/*	4:child_number	*/	4
				/*	5:name	*/	用于双层的端构架钢枕和两个三角上的九个钢枕及一号U型螺栓-3/三角上的四个钢枕及一号U型螺栓-1/一号U型螺栓单元-249/螺母-2
				/*	5:type	*/	基本杆件\螺母.SLDPRT
				/*	5:location	*/	1.0	9.36209E-17	9.43465E-32	0.0	-1.98138E-17	1.0	-6.73895E-32	0.0	9.79095E-32	-6.32909E-32	1.0	0.0	0.0188503	-0.108956	0.159	1.0
				/*	5:child_number	*/	0
				/*	5:name	*/	用于双层的端构架钢枕和两个三角上的九个钢枕及一号U型螺栓-3/三角上的四个钢枕及一号U型螺栓-1/一号U型螺栓单元-249/螺母-1
				/*	5:type	*/	基本杆件\螺母.SLDPRT
				/*	5:location	*/	1.0	9.36209E-17	9.43465E-32	0.0	-1.98138E-17	1.0	-6.73895E-32	0.0	9.79095E-32	-6.32909E-32	1.0	0.0	0.0188503	0.0490441	0.159	1.0
				/*	5:child_number	*/	0
				/*	5:name	*/	用于双层的端构架钢枕和两个三角上的九个钢枕及一号U型螺栓-3/三角上的四个钢枕及一号U型螺栓-1/一号U型螺栓单元-249/一号U型螺栓垫片-1
				/*	5:type	*/	基本杆件\一号U型螺栓垫片.SLDPRT
				/*	5:location	*/	1.98138E-17	-1.0	6.73895E-32	0.0	1.0	9.36209E-17	9.43465E-32	0.0	9.79095E-32	-6.32909E-32	1.0	0.0	-0.0111497	0.0790441	0.143	1.0
				/*	5:child_number	*/	0
				/*	5:name	*/	用于双层的端构架钢枕和两个三角上的九个钢枕及一号U型螺栓-3/三角上的四个钢枕及一号U型螺栓-1/一号U型螺栓单元-249/一号U型螺栓-1
				/*	5:type	*/	基本杆件\一号U型螺栓.SLDPRT
				/*	5:location	*/	1.0	9.36209E-17	9.43465E-32	0.0	-1.98138E-17	1.0	-6.73895E-32	0.0	9.79095E-32	-6.32909E-32	1.0	0.0	0.0188503	-0.108956	-0.188	1.0
				/*	5:child_number	*/	0
			/*	4:name	*/	用于双层的端构架钢枕和两个三角上的九个钢枕及一号U型螺栓-3/三角上的四个钢枕及一号U型螺栓-1/一号U型螺栓单元-241
			/*	4:type	*/	U型螺栓单元\一号U型螺栓单元.SLDASM
			/*	4:location	*/	0.717845	2.26412E-16	-0.696203	0.0	-0.696203	-2.19585E-16	-0.717845	0.0	-3.15404E-16	1.0	-1.3312E-30	0.0	0.398089	0.145264	-0.22267	1.0
			/*	4:child_number	*/	4
				/*	5:name	*/	用于双层的端构架钢枕和两个三角上的九个钢枕及一号U型螺栓-3/三角上的四个钢枕及一号U型螺栓-1/一号U型螺栓单元-241/螺母-2
				/*	5:type	*/	基本杆件\螺母.SLDPRT
				/*	5:location	*/	1.0	9.36209E-17	9.43465E-32	0.0	-1.98138E-17	1.0	-6.73895E-32	0.0	9.79095E-32	-6.32909E-32	1.0	0.0	0.0188503	-0.108956	0.159	1.0
				/*	5:child_number	*/	0
				/*	5:name	*/	用于双层的端构架钢枕和两个三角上的九个钢枕及一号U型螺栓-3/三角上的四个钢枕及一号U型螺栓-1/一号U型螺栓单元-241/螺母-1
				/*	5:type	*/	基本杆件\螺母.SLDPRT
				/*	5:location	*/	1.0	9.36209E-17	9.43465E-32	0.0	-1.98138E-17	1.0	-6.73895E-32	0.0	9.79095E-32	-6.32909E-32	1.0	0.0	0.0188503	0.0490441	0.159	1.0
				/*	5:child_number	*/	0
				/*	5:name	*/	用于双层的端构架钢枕和两个三角上的九个钢枕及一号U型螺栓-3/三角上的四个钢枕及一号U型螺栓-1/一号U型螺栓单元-241/一号U型螺栓垫片-1
				/*	5:type	*/	基本杆件\一号U型螺栓垫片.SLDPRT
				/*	5:location	*/	1.98138E-17	-1.0	6.73895E-32	0.0	1.0	9.36209E-17	9.43465E-32	0.0	9.79095E-32	-6.32909E-32	1.0	0.0	-0.0111497	0.0790441	0.143	1.0
				/*	5:child_number	*/	0
				/*	5:name	*/	用于双层的端构架钢枕和两个三角上的九个钢枕及一号U型螺栓-3/三角上的四个钢枕及一号U型螺栓-1/一号U型螺栓单元-241/一号U型螺栓-1
				/*	5:type	*/	基本杆件\一号U型螺栓.SLDPRT
				/*	5:location	*/	1.0	9.36209E-17	9.43465E-32	0.0	-1.98138E-17	1.0	-6.73895E-32	0.0	9.79095E-32	-6.32909E-32	1.0	0.0	0.0188503	-0.108956	-0.188	1.0
				/*	5:child_number	*/	0
			/*	4:name	*/	用于双层的端构架钢枕和两个三角上的九个钢枕及一号U型螺栓-3/三角上的四个钢枕及一号U型螺栓-1/一号U型螺栓单元-259
			/*	4:type	*/	U型螺栓单元\一号U型螺栓单元.SLDASM
			/*	4:location	*/	0.717845	2.26412E-16	-0.696203	0.0	-0.696203	-2.19585E-16	-0.717845	0.0	-3.15404E-16	1.0	-1.3312E-30	0.0	-0.951911	0.145264	2.00591	1.0
			/*	4:child_number	*/	4
				/*	5:name	*/	用于双层的端构架钢枕和两个三角上的九个钢枕及一号U型螺栓-3/三角上的四个钢枕及一号U型螺栓-1/一号U型螺栓单元-259/螺母-2
				/*	5:type	*/	基本杆件\螺母.SLDPRT
				/*	5:location	*/	1.0	9.36209E-17	9.43465E-32	0.0	-1.98138E-17	1.0	-6.73895E-32	0.0	9.79095E-32	-6.32909E-32	1.0	0.0	0.0188503	-0.108956	0.159	1.0
				/*	5:child_number	*/	0
				/*	5:name	*/	用于双层的端构架钢枕和两个三角上的九个钢枕及一号U型螺栓-3/三角上的四个钢枕及一号U型螺栓-1/一号U型螺栓单元-259/螺母-1
				/*	5:type	*/	基本杆件\螺母.SLDPRT
				/*	5:location	*/	1.0	9.36209E-17	9.43465E-32	0.0	-1.98138E-17	1.0	-6.73895E-32	0.0	9.79095E-32	-6.32909E-32	1.0	0.0	0.0188503	0.0490441	0.159	1.0
				/*	5:child_number	*/	0
				/*	5:name	*/	用于双层的端构架钢枕和两个三角上的九个钢枕及一号U型螺栓-3/三角上的四个钢枕及一号U型螺栓-1/一号U型螺栓单元-259/一号U型螺栓垫片-1
				/*	5:type	*/	基本杆件\一号U型螺栓垫片.SLDPRT
				/*	5:location	*/	1.98138E-17	-1.0	6.73895E-32	0.0	1.0	9.36209E-17	9.43465E-32	0.0	9.79095E-32	-6.32909E-32	1.0	0.0	-0.0111497	0.0790441	0.143	1.0
				/*	5:child_number	*/	0
				/*	5:name	*/	用于双层的端构架钢枕和两个三角上的九个钢枕及一号U型螺栓-3/三角上的四个钢枕及一号U型螺栓-1/一号U型螺栓单元-259/一号U型螺栓-1
				/*	5:type	*/	基本杆件\一号U型螺栓.SLDPRT
				/*	5:location	*/	1.0	9.36209E-17	9.43465E-32	0.0	-1.98138E-17	1.0	-6.73895E-32	0.0	9.79095E-32	-6.32909E-32	1.0	0.0	0.0188503	-0.108956	-0.188	1.0
				/*	5:child_number	*/	0
			/*	4:name	*/	用于双层的端构架钢枕和两个三角上的九个钢枕及一号U型螺栓-3/三角上的四个钢枕及一号U型螺栓-1/一号U型螺栓单元-258
			/*	4:type	*/	U型螺栓单元\一号U型螺栓单元.SLDASM
			/*	4:location	*/	0.717845	2.26412E-16	-0.696203	0.0	-0.696203	-2.19585E-16	-0.717845	0.0	-3.15404E-16	1.0	-1.3312E-30	0.0	-0.501911	0.145264	2.00591	1.0
			/*	4:child_number	*/	4
				/*	5:name	*/	用于双层的端构架钢枕和两个三角上的九个钢枕及一号U型螺栓-3/三角上的四个钢枕及一号U型螺栓-1/一号U型螺栓单元-258/螺母-2
				/*	5:type	*/	基本杆件\螺母.SLDPRT
				/*	5:location	*/	1.0	9.36209E-17	9.43465E-32	0.0	-1.98138E-17	1.0	-6.73895E-32	0.0	9.79095E-32	-6.32909E-32	1.0	0.0	0.0188503	-0.108956	0.159	1.0
				/*	5:child_number	*/	0
				/*	5:name	*/	用于双层的端构架钢枕和两个三角上的九个钢枕及一号U型螺栓-3/三角上的四个钢枕及一号U型螺栓-1/一号U型螺栓单元-258/螺母-1
				/*	5:type	*/	基本杆件\螺母.SLDPRT
				/*	5:location	*/	1.0	9.36209E-17	9.43465E-32	0.0	-1.98138E-17	1.0	-6.73895E-32	0.0	9.79095E-32	-6.32909E-32	1.0	0.0	0.0188503	0.0490441	0.159	1.0
				/*	5:child_number	*/	0
				/*	5:name	*/	用于双层的端构架钢枕和两个三角上的九个钢枕及一号U型螺栓-3/三角上的四个钢枕及一号U型螺栓-1/一号U型螺栓单元-258/一号U型螺栓垫片-1
				/*	5:type	*/	基本杆件\一号U型螺栓垫片.SLDPRT
				/*	5:location	*/	1.98138E-17	-1.0	6.73895E-32	0.0	1.0	9.36209E-17	9.43465E-32	0.0	9.79095E-32	-6.32909E-32	1.0	0.0	-0.0111497	0.0790441	0.143	1.0
				/*	5:child_number	*/	0
				/*	5:name	*/	用于双层的端构架钢枕和两个三角上的九个钢枕及一号U型螺栓-3/三角上的四个钢枕及一号U型螺栓-1/一号U型螺栓单元-258/一号U型螺栓-1
				/*	5:type	*/	基本杆件\一号U型螺栓.SLDPRT
				/*	5:location	*/	1.0	9.36209E-17	9.43465E-32	0.0	-1.98138E-17	1.0	-6.73895E-32	0.0	9.79095E-32	-6.32909E-32	1.0	0.0	0.0188503	-0.108956	-0.188	1.0
				/*	5:child_number	*/	0
			/*	4:name	*/	用于双层的端构架钢枕和两个三角上的九个钢枕及一号U型螺栓-3/三角上的四个钢枕及一号U型螺栓-1/一号U型螺栓单元-261
			/*	4:type	*/	U型螺栓单元\一号U型螺栓单元.SLDASM
			/*	4:location	*/	0.717845	2.26412E-16	-0.696203	0.0	-0.696203	-2.19585E-16	-0.717845	0.0	-3.15404E-16	1.0	-1.3312E-30	0.0	-0.0519105	0.145264	1.40591	1.0
			/*	4:child_number	*/	4
				/*	5:name	*/	用于双层的端构架钢枕和两个三角上的九个钢枕及一号U型螺栓-3/三角上的四个钢枕及一号U型螺栓-1/一号U型螺栓单元-261/螺母-2
				/*	5:type	*/	基本杆件\螺母.SLDPRT
				/*	5:location	*/	1.0	9.36209E-17	9.43465E-32	0.0	-1.98138E-17	1.0	-6.73895E-32	0.0	9.79095E-32	-6.32909E-32	1.0	0.0	0.0188503	-0.108956	0.159	1.0
				/*	5:child_number	*/	0
				/*	5:name	*/	用于双层的端构架钢枕和两个三角上的九个钢枕及一号U型螺栓-3/三角上的四个钢枕及一号U型螺栓-1/一号U型螺栓单元-261/螺母-1
				/*	5:type	*/	基本杆件\螺母.SLDPRT
				/*	5:location	*/	1.0	9.36209E-17	9.43465E-32	0.0	-1.98138E-17	1.0	-6.73895E-32	0.0	9.79095E-32	-6.32909E-32	1.0	0.0	0.0188503	0.0490441	0.159	1.0
				/*	5:child_number	*/	0
				/*	5:name	*/	用于双层的端构架钢枕和两个三角上的九个钢枕及一号U型螺栓-3/三角上的四个钢枕及一号U型螺栓-1/一号U型螺栓单元-261/一号U型螺栓垫片-1
				/*	5:type	*/	基本杆件\一号U型螺栓垫片.SLDPRT
				/*	5:location	*/	1.98138E-17	-1.0	6.73895E-32	0.0	1.0	9.36209E-17	9.43465E-32	0.0	9.79095E-32	-6.32909E-32	1.0	0.0	-0.0111497	0.0790441	0.143	1.0
				/*	5:child_number	*/	0
				/*	5:name	*/	用于双层的端构架钢枕和两个三角上的九个钢枕及一号U型螺栓-3/三角上的四个钢枕及一号U型螺栓-1/一号U型螺栓单元-261/一号U型螺栓-1
				/*	5:type	*/	基本杆件\一号U型螺栓.SLDPRT
				/*	5:location	*/	1.0	9.36209E-17	9.43465E-32	0.0	-1.98138E-17	1.0	-6.73895E-32	0.0	9.79095E-32	-6.32909E-32	1.0	0.0	0.0188503	-0.108956	-0.188	1.0
				/*	5:child_number	*/	0
			/*	4:name	*/	用于双层的端构架钢枕和两个三角上的九个钢枕及一号U型螺栓-3/三角上的四个钢枕及一号U型螺栓-1/一号U型螺栓单元-260
			/*	4:type	*/	U型螺栓单元\一号U型螺栓单元.SLDASM
			/*	4:location	*/	0.717845	2.26412E-16	-0.696203	0.0	-0.696203	-2.19585E-16	-0.717845	0.0	-3.15404E-16	1.0	-1.3312E-30	0.0	0.398089	0.145264	1.40591	1.0
			/*	4:child_number	*/	4
				/*	5:name	*/	用于双层的端构架钢枕和两个三角上的九个钢枕及一号U型螺栓-3/三角上的四个钢枕及一号U型螺栓-1/一号U型螺栓单元-260/螺母-2
				/*	5:type	*/	基本杆件\螺母.SLDPRT
				/*	5:location	*/	1.0	9.36209E-17	9.43465E-32	0.0	-1.98138E-17	1.0	-6.73895E-32	0.0	9.79095E-32	-6.32909E-32	1.0	0.0	0.0188503	-0.108956	0.159	1.0
				/*	5:child_number	*/	0
				/*	5:name	*/	用于双层的端构架钢枕和两个三角上的九个钢枕及一号U型螺栓-3/三角上的四个钢枕及一号U型螺栓-1/一号U型螺栓单元-260/螺母-1
				/*	5:type	*/	基本杆件\螺母.SLDPRT
				/*	5:location	*/	1.0	9.36209E-17	9.43465E-32	0.0	-1.98138E-17	1.0	-6.73895E-32	0.0	9.79095E-32	-6.32909E-32	1.0	0.0	0.0188503	0.0490441	0.159	1.0
				/*	5:child_number	*/	0
				/*	5:name	*/	用于双层的端构架钢枕和两个三角上的九个钢枕及一号U型螺栓-3/三角上的四个钢枕及一号U型螺栓-1/一号U型螺栓单元-260/一号U型螺栓垫片-1
				/*	5:type	*/	基本杆件\一号U型螺栓垫片.SLDPRT
				/*	5:location	*/	1.98138E-17	-1.0	6.73895E-32	0.0	1.0	9.36209E-17	9.43465E-32	0.0	9.79095E-32	-6.32909E-32	1.0	0.0	-0.0111497	0.0790441	0.143	1.0
				/*	5:child_number	*/	0
				/*	5:name	*/	用于双层的端构架钢枕和两个三角上的九个钢枕及一号U型螺栓-3/三角上的四个钢枕及一号U型螺栓-1/一号U型螺栓单元-260/一号U型螺栓-1
				/*	5:type	*/	基本杆件\一号U型螺栓.SLDPRT
				/*	5:location	*/	1.0	9.36209E-17	9.43465E-32	0.0	-1.98138E-17	1.0	-6.73895E-32	0.0	9.79095E-32	-6.32909E-32	1.0	0.0	0.0188503	-0.108956	-0.188	1.0
				/*	5:child_number	*/	0
			/*	4:name	*/	用于双层的端构架钢枕和两个三角上的九个钢枕及一号U型螺栓-3/三角上的四个钢枕及一号U型螺栓-1/一号U型螺栓单元-262
			/*	4:type	*/	U型螺栓单元\一号U型螺栓单元.SLDASM
			/*	4:location	*/	0.717845	2.26412E-16	-0.696203	0.0	-0.696203	-2.19585E-16	-0.717845	0.0	-3.15404E-16	1.0	-1.3312E-30	0.0	-0.501911	0.145264	1.40591	1.0
			/*	4:child_number	*/	4
				/*	5:name	*/	用于双层的端构架钢枕和两个三角上的九个钢枕及一号U型螺栓-3/三角上的四个钢枕及一号U型螺栓-1/一号U型螺栓单元-262/螺母-2
				/*	5:type	*/	基本杆件\螺母.SLDPRT
				/*	5:location	*/	1.0	9.36209E-17	9.43465E-32	0.0	-1.98138E-17	1.0	-6.73895E-32	0.0	9.79095E-32	-6.32909E-32	1.0	0.0	0.0188503	-0.108956	0.159	1.0
				/*	5:child_number	*/	0
				/*	5:name	*/	用于双层的端构架钢枕和两个三角上的九个钢枕及一号U型螺栓-3/三角上的四个钢枕及一号U型螺栓-1/一号U型螺栓单元-262/螺母-1
				/*	5:type	*/	基本杆件\螺母.SLDPRT
				/*	5:location	*/	1.0	9.36209E-17	9.43465E-32	0.0	-1.98138E-17	1.0	-6.73895E-32	0.0	9.79095E-32	-6.32909E-32	1.0	0.0	0.0188503	0.0490441	0.159	1.0
				/*	5:child_number	*/	0
				/*	5:name	*/	用于双层的端构架钢枕和两个三角上的九个钢枕及一号U型螺栓-3/三角上的四个钢枕及一号U型螺栓-1/一号U型螺栓单元-262/一号U型螺栓垫片-1
				/*	5:type	*/	基本杆件\一号U型螺栓垫片.SLDPRT
				/*	5:location	*/	1.98138E-17	-1.0	6.73895E-32	0.0	1.0	9.36209E-17	9.43465E-32	0.0	9.79095E-32	-6.32909E-32	1.0	0.0	-0.0111497	0.0790441	0.143	1.0
				/*	5:child_number	*/	0
				/*	5:name	*/	用于双层的端构架钢枕和两个三角上的九个钢枕及一号U型螺栓-3/三角上的四个钢枕及一号U型螺栓-1/一号U型螺栓单元-262/一号U型螺栓-1
				/*	5:type	*/	基本杆件\一号U型螺栓.SLDPRT
				/*	5:location	*/	1.0	9.36209E-17	9.43465E-32	0.0	-1.98138E-17	1.0	-6.73895E-32	0.0	9.79095E-32	-6.32909E-32	1.0	0.0	0.0188503	-0.108956	-0.188	1.0
				/*	5:child_number	*/	0
			/*	4:name	*/	用于双层的端构架钢枕和两个三角上的九个钢枕及一号U型螺栓-3/三角上的四个钢枕及一号U型螺栓-1/一号U型螺栓单元-263
			/*	4:type	*/	U型螺栓单元\一号U型螺栓单元.SLDASM
			/*	4:location	*/	0.717845	2.26412E-16	-0.696203	0.0	-0.696203	-2.19585E-16	-0.717845	0.0	-3.15404E-16	1.0	-1.3312E-30	0.0	-0.951911	0.145264	1.40591	1.0
			/*	4:child_number	*/	4
				/*	5:name	*/	用于双层的端构架钢枕和两个三角上的九个钢枕及一号U型螺栓-3/三角上的四个钢枕及一号U型螺栓-1/一号U型螺栓单元-263/螺母-2
				/*	5:type	*/	基本杆件\螺母.SLDPRT
				/*	5:location	*/	1.0	9.36209E-17	9.43465E-32	0.0	-1.98138E-17	1.0	-6.73895E-32	0.0	9.79095E-32	-6.32909E-32	1.0	0.0	0.0188503	-0.108956	0.159	1.0
				/*	5:child_number	*/	0
				/*	5:name	*/	用于双层的端构架钢枕和两个三角上的九个钢枕及一号U型螺栓-3/三角上的四个钢枕及一号U型螺栓-1/一号U型螺栓单元-263/螺母-1
				/*	5:type	*/	基本杆件\螺母.SLDPRT
				/*	5:location	*/	1.0	9.36209E-17	9.43465E-32	0.0	-1.98138E-17	1.0	-6.73895E-32	0.0	9.79095E-32	-6.32909E-32	1.0	0.0	0.0188503	0.0490441	0.159	1.0
				/*	5:child_number	*/	0
				/*	5:name	*/	用于双层的端构架钢枕和两个三角上的九个钢枕及一号U型螺栓-3/三角上的四个钢枕及一号U型螺栓-1/一号U型螺栓单元-263/一号U型螺栓垫片-1
				/*	5:type	*/	基本杆件\一号U型螺栓垫片.SLDPRT
				/*	5:location	*/	1.98138E-17	-1.0	6.73895E-32	0.0	1.0	9.36209E-17	9.43465E-32	0.0	9.79095E-32	-6.32909E-32	1.0	0.0	-0.0111497	0.0790441	0.143	1.0
				/*	5:child_number	*/	0
				/*	5:name	*/	用于双层的端构架钢枕和两个三角上的九个钢枕及一号U型螺栓-3/三角上的四个钢枕及一号U型螺栓-1/一号U型螺栓单元-263/一号U型螺栓-1
				/*	5:type	*/	基本杆件\一号U型螺栓.SLDPRT
				/*	5:location	*/	1.0	9.36209E-17	9.43465E-32	0.0	-1.98138E-17	1.0	-6.73895E-32	0.0	9.79095E-32	-6.32909E-32	1.0	0.0	0.0188503	-0.108956	-0.188	1.0
				/*	5:child_number	*/	0
			/*	4:name	*/	用于双层的端构架钢枕和两个三角上的九个钢枕及一号U型螺栓-3/三角上的四个钢枕及一号U型螺栓-1/一号U型螺栓单元-252
			/*	4:type	*/	U型螺栓单元\一号U型螺栓单元.SLDASM
			/*	4:location	*/	0.717845	2.26412E-16	-0.696203	0.0	-0.696203	-2.19585E-16	-0.717845	0.0	-3.15404E-16	1.0	-1.3312E-30	0.0	-0.951911	0.145264	-1.42267	1.0
			/*	4:child_number	*/	4
				/*	5:name	*/	用于双层的端构架钢枕和两个三角上的九个钢枕及一号U型螺栓-3/三角上的四个钢枕及一号U型螺栓-1/一号U型螺栓单元-252/螺母-2
				/*	5:type	*/	基本杆件\螺母.SLDPRT
				/*	5:location	*/	1.0	9.36209E-17	9.43465E-32	0.0	-1.98138E-17	1.0	-6.73895E-32	0.0	9.79095E-32	-6.32909E-32	1.0	0.0	0.0188503	-0.108956	0.159	1.0
				/*	5:child_number	*/	0
				/*	5:name	*/	用于双层的端构架钢枕和两个三角上的九个钢枕及一号U型螺栓-3/三角上的四个钢枕及一号U型螺栓-1/一号U型螺栓单元-252/螺母-1
				/*	5:type	*/	基本杆件\螺母.SLDPRT
				/*	5:location	*/	1.0	9.36209E-17	9.43465E-32	0.0	-1.98138E-17	1.0	-6.73895E-32	0.0	9.79095E-32	-6.32909E-32	1.0	0.0	0.0188503	0.0490441	0.159	1.0
				/*	5:child_number	*/	0
				/*	5:name	*/	用于双层的端构架钢枕和两个三角上的九个钢枕及一号U型螺栓-3/三角上的四个钢枕及一号U型螺栓-1/一号U型螺栓单元-252/一号U型螺栓垫片-1
				/*	5:type	*/	基本杆件\一号U型螺栓垫片.SLDPRT
				/*	5:location	*/	1.98138E-17	-1.0	6.73895E-32	0.0	1.0	9.36209E-17	9.43465E-32	0.0	9.79095E-32	-6.32909E-32	1.0	0.0	-0.0111497	0.0790441	0.143	1.0
				/*	5:child_number	*/	0
				/*	5:name	*/	用于双层的端构架钢枕和两个三角上的九个钢枕及一号U型螺栓-3/三角上的四个钢枕及一号U型螺栓-1/一号U型螺栓单元-252/一号U型螺栓-1
				/*	5:type	*/	基本杆件\一号U型螺栓.SLDPRT
				/*	5:location	*/	1.0	9.36209E-17	9.43465E-32	0.0	-1.98138E-17	1.0	-6.73895E-32	0.0	9.79095E-32	-6.32909E-32	1.0	0.0	0.0188503	-0.108956	-0.188	1.0
				/*	5:child_number	*/	0
			/*	4:name	*/	用于双层的端构架钢枕和两个三角上的九个钢枕及一号U型螺栓-3/三角上的四个钢枕及一号U型螺栓-1/一号U型螺栓单元-251
			/*	4:type	*/	U型螺栓单元\一号U型螺栓单元.SLDASM
			/*	4:location	*/	0.717845	2.26412E-16	-0.696203	0.0	-0.696203	-2.19585E-16	-0.717845	0.0	-3.15404E-16	1.0	-1.3312E-30	0.0	-0.501911	0.145264	-1.42267	1.0
			/*	4:child_number	*/	4
				/*	5:name	*/	用于双层的端构架钢枕和两个三角上的九个钢枕及一号U型螺栓-3/三角上的四个钢枕及一号U型螺栓-1/一号U型螺栓单元-251/螺母-2
				/*	5:type	*/	基本杆件\螺母.SLDPRT
				/*	5:location	*/	1.0	9.36209E-17	9.43465E-32	0.0	-1.98138E-17	1.0	-6.73895E-32	0.0	9.79095E-32	-6.32909E-32	1.0	0.0	0.0188503	-0.108956	0.159	1.0
				/*	5:child_number	*/	0
				/*	5:name	*/	用于双层的端构架钢枕和两个三角上的九个钢枕及一号U型螺栓-3/三角上的四个钢枕及一号U型螺栓-1/一号U型螺栓单元-251/螺母-1
				/*	5:type	*/	基本杆件\螺母.SLDPRT
				/*	5:location	*/	1.0	9.36209E-17	9.43465E-32	0.0	-1.98138E-17	1.0	-6.73895E-32	0.0	9.79095E-32	-6.32909E-32	1.0	0.0	0.0188503	0.0490441	0.159	1.0
				/*	5:child_number	*/	0
				/*	5:name	*/	用于双层的端构架钢枕和两个三角上的九个钢枕及一号U型螺栓-3/三角上的四个钢枕及一号U型螺栓-1/一号U型螺栓单元-251/一号U型螺栓垫片-1
				/*	5:type	*/	基本杆件\一号U型螺栓垫片.SLDPRT
				/*	5:location	*/	1.98138E-17	-1.0	6.73895E-32	0.0	1.0	9.36209E-17	9.43465E-32	0.0	9.79095E-32	-6.32909E-32	1.0	0.0	-0.0111497	0.0790441	0.143	1.0
				/*	5:child_number	*/	0
				/*	5:name	*/	用于双层的端构架钢枕和两个三角上的九个钢枕及一号U型螺栓-3/三角上的四个钢枕及一号U型螺栓-1/一号U型螺栓单元-251/一号U型螺栓-1
				/*	5:type	*/	基本杆件\一号U型螺栓.SLDPRT
				/*	5:location	*/	1.0	9.36209E-17	9.43465E-32	0.0	-1.98138E-17	1.0	-6.73895E-32	0.0	9.79095E-32	-6.32909E-32	1.0	0.0	0.0188503	-0.108956	-0.188	1.0
				/*	5:child_number	*/	0
			/*	4:name	*/	用于双层的端构架钢枕和两个三角上的九个钢枕及一号U型螺栓-3/三角上的四个钢枕及一号U型螺栓-1/一号U型螺栓单元-244
			/*	4:type	*/	U型螺栓单元\一号U型螺栓单元.SLDASM
			/*	4:location	*/	0.717845	2.26412E-16	-0.696203	0.0	-0.696203	-2.19585E-16	-0.717845	0.0	-3.15404E-16	1.0	-1.3312E-30	0.0	-0.951911	0.145264	-0.22267	1.0
			/*	4:child_number	*/	4
