/*		change from solidworks 2011		*/	

A型活动墩拼组
A型活动墩拼组.SLDASM
1.0	0.0	0.0	0.0	0.0	1.0	0.0	0.0	0.0	0.0	1.0	0.0	0.0	0.0	0.0	1.0
23

	A型活动墩8-5
	A型活动墩8.SLDASM
	-1.0	2.18575E-15	-1.2973E-15	0.0	2.19269E-15	1.0	-1.4161E-4	0.0	1.297E-15	-1.4161E-4	-1.0	0.0	4.20174	0.0612709	-0.0197736	1.0
	3

		A型活动墩8-5/P9-4
		P9.SLDPRT
		-1.0	-5.35523E-17	-1.23295E-17	0.0	5.35523E-17	-1.0	9.99228E-16	0.0	-1.23295E-17	9.99174E-16	1.0	0.0	-0.356595	1.02333	-0.3385	1.0
		0

		A型活动墩8-5/P9-3
		P9.SLDPRT
		-1.0	1.13185E-16	-1.69228E-16	0.0	-1.1994E-16	-1.0	-1.05468E-15	0.0	-1.69226E-16	-1.05479E-15	1.0	0.0	-0.356595	1.02333	0.1615	1.0
		0

		A型活动墩8-5/PA1-1
		PA1.SLDPRT
		1.22465E-16	2.71051E-20	-1.0	0.0	9.10243E-32	1.0	-2.71051E-20	0.0	1.0	8.02631E-32	1.22465E-16	0.0	-0.345095	0.99403	0.5015	1.0
		0

	A型活动墩1-1
	A型活动墩1.SLDASM
	1.0	0.0	0.0	0.0	0.0	1.0	0.0	0.0	0.0	0.0	1.0	0.0	-0.426569	0.061732	-0.0230057	1.0
	6

		A型活动墩1-1/P10-2
		P10.SLDPRT
		1.0	0.0	0.0	0.0	0.0	1.0	0.0	0.0	0.0	0.0	1.0	0.0	0.0214031	-0.13671	0.791552	1.0
		0

		A型活动墩1-1/P10-1
		P10.SLDPRT
		1.0	0.0	0.0	0.0	0.0	1.0	0.0	0.0	0.0	0.0	1.0	0.0	0.0214031	-0.13671	2.39155	1.0
		0

		A型活动墩1-1/垫梁P8-2
		垫梁P8.SLDPRT
		1.0	0.0	0.0	0.0	0.0	1.0	0.0	0.0	0.0	0.0	1.0	0.0	0.178903	0.0822896	-2.805	1.0
		0

		A型活动墩1-1/垫梁P8-1
		垫梁P8.SLDPRT
		1.0	0.0	0.0	0.0	0.0	1.0	0.0	0.0	0.0	0.0	1.0	0.0	-0.120097	0.0822896	-2.805	1.0
		0

		A型活动墩1-1/P10-4
		P10.SLDPRT
		1.0	0.0	0.0	0.0	0.0	1.0	0.0	0.0	0.0	0.0	1.0	0.0	0.0214031	-0.13671	-2.40845	1.0
		0

		A型活动墩1-1/P10-3
		P10.SLDPRT
		1.0	0.0	0.0	0.0	0.0	1.0	0.0	0.0	0.0	0.0	1.0	0.0	0.0214031	-0.13671	-0.808448	1.0
		0

	A型活动墩3-1
	A型活动墩3.SLDASM
	1.0	1.12299E-19	-1.37088E-23	0.0	-1.12299E-19	1.0	-1.4161E-4	0.0	-2.19379E-24	1.4161E-4	1.0	0.0	-0.427569	0.0612705	-0.0227736	1.0
	3

		A型活动墩3-1/P5-1
		P5.SLDPRT
		1.0	2.01192E-35	0.0	0.0	1.04138E-35	1.0	0.0	0.0	0.0	0.0	1.0	0.0	0.214903	0.22329	1.03	1.0
		0

		A型活动墩3-1/P4-3
		P4.SLDPRT
		0.837137	-0.546993	2.31315E-16	0.0	1.93635E-16	-1.26526E-16	-1.0	0.0	0.546993	0.837137	-1.35525E-20	0.0	3.50526	1.14684	0.972	1.0
		0

		A型活动墩3-1/P4-1
		P4.SLDPRT
		-0.837317	-0.546718	2.31301E-16	0.0	-1.93668E-16	-1.26445E-16	-1.0	0.0	0.546718	-0.837317	1.35525E-20	0.0	0.218616	2.53429	0.971	1.0
		0

	A型活动墩2-5
	A型活动墩2.SLDASM
	-1.0	-1.45634E-18	7.68185E-16	0.0	-1.34755E-18	1.0	1.4161E-4	0.0	-7.68185E-16	1.4161E-4	-1.0	0.0	0.114777	0.297286	-0.657475	1.0
	9

		A型活动墩2-5/P7-1
		P7.SLDPRT
		-1.0	-1.42052E-16	-9.50088E-17	0.0	-1.42052E-16	1.0	-8.71522E-15	0.0	9.50088E-17	-8.71528E-15	-1.0	0.0	0.276442	2.28736	0.435729	1.0
		0

		A型活动墩2-5/P1-2
		P1.SLDPRT
		-2.60209E-16	-1.4161E-4	1.0	0.0	3.6848E-20	-1.0	-1.4161E-4	0.0	1.0	-4.31914E-31	2.60209E-16	0.0	0.596442	-0.0974609	1.38552	1.0
		0

		A型活动墩2-5/p0-2
		p0.SLDPRT
		-2.40741E-35	-1.0	-2.71051E-20	0.0	-1.0	2.40741E-35	0.0	0.0	-9.86076E-32	-2.71051E-20	-1.0	0.0	0.286442	-0.0876365	0.290729	1.0
		0

		A型活动墩2-5/P2-7
		P2.SLDPRT
		1.0	1.22936E-16	3.97534E-16	0.0	3.7879E-16	-0.664388	-0.747388	0.0	1.72235E-16	0.747388	-0.664388	0.0	0.711442	0.218628	1.45138	1.0
		0

		A型活动墩2-5/P2-6
		P2.SLDPRT
		-1.0	1.22812E-16	-1.23735E-16	0.0	1.0597E-17	-0.665616	-0.746294	0.0	-1.74014E-16	-0.746294	0.665616	0.0	0.241442	2.65157	0.485774	1.0
		0

		A型活动墩2-5/P3-3
		P3.SLDPRT
		-1.0	3.3256E-18	-2.60209E-16	0.0	-3.37506E-18	-1.0	1.90092E-4	0.0	-2.60208E-16	1.90092E-4	1.0	0.0	0.276442	1.42934	0.435724	1.0
		0

		A型活动墩2-5/P2-5
		P2.SLDPRT
		-1.0	1.20568E-16	-1.21672E-16	0.0	1.08376E-17	-0.664364	-0.747409	0.0	-1.70948E-16	-0.747409	0.664364	0.0	0.241442	1.30312	0.487391	1.0
		0

		A型活动墩2-5/P2-8
		P2.SLDPRT
		1.0	3.07891E-16	1.38368E-16	0.0	3.07891E-16	-0.663941	-0.747785	0.0	-1.38368E-16	0.747785	-0.663941	0.0	0.711442	1.5686	1.45156	1.0
		0

		A型活动墩2-5/P3-4
		P3.SLDPRT
		1.0	-2.40741E-35	0.0	0.0	-2.15704E-32	-0.999988	0.00491079	0.0	-9.86076E-32	-0.00491079	-0.999988	0.0	0.676442	1.4297	1.4656	1.0
		0

	A型活动墩2-2-1
	A型活动墩2-2.SLDASM
	1.0	-5.28629E-17	-1.56585E-15	0.0	-2.99624E-16	0.974532	-0.224249	0.0	1.53783E-15	0.224249	0.974532	0.0	-2.15139	0.0473477	0.429876	1.0
	9

		A型活动墩2-2-1/P2-6
		P2.SLDPRT
		-1.0	8.84842E-17	-9.95097E-17	0.0	4.48104E-17	-0.480098	-0.877215	0.0	-1.25394E-16	-0.877215	0.480098	0.0	1.55372	2.67911	1.30258	1.0
		0

		A型活动墩2-2-1/P3-3
		P3.SLDPRT
		-1.0	3.3256E-18	-2.60209E-16	0.0	5.50261E-17	-0.974606	-0.223925	0.0	-2.54346E-16	-0.223925	0.974606	0.0	1.58872	1.49819	0.977983	1.0
		0

		A型活动墩2-2-1/P2-5
		P2.SLDPRT
		-1.0	8.68921E-17	-9.76856E-17	0.0	4.39935E-17	-0.479963	-0.877289	0.0	-1.23115E-16	-0.877289	0.479963	0.0	1.55372	1.3636	1.00005	1.0
		0

		A型活动墩2-2-1/P7-1
		P7.SLDPRT
		1.0	-1.44356E-16	-5.57791E-18	0.0	1.41934E-16	0.974564	0.224111	0.0	-2.69157E-17	-0.224111	0.974564	0.0	1.98872	2.36576	1.03384	1.0
		0

		A型活动墩2-2-1/P1-2
		P1.SLDPRT
		-2.53582E-16	-0.224249	0.974532	0.0	5.83514E-17	-0.974532	-0.224249	0.0	1.0	-2.46519E-31	2.60209E-16	0.0	1.90872	-0.202638	1.56144	1.0
		0

		A型活动墩2-2-1/p0-2
		p0.SLDPRT
		5.80647E-17	-0.974564	-0.224111	0.0	-1.0	-5.80544E-17	-6.63501E-18	0.0	-6.54438E-18	0.224111	-0.974564	0.0	1.59872	0.0522896	0.496705	1.0
		0

		A型活动墩2-2-1/P2-8
		P2.SLDPRT
		1.0	2.73838E-16	1.62337E-16	0.0	2.73838E-16	-0.479906	-0.87732	0.0	-1.62337E-16	0.87732	-0.479906	0.0	2.02372	1.40627	1.9992	1.0
		0

		A型活动墩2-2-1/P3-4
		P3.SLDPRT
		1.0	0.0	0.0	0.0	-6.59631E-32	-0.974606	-0.223925	0.0	0.0	0.223925	-0.974606	0.0	1.98872	1.26755	1.98183	1.0
		0

		A型活动墩2-2-1/P2-7
		P2.SLDPRT
		1.0	8.8719E-17	4.21585E-16	0.0	4.12452E-16	-0.479838	-0.877357	0.0	1.24455E-16	0.877357	-0.479838	0.0	2.02372	0.0906439	1.69646	1.0
		0

	A型活动墩1-2
	A型活动墩1.SLDASM
	1.0	0.0	0.0	0.0	0.0	1.0	0.0	0.0	0.0	0.0	1.0	0.0	4.07343	0.061732	-0.0230057	1.0
	6

		A型活动墩1-2/P10-2
		P10.SLDPRT
		1.0	0.0	0.0	0.0	0.0	1.0	0.0	0.0	0.0	0.0	1.0	0.0	0.0214031	-0.13671	0.791552	1.0
		0

		A型活动墩1-2/P10-1
		P10.SLDPRT
		1.0	0.0	0.0	0.0	0.0	1.0	0.0	0.0	0.0	0.0	1.0	0.0	0.0214031	-0.13671	2.39155	1.0
		0

		A型活动墩1-2/垫梁P8-2
		垫梁P8.SLDPRT
		1.0	0.0	0.0	0.0	0.0	1.0	0.0	0.0	0.0	0.0	1.0	0.0	0.178903	0.0822896	-2.805	1.0
		0

		A型活动墩1-2/垫梁P8-1
		垫梁P8.SLDPRT
		1.0	0.0	0.0	0.0	0.0	1.0	0.0	0.0	0.0	0.0	1.0	0.0	-0.120097	0.0822896	-2.805	1.0
		0

		A型活动墩1-2/P10-4
		P10.SLDPRT
		1.0	0.0	0.0	0.0	0.0	1.0	0.0	0.0	0.0	0.0	1.0	0.0	0.0214031	-0.13671	-2.40845	1.0
		0

		A型活动墩1-2/P10-3
		P10.SLDPRT
		1.0	0.0	0.0	0.0	0.0	1.0	0.0	0.0	0.0	0.0	1.0	0.0	0.0214031	-0.13671	-0.808448	1.0
		0

	P6-1
	P6.SLDPRT
	-1.81601E-15	-1.4161E-4	-1.0	0.0	1.12299E-19	-1.0	1.4161E-4	0.0	-1.0	1.44865E-19	1.81601E-15	0.0	1.88233	0.234698	0.952202	1.0
	0

	A型活动墩4-2
	A型活动墩4.SLDASM
	1.0	-6.6544E-15	-1.88312E-17	0.0	6.6544E-15	1.0	-1.4161E-4	0.0	1.9774E-17	1.4161E-4	1.0	0.0	-0.427569	0.0612705	-0.0227736	1.0
	5

		A型活动墩4-2/PB0-2
		PB0.SLDPRT
		1.19258E-16	2.71051E-20	1.0	0.0	3.59373E-31	1.0	0.0	0.0	-1.0	4.51173E-31	1.19258E-16	0.0	0.00990529	1.02333	-0.9705	1.0
		0

		A型活动墩4-2/PB1-1
		PB1.SLDPRT
		9.02056E-17	2.71051E-20	1.0	0.0	-1.0	-2.23321E-31	9.02056E-17	0.0	-3.59373E-31	-1.0	0.0	0.0	0.184905	1.05933	0.8175	1.0
		0

		A型活动墩4-2/PB1-7
		PB1.SLDPRT
		0.0	2.71051E-20	1.0	0.0	1.0	2.03678E-31	0.0	0.0	3.59373E-31	1.0	0.0	0.0	-0.0550947	0.47733	0.8175	1.0
		0

		A型活动墩4-2/PB1-6
		PB1.SLDPRT
		-2.77556E-16	-2.71051E-20	-1.0	0.0	-1.0	3.42731E-31	2.77556E-16	0.0	3.59373E-31	1.0	0.0	0.0	0.184905	0.47733	-0.8145	1.0
		0

		A型活动墩4-2/PB1-5
		PB1.SLDPRT
		0.0	-2.71051E-20	-1.0	0.0	1.0	2.03678E-31	0.0	0.0	-3.59373E-31	-1.0	0.0	0.0	-0.0550947	1.05933	-0.8145	1.0
		0

	A型活动墩4-1
	A型活动墩4.SLDASM
	1.0	-6.6544E-15	-1.88312E-17	0.0	6.6544E-15	1.0	-1.4161E-4	0.0	1.9774E-17	1.4161E-4	1.0	0.0	4.07243	0.0612705	-0.0227736	1.0
	5

		A型活动墩4-1/PB0-2
		PB0.SLDPRT
		1.19258E-16	2.71051E-20	1.0	0.0	3.59373E-31	1.0	0.0	0.0	-1.0	4.51173E-31	1.19258E-16	0.0	0.00990529	1.02333	-0.9705	1.0
		0

		A型活动墩4-1/PB1-1
		PB1.SLDPRT
		9.02056E-17	2.71051E-20	1.0	0.0	-1.0	-2.23321E-31	9.02056E-17	0.0	-3.59373E-31	-1.0	0.0	0.0	0.184905	1.05933	0.8175	1.0
		0

		A型活动墩4-1/PB1-7
		PB1.SLDPRT
		0.0	2.71051E-20	1.0	0.0	1.0	2.03678E-31	0.0	0.0	3.59373E-31	1.0	0.0	0.0	-0.0550947	0.47733	0.8175	1.0
		0

		A型活动墩4-1/PB1-6
		PB1.SLDPRT
		-2.77556E-16	-2.71051E-20	-1.0	0.0	-1.0	3.42731E-31	2.77556E-16	0.0	3.59373E-31	1.0	0.0	0.0	0.184905	0.47733	-0.8145	1.0
		0

		A型活动墩4-1/PB1-5
		PB1.SLDPRT
		0.0	-2.71051E-20	-1.0	0.0	1.0	2.03678E-31	0.0	0.0	-3.59373E-31	-1.0	0.0	0.0	-0.0550947	1.05933	-0.8145	1.0
		0

	A型活动墩6-1
	A型活动墩6.SLDASM
	-1.0	3.52802E-15	-3.8408E-16	0.0	3.52796E-15	1.0	1.4161E-4	0.0	3.8458E-16	1.4161E-4	-1.0	0.0	4.20324	0.0612705	-0.0232377	1.0
	3

		A型活动墩6-1/P11-1
		P11.SLDPRT
		1.0	2.65441E-31	0.0	0.0	-1.29001E-31	1.0	0.0	0.0	0.0	2.71051E-20	1.0	0.0	-0.445097	3.87329	-1.005	1.0
		0

		A型活动墩6-1/p12-1
		p12.SLDPRT
		-8.579E-15	-2.71051E-20	-1.0	0.0	-1.29001E-31	1.0	0.0	0.0	1.0	2.97171E-31	-8.579E-15	0.0	-0.275097	4.21329	1.1	1.0
		0

		A型活动墩6-1/P11-2
		P11.SLDPRT
		1.0	2.65441E-31	0.0	0.0	-1.29001E-31	1.0	0.0	0.0	0.0	2.71051E-20	1.0	0.0	-0.445097	3.87329	0.995	1.0
		0

	A型活动墩5-2
	A型活动墩5.SLDASM
	1.0	-2.20657E-15	2.775E-16	0.0	2.21351E-15	1.0	-1.4161E-4	0.0	-2.7719E-16	1.4161E-4	1.0	0.0	-0.427569	0.0612705	-0.0227736	1.0
	37

		A型活动墩5-2/PA0-3-12
		PA0-3.SLDPRT
		1.0	-2.77556E-17	-1.87181E-17	0.0	1.87181E-17	-1.34739E-16	1.0	0.0	-2.77556E-17	-1.0	-1.34793E-16	0.0	2.86491	1.49833	-0.2115	1.0
		0

		A型活动墩5-2/PA0-1
		PA0.SLDPRT
		1.0	-9.85474E-32	4.93038E-32	0.0	1.7198E-31	1.0	2.71051E-20	0.0	0.0	2.71051E-20	1.0	0.0	-0.485095	1.55333	-0.1685	1.0
		0

		A型活动墩5-2/PA0-3-5
		PA0-3.SLDPRT
		-1.0	2.07976E-31	5.55112E-17	0.0	-5.55112E-17	1.3604E-16	-1.0	0.0	-2.0974E-31	-1.0	-1.36094E-16	0.0	2.51491	1.49833	0.2145	1.0
		0

		A型活动墩5-2/PA0-3-4
		PA0-3.SLDPRT
		-1.0	2.07976E-31	5.55112E-17	0.0	-5.55112E-17	1.3604E-16	-1.0	0.0	-2.0974E-31	-1.0	-1.36094E-16	0.0	1.76491	1.49833	0.2145	1.0
		0

		A型活动墩5-2/PA0-3-3
		PA0-3.SLDPRT
		-1.0	2.07976E-31	5.55112E-17	0.0	-5.55112E-17	1.3604E-16	-1.0	0.0	-2.0974E-31	-1.0	-1.36094E-16	0.0	1.01491	1.49833	0.2145	1.0
		0

		A型活动墩5-2/PA0-3-2
		PA0-3.SLDPRT
		-1.0	2.07976E-31	5.55112E-17	0.0	-5.55112E-17	1.3604E-16	-1.0	0.0	-2.0974E-31	-1.0	-1.36094E-16	0.0	0.264905	1.49833	0.2145	1.0
		0

		A型活动墩5-2/PA0-3-1
		PA0-3.SLDPRT
		1.0	-2.77556E-17	-1.87181E-17	0.0	1.87181E-17	-1.34739E-16	1.0	0.0	-2.77556E-17	-1.0	-1.34793E-16	0.0	-0.135095	1.49833	-0.2115	1.0
		0

		A型活动墩5-2/PA0-2
		PA0.SLDPRT
		1.0	-9.85474E-32	4.93038E-32	0.0	1.7198E-31	1.0	2.71051E-20	0.0	0.0	2.71051E-20	1.0	0.0	-0.485095	1.55333	0.3315	1.0
		0

		A型活动墩5-2/PA0-3-9
		PA0-3.SLDPRT
		1.0	-2.77556E-17	-1.87181E-17	0.0	1.87181E-17	-1.34739E-16	1.0	0.0	-2.77556E-17	-1.0	-1.34793E-16	0.0	0.614905	1.49833	-0.2115	1.0
		0

		A型活动墩5-2/PA0-3-8
		PA0-3.SLDPRT
		-1.0	2.07976E-31	5.55112E-17	0.0	-5.55112E-17	1.3604E-16	-1.0	0.0	-2.0974E-31	-1.0	-1.36094E-16	0.0	4.76491	1.49833	0.2145	1.0
		0

		A型活动墩5-2/PA0-3-7
		PA0-3.SLDPRT
		-1.0	2.07976E-31	5.55112E-17	0.0	-5.55112E-17	1.3604E-16	-1.0	0.0	-2.0974E-31	-1.0	-1.36094E-16	0.0	4.01491	1.49833	0.2145	1.0
		0

		A型活动墩5-2/PA0-3-6
		PA0-3.SLDPRT
		-1.0	2.07976E-31	5.55112E-17	0.0	-5.55112E-17	1.3604E-16	-1.0	0.0	-2.0974E-31	-1.0	-1.36094E-16	0.0	3.26491	1.49833	0.2145	1.0
		0

		A型活动墩5-2/PA0-3-11
		PA0-3.SLDPRT
		1.0	-2.77556E-17	-1.87181E-17	0.0	1.87181E-17	-1.34739E-16	1.0	0.0	-2.77556E-17	-1.0	-1.34793E-16	0.0	2.11491	1.49833	-0.2115	1.0
		0

		A型活动墩5-2/PA0-3-10
		PA0-3.SLDPRT
		1.0	-2.77556E-17	-1.87181E-17	0.0	1.87181E-17	-1.34739E-16	1.0	0.0	-2.77556E-17	-1.0	-1.34793E-16	0.0	1.36491	1.49833	-0.2115	1.0
		0

		A型活动墩5-2/PB2-1
		PB2.SLDPRT
		1.22465E-16	1.01644E-17	-1.0	0.0	-1.21929E-16	1.0	1.02186E-17	0.0	1.0	1.21929E-16	1.22465E-16	0.0	-0.0200947	1.06333	0.2985	1.0
		0

		A型活动墩5-2/PA0-3-14
		PA0-3.SLDPRT
		1.0	-2.77556E-17	-1.87181E-17	0.0	1.87181E-17	-1.34739E-16	1.0	0.0	-2.77556E-17	-1.0	-1.34793E-16	0.0	4.36491	1.49833	-0.2115	1.0
		0

		A型活动墩5-2/PA0-3-13
		PA0-3.SLDPRT
		1.0	-2.77556E-17	-1.87181E-17	0.0	1.87181E-17	-1.34739E-16	1.0	0.0	-2.77556E-17	-1.0	-1.34793E-16	0.0	3.61491	1.49833	-0.2115	1.0
		0

		A型活动墩5-2/PA0-1-1
		PA0-1.SLDPRT
		-0.831301	-1.35525E-20	-0.555823	0.0	4.71712E-18	-1.0	3.11708E-18	0.0	-0.555823	3.95734E-18	0.831301	0.0	0.73094	1.43833	0.214664	1.0
		0

		A型活动墩5-2/PA0-2-1
		PA0-2.SLDPRT
		0.00285295	2.71051E-20	0.999996	0.0	-2.33251E-22	-1.0	-1.0842E-19	0.0	0.999996	-6.90009E-18	-0.00285295	0.0	0.819805	1.42833	-0.218514	1.0
		0

		A型活动墩5-2/PB2-2
		PB2.SLDPRT
		0.0	-1.58592E-16	1.0	0.0	-1.16282E-16	1.0	1.58646E-16	0.0	-1.0	-1.16282E-16	-4.93038E-32	0.0	0.149905	1.06333	-0.2955	1.0
		0

		A型活动墩5-2/PA0-2-3
		PA0-2.SLDPRT
		0.00285295	2.71051E-20	0.999996	0.0	-2.33251E-22	-1.0	-1.0842E-19	0.0	0.999996	-6.90009E-18	-0.00285295	0.0	1.56981	1.42833	-0.218514	1.0
		0

		A型活动墩5-2/PA0-2-2
		PA0-2.SLDPRT
		0.00285295	2.71051E-20	0.999996	0.0	-2.33251E-22	-1.0	-1.0842E-19	0.0	0.999996	-6.90009E-18	-0.00285295	0.0	0.0698054	1.42833	-0.218514	1.0
		0

		A型活动墩5-2/PA0-2-6
		PA0-2.SLDPRT
		0.00285295	2.71051E-20	0.999996	0.0	-2.33251E-22	-1.0	-1.0842E-19	0.0	0.999996	-6.90009E-18	-0.00285295	0.0	3.81981	1.42833	-0.218514	1.0
		0

		A型活动墩5-2/PA0-2-5
		PA0-2.SLDPRT
		0.00285295	2.71051E-20	0.999996	0.0	-2.33251E-22	-1.0	-1.0842E-19	0.0	0.999996	-6.90009E-18	-0.00285295	0.0	3.06981	1.42833	-0.218514	1.0
		0

		A型活动墩5-2/PA0-2-4
		PA0-2.SLDPRT
		0.00285295	2.71051E-20	0.999996	0.0	-2.33251E-22	-1.0	-1.0842E-19	0.0	0.999996	-6.90009E-18	-0.00285295	0.0	2.31981	1.42833	-0.218514	1.0
		0

		A型活动墩5-2/PA0-1-2
		PA0-1.SLDPRT
		-0.830742	4.06576E-20	0.556658	0.0	-1.7198E-31	-1.0	-2.71051E-20	0.0	0.556658	1.35525E-20	0.830742	0.0	1.49724	1.43833	-0.187306	1.0
		0

		A型活动墩5-2/PA0-2-7
		PA0-2.SLDPRT
		0.00285295	2.71051E-20	0.999996	0.0	-2.33251E-22	-1.0	-1.0842E-19	0.0	0.999996	-6.90009E-18	-0.00285295	0.0	4.56981	1.42833	-0.218514	1.0
		0

		A型活动墩5-2/PA0-1-4
		PA0-1.SLDPRT
		-0.830742	4.06576E-20	0.556658	0.0	-1.7198E-31	-1.0	-2.71051E-20	0.0	0.556658	1.35525E-20	0.830742	0.0	4.49724	1.43833	-0.187306	1.0
		0

		A型活动墩5-2/PA0-1-3
		PA0-1.SLDPRT
		-0.830742	4.06576E-20	0.556658	0.0	-1.7198E-31	-1.0	-2.71051E-20	0.0	0.556658	1.35525E-20	0.830742	0.0	2.99724	1.43833	-0.187306	1.0
		0

		A型活动墩5-2/PZ-1
		PZ.SLDPRT
		-1.0	-1.3174E-31	8.32667E-17	0.0	6.89962E-18	-1.0	-2.71051E-20	0.0	8.32692E-17	1.35525E-19	1.0	0.0	1.99241	1.60333	-0.1785	1.0
		0

		A型活动墩5-2/PB2-3
		PB2.SLDPRT
		0.0	-1.58592E-16	1.0	0.0	-1.16282E-16	1.0	1.58646E-16	0.0	-1.0	-1.16282E-16	-4.93038E-32	0.0	4.64991	1.06333	-0.2955	1.0
		0

		A型活动墩5-2/PA0-1-8
		PA0-1.SLDPRT
		-0.831301	-1.35525E-20	-0.555823	0.0	4.71712E-18	-1.0	3.11708E-18	0.0	-0.555823	3.95734E-18	0.831301	0.0	3.73094	1.43833	0.214664	1.0
		0

		A型活动墩5-2/PA0-1-7
		PA0-1.SLDPRT
		-0.831301	-1.35525E-20	-0.555823	0.0	4.71712E-18	-1.0	3.11708E-18	0.0	-0.555823	3.95734E-18	0.831301	0.0	2.23094	1.43833	0.214664	1.0
		0

		A型活动墩5-2/PZ-5
		PZ.SLDPRT
		-1.0	-1.3174E-31	8.32667E-17	0.0	6.89962E-18	-1.0	-2.71051E-20	0.0	8.32692E-17	1.35525E-19	1.0	0.0	3.49741	1.60333	-0.1785	1.0
		0

		A型活动墩5-2/PB2-4
		PB2.SLDPRT
		1.22465E-16	1.01644E-17	-1.0	0.0	-1.21929E-16	1.0	1.02186E-17	0.0	1.0	1.21929E-16	1.22465E-16	0.0	4.47991	1.06333	0.2985	1.0
		0

		A型活动墩5-2/PZ-7
		PZ.SLDPRT
		-1.0	-1.3174E-31	8.32667E-17	0.0	6.89962E-18	-1.0	-2.71051E-20	0.0	8.32692E-17	1.35525E-19	1.0	0.0	3.49741	1.60333	0.3215	1.0
		0

		A型活动墩5-2/PZ-6
		PZ.SLDPRT
		-1.0	-1.3174E-31	8.32667E-17	0.0	6.89962E-18	-1.0	-2.71051E-20	0.0	8.32692E-17	1.35525E-19	1.0	0.0	1.99241	1.60333	0.3215	1.0
		0

	A型活动墩3-3
	A型活动墩3.SLDASM
	-1.0	5.82011E-17	2.83675E-18	0.0	5.82015E-17	1.0	1.4161E-4	0.0	-2.8285E-18	1.4161E-4	-1.0	0.0	4.20324	0.0612705	-0.0232377	1.0
	3

		A型活动墩3-3/P5-1
		P5.SLDPRT
		1.0	9.60609E-33	0.0	0.0	9.60605E-33	1.0	0.0	0.0	7.70372E-34	2.71051E-20	1.0	0.0	0.214903	0.22329	1.03	1.0
		0

		A型活动墩3-3/P4-3
		P4.SLDPRT
		0.837137	-0.546993	2.31301E-16	0.0	1.93627E-16	-1.26553E-16	-1.0	0.0	0.546993	0.837137	0.0	0.0	3.50526	1.14684	0.972	1.0
		0

		A型活动墩3-3/P4-1
		P4.SLDPRT
		-0.837317	-0.546718	2.31301E-16	0.0	-1.93668E-16	-1.26472E-16	-1.0	0.0	0.546718	-0.837317	1.35525E-20	0.0	0.218616	2.53429	0.971	1.0
		0

	A型活动墩7-2
	A型活动墩7.SLDASM
	-1.0	1.0938E-15	8.89419E-15	0.0	1.0938E-15	1.0	-1.11022E-15	0.0	-8.89419E-15	-1.4988E-15	-1.0	0.0	4.20724	0.0648003	-0.0238544	1.0
	6

		A型活动墩7-2/导链1-1
		导链1.SLDPRT
		0.980747	-9.99201E-16	-0.195284	0.0	0.195284	4.85723E-16	0.980747	0.0	-8.85109E-16	-1.0	6.71499E-16	0.0	-0.291991	3.78717	0.564822	1.0
		0

		A型活动墩7-2/导链-1
		导链.SLDPRT
		-1.0	7.82287E-16	-7.21645E-16	0.0	-7.21645E-16	5.05131E-16	1.0	0.0	8.37798E-16	1.0	-5.05131E-16	0.0	-0.364288	0.988567	0.520211	1.0
		0

		A型活动墩7-2/导链2-1
		导链2.SLDPRT
		0.98491	-1.19199E-16	0.173069	0.0	-0.173069	4.4322E-16	0.98491	0.0	-1.94108E-16	-1.0	2.73242E-17	0.0	-0.343852	3.76362	0.599019	1.0
		0

		A型活动墩7-2/导链3-1
		导链3.SLDPRT
		0.999406	4.37757E-16	-0.0344725	0.0	-0.0344725	-5.25585E-16	-0.999406	0.0	-4.55615E-16	1.0	-1.21604E-16	0.0	-0.341312	2.75243	0.611632	1.0
		0

		A型活动墩7-2/P12圆盘-1
		P12圆盘.SLDPRT
		7.21645E-16	-6.27596E-16	-1.0	0.0	1.0	-4.72443E-16	7.21645E-16	0.0	-4.72443E-16	-1.0	6.27596E-16	0.0	-0.310097	3.77986	0.492935	1.0
		0

		A型活动墩7-2/P12挂环-1
		P12挂环.SLDPRT
		0.00255086	6.41103E-16	0.999997	0.0	-0.999997	5.48938E-16	0.00255086	0.0	-5.47301E-16	-1.0	2.53923E-16	0.0	-0.349911	3.83924	0.585884	1.0
		0

	A型活动墩7-1
	A型活动墩7.SLDASM
	1.0	0.0	0.0	0.0	0.0	1.0	0.0	0.0	0.0	0.0	1.0	0.0	4.89943	0.0650299	-0.0174652	1.0
	6

		A型活动墩7-1/导链1-1
		导链1.SLDPRT
		0.980747	-9.99201E-16	-0.195284	0.0	0.195284	4.85723E-16	0.980747	0.0	-8.85109E-16	-1.0	6.71499E-16	0.0	-0.291991	3.78717	0.564822	1.0
		0

		A型活动墩7-1/导链-1
		导链.SLDPRT
		-1.0	7.82287E-16	-7.21645E-16	0.0	-7.21645E-16	5.05131E-16	1.0	0.0	8.37798E-16	1.0	-5.05131E-16	0.0	-0.364288	0.988567	0.520211	1.0
		0

		A型活动墩7-1/导链2-1
		导链2.SLDPRT
		0.98491	-1.19199E-16	0.173069	0.0	-0.173069	4.4322E-16	0.98491	0.0	-1.94108E-16	-1.0	4.15902E-16	0.0	-0.343852	3.76362	0.599019	1.0
		0

		A型活动墩7-1/导链3-1
		导链3.SLDPRT
		0.999406	4.37757E-16	-0.0344725	0.0	-0.0344725	-5.25585E-16	-0.999406	0.0	-4.46043E-16	1.0	-5.14689E-16	0.0	-0.341312	2.75243	0.611632	1.0
		0

		A型活动墩7-1/P12圆盘-1
		P12圆盘.SLDPRT
		7.21645E-16	-6.27596E-16	-1.0	0.0	1.0	-4.72443E-16	7.21645E-16	0.0	-4.72443E-16	-1.0	6.27596E-16	0.0	-0.310097	3.77986	0.492935	1.0
		0

		A型活动墩7-1/P12挂环-1
		P12挂环.SLDPRT
		0.00255086	6.41103E-16	0.999997	0.0	-0.999997	5.48938E-16	0.00255086	0.0	-5.47301E-16	-1.0	6.42501E-16	0.0	-0.349911	3.83924	0.585884	1.0
		0

	A型活动墩6-2
	A型活动墩6.SLDASM
	1.0	1.12299E-19	-1.37088E-23	0.0	-1.12299E-19	1.0	-1.4161E-4	0.0	-2.19379E-24	1.4161E-4	1.0	0.0	-0.427569	0.0612705	-0.0227736	1.0
	3

		A型活动墩6-2/P11-1
		P11.SLDPRT
		1.0	1.96993E-35	0.0	0.0	9.30783E-36	1.0	-2.71051E-20	0.0	2.93874E-39	2.71051E-20	1.0	0.0	-0.445097	3.87329	-1.005	1.0
		0

		A型活动墩6-2/p12-1
		p12.SLDPRT
		-8.579E-15	-2.71051E-20	-1.0	0.0	9.30783E-36	1.0	-2.71051E-20	0.0	1.0	-1.92593E-34	-8.579E-15	0.0	-0.275097	4.21329	1.1	1.0
		0

		A型活动墩6-2/P11-2
		P11.SLDPRT
		1.0	1.96993E-35	0.0	0.0	9.30783E-36	1.0	-2.71051E-20	0.0	2.93874E-39	2.71051E-20	1.0	0.0	-0.445097	3.87329	0.995	1.0
		0

	A型活动墩8-4
	A型活动墩8.SLDASM
	1.0	-2.38698E-15	2.10538E-15	0.0	2.38728E-15	1.0	-1.4161E-4	0.0	-2.10504E-15	1.4161E-4	1.0	0.0	-0.427069	0.0612705	-0.0227736	1.0
	3

		A型活动墩8-4/P9-4
		P9.SLDPRT
		-1.0	-5.35523E-17	-1.23295E-17	0.0	5.35523E-17	-1.0	9.99228E-16	0.0	-1.23295E-17	9.99228E-16	1.0	0.0	-0.356595	1.02333	-0.3385	1.0
		0

		A型活动墩8-4/P9-3
		P9.SLDPRT
		-1.0	1.13185E-16	-1.69228E-16	0.0	-1.13185E-16	-1.0	-1.05471E-15	0.0	-1.69228E-16	-1.05471E-15	1.0	0.0	-0.356595	1.02333	0.1615	1.0
		0

		A型活动墩8-4/PA1-1
		PA1.SLDPRT
		1.22465E-16	-2.71051E-20	-1.0	0.0	-1.443E-31	1.0	-2.71051E-20	0.0	1.0	-3.91012E-31	1.22465E-16	0.0	-0.345095	0.99403	0.5015	1.0
		0

	A型活动墩7-4
	A型活动墩7.SLDASM
	1.0	0.0	0.0	0.0	0.0	1.0	0.0	0.0	0.0	0.0	1.0	0.0	-0.431573	0.0650299	-0.0174652	1.0
	6

		A型活动墩7-4/导链1-1
		导链1.SLDPRT
		0.980747	-9.99201E-16	-0.195284	0.0	0.195284	4.85723E-16	0.980747	0.0	-8.85109E-16	-1.0	6.71499E-16	0.0	-0.291991	3.78717	0.564822	1.0
		0

		A型活动墩7-4/导链-1
		导链.SLDPRT
		-1.0	7.82287E-16	-7.21645E-16	0.0	-7.21645E-16	5.05131E-16	1.0	0.0	8.37798E-16	1.0	-5.05131E-16	0.0	-0.364288	0.988567	0.520211	1.0
		0

		A型活动墩7-4/导链2-1
		导链2.SLDPRT
		0.98491	-1.19199E-16	0.173069	0.0	-0.173069	4.4322E-16	0.98491	0.0	-1.94108E-16	-1.0	4.15902E-16	0.0	-0.343852	3.76362	0.599019	1.0
		0

		A型活动墩7-4/导链3-1
		导链3.SLDPRT
		0.999406	4.37757E-16	-0.0344725	0.0	-0.0344725	-5.25585E-16	-0.999406	0.0	-4.46043E-16	1.0	-5.14689E-16	0.0	-0.341312	2.75243	0.611632	1.0
		0

		A型活动墩7-4/P12圆盘-1
		P12圆盘.SLDPRT
		7.21645E-16	-6.27596E-16	-1.0	0.0	1.0	-4.72443E-16	7.21645E-16	0.0	-4.72443E-16	-1.0	6.27596E-16	0.0	-0.310097	3.77986	0.492935	1.0
		0

		A型活动墩7-4/P12挂环-1
		P12挂环.SLDPRT
		0.00255086	6.41103E-16	0.999997	0.0	-0.999997	5.48938E-16	0.00255086	0.0	-5.47301E-16	-1.0	6.42501E-16	0.0	-0.349911	3.83924	0.585884	1.0
		0

	A型活动墩7-3
	A型活动墩7.SLDASM
	-1.0	1.0938E-15	8.89419E-15	0.0	1.0938E-15	1.0	-1.11022E-15	0.0	-8.89419E-15	-1.4988E-15	-1.0	0.0	-1.12376	0.0648003	-0.0238544	1.0
	6

		A型活动墩7-3/导链1-1
		导链1.SLDPRT
		0.980747	-9.99201E-16	-0.195284	0.0	0.195284	4.85723E-16	0.980747	0.0	-8.85109E-16	-1.0	6.71499E-16	0.0	-0.291991	3.78717	0.564822	1.0
		0

		A型活动墩7-3/导链-1
		导链.SLDPRT
		-1.0	7.82287E-16	-7.21645E-16	0.0	-7.21645E-16	5.05131E-16	1.0	0.0	8.37798E-16	1.0	-5.05131E-16	0.0	-0.364288	0.988567	0.520211	1.0
		0

		A型活动墩7-3/导链2-1
		导链2.SLDPRT
		0.98491	-1.19199E-16	0.173069	0.0	-0.173069	4.4322E-16	0.98491	0.0	-1.94108E-16	-1.0	2.73242E-17	0.0	-0.343852	3.76362	0.599019	1.0
		0

		A型活动墩7-3/导链3-1
		导链3.SLDPRT
		0.999406	4.37757E-16	-0.0344725	0.0	-0.0344725	-5.25585E-16	-0.999406	0.0	-4.55615E-16	1.0	-1.21604E-16	0.0	-0.341312	2.75243	0.611632	1.0
		0

		A型活动墩7-3/P12圆盘-1
		P12圆盘.SLDPRT
		7.21645E-16	-6.27596E-16	-1.0	0.0	1.0	-4.72443E-16	7.21645E-16	0.0	-4.72443E-16	-1.0	6.27596E-16	0.0	-0.310097	3.77986	0.492935	1.0
		0

		A型活动墩7-3/P12挂环-1
		P12挂环.SLDPRT
		0.00255086	6.41103E-16	0.999997	0.0	-0.999997	5.48938E-16	0.00255086	0.0	-5.47301E-16	-1.0	2.53923E-16	0.0	-0.349911	3.83924	0.585884	1.0
		0

	内垫木-1
	内垫木.SLDASM
	1.0	0.0	0.0	0.0	0.0	-3.63723E-16	-1.0	0.0	0.0	1.0	-3.63723E-16	0.0	4.23091	0.351997	0.44192	1.0
	3

		内垫木-1/内垫木钢板-1
		内垫木钢板.SLDPRT
		1.0	0.0	0.0	0.0	0.0	-3.63723E-16	1.0	0.0	0.0	-1.0	-3.63723E-16	0.0	-0.430114	-0.204542	0.161975	1.0
		0

		内垫木-1/内垫木-1
		内垫木.SLDPRT
		1.0	0.0	0.0	0.0	0.0	1.0	0.0	0.0	0.0	0.0	1.0	0.0	-0.69308	0.0933581	0.105293	1.0
		0

		内垫木-1/内垫木钢板-2
		内垫木钢板.SLDPRT
		1.0	0.0	0.0	0.0	0.0	-3.63723E-16	1.0	0.0	0.0	-1.0	-3.63723E-16	0.0	-0.430114	-0.204542	0.182225	1.0
		0

	A型活动墩2-2-7
	A型活动墩2-2.SLDASM
	-1.0	-1.32743E-16	1.33227E-15	0.0	1.59595E-16	0.974532	0.224249	0.0	-1.33227E-15	0.224249	-0.974532	0.0	5.92706	0.0473477	-0.475887	1.0
	9

		A型活动墩2-2-7/P2-6
		P2.SLDPRT
		-1.0	8.84842E-17	-9.95097E-17	0.0	4.48104E-17	-0.480098	-0.877215	0.0	-1.25394E-16	-0.877215	0.480098	0.0	1.55372	2.67911	1.30258	1.0
		0

		A型活动墩2-2-7/P3-3
		P3.SLDPRT
		-1.0	3.3256E-18	-2.60209E-16	0.0	6.55118E-17	-0.974606	-0.223925	0.0	-2.56208E-16	-0.223925	0.974606	0.0	1.58872	1.49819	0.977983	1.0
		0

		A型活动墩2-2-7/P2-5
		P2.SLDPRT
		-1.0	8.68921E-17	-9.76856E-17	0.0	4.39935E-17	-0.479963	-0.877289	0.0	-1.23115E-16	-0.877289	0.479963	0.0	1.55372	1.3636	1.00005	1.0
		0

		A型活动墩2-2-7/P7-1
		P7.SLDPRT
		1.0	-1.44356E-16	-5.57791E-18	0.0	1.41934E-16	0.974564	0.224111	0.0	-2.69157E-17	-0.224111	0.974564	0.0	1.98872	2.36576	1.03384	1.0
		0

		A型活动墩2-2-7/P1-2
		P1.SLDPRT
		-2.53582E-16	-0.224249	0.974532	0.0	5.83514E-17	-0.974532	-0.224249	0.0	1.0	-2.46519E-31	2.60209E-16	0.0	1.90872	-0.202638	1.56144	1.0
		0

		A型活动墩2-2-7/p0-2
		p0.SLDPRT
		5.80647E-17	-0.974564	-0.224111	0.0	-1.0	-5.80544E-17	-6.63501E-18	0.0	-6.54438E-18	0.224111	-0.974564	0.0	1.59872	0.0522896	0.496705	1.0
		0

		A型活动墩2-2-7/P2-8
		P2.SLDPRT
		1.0	2.73838E-16	1.62337E-16	0.0	2.73838E-16	-0.479906	-0.87732	0.0	-1.62337E-16	0.87732	-0.479906	0.0	2.02372	1.40627	1.9992	1.0
		0

		A型活动墩2-2-7/P3-4
		P3.SLDPRT
		1.0	4.93038E-32	1.97215E-31	0.0	-2.61926E-32	-0.974606	-0.223925	0.0	0.0	0.223925	-0.974606	0.0	1.98872	1.26755	1.98183	1.0
		0

		A型活动墩2-2-7/P2-7
		P2.SLDPRT
		1.0	8.8719E-17	4.21585E-16	0.0	4.12452E-16	-0.479838	-0.877357	0.0	1.24455E-16	0.877357	-0.479838	0.0	2.02372	0.0906439	1.69646	1.0
		0

	A型活动墩2-6
	A型活动墩2.SLDASM
	1.0	-3.6848E-20	-3.21103E-27	0.0	3.6848E-20	1.0	-1.4161E-4	0.0	5.22125E-24	1.4161E-4	1.0	0.0	3.66089	0.297286	0.611464	1.0
	9

		A型活动墩2-6/P7-1
		P7.SLDPRT
		-1.0	-1.42052E-16	-9.50088E-17	0.0	-1.42052E-16	1.0	-8.71522E-15	0.0	9.50088E-17	-8.71522E-15	-1.0	0.0	0.276442	2.28736	0.435729	1.0
		0

		A型活动墩2-6/P1-2
		P1.SLDPRT
		-2.60209E-16	-1.4161E-4	1.0	0.0	3.6848E-20	-1.0	-1.4161E-4	0.0	1.0	-4.54273E-31	2.60209E-16	0.0	0.596442	-0.0974609	1.38552	1.0
		0

		A型活动墩2-6/p0-2
		p0.SLDPRT
		3.74201E-36	-1.0	2.71051E-20	0.0	-1.0	5.17047E-36	-5.38457E-40	0.0	1.25628E-39	-2.71051E-20	-1.0	0.0	0.286442	-0.0876365	0.290729	1.0
		0

		A型活动墩2-6/P2-7
		P2.SLDPRT
		1.0	1.22936E-16	3.97534E-16	0.0	3.7879E-16	-0.664388	-0.747388	0.0	1.72235E-16	0.747388	-0.664388	0.0	0.711442	0.218628	1.45138	1.0
		0

		A型活动墩2-6/P2-6
		P2.SLDPRT
		-1.0	1.22812E-16	-1.23735E-16	0.0	1.0597E-17	-0.665616	-0.746294	0.0	-1.74014E-16	-0.746294	0.665616	0.0	0.241442	2.65157	0.485774	1.0
		0

		A型活动墩2-6/P3-3
		P3.SLDPRT
		-1.0	3.3256E-18	-2.60209E-16	0.0	-3.37506E-18	-1.0	1.90092E-4	0.0	-2.60208E-16	1.90092E-4	1.0	0.0	0.276442	1.42934	0.435724	1.0
		0

		A型活动墩2-6/P2-5
		P2.SLDPRT
		-1.0	1.20568E-16	-1.21672E-16	0.0	1.08376E-17	-0.664364	-0.747409	0.0	-1.70948E-16	-0.747409	0.664364	0.0	0.241442	1.30312	0.487391	1.0
		0

		A型活动墩2-6/P2-8
		P2.SLDPRT
		1.0	3.07891E-16	1.38368E-16	0.0	3.07891E-16	-0.663941	-0.747785	0.0	-1.38368E-16	0.747785	-0.663941	0.0	0.711442	1.5686	1.45156	1.0
		0

		A型活动墩2-6/P3-4
		P3.SLDPRT
		1.0	-5.17047E-36	5.38457E-40	0.0	7.933E-36	-0.999988	0.00491079	0.0	3.69943E-38	-0.00491079	-0.999988	0.0	0.676442	1.4297	1.4656	1.0
		0

	内垫木-6
	内垫木.SLDASM
	1.0	0.0	0.0	0.0	0.0	-3.63723E-16	-1.0	0.0	0.0	1.0	-3.63723E-16	0.0	-0.269086	0.351997	0.44192	1.0
	3

		内垫木-6/内垫木钢板-1
		内垫木钢板.SLDPRT
		1.0	0.0	0.0	0.0	0.0	-3.63723E-16	1.0	0.0	0.0	-1.0	-3.63723E-16	0.0	-0.430114	-0.204542	0.161975	1.0
		0

		内垫木-6/内垫木-1
		内垫木.SLDPRT
		1.0	0.0	0.0	0.0	0.0	1.0	0.0	0.0	0.0	0.0	1.0	0.0	-0.69308	0.0933581	0.105293	1.0
		0

		内垫木-6/内垫木钢板-2
		内垫木钢板.SLDPRT
		1.0	0.0	0.0	0.0	0.0	-3.63723E-16	1.0	0.0	0.0	-1.0	-3.63723E-16	0.0	-0.430114	-0.204542	0.182225	1.0
		0

	A型活动墩拼组垫木-1
	A型活动墩拼组垫木.SLDASM
	1.0	0.0	0.0	0.0	0.0	1.0	0.0	0.0	0.0	0.0	1.0	0.0	-0.7565	0.0	-8.88178E-16	1.0
	24

		A型活动墩拼组垫木-1/垫木-33
		垫木.SLDPRT
		1.0	0.0	0.0	0.0	0.0	1.0	0.0	0.0	0.0	0.0	1.0	0.0	3.58783	-0.011054	-0.694687	1.0
		0

		A型活动墩拼组垫木-1/垫木-25
		垫木.SLDPRT
		1.0	0.0	0.0	0.0	0.0	1.0	0.0	0.0	0.0	0.0	1.0	0.0	3.58783	-0.011054	1.34531	1.0
		0

		A型活动墩拼组垫木-1/垫木-23
		垫木.SLDPRT
		1.0	0.0	0.0	0.0	0.0	1.0	0.0	0.0	0.0	0.0	1.0	0.0	3.58783	-0.011054	1.85531	1.0
		0

		A型活动墩拼组垫木-1/垫木-10
		垫木.SLDPRT
		1.0	0.0	0.0	0.0	0.0	1.0	0.0	0.0	0.0	0.0	1.0	0.0	3.58783	-0.011054	2.36531	1.0
		0

		A型活动墩拼组垫木-1/垫木-9
		垫木.SLDPRT
		1.0	0.0	0.0	0.0	0.0	1.0	0.0	0.0	0.0	0.0	1.0	0.0	3.58783	-0.011054	2.87531	1.0
		0

		A型活动墩拼组垫木-1/垫木-31
		垫木.SLDPRT
		1.0	0.0	0.0	0.0	0.0	1.0	0.0	0.0	0.0	0.0	1.0	0.0	3.58783	-0.011054	-0.184687	1.0
		0

		A型活动墩拼组垫木-1/垫木-29
		垫木.SLDPRT
		1.0	0.0	0.0	0.0	0.0	1.0	0.0	0.0	0.0	0.0	1.0	0.0	3.58783	-0.011054	0.325313	1.0
		0

		A型活动墩拼组垫木-1/垫木-27
		垫木.SLDPRT
		1.0	0.0	0.0	0.0	0.0	1.0	0.0	0.0	0.0	0.0	1.0	0.0	3.58783	-0.011054	0.835313	1.0
		0

		A型活动墩拼组垫木-1/垫木-37
		垫木.SLDPRT
		1.0	0.0	0.0	0.0	0.0	1.0	0.0	0.0	0.0	0.0	1.0	0.0	3.58783	-0.011054	-1.71469	1.0
		0

		A型活动墩拼组垫木-1/垫木-35
		垫木.SLDPRT
		1.0	0.0	0.0	0.0	0.0	1.0	0.0	0.0	0.0	0.0	1.0	0.0	3.58783	-0.011054	-1.20469	1.0
		0

		A型活动墩拼组垫木-1/垫木-43
		垫木.SLDPRT
		1.0	0.0	0.0	0.0	0.0	1.0	0.0	0.0	0.0	0.0	1.0	0.0	-0.912166	-0.011054	2.87531	1.0
		0

		A型活动墩拼组垫木-1/垫木-41
		垫木.SLDPRT
		1.0	0.0	0.0	0.0	0.0	1.0	0.0	0.0	0.0	0.0	1.0	0.0	3.58783	-0.011054	-2.73469	1.0
		0

		A型活动墩拼组垫木-1/垫木-39
		垫木.SLDPRT
		1.0	0.0	0.0	0.0	0.0	1.0	0.0	0.0	0.0	0.0	1.0	0.0	3.58783	-0.011054	-2.22469	1.0
		0

		A型活动墩拼组垫木-1/垫木-24
		垫木.SLDPRT
		1.0	0.0	0.0	0.0	0.0	1.0	0.0	0.0	0.0	0.0	1.0	0.0	-0.912166	-0.011054	1.85531	1.0
		0

		A型活动墩拼组垫木-1/垫木-22
		垫木.SLDPRT
		1.0	0.0	0.0	0.0	0.0	1.0	0.0	0.0	0.0	0.0	1.0	0.0	-0.912166	-0.011054	2.36531	1.0
		0

		A型活动墩拼组垫木-1/垫木-28
		垫木.SLDPRT
		1.0	0.0	0.0	0.0	0.0	1.0	0.0	0.0	0.0	0.0	1.0	0.0	-0.912166	-0.011054	0.835313	1.0
		0

		A型活动墩拼组垫木-1/垫木-26
		垫木.SLDPRT
		1.0	0.0	0.0	0.0	0.0	1.0	0.0	0.0	0.0	0.0	1.0	0.0	-0.912166	-0.011054	1.34531	1.0
		0

		A型活动墩拼组垫木-1/垫木-34
		垫木.SLDPRT
		1.0	0.0	0.0	0.0	0.0	1.0	0.0	0.0	0.0	0.0	1.0	0.0	-0.912166	-0.011054	-0.694687	1.0
		0

		A型活动墩拼组垫木-1/垫木-32
		垫木.SLDPRT
		1.0	0.0	0.0	0.0	0.0	1.0	0.0	0.0	0.0	0.0	1.0	0.0	-0.912166	-0.011054	-0.184687	1.0
		0

		A型活动墩拼组垫木-1/垫木-30
		垫木.SLDPRT
		1.0	0.0	0.0	0.0	0.0	1.0	0.0	0.0	0.0	0.0	1.0	0.0	-0.912166	-0.011054	0.325313	1.0
		0

		A型活动墩拼组垫木-1/垫木-38
		垫木.SLDPRT
		1.0	0.0	0.0	0.0	0.0	1.0	0.0	0.0	0.0	0.0	1.0	0.0	-0.912166	-0.011054	-1.71469	1.0
		0

		A型活动墩拼组垫木-1/垫木-36
		垫木.SLDPRT
		1.0	0.0	0.0	0.0	0.0	1.0	0.0	0.0	0.0	0.0	1.0	0.0	-0.912166	-0.011054	-1.20469	1.0
		0

		A型活动墩拼组垫木-1/垫木-42
		垫木.SLDPRT
		1.0	0.0	0.0	0.0	0.0	1.0	0.0	0.0	0.0	0.0	1.0	0.0	-0.912166	-0.011054	-2.73469	1.0
		0

		A型活动墩拼组垫木-1/垫木-40
		垫木.SLDPRT
		1.0	0.0	0.0	0.0	0.0	1.0	0.0	0.0	0.0	0.0	1.0	0.0	-0.912166	-0.011054	-2.22469	1.0
		0
