/*	1:name	*/	иоЁпй╫57.0Mа╨_сЦ╦╧й╫
/*	1:type	*/	иоЁпй╫а╨\сЦ╦╧й╫\иоЁпй╫57.0Mа╨_сЦ╦╧й╫.SLDASM
/*	1:location	*/	1.0	0.0	0.0	0.0	0.0	1.0	0.0	0.0	0.0	0.0	1.0	0.0	0.0	0.0	0.0	1.0
/*	1:child_number	*/	3
	/*	2:name	*/	48M~49M,56M~57M,64MсЦ╦╧й╫(ср╤к)-1
	/*	2:type	*/	иоЁпй╫а╨\╧╚╧╡вИ╪Ч\а╨╤к\сЦ╦╧й╫а╨╤к\48M~49M,56M~57M,64MсЦ╦╧й╫(ср╤к).SLDASM
	/*	2:location	*/	-1.0	-1.00177E-15	1.14401E-15	0.0	-1.00177E-15	1.0	1.21325E-12	0.0	-1.14401E-15	1.21325E-12	-1.0	0.0	-2.14982	2.5377	-24.235	1.0
	/*	2:child_number	*/	14
		/*	3:name	*/	48M~49M,56M~57M,64MсЦ╦╧й╫(ср╤к)-1/40MсЦ╦╧й╫а╨╤к(ср╣╔ф╛)(X3,вСсрF1)-1
		/*	3:type	*/	иоЁпй╫а╨\╧╚╧╡вИ╪Ч\а╨╤к\сЦ╦╧й╫а╨╤к\сЦ╦╧й╫╡©╪Ч\40MсЦ╦╧й╫а╨╤к(ср╣╔ф╛)(X3,вСсрF1).SLDASM
		/*	3:location	*/	1.0	-2.77574E-32	0.0	0.0	-2.77574E-32	1.0	0.0	0.0	0.0	0.0	1.0	0.0	0.59931	1.93014	-0.245	1.0
		/*	3:child_number	*/	21
			/*	4:name	*/	48M~49M,56M~57M,64MсЦ╦╧й╫(ср╤к)-1/40MсЦ╦╧й╫а╨╤к(ср╣╔ф╛)(X3,вСсрF1)-1/1f(срдзB1)-1
			/*	4:type	*/	иоЁпй╫а╨\╧╚╧╡вИ╪Ч\а╨╤к\сЦ╦╧й╫а╨╤к\╢Ьбщк╗аЦ╪Ч\1f(срдзB1).SLDASM
			/*	4:location	*/	8.32339E-17	-1.66533E-16	1.0	0.0	-4.07038E-16	1.0	1.66533E-16	0.0	-1.0	-4.07038E-16	8.32339E-17	0.0	-0.237129	-0.144071	-0.00921482	1.0
			/*	4:child_number	*/	11
				/*	5:name	*/	48M~49M,56M~57M,64MсЦ╦╧й╫(ср╤к)-1/40MсЦ╦╧й╫а╨╤к(ср╣╔ф╛)(X3,вСсрF1)-1/1f(срдзB1)-1/B1_╫з╣Ц╟Е-1
				/*	5:type	*/	аЦ╪Ч\B1_╫з╣Ц╟Е.SLDPRT
				/*	5:location	*/	1.0	0.0	0.0	0.0	0.0	1.0	2.54339E-32	0.0	0.0	2.54339E-32	1.0	0.0	-0.379111	-0.0537732	-0.008	1.0
				/*	5:child_number	*/	0
				/*	5:name	*/	48M~49M,56M~57M,64MсЦ╦╧й╫(ср╤к)-1/40MсЦ╦╧й╫а╨╤к(ср╣╔ф╛)(X3,вСсрF1)-1/1f(срдзB1)-1/LS2_2╨ебщк╗-10
				/*	5:type	*/	аЦ╪Ч\LS2_2╨ебщк╗.SLDPRT
				/*	5:location	*/	0.997812	0.066117	1.97215E-31	0.0	0.066117	-0.997812	6.16298E-32	0.0	0.0	-2.54339E-32	-1.0	0.0	0.341974	-0.169817	0.027	1.0
				/*	5:child_number	*/	0
				/*	5:name	*/	48M~49M,56M~57M,64MсЦ╦╧й╫(ср╤к)-1/40MсЦ╦╧й╫а╨╤к(ср╣╔ф╛)(X3,вСсрF1)-1/1f(срдзB1)-1/LS2_2╨ебщк╗-11
				/*	5:type	*/	аЦ╪Ч\LS2_2╨ебщк╗.SLDPRT
				/*	5:location	*/	0.997812	0.066117	1.97215E-31	0.0	0.066117	-0.997812	-2.46519E-32	0.0	0.0	-2.54339E-32	-1.0	0.0	0.260648	-0.081578	0.027	1.0
				/*	5:child_number	*/	0
				/*	5:name	*/	48M~49M,56M~57M,64MсЦ╦╧й╫(ср╤к)-1/40MсЦ╦╧й╫а╨╤к(ср╣╔ф╛)(X3,вСсрF1)-1/1f(срдзB1)-1/LS3_3╨ебщк╗-1
				/*	5:type	*/	аЦ╪Ч\LS3_3╨ебщк╗.SLDPRT
				/*	5:location	*/	0.997812	0.066117	1.97215E-31	0.0	0.066117	-0.997812	6.16298E-32	0.0	0.0	-2.54339E-32	-1.0	0.0	-0.250785	0.286227	0.027	1.0
				/*	5:child_number	*/	0
				/*	5:name	*/	48M~49M,56M~57M,64MсЦ╦╧й╫(ср╤к)-1/40MсЦ╦╧й╫а╨╤к(ср╣╔ф╛)(X3,вСсрF1)-1/1f(срдзB1)-1/LS3_3╨ебщк╗-2
				/*	5:type	*/	аЦ╪Ч\LS3_3╨ебщк╗.SLDPRT
				/*	5:location	*/	0.997812	0.066117	1.97215E-31	0.0	0.066117	-0.997812	6.16298E-32	0.0	0.0	-2.54339E-32	-1.0	0.0	-0.250785	0.0962268	0.027	1.0
				/*	5:child_number	*/	0
				/*	5:name	*/	48M~49M,56M~57M,64MсЦ╦╧й╫(ср╤к)-1/40MсЦ╦╧й╫а╨╤к(ср╣╔ф╛)(X3,вСсрF1)-1/1f(срдзB1)-1/LS3_3╨ебщк╗-3
				/*	5:type	*/	аЦ╪Ч\LS3_3╨ебщк╗.SLDPRT
				/*	5:location	*/	0.997812	0.066117	1.97215E-31	0.0	0.066117	-0.997812	6.16298E-32	0.0	0.0	-2.54339E-32	-1.0	0.0	-0.150785	0.286227	0.027	1.0
				/*	5:child_number	*/	0
				/*	5:name	*/	48M~49M,56M~57M,64MсЦ╦╧й╫(ср╤к)-1/40MсЦ╦╧й╫а╨╤к(ср╣╔ф╛)(X3,вСсрF1)-1/1f(срдзB1)-1/LS3_3╨ебщк╗-4
				/*	5:type	*/	аЦ╪Ч\LS3_3╨ебщк╗.SLDPRT
				/*	5:location	*/	0.997812	0.066117	1.97215E-31	0.0	0.066117	-0.997812	6.16298E-32	0.0	0.0	-2.54339E-32	-1.0	0.0	-0.150785	0.0962268	0.027	1.0
				/*	5:child_number	*/	0
				/*	5:name	*/	48M~49M,56M~57M,64MсЦ╦╧й╫(ср╤к)-1/40MсЦ╦╧й╫а╨╤к(ср╣╔ф╛)(X3,вСсрF1)-1/1f(срдзB1)-1/LS3_3╨ебщк╗-5
				/*	5:type	*/	аЦ╪Ч\LS3_3╨ебщк╗.SLDPRT
				/*	5:location	*/	0.997812	0.066117	1.97215E-31	0.0	0.066117	-0.997812	6.16298E-32	0.0	0.0	-2.54339E-32	-1.0	0.0	0.269215	0.0962268	0.027	1.0
				/*	5:child_number	*/	0
				/*	5:name	*/	48M~49M,56M~57M,64MсЦ╦╧й╫(ср╤к)-1/40MсЦ╦╧й╫а╨╤к(ср╣╔ф╛)(X3,вСсрF1)-1/1f(срдзB1)-1/LS3_3╨ебщк╗-6
				/*	5:type	*/	аЦ╪Ч\LS3_3╨ебщк╗.SLDPRT
				/*	5:location	*/	0.997812	0.066117	1.97215E-31	0.0	0.066117	-0.997812	6.16298E-32	0.0	0.0	-2.54339E-32	-1.0	0.0	0.169215	0.0962268	0.027	1.0
				/*	5:child_number	*/	0
				/*	5:name	*/	48M~49M,56M~57M,64MсЦ╦╧й╫(ср╤к)-1/40MсЦ╦╧й╫а╨╤к(ср╣╔ф╛)(X3,вСсрF1)-1/1f(срдзB1)-1/LS3_3╨ебщк╗-7
				/*	5:type	*/	аЦ╪Ч\LS3_3╨ебщк╗.SLDPRT
				/*	5:location	*/	0.997812	0.066117	1.97215E-31	0.0	0.066117	-0.997812	6.16298E-32	0.0	0.0	-2.54339E-32	-1.0	0.0	0.269215	0.286227	0.027	1.0
				/*	5:child_number	*/	0
				/*	5:name	*/	48M~49M,56M~57M,64MсЦ╦╧й╫(ср╤к)-1/40MсЦ╦╧й╫а╨╤к(ср╣╔ф╛)(X3,вСсрF1)-1/1f(срдзB1)-1/LS3_3╨ебщк╗-8
				/*	5:type	*/	аЦ╪Ч\LS3_3╨ебщк╗.SLDPRT
				/*	5:location	*/	0.997812	0.066117	1.97215E-31	0.0	0.066117	-0.997812	6.16298E-32	0.0	0.0	-2.54339E-32	-1.0	0.0	0.169215	0.286227	0.027	1.0
				/*	5:child_number	*/	0
			/*	4:name	*/	48M~49M,56M~57M,64MсЦ╦╧й╫(ср╤к)-1/40MсЦ╦╧й╫а╨╤к(ср╣╔ф╛)(X3,вСсрF1)-1/1f(срмБB1)-1
			/*	4:type	*/	иоЁпй╫а╨\╧╚╧╡вИ╪Ч\а╨╤к\сЦ╦╧й╫а╨╤к\╢Ьбщк╗аЦ╪Ч\1f(срмБB1).SLDASM
			/*	4:location	*/	-1.97215E-31	-3.88578E-16	-1.0	0.0	-3.17207E-16	1.0	-3.88578E-16	0.0	1.0	3.17207E-16	-1.97215E-31	0.0	0.158871	-0.161083	-0.102781	1.0
			/*	4:child_number	*/	21
				/*	5:name	*/	48M~49M,56M~57M,64MсЦ╦╧й╫(ср╤к)-1/40MсЦ╦╧й╫а╨╤к(ср╣╔ф╛)(X3,вСсрF1)-1/1f(срмБB1)-1/B1_╫з╣Ц╟Е-1
				/*	5:type	*/	аЦ╪Ч\B1_╫з╣Ц╟Е.SLDPRT
				/*	5:location	*/	1.0	0.0	0.0	0.0	0.0	1.0	2.23497E-32	0.0	0.0	2.23497E-32	1.0	0.0	-0.491106	-0.0367613	-0.008	1.0
				/*	5:child_number	*/	0
				/*	5:name	*/	48M~49M,56M~57M,64MсЦ╦╧й╫(ср╤к)-1/40MсЦ╦╧й╫а╨╤к(ср╣╔ф╛)(X3,вСсрF1)-1/1f(срмБB1)-1/LS2_2╨ебщк╗-20
				/*	5:type	*/	аЦ╪Ч\LS2_2╨ебщк╗.SLDPRT
				/*	5:location	*/	0.997812	0.066117	0.0	0.0	0.066117	-0.997812	-1.35585E-31	0.0	0.0	2.73473E-31	-1.0	0.0	-0.43554	-0.152805	0.027	1.0
				/*	5:child_number	*/	0
				/*	5:name	*/	48M~49M,56M~57M,64MсЦ╦╧й╫(ср╤к)-1/40MсЦ╦╧й╫а╨╤к(ср╣╔ф╛)(X3,вСсрF1)-1/1f(срмБB1)-1/LS2_2╨ебщк╗-21
				/*	5:type	*/	аЦ╪Ч\LS2_2╨ебщк╗.SLDPRT
				/*	5:location	*/	0.997812	0.066117	0.0	0.0	0.066117	-0.997812	-2.46519E-32	0.0	-1.97215E-31	1.74866E-31	-1.0	0.0	-0.354214	-0.064566	0.027	1.0
				/*	5:child_number	*/	0
				/*	5:name	*/	48M~49M,56M~57M,64MсЦ╦╧й╫(ср╤к)-1/40MсЦ╦╧й╫а╨╤к(ср╣╔ф╛)(X3,вСсрF1)-1/1f(срмБB1)-1/LS3_3╨ебщк╗-1
				/*	5:type	*/	аЦ╪Ч\LS3_3╨ебщк╗.SLDPRT
				/*	5:location	*/	0.997812	0.066117	0.0	0.0	0.066117	-0.997812	-1.35585E-31	0.0	0.0	2.73473E-31	-1.0	0.0	-0.362781	0.303239	0.027	1.0
				/*	5:child_number	*/	0
				/*	5:name	*/	48M~49M,56M~57M,64MсЦ╦╧й╫(ср╤к)-1/40MсЦ╦╧й╫а╨╤к(ср╣╔ф╛)(X3,вСсрF1)-1/1f(срмБB1)-1/LS3_3╨ебщк╗-10
				/*	5:type	*/	аЦ╪Ч\LS3_3╨ебщк╗.SLDPRT
				/*	5:location	*/	0.997812	0.066117	0.0	0.0	0.066117	-0.997812	-1.35585E-31	0.0	0.0	2.73473E-31	-1.0	0.0	0.157219	0.303239	0.027	1.0
				/*	5:child_number	*/	0
				/*	5:name	*/	48M~49M,56M~57M,64MсЦ╦╧й╫(ср╤к)-1/40MсЦ╦╧й╫а╨╤к(ср╣╔ф╛)(X3,вСсрF1)-1/1f(срмБB1)-1/LS3_3╨ебщк╗-11
				/*	5:type	*/	аЦ╪Ч\LS3_3╨ебщк╗.SLDPRT
				/*	5:location	*/	0.997812	0.066117	0.0	0.0	0.066117	-0.997812	-1.35585E-31	0.0	0.0	2.73473E-31	-1.0	0.0	0.0572194	0.303239	0.027	1.0
				/*	5:child_number	*/	0
				/*	5:name	*/	48M~49M,56M~57M,64MсЦ╦╧й╫(ср╤к)-1/40MсЦ╦╧й╫а╨╤к(ср╣╔ф╛)(X3,вСсрF1)-1/1f(срмБB1)-1/LS3_3╨ебщк╗-12
				/*	5:type	*/	аЦ╪Ч\LS3_3╨ебщк╗.SLDPRT
				/*	5:location	*/	0.997812	0.066117	0.0	0.0	0.066117	-0.997812	-1.35585E-31	0.0	0.0	2.73473E-31	-1.0	0.0	-0.0427806	0.303239	0.027	1.0
				/*	5:child_number	*/	0
				/*	5:name	*/	48M~49M,56M~57M,64MсЦ╦╧й╫(ср╤к)-1/40MсЦ╦╧й╫а╨╤к(ср╣╔ф╛)(X3,вСсрF1)-1/1f(срмБB1)-1/LS3_3╨ебщк╗-13
				/*	5:type	*/	аЦ╪Ч\LS3_3╨ебщк╗.SLDPRT
				/*	5:location	*/	0.997812	0.066117	1.97215E-31	0.0	0.066117	-0.997812	7.39557E-32	0.0	0.0	7.6258E-32	-1.0	0.0	-0.197781	-0.0217613	0.027	1.0
				/*	5:child_number	*/	0
				/*	5:name	*/	48M~49M,56M~57M,64MсЦ╦╧й╫(ср╤к)-1/40MсЦ╦╧й╫а╨╤к(ср╣╔ф╛)(X3,вСсрF1)-1/1f(срмБB1)-1/LS3_3╨ебщк╗-14
				/*	5:type	*/	аЦ╪Ч\LS3_3╨ебщк╗.SLDPRT
				/*	5:location	*/	0.997812	0.066117	1.97215E-31	0.0	0.066117	-0.997812	7.39557E-32	0.0	0.0	7.6258E-32	-1.0	0.0	-0.197781	-0.121761	0.027	1.0
				/*	5:child_number	*/	0
				/*	5:name	*/	48M~49M,56M~57M,64MсЦ╦╧й╫(ср╤к)-1/40MсЦ╦╧й╫а╨╤к(ср╣╔ф╛)(X3,вСсрF1)-1/1f(срмБB1)-1/LS3_3╨ебщк╗-15
				/*	5:type	*/	аЦ╪Ч\LS3_3╨ебщк╗.SLDPRT
				/*	5:location	*/	0.997812	0.066117	1.97215E-31	0.0	0.066117	-0.997812	7.39557E-32	0.0	0.0	7.6258E-32	-1.0	0.0	-0.197781	-0.221761	0.027	1.0
				/*	5:child_number	*/	0
				/*	5:name	*/	48M~49M,56M~57M,64MсЦ╦╧й╫(ср╤к)-1/40MсЦ╦╧й╫а╨╤к(ср╣╔ф╛)(X3,вСсрF1)-1/1f(срмБB1)-1/LS3_3╨ебщк╗-16
				/*	5:type	*/	аЦ╪Ч\LS3_3╨ебщк╗.SLDPRT
				/*	5:location	*/	0.997812	0.066117	1.97215E-31	0.0	0.066117	-0.997812	7.39557E-32	0.0	0.0	7.6258E-32	-1.0	0.0	-0.00778063	-0.0217613	0.027	1.0
				/*	5:child_number	*/	0
				/*	5:name	*/	48M~49M,56M~57M,64MсЦ╦╧й╫(ср╤к)-1/40MсЦ╦╧й╫а╨╤к(ср╣╔ф╛)(X3,вСсрF1)-1/1f(срмБB1)-1/LS3_3╨ебщк╗-17
				/*	5:type	*/	аЦ╪Ч\LS3_3╨ебщк╗.SLDPRT
				/*	5:location	*/	0.997812	0.066117	1.97215E-31	0.0	0.066117	-0.997812	7.39557E-32	0.0	0.0	7.6258E-32	-1.0	0.0	-0.00778063	-0.121761	0.027	1.0
				/*	5:child_number	*/	0
				/*	5:name	*/	48M~49M,56M~57M,64MсЦ╦╧й╫(ср╤к)-1/40MсЦ╦╧й╫а╨╤к(ср╣╔ф╛)(X3,вСсрF1)-1/1f(срмБB1)-1/LS3_3╨ебщк╗-18
				/*	5:type	*/	аЦ╪Ч\LS3_3╨ебщк╗.SLDPRT
				/*	5:location	*/	0.997812	0.066117	1.97215E-31	0.0	0.066117	-0.997812	7.39557E-32	0.0	0.0	7.6258E-32	-1.0	0.0	-0.00778063	-0.221761	0.027	1.0
				/*	5:child_number	*/	0
				/*	5:name	*/	48M~49M,56M~57M,64MсЦ╦╧й╫(ср╤к)-1/40MсЦ╦╧й╫а╨╤к(ср╣╔ф╛)(X3,вСсрF1)-1/1f(срмБB1)-1/LS3_3╨ебщк╗-2
				/*	5:type	*/	аЦ╪Ч\LS3_3╨ебщк╗.SLDPRT
				/*	5:location	*/	0.997812	0.066117	0.0	0.0	0.066117	-0.997812	-1.35585E-31	0.0	0.0	2.73473E-31	-1.0	0.0	-0.362781	0.113239	0.027	1.0
				/*	5:child_number	*/	0
				/*	5:name	*/	48M~49M,56M~57M,64MсЦ╦╧й╫(ср╤к)-1/40MсЦ╦╧й╫а╨╤к(ср╣╔ф╛)(X3,вСсрF1)-1/1f(срмБB1)-1/LS3_3╨ебщк╗-3
				/*	5:type	*/	аЦ╪Ч\LS3_3╨ебщк╗.SLDPRT
				/*	5:location	*/	0.997812	0.066117	0.0	0.0	0.066117	-0.997812	-1.35585E-31	0.0	0.0	2.73473E-31	-1.0	0.0	-0.262781	0.303239	0.027	1.0
				/*	5:child_number	*/	0
				/*	5:name	*/	48M~49M,56M~57M,64MсЦ╦╧й╫(ср╤к)-1/40MсЦ╦╧й╫а╨╤к(ср╣╔ф╛)(X3,вСсрF1)-1/1f(срмБB1)-1/LS3_3╨ебщк╗-4
				/*	5:type	*/	аЦ╪Ч\LS3_3╨ебщк╗.SLDPRT
				/*	5:location	*/	0.997812	0.066117	0.0	0.0	0.066117	-0.997812	-1.35585E-31	0.0	0.0	2.73473E-31	-1.0	0.0	-0.262781	0.113239	0.027	1.0
				/*	5:child_number	*/	0
				/*	5:name	*/	48M~49M,56M~57M,64MсЦ╦╧й╫(ср╤к)-1/40MсЦ╦╧й╫а╨╤к(ср╣╔ф╛)(X3,вСсрF1)-1/1f(срмБB1)-1/LS3_3╨ебщк╗-5
				/*	5:type	*/	аЦ╪Ч\LS3_3╨ебщк╗.SLDPRT
				/*	5:location	*/	0.997812	0.066117	0.0	0.0	0.066117	-0.997812	-1.35585E-31	0.0	0.0	2.73473E-31	-1.0	0.0	-0.162781	0.303239	0.027	1.0
				/*	5:child_number	*/	0
				/*	5:name	*/	48M~49M,56M~57M,64MсЦ╦╧й╫(ср╤к)-1/40MсЦ╦╧й╫а╨╤к(ср╣╔ф╛)(X3,вСсрF1)-1/1f(срмБB1)-1/LS3_3╨ебщк╗-6
				/*	5:type	*/	аЦ╪Ч\LS3_3╨ебщк╗.SLDPRT
				/*	5:location	*/	0.997812	0.066117	0.0	0.0	0.066117	-0.997812	-1.35585E-31	0.0	0.0	2.73473E-31	-1.0	0.0	-0.162781	0.113239	0.027	1.0
				/*	5:child_number	*/	0
				/*	5:name	*/	48M~49M,56M~57M,64MсЦ╦╧й╫(ср╤к)-1/40MсЦ╦╧й╫а╨╤к(ср╣╔ф╛)(X3,вСсрF1)-1/1f(срмБB1)-1/LS3_3╨ебщк╗-7
				/*	5:type	*/	аЦ╪Ч\LS3_3╨ебщк╗.SLDPRT
				/*	5:location	*/	0.997812	0.066117	0.0	0.0	0.066117	-0.997812	-1.35585E-31	0.0	0.0	2.73473E-31	-1.0	0.0	-0.0427806	0.113239	0.027	1.0
				/*	5:child_number	*/	0
				/*	5:name	*/	48M~49M,56M~57M,64MсЦ╦╧й╫(ср╤к)-1/40MсЦ╦╧й╫а╨╤к(ср╣╔ф╛)(X3,вСсрF1)-1/1f(срмБB1)-1/LS3_3╨ебщк╗-8
				/*	5:type	*/	аЦ╪Ч\LS3_3╨ебщк╗.SLDPRT
				/*	5:location	*/	0.997812	0.066117	0.0	0.0	0.066117	-0.997812	-1.35585E-31	0.0	0.0	2.73473E-31	-1.0	0.0	0.0572194	0.113239	0.027	1.0
				/*	5:child_number	*/	0
				/*	5:name	*/	48M~49M,56M~57M,64MсЦ╦╧й╫(ср╤к)-1/40MсЦ╦╧й╫а╨╤к(ср╣╔ф╛)(X3,вСсрF1)-1/1f(срмБB1)-1/LS3_3╨ебщк╗-9
				/*	5:type	*/	аЦ╪Ч\LS3_3╨ебщк╗.SLDPRT
				/*	5:location	*/	0.997812	0.066117	0.0	0.0	0.066117	-0.997812	-1.35585E-31	0.0	0.0	2.73473E-31	-1.0	0.0	0.157219	0.113239	0.027	1.0
				/*	5:child_number	*/	0
			/*	4:name	*/	48M~49M,56M~57M,64MсЦ╦╧й╫(ср╤к)-1/40MсЦ╦╧й╫а╨╤к(ср╣╔ф╛)(X3,вСсрF1)-1/1g''(срдзB1)-1
			/*	4:type	*/	иоЁпй╫а╨\╧╚╧╡вИ╪Ч\а╨╤к\сЦ╦╧й╫а╨╤к\╢Ьбщк╗аЦ╪Ч\1g''(срдзB1).SLDASM
			/*	4:location	*/	-2.30624E-16	3.16414E-15	-1.0	0.0	-1.9362E-16	-1.0	-3.16414E-15	0.0	-1.0	1.9362E-16	2.30624E-16	0.0	-0.237129	-4.09736	-0.092857	1.0
			/*	4:child_number	*/	25
				/*	5:name	*/	48M~49M,56M~57M,64MсЦ╦╧й╫(ср╤к)-1/40MсЦ╦╧й╫а╨╤к(ср╣╔ф╛)(X3,вСсрF1)-1/1g''(срдзB1)-1/B1_╫з╣Ц╟Е-1
				/*	5:type	*/	аЦ╪Ч\B1_╫з╣Ц╟Е.SLDPRT
				/*	5:location	*/	1.0	0.0	0.0	0.0	0.0	1.0	-8.2344E-32	0.0	0.0	-8.2344E-32	1.0	0.0	-0.481182	-0.0495202	-0.008	1.0
				/*	5:child_number	*/	0
				/*	5:name	*/	48M~49M,56M~57M,64MсЦ╦╧й╫(ср╤к)-1/40MсЦ╦╧й╫а╨╤к(ср╣╔ф╛)(X3,вСсрF1)-1/1g''(срдзB1)-1/LS2_2╨ебщк╗-19
				/*	5:type	*/	аЦ╪Ч\LS2_2╨ебщк╗.SLDPRT
				/*	5:location	*/	0.997812	0.066117	0.0	0.0	0.066117	-0.997812	-1.2326E-32	0.0	0.0	8.2344E-32	-1.0	0.0	0.335714	-0.158854	0.027	1.0
				/*	5:child_number	*/	0
				/*	5:name	*/	48M~49M,56M~57M,64MсЦ╦╧й╫(ср╤к)-1/40MсЦ╦╧й╫а╨╤к(ср╣╔ф╛)(X3,вСсрF1)-1/1g''(срдзB1)-1/LS2_2╨ебщк╗-20
				/*	5:type	*/	аЦ╪Ч\LS2_2╨ебщк╗.SLDPRT
				/*	5:location	*/	0.997812	0.066117	0.0	0.0	0.066117	-0.997812	-1.2326E-32	0.0	0.0	8.2344E-32	-1.0	0.0	0.225416	-0.260512	0.027	1.0
				/*	5:child_number	*/	0
				/*	5:name	*/	48M~49M,56M~57M,64MсЦ╦╧й╫(ср╤к)-1/40MсЦ╦╧й╫а╨╤к(ср╣╔ф╛)(X3,вСсрF1)-1/1g''(срдзB1)-1/LS2_2╨ебщк╗-21
				/*	5:type	*/	аЦ╪Ч\LS2_2╨ебщк╗.SLDPRT
				/*	5:location	*/	0.997812	0.066117	0.0	0.0	0.066117	-0.997812	-1.2326E-32	0.0	0.0	8.2344E-32	-1.0	0.0	0.254388	-0.0706156	0.027	1.0
				/*	5:child_number	*/	0
				/*	5:name	*/	48M~49M,56M~57M,64MсЦ╦╧й╫(ср╤к)-1/40MсЦ╦╧й╫а╨╤к(ср╣╔ф╛)(X3,вСсрF1)-1/1g''(срдзB1)-1/LS2_2╨ебщк╗-22
				/*	5:type	*/	аЦ╪Ч\LS2_2╨ебщк╗.SLDPRT
				/*	5:location	*/	0.997812	0.066117	0.0	0.0	0.066117	-0.997812	-1.2326E-32	0.0	0.0	8.2344E-32	-1.0	0.0	0.14409	-0.172273	0.027	1.0
				/*	5:child_number	*/	0
				/*	5:name	*/	48M~49M,56M~57M,64MсЦ╦╧й╫(ср╤к)-1/40MсЦ╦╧й╫а╨╤к(ср╣╔ф╛)(X3,вСсрF1)-1/1g''(срдзB1)-1/LS2_2╨ебщк╗-24
				/*	5:type	*/	аЦ╪Ч\LS2_2╨ебщк╗.SLDPRT
				/*	5:location	*/	0.441647	0.897189	0.0	0.0	0.897189	-0.441647	-1.97215E-31	0.0	0.0	8.2344E-32	-1.0	0.0	-0.41113	-0.260512	0.027	1.0
				/*	5:child_number	*/	0
				/*	5:name	*/	48M~49M,56M~57M,64MсЦ╦╧й╫(ср╤к)-1/40MсЦ╦╧й╫а╨╤к(ср╣╔ф╛)(X3,вСсрF1)-1/1g''(срдзB1)-1/LS2_2╨ебщк╗-25
				/*	5:type	*/	аЦ╪Ч\LS2_2╨ебщк╗.SLDPRT
				/*	5:location	*/	0.441647	0.897189	-9.86076E-32	0.0	0.897189	-0.441647	1.97215E-31	0.0	0.0	8.2344E-32	-1.0	0.0	-0.440102	-0.0706156	0.027	1.0
				/*	5:child_number	*/	0
				/*	5:name	*/	48M~49M,56M~57M,64MсЦ╦╧й╫(ср╤к)-1/40MсЦ╦╧й╫а╨╤к(ср╣╔ф╛)(X3,вСсрF1)-1/1g''(срдзB1)-1/LS2_2╨ебщк╗-26
				/*	5:type	*/	аЦ╪Ч\LS2_2╨ебщк╗.SLDPRT
				/*	5:location	*/	0.441647	0.897189	0.0	0.0	0.897189	-0.441647	-1.97215E-31	0.0	0.0	8.2344E-32	-1.0	0.0	-0.329804	-0.172273	0.027	1.0
				/*	5:child_number	*/	0
				/*	5:name	*/	48M~49M,56M~57M,64MсЦ╦╧й╫(ср╤к)-1/40MсЦ╦╧й╫а╨╤к(ср╣╔ф╛)(X3,вСсрF1)-1/1g''(срдзB1)-1/LS2_2╨ебщк╗-31
				/*	5:type	*/	аЦ╪Ч\LS2_2╨ебщк╗.SLDPRT
				/*	5:location	*/	0.441647	0.897189	-9.86076E-32	0.0	0.897189	-0.441647	0.0	0.0	0.0	8.2344E-32	-1.0	0.0	0.167143	0.29048	0.027	1.0
				/*	5:child_number	*/	0
				/*	5:name	*/	48M~49M,56M~57M,64MсЦ╦╧й╫(ср╤к)-1/40MсЦ╦╧й╫а╨╤к(ср╣╔ф╛)(X3,вСсрF1)-1/1g''(срдзB1)-1/LS2_2╨ебщк╗-32
				/*	5:type	*/	аЦ╪Ч\LS2_2╨ебщк╗.SLDPRT
				/*	5:location	*/	0.441647	0.897189	-9.86076E-32	0.0	0.897189	-0.441647	0.0	0.0	0.0	8.2344E-32	-1.0	0.0	-0.352857	0.29048	0.027	1.0
				/*	5:child_number	*/	0
				/*	5:name	*/	48M~49M,56M~57M,64MсЦ╦╧й╫(ср╤к)-1/40MсЦ╦╧й╫а╨╤к(ср╣╔ф╛)(X3,вСсрF1)-1/1g''(срдзB1)-1/LS2_2╨ебщк╗-37
				/*	5:type	*/	аЦ╪Ч\LS2_2╨ебщк╗.SLDPRT
				/*	5:location	*/	0.441647	0.897189	-9.86076E-32	0.0	0.897189	-0.441647	0.0	0.0	0.0	8.2344E-32	-1.0	0.0	-0.252857	0.29048	0.027	1.0
				/*	5:child_number	*/	0
				/*	5:name	*/	48M~49M,56M~57M,64MсЦ╦╧й╫(ср╤к)-1/40MсЦ╦╧й╫а╨╤к(ср╣╔ф╛)(X3,вСсрF1)-1/1g''(срдзB1)-1/LS2_2╨ебщк╗-38
				/*	5:type	*/	аЦ╪Ч\LS2_2╨ебщк╗.SLDPRT
				/*	5:location	*/	0.441647	0.897189	-9.86076E-32	0.0	0.897189	-0.441647	0.0	0.0	0.0	8.2344E-32	-1.0	0.0	-0.152857	0.29048	0.027	1.0
				/*	5:child_number	*/	0
				/*	5:name	*/	48M~49M,56M~57M,64MсЦ╦╧й╫(ср╤к)-1/40MсЦ╦╧й╫а╨╤к(ср╣╔ф╛)(X3,вСсрF1)-1/1g''(срдзB1)-1/LS2_2╨ебщк╗-39
				/*	5:type	*/	аЦ╪Ч\LS2_2╨ебщк╗.SLDPRT
				/*	5:location	*/	0.441647	0.897189	-9.86076E-32	0.0	0.897189	-0.441647	0.0	0.0	0.0	8.2344E-32	-1.0	0.0	0.167143	0.10048	0.027	1.0
				/*	5:child_number	*/	0
				/*	5:name	*/	48M~49M,56M~57M,64MсЦ╦╧й╫(ср╤к)-1/40MсЦ╦╧й╫а╨╤к(ср╣╔ф╛)(X3,вСсрF1)-1/1g''(срдзB1)-1/LS2_2╨ебщк╗-40
				/*	5:type	*/	аЦ╪Ч\LS2_2╨ебщк╗.SLDPRT
				/*	5:location	*/	0.441647	0.897189	-9.86076E-32	0.0	0.897189	-0.441647	0.0	0.0	0.0	8.2344E-32	-1.0	0.0	-0.352857	0.10048	0.027	1.0
				/*	5:child_number	*/	0
				/*	5:name	*/	48M~49M,56M~57M,64MсЦ╦╧й╫(ср╤к)-1/40MсЦ╦╧й╫а╨╤к(ср╣╔ф╛)(X3,вСсрF1)-1/1g''(срдзB1)-1/LS2_2╨ебщк╗-41
				/*	5:type	*/	аЦ╪Ч\LS2_2╨ебщк╗.SLDPRT
				/*	5:location	*/	0.441647	0.897189	-9.86076E-32	0.0	0.897189	-0.441647	0.0	0.0	0.0	8.2344E-32	-1.0	0.0	0.067143	0.29048	0.027	1.0
				/*	5:child_number	*/	0
				/*	5:name	*/	48M~49M,56M~57M,64MсЦ╦╧й╫(ср╤к)-1/40MсЦ╦╧й╫а╨╤к(ср╣╔ф╛)(X3,вСсрF1)-1/1g''(срдзB1)-1/LS2_2╨ебщк╗-42
				/*	5:type	*/	аЦ╪Ч\LS2_2╨ебщк╗.SLDPRT
				/*	5:location	*/	0.441647	0.897189	-9.86076E-32	0.0	0.897189	-0.441647	0.0	0.0	0.0	8.2344E-32	-1.0	0.0	-0.032857	0.29048	0.027	1.0
				/*	5:child_number	*/	0
				/*	5:name	*/	48M~49M,56M~57M,64MсЦ╦╧й╫(ср╤к)-1/40MсЦ╦╧й╫а╨╤к(ср╣╔ф╛)(X3,вСсрF1)-1/1g''(срдзB1)-1/LS2_2╨ебщк╗-43
				/*	5:type	*/	аЦ╪Ч\LS2_2╨ебщк╗.SLDPRT
				/*	5:location	*/	-0.556165	0.831072	-1.97215E-31	0.0	0.831072	0.556165	0.0	0.0	0.0	8.2344E-32	-1.0	0.0	-0.521428	-0.158854	0.027	1.0
				/*	5:child_number	*/	0
				/*	5:name	*/	48M~49M,56M~57M,64MсЦ╦╧й╫(ср╤к)-1/40MсЦ╦╧й╫а╨╤к(ср╣╔ф╛)(X3,вСсрF1)-1/1g''(срдзB1)-1/LS2_2╨ебщк╗-44
				/*	5:type	*/	аЦ╪Ч\LS2_2╨ебщк╗.SLDPRT
				/*	5:location	*/	-0.831072	-0.556165	0.0	0.0	-0.556165	0.831072	9.86076E-32	0.0	0.0	8.2344E-32	-1.0	0.0	-0.425616	-0.165564	0.027	1.0
				/*	5:child_number	*/	0
				/*	5:name	*/	48M~49M,56M~57M,64MсЦ╦╧й╫(ср╤к)-1/40MсЦ╦╧й╫а╨╤к(ср╣╔ф╛)(X3,вСсрF1)-1/1g''(срдзB1)-1/LS2_2╨ебщк╗-45
				/*	5:type	*/	аЦ╪Ч\LS2_2╨ебщк╗.SLDPRT
				/*	5:location	*/	-0.831072	-0.556165	-3.9443E-31	0.0	-0.556165	0.831072	-1.97215E-31	0.0	0.0	8.2344E-32	-1.0	0.0	-0.34429	-0.077325	0.027	1.0
				/*	5:child_number	*/	0
				/*	5:name	*/	48M~49M,56M~57M,64MсЦ╦╧й╫(ср╤к)-1/40MсЦ╦╧й╫а╨╤к(ср╣╔ф╛)(X3,вСсрF1)-1/1g''(срдзB1)-1/LS2_2╨ебщк╗-46
				/*	5:type	*/	аЦ╪Ч\LS2_2╨ебщк╗.SLDPRT
				/*	5:location	*/	-0.831072	-0.556165	-3.9443E-31	0.0	-0.556165	0.831072	0.0	0.0	3.9443E-31	8.2344E-32	-1.0	0.0	0.158576	-0.077325	0.027	1.0
				/*	5:child_number	*/	0
				/*	5:name	*/	48M~49M,56M~57M,64MсЦ╦╧й╫(ср╤к)-1/40MсЦ╦╧й╫а╨╤к(ср╣╔ф╛)(X3,вСсрF1)-1/1g''(срдзB1)-1/LS2_2╨ебщк╗-47
				/*	5:type	*/	аЦ╪Ч\LS2_2╨ебщк╗.SLDPRT
				/*	5:location	*/	-0.831072	-0.556165	-3.9443E-31	0.0	-0.556165	0.831072	0.0	0.0	3.9443E-31	8.2344E-32	-1.0	0.0	0.239902	-0.165564	0.027	1.0
				/*	5:child_number	*/	0
				/*	5:name	*/	48M~49M,56M~57M,64MсЦ╦╧й╫(ср╤к)-1/40MсЦ╦╧й╫а╨╤к(ср╣╔ф╛)(X3,вСсрF1)-1/1g''(срдзB1)-1/LS3_3╨ебщк╗-27
				/*	5:type	*/	аЦ╪Ч\LS3_3╨ебщк╗.SLDPRT
				/*	5:location	*/	0.556165	-0.831072	1.97215E-31	0.0	-0.831072	-0.556165	-3.9443E-31	0.0	0.0	8.2344E-32	-1.0	0.0	0.00214301	-0.13452	0.027	1.0
				/*	5:child_number	*/	0
				/*	5:name	*/	48M~49M,56M~57M,64MсЦ╦╧й╫(ср╤к)-1/40MсЦ╦╧й╫а╨╤к(ср╣╔ф╛)(X3,вСсрF1)-1/1g''(срдзB1)-1/LS3_3╨ебщк╗-28
				/*	5:type	*/	аЦ╪Ч\LS3_3╨ебщк╗.SLDPRT
				/*	5:location	*/	0.556165	-0.831072	1.97215E-31	0.0	-0.831072	-0.556165	-3.9443E-31	0.0	0.0	8.2344E-32	-1.0	0.0	0.00214301	-0.23452	0.027	1.0
				/*	5:child_number	*/	0
				/*	5:name	*/	48M~49M,56M~57M,64MсЦ╦╧й╫(ср╤к)-1/40MсЦ╦╧й╫а╨╤к(ср╣╔ф╛)(X3,вСсрF1)-1/1g''(срдзB1)-1/LS3_3╨ебщк╗-29
				/*	5:type	*/	аЦ╪Ч\LS3_3╨ебщк╗.SLDPRT
				/*	5:location	*/	0.556165	-0.831072	1.97215E-31	0.0	-0.831072	-0.556165	-3.9443E-31	0.0	0.0	8.2344E-32	-1.0	0.0	-0.187857	-0.13452	0.027	1.0
				/*	5:child_number	*/	0
				/*	5:name	*/	48M~49M,56M~57M,64MсЦ╦╧й╫(ср╤к)-1/40MсЦ╦╧й╫а╨╤к(ср╣╔ф╛)(X3,вСсрF1)-1/1g''(срдзB1)-1/LS3_3╨ебщк╗-30
				/*	5:type	*/	аЦ╪Ч\LS3_3╨ебщк╗.SLDPRT
				/*	5:location	*/	0.556165	-0.831072	1.97215E-31	0.0	-0.831072	-0.556165	-3.9443E-31	0.0	0.0	8.2344E-32	-1.0	0.0	-0.187857	-0.23452	0.027	1.0
				/*	5:child_number	*/	0
			/*	4:name	*/	48M~49M,56M~57M,64MсЦ╦╧й╫(ср╤к)-1/40MсЦ╦╧й╫а╨╤к(ср╣╔ф╛)(X3,вСсрF1)-1/1g''(срмБB1)-1
			/*	4:type	*/	иоЁпй╫а╨\╧╚╧╡вИ╪Ч\а╨╤к\сЦ╦╧й╫а╨╤к\╢Ьбщк╗аЦ╪Ч\1g''(срмБB1).SLDASM
			/*	4:location	*/	1.31497E-16	8.88178E-16	1.0	0.0	-1.9362E-16	-1.0	8.88178E-16	0.0	1.0	-1.9362E-16	-1.31497E-16	0.0	0.158871	-4.09736	0.092857	1.0
			/*	4:child_number	*/	31
				/*	5:name	*/	48M~49M,56M~57M,64MсЦ╦╧й╫(ср╤к)-1/40MсЦ╦╧й╫а╨╤к(ср╣╔ф╛)(X3,вСсрF1)-1/1g''(срмБB1)-1/B1_╫з╣Ц╟Е-1
				/*	5:type	*/	аЦ╪Ч\B1_╫з╣Ц╟Е.SLDPRT
				/*	5:location	*/	1.0	0.0	0.0	0.0	0.0	1.0	8.67454E-32	0.0	0.0	8.67454E-32	1.0	0.0	-0.481182	-0.0495202	-0.008	1.0
				/*	5:child_number	*/	0
				/*	5:name	*/	48M~49M,56M~57M,64MсЦ╦╧й╫(ср╤к)-1/40MсЦ╦╧й╫а╨╤к(ср╣╔ф╛)(X3,вСсрF1)-1/1g''(срмБB1)-1/LS2_2╨ебщк╗-19
				/*	5:type	*/	аЦ╪Ч\LS2_2╨ебщк╗.SLDPRT
				/*	5:location	*/	0.997812	0.066117	-1.97215E-31	0.0	0.066117	-0.997812	-1.35585E-31	0.0	3.9443E-31	-2.83961E-31	-1.0	0.0	0.335714	-0.158854	0.027	1.0
				/*	5:child_number	*/	0
				/*	5:name	*/	48M~49M,56M~57M,64MсЦ╦╧й╫(ср╤к)-1/40MсЦ╦╧й╫а╨╤к(ср╣╔ф╛)(X3,вСсрF1)-1/1g''(срмБB1)-1/LS2_2╨ебщк╗-20
				/*	5:type	*/	аЦ╪Ч\LS2_2╨ебщк╗.SLDPRT
				/*	5:location	*/	0.997812	0.066117	-1.97215E-31	0.0	0.066117	-0.997812	-1.35585E-31	0.0	3.9443E-31	-2.83961E-31	-1.0	0.0	0.225416	-0.260512	0.027	1.0
				/*	5:child_number	*/	0
				/*	5:name	*/	48M~49M,56M~57M,64MсЦ╦╧й╫(ср╤к)-1/40MсЦ╦╧й╫а╨╤к(ср╣╔ф╛)(X3,вСсрF1)-1/1g''(срмБB1)-1/LS2_2╨ебщк╗-21
				/*	5:type	*/	аЦ╪Ч\LS2_2╨ебщк╗.SLDPRT
				/*	5:location	*/	0.997812	0.066117	-1.97215E-31	0.0	0.066117	-0.997812	-1.35585E-31	0.0	3.9443E-31	-2.83961E-31	-1.0	0.0	0.254388	-0.0706156	0.027	1.0
				/*	5:child_number	*/	0
				/*	5:name	*/	48M~49M,56M~57M,64MсЦ╦╧й╫(ср╤к)-1/40MсЦ╦╧й╫а╨╤к(ср╣╔ф╛)(X3,вСсрF1)-1/1g''(срмБB1)-1/LS2_2╨ебщк╗-22
				/*	5:type	*/	аЦ╪Ч\LS2_2╨ебщк╗.SLDPRT
				/*	5:location	*/	0.997812	0.066117	-1.97215E-31	0.0	0.066117	-0.997812	-1.35585E-31	0.0	3.9443E-31	-2.83961E-31	-1.0	0.0	0.14409	-0.172273	0.027	1.0
				/*	5:child_number	*/	0
				/*	5:name	*/	48M~49M,56M~57M,64MсЦ╦╧й╫(ср╤к)-1/40MсЦ╦╧й╫а╨╤к(ср╣╔ф╛)(X3,вСсрF1)-1/1g''(срмБB1)-1/LS2_2╨ебщк╗-24
				/*	5:type	*/	аЦ╪Ч\LS2_2╨ебщк╗.SLDPRT
				/*	5:location	*/	0.441647	0.897189	0.0	0.0	0.897189	-0.441647	-1.97215E-31	0.0	3.9443E-31	-8.67454E-32	-1.0	0.0	-0.41113	-0.260512	0.027	1.0
				/*	5:child_number	*/	0
				/*	5:name	*/	48M~49M,56M~57M,64MсЦ╦╧й╫(ср╤к)-1/40MсЦ╦╧й╫а╨╤к(ср╣╔ф╛)(X3,вСсрF1)-1/1g''(срмБB1)-1/LS2_2╨ебщк╗-25
				/*	5:type	*/	аЦ╪Ч\LS2_2╨ебщк╗.SLDPRT
				/*	5:location	*/	0.441647	0.897189	9.86076E-32	0.0	0.897189	-0.441647	-3.9443E-31	0.0	0.0	-8.67454E-32	-1.0	0.0	-0.440102	-0.0706156	0.027	1.0
				/*	5:child_number	*/	0
				/*	5:name	*/	48M~49M,56M~57M,64MсЦ╦╧й╫(ср╤к)-1/40MсЦ╦╧й╫а╨╤к(ср╣╔ф╛)(X3,вСсрF1)-1/1g''(срмБB1)-1/LS2_2╨ебщк╗-26
				/*	5:type	*/	аЦ╪Ч\LS2_2╨ебщк╗.SLDPRT
				/*	5:location	*/	0.441647	0.897189	0.0	0.0	0.897189	-0.441647	-1.97215E-31	0.0	3.9443E-31	-8.67454E-32	-1.0	0.0	-0.329804	-0.172273	0.027	1.0
				/*	5:child_number	*/	0
				/*	5:name	*/	48M~49M,56M~57M,64MсЦ╦╧й╫(ср╤к)-1/40MсЦ╦╧й╫а╨╤к(ср╣╔ф╛)(X3,вСсрF1)-1/1g''(срмБB1)-1/LS2_2╨ебщк╗-45
				/*	5:type	*/	аЦ╪Ч\LS2_2╨ебщк╗.SLDPRT
				/*	5:location	*/	0.441647	0.897189	-9.86076E-32	0.0	0.897189	-0.441647	0.0	0.0	1.97215E-31	-2.83961E-31	-1.0	0.0	0.167143	0.29048	0.027	1.0
				/*	5:child_number	*/	0
				/*	5:name	*/	48M~49M,56M~57M,64MсЦ╦╧й╫(ср╤к)-1/40MсЦ╦╧й╫а╨╤к(ср╣╔ф╛)(X3,вСсрF1)-1/1g''(срмБB1)-1/LS2_2╨ебщк╗-46
				/*	5:type	*/	аЦ╪Ч\LS2_2╨ебщк╗.SLDPRT
				/*	5:location	*/	0.441647	0.897189	-9.86076E-32	0.0	0.897189	-0.441647	0.0	0.0	1.97215E-31	-2.83961E-31	-1.0	0.0	0.067143	0.29048	0.027	1.0
				/*	5:child_number	*/	0
				/*	5:name	*/	48M~49M,56M~57M,64MсЦ╦╧й╫(ср╤к)-1/40MсЦ╦╧й╫а╨╤к(ср╣╔ф╛)(X3,вСсрF1)-1/1g''(срмБB1)-1/LS2_2╨ебщк╗-52
				/*	5:type	*/	аЦ╪Ч\LS2_2╨ебщк╗.SLDPRT
				/*	5:location	*/	0.441647	0.897189	-9.86076E-32	0.0	0.897189	-0.441647	0.0	0.0	1.97215E-31	-2.83961E-31	-1.0	0.0	-0.252857	0.29048	0.027	1.0
				/*	5:child_number	*/	0
				/*	5:name	*/	48M~49M,56M~57M,64MсЦ╦╧й╫(ср╤к)-1/40MсЦ╦╧й╫а╨╤к(ср╣╔ф╛)(X3,вСсрF1)-1/1g''(срмБB1)-1/LS2_2╨ебщк╗-53
				/*	5:type	*/	аЦ╪Ч\LS2_2╨ебщк╗.SLDPRT
				/*	5:location	*/	0.441647	0.897189	-9.86076E-32	0.0	0.897189	-0.441647	0.0	0.0	1.97215E-31	-2.83961E-31	-1.0	0.0	-0.032857	0.29048	0.027	1.0
				/*	5:child_number	*/	0
				/*	5:name	*/	48M~49M,56M~57M,64MсЦ╦╧й╫(ср╤к)-1/40MсЦ╦╧й╫а╨╤к(ср╣╔ф╛)(X3,вСсрF1)-1/1g''(срмБB1)-1/LS2_2╨ебщк╗-54
				/*	5:type	*/	аЦ╪Ч\LS2_2╨ебщк╗.SLDPRT
				/*	5:location	*/	0.441647	0.897189	-9.86076E-32	0.0	0.897189	-0.441647	0.0	0.0	1.97215E-31	-2.83961E-31	-1.0	0.0	-0.352857	0.29048	0.027	1.0
				/*	5:child_number	*/	0
				/*	5:name	*/	48M~49M,56M~57M,64MсЦ╦╧й╫(ср╤к)-1/40MсЦ╦╧й╫а╨╤к(ср╣╔ф╛)(X3,вСсрF1)-1/1g''(срмБB1)-1/LS2_2╨ебщк╗-55
				/*	5:type	*/	аЦ╪Ч\LS2_2╨ебщк╗.SLDPRT
				/*	5:location	*/	0.441647	0.897189	-9.86076E-32	0.0	0.897189	-0.441647	0.0	0.0	1.97215E-31	-2.83961E-31	-1.0	0.0	0.167143	0.10048	0.027	1.0
				/*	5:child_number	*/	0
				/*	5:name	*/	48M~49M,56M~57M,64MсЦ╦╧й╫(ср╤к)-1/40MсЦ╦╧й╫а╨╤к(ср╣╔ф╛)(X3,вСсрF1)-1/1g''(срмБB1)-1/LS2_2╨ебщк╗-56
				/*	5:type	*/	аЦ╪Ч\LS2_2╨ебщк╗.SLDPRT
				/*	5:location	*/	0.441647	0.897189	-9.86076E-32	0.0	0.897189	-0.441647	0.0	0.0	1.97215E-31	-2.83961E-31	-1.0	0.0	-0.152857	0.10048	0.027	1.0
				/*	5:child_number	*/	0
				/*	5:name	*/	48M~49M,56M~57M,64MсЦ╦╧й╫(ср╤к)-1/40MсЦ╦╧й╫а╨╤к(ср╣╔ф╛)(X3,вСсрF1)-1/1g''(срмБB1)-1/LS2_2╨ебщк╗-57
				/*	5:type	*/	аЦ╪Ч\LS2_2╨ебщк╗.SLDPRT
				/*	5:location	*/	0.441647	0.897189	-9.86076E-32	0.0	0.897189	-0.441647	0.0	0.0	1.97215E-31	-2.83961E-31	-1.0	0.0	0.067143	0.10048	0.027	1.0
				/*	5:child_number	*/	0
				/*	5:name	*/	48M~49M,56M~57M,64MсЦ╦╧й╫(ср╤к)-1/40MсЦ╦╧й╫а╨╤к(ср╣╔ф╛)(X3,вСсрF1)-1/1g''(срмБB1)-1/LS2_2╨ебщк╗-58
				/*	5:type	*/	аЦ╪Ч\LS2_2╨ебщк╗.SLDPRT
				/*	5:location	*/	0.441647	0.897189	-9.86076E-32	0.0	0.897189	-0.441647	0.0	0.0	1.97215E-31	-2.83961E-31	-1.0	0.0	-0.252857	0.10048	0.027	1.0
				/*	5:child_number	*/	0
				/*	5:name	*/	48M~49M,56M~57M,64MсЦ╦╧й╫(ср╤к)-1/40MсЦ╦╧й╫а╨╤к(ср╣╔ф╛)(X3,вСсрF1)-1/1g''(срмБB1)-1/LS2_2╨ебщк╗-59
				/*	5:type	*/	аЦ╪Ч\LS2_2╨ебщк╗.SLDPRT
				/*	5:location	*/	0.441647	0.897189	-9.86076E-32	0.0	0.897189	-0.441647	0.0	0.0	1.97215E-31	-2.83961E-31	-1.0	0.0	-0.032857	0.10048	0.027	1.0
				/*	5:child_number	*/	0
				/*	5:name	*/	48M~49M,56M~57M,64MсЦ╦╧й╫(ср╤к)-1/40MсЦ╦╧й╫а╨╤к(ср╣╔ф╛)(X3,вСсрF1)-1/1g''(срмБB1)-1/LS2_2╨ебщк╗-60
				/*	5:type	*/	аЦ╪Ч\LS2_2╨ебщк╗.SLDPRT
				/*	5:location	*/	0.441647	0.897189	-9.86076E-32	0.0	0.897189	-0.441647	0.0	0.0	1.97215E-31	-2.83961E-31	-1.0	0.0	-0.352857	0.10048	0.027	1.0
				/*	5:child_number	*/	0
				/*	5:name	*/	48M~49M,56M~57M,64MсЦ╦╧й╫(ср╤к)-1/40MсЦ╦╧й╫а╨╤к(ср╣╔ф╛)(X3,вСсрF1)-1/1g''(срмБB1)-1/LS2_2╨ебщк╗-61
				/*	5:type	*/	аЦ╪Ч\LS2_2╨ебщк╗.SLDPRT
				/*	5:location	*/	0.441647	0.897189	-9.86076E-32	0.0	0.897189	-0.441647	0.0	0.0	1.97215E-31	-2.83961E-31	-1.0	0.0	-0.152857	0.29048	0.027	1.0
				/*	5:child_number	*/	0
				/*	5:name	*/	48M~49M,56M~57M,64MсЦ╦╧й╫(ср╤к)-1/40MсЦ╦╧й╫а╨╤к(ср╣╔ф╛)(X3,вСсрF1)-1/1g''(срмБB1)-1/LS2_2╨ебщк╗-62
				/*	5:type	*/	аЦ╪Ч\LS2_2╨ебщк╗.SLDPRT
				/*	5:location	*/	-0.556165	0.831072	0.0	0.0	0.831072	0.556165	-1.97215E-31	0.0	0.0	-8.67454E-32	-1.0	0.0	-0.521428	-0.158854	0.027	1.0
				/*	5:child_number	*/	0
				/*	5:name	*/	48M~49M,56M~57M,64MсЦ╦╧й╫(ср╤к)-1/40MсЦ╦╧й╫а╨╤к(ср╣╔ф╛)(X3,вСсрF1)-1/1g''(срмБB1)-1/LS2_2╨ебщк╗-63
				/*	5:type	*/	аЦ╪Ч\LS2_2╨ебщк╗.SLDPRT
				/*	5:location	*/	-0.831072	-0.556165	0.0	0.0	-0.556165	0.831072	1.97215E-31	0.0	1.97215E-31	-2.83961E-31	-1.0	0.0	0.239902	-0.165564	0.027	1.0
				/*	5:child_number	*/	0
				/*	5:name	*/	48M~49M,56M~57M,64MсЦ╦╧й╫(ср╤к)-1/40MсЦ╦╧й╫а╨╤к(ср╣╔ф╛)(X3,вСсрF1)-1/1g''(срмБB1)-1/LS2_2╨ебщк╗-64
				/*	5:type	*/	аЦ╪Ч\LS2_2╨ебщк╗.SLDPRT
				/*	5:location	*/	-0.831072	-0.556165	0.0	0.0	-0.556165	0.831072	1.97215E-31	0.0	1.97215E-31	-2.83961E-31	-1.0	0.0	0.158576	-0.077325	0.027	1.0
				/*	5:child_number	*/	0
				/*	5:name	*/	48M~49M,56M~57M,64MсЦ╦╧й╫(ср╤к)-1/40MсЦ╦╧й╫а╨╤к(ср╣╔ф╛)(X3,вСсрF1)-1/1g''(срмБB1)-1/LS2_2╨ебщк╗-65
				/*	5:type	*/	аЦ╪Ч\LS2_2╨ебщк╗.SLDPRT
				/*	5:location	*/	-0.897189	0.441647	1.97215E-31	0.0	0.441647	0.897189	1.97215E-31	0.0	3.9443E-31	-8.67454E-32	-1.0	0.0	-0.425616	-0.165564	0.027	1.0
				/*	5:child_number	*/	0
				/*	5:name	*/	48M~49M,56M~57M,64MсЦ╦╧й╫(ср╤к)-1/40MсЦ╦╧й╫а╨╤к(ср╣╔ф╛)(X3,вСсрF1)-1/1g''(срмБB1)-1/LS2_2╨ебщк╗-66
				/*	5:type	*/	аЦ╪Ч\LS2_2╨ебщк╗.SLDPRT
				/*	5:location	*/	-0.831072	-0.556165	1.97215E-31	0.0	-0.556165	0.831072	9.86076E-32	0.0	0.0	-2.83961E-31	-1.0	0.0	-0.34429	-0.077325	0.027	1.0
				/*	5:child_number	*/	0
				/*	5:name	*/	48M~49M,56M~57M,64MсЦ╦╧й╫(ср╤к)-1/40MсЦ╦╧й╫а╨╤к(ср╣╔ф╛)(X3,вСсрF1)-1/1g''(срмБB1)-1/LS3_3╨ебщк╗-39
				/*	5:type	*/	аЦ╪Ч\LS3_3╨ебщк╗.SLDPRT
				/*	5:location	*/	0.997812	0.066117	-1.97215E-31	0.0	0.066117	-0.997812	-1.35585E-31	0.0	3.9443E-31	-2.83961E-31	-1.0	0.0	0.00214301	-0.0345202	0.027	1.0
				/*	5:child_number	*/	0
				/*	5:name	*/	48M~49M,56M~57M,64MсЦ╦╧й╫(ср╤к)-1/40MсЦ╦╧й╫а╨╤к(ср╣╔ф╛)(X3,вСсрF1)-1/1g''(срмБB1)-1/LS3_3╨ебщк╗-40
				/*	5:type	*/	аЦ╪Ч\LS3_3╨ебщк╗.SLDPRT
				/*	5:location	*/	0.997812	0.066117	-1.97215E-31	0.0	0.066117	-0.997812	-1.35585E-31	0.0	3.9443E-31	-2.83961E-31	-1.0	0.0	0.00214301	-0.13452	0.027	1.0
				/*	5:child_number	*/	0
				/*	5:name	*/	48M~49M,56M~57M,64MсЦ╦╧й╫(ср╤к)-1/40MсЦ╦╧й╫а╨╤к(ср╣╔ф╛)(X3,вСсрF1)-1/1g''(срмБB1)-1/LS3_3╨ебщк╗-41
				/*	5:type	*/	аЦ╪Ч\LS3_3╨ебщк╗.SLDPRT
				/*	5:location	*/	0.997812	0.066117	-1.97215E-31	0.0	0.066117	-0.997812	-1.35585E-31	0.0	3.9443E-31	-2.83961E-31	-1.0	0.0	0.00214301	-0.23452	0.027	1.0
				/*	5:child_number	*/	0
				/*	5:name	*/	48M~49M,56M~57M,64MсЦ╦╧й╫(ср╤к)-1/40MсЦ╦╧й╫а╨╤к(ср╣╔ф╛)(X3,вСсрF1)-1/1g''(срмБB1)-1/LS3_3╨ебщк╗-42
				/*	5:type	*/	аЦ╪Ч\LS3_3╨ебщк╗.SLDPRT
				/*	5:location	*/	0.997812	0.066117	-1.97215E-31	0.0	0.066117	-0.997812	-1.35585E-31	0.0	3.9443E-31	-2.83961E-31	-1.0	0.0	-0.187857	-0.0345202	0.027	1.0
				/*	5:child_number	*/	0
				/*	5:name	*/	48M~49M,56M~57M,64MсЦ╦╧й╫(ср╤к)-1/40MсЦ╦╧й╫а╨╤к(ср╣╔ф╛)(X3,вСсрF1)-1/1g''(срмБB1)-1/LS3_3╨ебщк╗-43
				/*	5:type	*/	аЦ╪Ч\LS3_3╨ебщк╗.SLDPRT
				/*	5:location	*/	0.997812	0.066117	-1.97215E-31	0.0	0.066117	-0.997812	-1.35585E-31	0.0	3.9443E-31	-2.83961E-31	-1.0	0.0	-0.187857	-0.13452	0.027	1.0
				/*	5:child_number	*/	0
				/*	5:name	*/	48M~49M,56M~57M,64MсЦ╦╧й╫(ср╤к)-1/40MсЦ╦╧й╫а╨╤к(ср╣╔ф╛)(X3,вСсрF1)-1/1g''(срмБB1)-1/LS3_3╨ебщк╗-44
				/*	5:type	*/	аЦ╪Ч\LS3_3╨ебщк╗.SLDPRT
				/*	5:location	*/	0.997812	0.066117	-1.97215E-31	0.0	0.066117	-0.997812	-1.35585E-31	0.0	3.9443E-31	-2.83961E-31	-1.0	0.0	-0.187857	-0.23452	0.027	1.0
				/*	5:child_number	*/	0
			/*	4:name	*/	48M~49M,56M~57M,64MсЦ╦╧й╫(ср╤к)-1/40MсЦ╦╧й╫а╨╤к(ср╣╔ф╛)(X3,вСсрF1)-1/2a(срдзB1)-1
			/*	4:type	*/	иоЁпй╫а╨\╧╚╧╡вИ╪Ч\а╨╤к\сЦ╦╧й╫а╨╤к\╢Ьбщк╗аЦ╪Ч\2a(срдзB1).SLDASM
			/*	4:location	*/	1.0	3.17207E-16	-3.17207E-16	0.0	3.17207E-16	-4.44089E-15	1.0	0.0	3.17207E-16	-1.0	-4.44089E-15	0.0	0.238756	-0.117844	3.96789	1.0
			/*	4:child_number	*/	15
				/*	5:name	*/	48M~49M,56M~57M,64MсЦ╦╧й╫(ср╤к)-1/40MсЦ╦╧й╫а╨╤к(ср╣╔ф╛)(X3,вСсрF1)-1/2a(срдзB1)-1/B1_╫з╣Ц╟Е-1
				/*	5:type	*/	аЦ╪Ч\B1_╫з╣Ц╟Е.SLDPRT
				/*	5:location	*/	8.99755E-17	-1.0	4.53302E-15	0.0	-5.173E-16	-4.53302E-15	-1.0	0.0	1.0	8.99755E-17	-5.173E-16	0.0	-0.483885	0.420431	0.08	1.0
				/*	5:child_number	*/	0
				/*	5:name	*/	48M~49M,56M~57M,64MсЦ╦╧й╫(ср╤к)-1/40MсЦ╦╧й╫а╨╤к(ср╣╔ф╛)(X3,вСсрF1)-1/2a(срдзB1)-1/LS2_2╨ебщк╗-1
				/*	5:type	*/	аЦ╪Ч\LS2_2╨ебщк╗.SLDPRT
				/*	5:location	*/	-5.18656E-16	0.322743	-0.946487	0.0	8.17941E-17	0.946487	0.322743	0.0	1.0	8.99755E-17	-5.173E-16	0.0	-0.502885	-0.315139	0.101095	1.0
				/*	5:child_number	*/	0
				/*	5:name	*/	48M~49M,56M~57M,64MсЦ╦╧й╫(ср╤к)-1/40MсЦ╦╧й╫а╨╤к(ср╣╔ф╛)(X3,вСсрF1)-1/2a(срдзB1)-1/LS2_2╨ебщк╗-10
				/*	5:type	*/	аЦ╪Ч\LS2_2╨ебщк╗.SLDPRT
				/*	5:location	*/	-4.34974E-17	0.997812	-0.066117	0.0	-2.34944E-16	0.066117	0.997812	0.0	1.0	5.8936E-17	2.31554E-16	0.0	-0.502885	-0.227894	-0.26	1.0
				/*	5:child_number	*/	0
				/*	5:name	*/	48M~49M,56M~57M,64MсЦ╦╧й╫(ср╤к)-1/40MсЦ╦╧й╫а╨╤к(ср╣╔ф╛)(X3,вСсрF1)-1/2a(срдзB1)-1/LS2_2╨ебщк╗-11
				/*	5:type	*/	аЦ╪Ч\LS2_2╨ебщк╗.SLDPRT
				/*	5:location	*/	-4.34974E-17	0.997812	-0.066117	0.0	-2.34944E-16	0.066117	0.997812	0.0	1.0	5.8936E-17	2.31554E-16	0.0	-0.502885	-0.227894	-0.07	1.0
				/*	5:child_number	*/	0
				/*	5:name	*/	48M~49M,56M~57M,64MсЦ╦╧й╫(ср╤к)-1/40MсЦ╦╧й╫а╨╤к(ср╣╔ф╛)(X3,вСсрF1)-1/2a(срдзB1)-1/LS2_2╨ебщк╗-12
				/*	5:type	*/	аЦ╪Ч\LS2_2╨ебщк╗.SLDPRT
				/*	5:location	*/	-4.34974E-17	0.997812	-0.066117	0.0	-2.34944E-16	0.066117	0.997812	0.0	1.0	5.8936E-17	2.31554E-16	0.0	-0.502885	-0.127894	-0.26	1.0
				/*	5:child_number	*/	0
				/*	5:name	*/	48M~49M,56M~57M,64MсЦ╦╧й╫(ср╤к)-1/40MсЦ╦╧й╫а╨╤к(ср╣╔ф╛)(X3,вСсрF1)-1/2a(срдзB1)-1/LS2_2╨ебщк╗-13
				/*	5:type	*/	аЦ╪Ч\LS2_2╨ебщк╗.SLDPRT
				/*	5:location	*/	-4.34974E-17	0.997812	-0.066117	0.0	-2.34944E-16	0.066117	0.997812	0.0	1.0	5.8936E-17	2.31554E-16	0.0	-0.502885	-0.127894	-0.07	1.0
				/*	5:child_number	*/	0
				/*	5:name	*/	48M~49M,56M~57M,64MсЦ╦╧й╫(ср╤к)-1/40MсЦ╦╧й╫а╨╤к(ср╣╔ф╛)(X3,вСсрF1)-1/2a(срдзB1)-1/LS2_2╨ебщк╗-14
				/*	5:type	*/	аЦ╪Ч\LS2_2╨ебщк╗.SLDPRT
				/*	5:location	*/	-3.79872E-16	-0.556165	-0.831072	0.0	-3.6248E-16	0.831072	-0.556165	0.0	1.0	8.99755E-17	-5.173E-16	0.0	-0.502885	0.192106	-0.26	1.0
				/*	5:child_number	*/	0
				/*	5:name	*/	48M~49M,56M~57M,64MсЦ╦╧й╫(ср╤к)-1/40MсЦ╦╧й╫а╨╤к(ср╣╔ф╛)(X3,вСсрF1)-1/2a(срдзB1)-1/LS2_2╨ебщк╗-15
				/*	5:type	*/	аЦ╪Ч\LS2_2╨ебщк╗.SLDPRT
				/*	5:location	*/	-3.79872E-16	-0.556165	-0.831072	0.0	-3.6248E-16	0.831072	-0.556165	0.0	1.0	8.99755E-17	-5.173E-16	0.0	-0.502885	0.192106	-0.07	1.0
				/*	5:child_number	*/	0
				/*	5:name	*/	48M~49M,56M~57M,64MсЦ╦╧й╫(ср╤к)-1/40MсЦ╦╧й╫а╨╤к(ср╣╔ф╛)(X3,вСсрF1)-1/2a(срдзB1)-1/LS2_2╨ебщк╗-16
				/*	5:type	*/	аЦ╪Ч\LS2_2╨ебщк╗.SLDPRT
				/*	5:location	*/	-3.79872E-16	-0.556165	-0.831072	0.0	-3.6248E-16	0.831072	-0.556165	0.0	1.0	8.99755E-17	-5.173E-16	0.0	-0.502885	0.292106	-0.26	1.0
				/*	5:child_number	*/	0
				/*	5:name	*/	48M~49M,56M~57M,64MсЦ╦╧й╫(ср╤к)-1/40MсЦ╦╧й╫а╨╤к(ср╣╔ф╛)(X3,вСсрF1)-1/2a(срдзB1)-1/LS2_2╨ебщк╗-17
				/*	5:type	*/	аЦ╪Ч\LS2_2╨ебщк╗.SLDPRT
				/*	5:location	*/	-3.79872E-16	-0.556165	-0.831072	0.0	-3.6248E-16	0.831072	-0.556165	0.0	1.0	8.99755E-17	-5.173E-16	0.0	-0.502885	0.292106	-0.07	1.0
				/*	5:child_number	*/	0
				/*	5:name	*/	48M~49M,56M~57M,64MсЦ╦╧й╫(ср╤к)-1/40MсЦ╦╧й╫а╨╤к(ср╣╔ф╛)(X3,вСсрF1)-1/2a(срдзB1)-1/LS2_2╨ебщк╗-18
				/*	5:type	*/	аЦ╪Ч\LS2_2╨ебщк╗.SLDPRT
				/*	5:location	*/	-5.173E-16	-8.99755E-17	-1.0	0.0	-8.99755E-17	1.0	-8.99755E-17	0.0	1.0	8.99755E-17	-5.173E-16	0.0	-0.502885	-0.219327	0.107805	1.0
				/*	5:child_number	*/	0
				/*	5:name	*/	48M~49M,56M~57M,64MсЦ╦╧й╫(ср╤к)-1/40MсЦ╦╧й╫а╨╤к(ср╣╔ф╛)(X3,вСсрF1)-1/2a(срдзB1)-1/LS2_2╨ебщк╗-19
				/*	5:type	*/	аЦ╪Ч\LS2_2╨ебщк╗.SLDPRT
				/*	5:location	*/	-5.173E-16	-8.99755E-17	-1.0	0.0	-8.99755E-17	1.0	-8.99755E-17	0.0	1.0	8.99755E-17	-5.173E-16	0.0	-0.502885	-0.300653	0.196044	1.0
				/*	5:child_number	*/	0
				/*	5:name	*/	48M~49M,56M~57M,64MсЦ╦╧й╫(ср╤к)-1/40MсЦ╦╧й╫а╨╤к(ср╣╔ф╛)(X3,вСсрF1)-1/2a(срдзB1)-1/LS2_2╨ебщк╗-2
				/*	5:type	*/	аЦ╪Ч\LS2_2╨ебщк╗.SLDPRT
				/*	5:location	*/	-5.10219E-16	-0.066117	-0.997812	0.0	-1.23981E-16	0.997812	-0.066117	0.0	1.0	8.99755E-17	-5.173E-16	0.0	-0.502885	-0.204841	0.202753	1.0
				/*	5:child_number	*/	0
				/*	5:name	*/	48M~49M,56M~57M,64MсЦ╦╧й╫(ср╤к)-1/40MсЦ╦╧й╫а╨╤к(ср╣╔ф╛)(X3,вСсрF1)-1/2a(срдзB1)-1/LS2_2╨ебщк╗-3
				/*	5:type	*/	аЦ╪Ч\LS2_2╨ебщк╗.SLDPRT
				/*	5:location	*/	-5.10219E-16	-0.066117	-0.997812	0.0	-1.23981E-16	0.997812	-0.066117	0.0	1.0	8.99755E-17	-5.173E-16	0.0	-0.502885	-0.396465	0.189334	1.0
				/*	5:child_number	*/	0
				/*	5:name	*/	48M~49M,56M~57M,64MсЦ╦╧й╫(ср╤к)-1/40MсЦ╦╧й╫а╨╤к(ср╣╔ф╛)(X3,вСсрF1)-1/2a(срдзB1)-1/LS2_2╨ебщк╗-5
				/*	5:type	*/	аЦ╪Ч\LS2_2╨ебщк╗.SLDPRT
				/*	5:location	*/	-3.79872E-16	-0.556165	-0.831072	0.0	-3.6248E-16	0.831072	-0.556165	0.0	1.0	8.99755E-17	-5.173E-16	0.0	-0.502885	-0.286167	0.290992	1.0
				/*	5:child_number	*/	0
			/*	4:name	*/	48M~49M,56M~57M,64MсЦ╦╧й╫(ср╤к)-1/40MсЦ╦╧й╫а╨╤к(ср╣╔ф╛)(X3,вСсрF1)-1/2a(срмБB1)-1
			/*	4:type	*/	иоЁпй╫а╨\╧╚╧╡вИ╪Ч\а╨╤к\сЦ╦╧й╫а╨╤к\╢Ьбщк╗аЦ╪Ч\2a(срмБB1).SLDASM
			/*	4:location	*/	-1.0	-4.26963E-16	4.81308E-16	0.0	-4.81308E-16	-1.27676E-15	-1.0	0.0	4.26963E-16	-1.0	1.27676E-15	0.0	-0.0253086	-0.117844	3.98624	1.0
			/*	4:child_number	*/	23
				/*	5:name	*/	48M~49M,56M~57M,64MсЦ╦╧й╫(ср╤к)-1/40MсЦ╦╧й╫а╨╤к(ср╣╔ф╛)(X3,вСсрF1)-1/2a(срмБB1)-1/B1_╫з╣Ц╟Е-1
				/*	5:type	*/	аЦ╪Ч\B1_╫з╣Ц╟Е.SLDPRT
				/*	5:location	*/	8.99755E-17	-1.0	4.53302E-15	0.0	-5.173E-16	-4.36648E-15	-1.0	0.0	1.0	8.99755E-17	-5.173E-16	0.0	-0.192179	0.374566	0.08	1.0
				/*	5:child_number	*/	0
				/*	5:name	*/	48M~49M,56M~57M,64MсЦ╦╧й╫(ср╤к)-1/40MсЦ╦╧й╫а╨╤к(ср╣╔ф╛)(X3,вСсрF1)-1/2a(срмБB1)-1/LS2_2╨ебщк╗-1
				/*	5:type	*/	аЦ╪Ч\LS2_2╨ебщк╗.SLDPRT
				/*	5:location	*/	-5.10219E-16	-0.066117	-0.997812	0.0	-1.23981E-16	0.997812	-0.066117	0.0	1.0	8.99755E-17	-5.173E-16	0.0	-0.211179	0.333486	0.101095	1.0
				/*	5:child_number	*/	0
				/*	5:name	*/	48M~49M,56M~57M,64MсЦ╦╧й╫(ср╤к)-1/40MсЦ╦╧й╫а╨╤к(ср╣╔ф╛)(X3,вСсрF1)-1/2a(срмБB1)-1/LS2_2╨ебщк╗-10
				/*	5:type	*/	аЦ╪Ч\LS2_2╨ебщк╗.SLDPRT
				/*	5:location	*/	-4.34974E-17	0.997812	-0.066117	0.0	-2.34944E-16	0.066117	0.997812	0.0	1.0	5.8936E-17	2.31554E-16	0.0	-0.211179	-0.27376	-0.07	1.0
				/*	5:child_number	*/	0
				/*	5:name	*/	48M~49M,56M~57M,64MсЦ╦╧й╫(ср╤к)-1/40MсЦ╦╧й╫а╨╤к(ср╣╔ф╛)(X3,вСсрF1)-1/2a(срмБB1)-1/LS2_2╨ебщк╗-11
				/*	5:type	*/	аЦ╪Ч\LS2_2╨ебщк╗.SLDPRT
				/*	5:location	*/	-4.34974E-17	0.997812	-0.066117	0.0	-2.34944E-16	0.066117	0.997812	0.0	1.0	5.8936E-17	2.31554E-16	0.0	-0.211179	-0.17376	-0.26	1.0
				/*	5:child_number	*/	0
				/*	5:name	*/	48M~49M,56M~57M,64MсЦ╦╧й╫(ср╤к)-1/40MсЦ╦╧й╫а╨╤к(ср╣╔ф╛)(X3,вСсрF1)-1/2a(срмБB1)-1/LS2_2╨ебщк╗-12
				/*	5:type	*/	аЦ╪Ч\LS2_2╨ебщк╗.SLDPRT
				/*	5:location	*/	-4.34974E-17	0.997812	-0.066117	0.0	-2.34944E-16	0.066117	0.997812	0.0	1.0	5.8936E-17	2.31554E-16	0.0	-0.211179	-0.17376	-0.07	1.0
				/*	5:child_number	*/	0
				/*	5:name	*/	48M~49M,56M~57M,64MсЦ╦╧й╫(ср╤к)-1/40MсЦ╦╧й╫а╨╤к(ср╣╔ф╛)(X3,вСсрF1)-1/2a(срмБB1)-1/LS2_2╨ебщк╗-13
				/*	5:type	*/	аЦ╪Ч\LS2_2╨ебщк╗.SLDPRT
				/*	5:location	*/	-4.34974E-17	0.997812	-0.066117	0.0	-2.34944E-16	0.066117	0.997812	0.0	1.0	5.8936E-17	2.31554E-16	0.0	-0.211179	-0.0737597	-0.26	1.0
				/*	5:child_number	*/	0
				/*	5:name	*/	48M~49M,56M~57M,64MсЦ╦╧й╫(ср╤к)-1/40MсЦ╦╧й╫а╨╤к(ср╣╔ф╛)(X3,вСсрF1)-1/2a(срмБB1)-1/LS2_2╨ебщк╗-14
				/*	5:type	*/	аЦ╪Ч\LS2_2╨ебщк╗.SLDPRT
				/*	5:location	*/	-4.34974E-17	0.997812	-0.066117	0.0	-2.34944E-16	0.066117	0.997812	0.0	1.0	5.8936E-17	2.31554E-16	0.0	-0.211179	-0.0737597	-0.07	1.0
				/*	5:child_number	*/	0
				/*	5:name	*/	48M~49M,56M~57M,64MсЦ╦╧й╫(ср╤к)-1/40MсЦ╦╧й╫а╨╤к(ср╣╔ф╛)(X3,вСсрF1)-1/2a(срмБB1)-1/LS2_2╨ебщк╗-15
				/*	5:type	*/	аЦ╪Ч\LS2_2╨ебщк╗.SLDPRT
				/*	5:location	*/	-4.34974E-17	0.997812	-0.066117	0.0	-2.34944E-16	0.066117	0.997812	0.0	1.0	5.8936E-17	2.31554E-16	0.0	-0.211179	0.0462403	-0.07	1.0
				/*	5:child_number	*/	0
				/*	5:name	*/	48M~49M,56M~57M,64MсЦ╦╧й╫(ср╤к)-1/40MсЦ╦╧й╫а╨╤к(ср╣╔ф╛)(X3,вСсрF1)-1/2a(срмБB1)-1/LS2_2╨ебщк╗-16
				/*	5:type	*/	аЦ╪Ч\LS2_2╨ебщк╗.SLDPRT
				/*	5:location	*/	-4.34974E-17	0.997812	-0.066117	0.0	-2.34944E-16	0.066117	0.997812	0.0	1.0	5.8936E-17	2.31554E-16	0.0	-0.211179	0.0462403	-0.26	1.0
				/*	5:child_number	*/	0
				/*	5:name	*/	48M~49M,56M~57M,64MсЦ╦╧й╫(ср╤к)-1/40MсЦ╦╧й╫а╨╤к(ср╣╔ф╛)(X3,вСсрF1)-1/2a(срмБB1)-1/LS2_2╨ебщк╗-17
				/*	5:type	*/	аЦ╪Ч\LS2_2╨ебщк╗.SLDPRT
				/*	5:location	*/	-4.34974E-17	0.997812	-0.066117	0.0	-2.34944E-16	0.066117	0.997812	0.0	1.0	5.8936E-17	2.31554E-16	0.0	-0.211179	0.14624	-0.07	1.0
				/*	5:child_number	*/	0
