/*	1:name	*/	上承式46.0M梁_齐头式梁端
/*	1:type	*/	上承式梁\齐头式\上承式46.0M梁_齐头式梁端.SLDASM
/*	1:location	*/	1.0	0.0	0.0	0.0	0.0	1.0	0.0	0.0	0.0	0.0	1.0	0.0	0.0	0.0	0.0	1.0
/*	1:child_number	*/	3
	/*	2:name	*/	46M~47M上承式中部-1
	/*	2:type	*/	上承式梁\公共组件\上承式中部\46M~47M上承式中部.SLDASM
	/*	2:location	*/	1.0	0.0	0.0	0.0	0.0	1.0	0.0	0.0	0.0	0.0	1.0	0.0	0.0766008	2.80502	5.955	1.0
	/*	2:child_number	*/	3
		/*	3:name	*/	46M~47M上承式中部-1/上承式单元(5a',6c,5a',5b',5b')-1
		/*	3:type	*/	上承式梁\公共组件\上承式中部\上承式单元\上承式单元(5a',6c,5a',5b',5b').SLDASM
		/*	3:location	*/	1.0	0.0	0.0	0.0	0.0	1.0	0.0	0.0	0.0	0.0	1.0	0.0	1.39061	-0.00738889	-0.105	1.0
		/*	3:child_number	*/	6
			/*	4:name	*/	46M~47M上承式中部-1/上承式单元(5a',6c,5a',5b',5b')-1/L2(配5b,5b')-1
			/*	4:type	*/	上承式梁\公共组件\上承式中部\上承式单元\带螺栓零件\L2(配5b,5b').SLDASM
			/*	4:location	*/	-5.0711E-16	8.00054E-14	1.0	0.0	-7.7E-16	1.0	-8.00054E-14	0.0	-1.0	-7.7E-16	-5.0711E-16	0.0	-2.72721	-2.4874	2.21486	1.0
			/*	4:child_number	*/	13
				/*	5:name	*/	46M~47M上承式中部-1/上承式单元(5a',6c,5a',5b',5b')-1/L2(配5b,5b')-1/LS1_1号螺栓-1
				/*	5:type	*/	零件\LS1_1号螺栓.SLDPRT
				/*	5:location	*/	0.997812	-0.066117	0.0	0.0	0.066117	0.997812	5.54668E-32	0.0	0.0	4.38621E-32	1.0	0.0	-0.214864	-0.0402241	1.209	1.0
				/*	5:child_number	*/	0
				/*	5:name	*/	46M~47M上承式中部-1/上承式单元(5a',6c,5a',5b',5b')-1/L2(配5b,5b')-1/LS1_1号螺栓-2
				/*	5:type	*/	零件\LS1_1号螺栓.SLDPRT
				/*	5:location	*/	0.997812	-0.066117	0.0	0.0	0.066117	0.997812	5.54668E-32	0.0	0.0	4.38621E-32	1.0	0.0	-0.114864	-0.0402241	1.209	1.0
				/*	5:child_number	*/	0
				/*	5:name	*/	46M~47M上承式中部-1/上承式单元(5a',6c,5a',5b',5b')-1/L2(配5b,5b')-1/LS1_1号螺栓-3
				/*	5:type	*/	零件\LS1_1号螺栓.SLDPRT
				/*	5:location	*/	0.997812	-0.066117	0.0	0.0	0.066117	0.997812	5.54668E-32	0.0	0.0	4.38621E-32	1.0	0.0	0.00513641	-0.0402241	1.209	1.0
				/*	5:child_number	*/	0
				/*	5:name	*/	46M~47M上承式中部-1/上承式单元(5a',6c,5a',5b',5b')-1/L2(配5b,5b')-1/LS1_1号螺栓-4
				/*	5:type	*/	零件\LS1_1号螺栓.SLDPRT
				/*	5:location	*/	0.997812	-0.066117	0.0	0.0	0.066117	0.997812	5.54668E-32	0.0	0.0	4.38621E-32	1.0	0.0	0.105136	-0.0402241	1.209	1.0
				/*	5:child_number	*/	0
				/*	5:name	*/	46M~47M上承式中部-1/上承式单元(5a',6c,5a',5b',5b')-1/L2(配5b,5b')-1/LS1_1号螺栓-5
				/*	5:type	*/	零件\LS1_1号螺栓.SLDPRT
				/*	5:location	*/	0.997812	0.066117	9.86076E-32	0.0	0.066117	-0.997812	-2.34193E-31	0.0	0.0	-4.38621E-32	-1.0	0.0	-0.214864	-0.0402241	-1.209	1.0
				/*	5:child_number	*/	0
				/*	5:name	*/	46M~47M上承式中部-1/上承式单元(5a',6c,5a',5b',5b')-1/L2(配5b,5b')-1/LS1_1号螺栓-6
				/*	5:type	*/	零件\LS1_1号螺栓.SLDPRT
				/*	5:location	*/	0.997812	0.066117	9.86076E-32	0.0	0.066117	-0.997812	-2.34193E-31	0.0	0.0	-4.38621E-32	-1.0	0.0	-0.114864	-0.0402241	-1.209	1.0
				/*	5:child_number	*/	0
				/*	5:name	*/	46M~47M上承式中部-1/上承式单元(5a',6c,5a',5b',5b')-1/L2(配5b,5b')-1/LS1_1号螺栓-7
				/*	5:type	*/	零件\LS1_1号螺栓.SLDPRT
				/*	5:location	*/	0.997812	0.066117	9.86076E-32	0.0	0.066117	-0.997812	-2.34193E-31	0.0	0.0	-4.38621E-32	-1.0	0.0	0.00513641	-0.0402241	-1.209	1.0
				/*	5:child_number	*/	0
				/*	5:name	*/	46M~47M上承式中部-1/上承式单元(5a',6c,5a',5b',5b')-1/L2(配5b,5b')-1/LS1_1号螺栓-8
				/*	5:type	*/	零件\LS1_1号螺栓.SLDPRT
				/*	5:location	*/	0.997812	0.066117	9.86076E-32	0.0	0.066117	-0.997812	-2.34193E-31	0.0	0.0	-4.38621E-32	-1.0	0.0	0.105136	-0.0402241	-1.209	1.0
				/*	5:child_number	*/	0
				/*	5:name	*/	46M~47M上承式中部-1/上承式单元(5a',6c,5a',5b',5b')-1/L2(配5b,5b')-1/LS2_2号螺栓-1
				/*	5:type	*/	零件\LS2_2号螺栓.SLDPRT
				/*	5:location	*/	0.997812	-0.066117	0.0	0.0	0.066117	0.997812	5.54668E-32	0.0	0.0	4.38621E-32	1.0	0.0	-0.149864	0.0947759	1.209	1.0
				/*	5:child_number	*/	0
				/*	5:name	*/	46M~47M上承式中部-1/上承式单元(5a',6c,5a',5b',5b')-1/L2(配5b,5b')-1/LS2_2号螺栓-2
				/*	5:type	*/	零件\LS2_2号螺栓.SLDPRT
				/*	5:location	*/	0.997812	-0.066117	0.0	0.0	0.066117	0.997812	5.54668E-32	0.0	0.0	4.38621E-32	1.0	0.0	0.0401364	0.0947759	1.209	1.0
				/*	5:child_number	*/	0
				/*	5:name	*/	46M~47M上承式中部-1/上承式单元(5a',6c,5a',5b',5b')-1/L2(配5b,5b')-1/LS2_2号螺栓-3
				/*	5:type	*/	零件\LS2_2号螺栓.SLDPRT
				/*	5:location	*/	0.997812	0.066117	9.86076E-32	0.0	0.066117	-0.997812	-2.34193E-31	0.0	0.0	-4.38621E-32	-1.0	0.0	-0.149864	0.0947759	-1.209	1.0
				/*	5:child_number	*/	0
				/*	5:name	*/	46M~47M上承式中部-1/上承式单元(5a',6c,5a',5b',5b')-1/L2(配5b,5b')-1/LS2_2号螺栓-4
				/*	5:type	*/	零件\LS2_2号螺栓.SLDPRT
				/*	5:location	*/	0.997812	0.066117	9.86076E-32	0.0	0.066117	-0.997812	-2.34193E-31	0.0	0.0	-4.38621E-32	-1.0	0.0	0.0401364	0.0947759	-1.209	1.0
				/*	5:child_number	*/	0
				/*	5:name	*/	46M~47M上承式中部-1/上承式单元(5a',6c,5a',5b',5b')-1/L2(配5b,5b')-1/l2_直撑-1
				/*	5:type	*/	零件\l2_直撑.SLDPRT
				/*	5:location	*/	1.0	0.0	0.0	0.0	0.0	1.0	1.4247E-31	0.0	0.0	4.38621E-32	1.0	0.0	-0.0548636	-0.135224	-2.22045E-16	1.0
				/*	5:child_number	*/	0
			/*	4:name	*/	46M~47M上承式中部-1/上承式单元(5a',6c,5a',5b',5b')-1/上承式(5a',6c,5a',5b',5b')(右单片)-1
			/*	4:type	*/	上承式梁\公共组件\上承式中部\上承式单元\上承式单元(5a',6c,5a',5b',5b')\上承式(5a',6c,5a',5b',5b')(右单片).SLDASM
			/*	4:location	*/	-1.0	-3.66851E-16	2.03857E-16	0.0	-3.66851E-16	1.0	-2.77861E-13	0.0	-2.03857E-16	-2.77861E-13	-1.0	0.0	-4.29719	1.70004	-5.84	1.0
			/*	4:child_number	*/	16
				/*	5:name	*/	46M~47M上承式中部-1/上承式单元(5a',6c,5a',5b',5b')-1/上承式(5a',6c,5a',5b',5b')(右单片)-1/5'b(内B1)-2
				/*	5:type	*/	上承式梁\公共组件\上承式中部\上承式单元\带螺栓零件\5'b(内B1).SLDASM
				/*	5:location	*/	1.0	9.55538E-17	7.64826E-16	0.0	7.64826E-16	8.99281E-15	-1.0	0.0	-9.55538E-17	1.0	8.99281E-15	0.0	0.012976	-4.15766	-7.93487	1.0
				/*	5:child_number	*/	21
					/*	6:name	*/	46M~47M上承式中部-1/上承式单元(5a',6c,5a',5b',5b')-1/上承式(5a',6c,5a',5b',5b')(右单片)-1/5'b(内B1)-2/B1_节点板-1
					/*	6:type	*/	零件\B1_节点板.SLDPRT
					/*	6:location	*/	8.99755E-17	-1.0	4.53302E-15	0.0	-5.173E-16	-4.36648E-15	-1.0	0.0	1.0	8.99755E-17	-5.173E-16	0.0	-0.338949	0.453455	0.08	1.0
					/*	6:child_number	*/	0
					/*	6:name	*/	46M~47M上承式中部-1/上承式单元(5a',6c,5a',5b',5b')-1/上承式(5a',6c,5a',5b',5b')(右单片)-1/5'b(内B1)-2/LS1_1号螺栓-1
					/*	6:type	*/	零件\LS1_1号螺栓.SLDPRT
					/*	6:location	*/	-4.34974E-17	0.997812	-0.066117	0.0	-2.34944E-16	0.066117	0.997812	0.0	1.0	5.8936E-17	2.31554E-16	0.0	-0.357949	-0.194871	-0.26	1.0
					/*	6:child_number	*/	0
					/*	6:name	*/	46M~47M上承式中部-1/上承式单元(5a',6c,5a',5b',5b')-1/上承式(5a',6c,5a',5b',5b')(右单片)-1/5'b(内B1)-2/LS1_1号螺栓-13
					/*	6:type	*/	零件\LS1_1号螺栓.SLDPRT
					/*	6:location	*/	-4.34974E-17	0.997812	-0.066117	0.0	-2.34944E-16	0.066117	0.997812	0.0	1.0	5.8936E-17	2.31554E-16	0.0	-0.357949	0.225129	-0.26	1.0
					/*	6:child_number	*/	0
					/*	6:name	*/	46M~47M上承式中部-1/上承式单元(5a',6c,5a',5b',5b')-1/上承式(5a',6c,5a',5b',5b')(右单片)-1/5'b(内B1)-2/LS1_1号螺栓-14
					/*	6:type	*/	零件\LS1_1号螺栓.SLDPRT
					/*	6:location	*/	-4.34974E-17	0.997812	-0.066117	0.0	-2.34944E-16	0.066117	0.997812	0.0	1.0	5.8936E-17	2.31554E-16	0.0	-0.357949	0.325129	-0.26	1.0
					/*	6:child_number	*/	0
					/*	6:name	*/	46M~47M上承式中部-1/上承式单元(5a',6c,5a',5b',5b')-1/上承式(5a',6c,5a',5b',5b')(右单片)-1/5'b(内B1)-2/LS1_1号螺栓-15
					/*	6:type	*/	零件\LS1_1号螺栓.SLDPRT
					/*	6:location	*/	-4.34974E-17	0.997812	-0.066117	0.0	-2.34944E-16	0.066117	0.997812	0.0	1.0	5.8936E-17	2.31554E-16	0.0	-0.357949	-0.0948709	-0.26	1.0
					/*	6:child_number	*/	0
					/*	6:name	*/	46M~47M上承式中部-1/上承式单元(5a',6c,5a',5b',5b')-1/上承式(5a',6c,5a',5b',5b')(右单片)-1/5'b(内B1)-2/LS1_1号螺栓-16
					/*	6:type	*/	零件\LS1_1号螺栓.SLDPRT
					/*	6:location	*/	-4.34974E-17	0.997812	-0.066117	0.0	-2.34944E-16	0.066117	0.997812	0.0	1.0	5.8936E-17	2.31554E-16	0.0	-0.357949	0.00512915	-0.26	1.0
					/*	6:child_number	*/	0
					/*	6:name	*/	46M~47M上承式中部-1/上承式单元(5a',6c,5a',5b',5b')-1/上承式(5a',6c,5a',5b',5b')(右单片)-1/5'b(内B1)-2/LS1_1号螺栓-17
					/*	6:type	*/	零件\LS1_1号螺栓.SLDPRT
					/*	6:location	*/	-4.34974E-17	0.997812	-0.066117	0.0	-2.34944E-16	0.066117	0.997812	0.0	1.0	5.8936E-17	2.31554E-16	0.0	-0.357949	0.325129	-0.07	1.0
					/*	6:child_number	*/	0
					/*	6:name	*/	46M~47M上承式中部-1/上承式单元(5a',6c,5a',5b',5b')-1/上承式(5a',6c,5a',5b',5b')(右单片)-1/5'b(内B1)-2/LS1_1号螺栓-18
					/*	6:type	*/	零件\LS1_1号螺栓.SLDPRT
					/*	6:location	*/	-4.34974E-17	0.997812	-0.066117	0.0	-2.34944E-16	0.066117	0.997812	0.0	1.0	5.8936E-17	2.31554E-16	0.0	-0.357949	-0.194871	-0.07	1.0
					/*	6:child_number	*/	0
					/*	6:name	*/	46M~47M上承式中部-1/上承式单元(5a',6c,5a',5b',5b')-1/上承式(5a',6c,5a',5b',5b')(右单片)-1/5'b(内B1)-2/LS1_1号螺栓-7
					/*	6:type	*/	零件\LS1_1号螺栓.SLDPRT
					/*	6:location	*/	-4.34974E-17	0.997812	-0.066117	0.0	-2.34944E-16	0.066117	0.997812	0.0	1.0	5.8936E-17	2.31554E-16	0.0	-0.357949	0.125129	-0.26	1.0
					/*	6:child_number	*/	0
					/*	6:name	*/	46M~47M上承式中部-1/上承式单元(5a',6c,5a',5b',5b')-1/上承式(5a',6c,5a',5b',5b')(右单片)-1/5'b(内B1)-2/LS2_2号螺栓-1
					/*	6:type	*/	零件\LS2_2号螺栓.SLDPRT
					/*	6:location	*/	-5.18656E-16	0.322743	-0.946487	0.0	8.17941E-17	0.946487	0.322743	0.0	1.0	8.99755E-17	-5.173E-16	0.0	-0.357949	-0.282116	0.101095	1.0
					/*	6:child_number	*/	0
					/*	6:name	*/	46M~47M上承式中部-1/上承式单元(5a',6c,5a',5b',5b')-1/上承式(5a',6c,5a',5b',5b')(右单片)-1/5'b(内B1)-2/LS2_2号螺栓-2
					/*	6:type	*/	零件\LS2_2号螺栓.SLDPRT
					/*	6:location	*/	-3.79872E-16	-0.556165	-0.831072	0.0	-3.6248E-16	0.831072	-0.556165	0.0	1.0	8.99755E-17	-5.173E-16	0.0	-0.357949	-0.253144	0.290992	1.0
					/*	6:child_number	*/	0
					/*	6:name	*/	46M~47M上承式中部-1/上承式单元(5a',6c,5a',5b',5b')-1/上承式(5a',6c,5a',5b',5b')(右单片)-1/5'b(内B1)-2/LS2_2号螺栓-3
					/*	6:type	*/	零件\LS2_2号螺栓.SLDPRT
					/*	6:location	*/	-5.10219E-16	-0.066117	-0.997812	0.0	-1.23981E-16	0.997812	-0.066117	0.0	1.0	8.99755E-17	-5.173E-16	0.0	-0.357949	-0.363442	0.189334	1.0
					/*	6:child_number	*/	0
					/*	6:name	*/	46M~47M上承式中部-1/上承式单元(5a',6c,5a',5b',5b')-1/上承式(5a',6c,5a',5b',5b')(右单片)-1/5'b(内B1)-2/LS2_2号螺栓-4
					/*	6:type	*/	零件\LS2_2号螺栓.SLDPRT
					/*	6:location	*/	-5.10219E-16	-0.066117	-0.997812	0.0	-1.23981E-16	0.997812	-0.066117	0.0	1.0	8.99755E-17	-5.173E-16	0.0	-0.357949	-0.171818	0.202753	1.0
					/*	6:child_number	*/	0
					/*	6:name	*/	46M~47M上承式中部-1/上承式单元(5a',6c,5a',5b',5b')-1/上承式(5a',6c,5a',5b',5b')(右单片)-1/5'b(内B1)-2/LS2_2号螺栓-5
					/*	6:type	*/	零件\LS2_2号螺栓.SLDPRT
					/*	6:location	*/	-5.10219E-16	-0.066117	-0.997812	0.0	-1.23981E-16	0.997812	-0.066117	0.0	1.0	8.99755E-17	-5.173E-16	0.0	-0.357949	0.383402	0.290992	1.0
					/*	6:child_number	*/	0
					/*	6:name	*/	46M~47M上承式中部-1/上承式单元(5a',6c,5a',5b',5b')-1/上承式(5a',6c,5a',5b',5b')(右单片)-1/5'b(内B1)-2/LS2_2号螺栓-6
					/*	6:type	*/	零件\LS2_2号螺栓.SLDPRT
					/*	6:location	*/	-5.10219E-16	-0.066117	-0.997812	0.0	-1.23981E-16	0.997812	-0.066117	0.0	1.0	8.99755E-17	-5.173E-16	0.0	-0.357949	0.4937	0.189334	1.0
					/*	6:child_number	*/	0
					/*	6:name	*/	46M~47M上承式中部-1/上承式单元(5a',6c,5a',5b',5b')-1/上承式(5a',6c,5a',5b',5b')(右单片)-1/5'b(内B1)-2/LS2_2号螺栓-7
					/*	6:type	*/	零件\LS2_2号螺栓.SLDPRT
					/*	6:location	*/	-5.10219E-16	-0.066117	-0.997812	0.0	-1.23981E-16	0.997812	-0.066117	0.0	1.0	8.99755E-17	-5.173E-16	0.0	-0.357949	0.302076	0.202753	1.0
					/*	6:child_number	*/	0
					/*	6:name	*/	46M~47M上承式中部-1/上承式单元(5a',6c,5a',5b',5b')-1/上承式(5a',6c,5a',5b',5b')(右单片)-1/5'b(内B1)-2/LS2_2号螺栓-8
					/*	6:type	*/	零件\LS2_2号螺栓.SLDPRT
					/*	6:location	*/	-5.10219E-16	-0.066117	-0.997812	0.0	-1.23981E-16	0.997812	-0.066117	0.0	1.0	8.99755E-17	-5.173E-16	0.0	-0.357949	0.412374	0.101095	1.0
					/*	6:child_number	*/	0
					/*	6:name	*/	46M~47M上承式中部-1/上承式单元(5a',6c,5a',5b',5b')-1/上承式(5a',6c,5a',5b',5b')(右单片)-1/5'b(内B1)-2/LS3_3号螺栓-10
					/*	6:type	*/	零件\LS3_3号螺栓.SLDPRT
					/*	6:location	*/	-1.47739E-16	-0.897189	-0.441647	0.0	-5.03853E-16	0.441647	-0.897189	0.0	1.0	8.99755E-17	-5.173E-16	0.0	-0.357949	0.160129	0.265	1.0
					/*	6:child_number	*/	0
					/*	6:name	*/	46M~47M上承式中部-1/上承式单元(5a',6c,5a',5b',5b')-1/上承式(5a',6c,5a',5b',5b')(右单片)-1/5'b(内B1)-2/LS3_3号螺栓-7
					/*	6:type	*/	零件\LS3_3号螺栓.SLDPRT
					/*	6:location	*/	-1.47739E-16	-0.897189	-0.441647	0.0	-5.03853E-16	0.441647	-0.897189	0.0	1.0	8.99755E-17	-5.173E-16	0.0	-0.357949	-0.0298709	0.165	1.0
					/*	6:child_number	*/	0
					/*	6:name	*/	46M~47M上承式中部-1/上承式单元(5a',6c,5a',5b',5b')-1/上承式(5a',6c,5a',5b',5b')(右单片)-1/5'b(内B1)-2/LS3_3号螺栓-8
					/*	6:type	*/	零件\LS3_3号螺栓.SLDPRT
					/*	6:location	*/	-1.47739E-16	-0.897189	-0.441647	0.0	-5.03853E-16	0.441647	-0.897189	0.0	1.0	8.99755E-17	-5.173E-16	0.0	-0.357949	-0.0298709	0.265	1.0
					/*	6:child_number	*/	0
					/*	6:name	*/	46M~47M上承式中部-1/上承式单元(5a',6c,5a',5b',5b')-1/上承式(5a',6c,5a',5b',5b')(右单片)-1/5'b(内B1)-2/LS3_3号螺栓-9
					/*	6:type	*/	零件\LS3_3号螺栓.SLDPRT
					/*	6:location	*/	-1.47739E-16	-0.897189	-0.441647	0.0	-5.03853E-16	0.441647	-0.897189	0.0	1.0	8.99755E-17	-5.173E-16	0.0	-0.357949	0.160129	0.165	1.0
					/*	6:child_number	*/	0
				/*	5:name	*/	46M~47M上承式中部-1/上承式单元(5a',6c,5a',5b',5b')-1/上承式(5a',6c,5a',5b',5b')(右单片)-1/5'b(外B1)-1
				/*	5:type	*/	上承式梁\公共组件\上承式中部\上承式单元\带螺栓零件\5'b(外B1).SLDASM
				/*	5:location	*/	-1.0	-4.44987E-16	-1.03017E-15	0.0	-1.03017E-15	4.30211E-15	1.0	0.0	-4.44987E-16	1.0	-4.30211E-15	0.0	-0.252923	-4.15766	-8.06513	1.0
				/*	5:child_number	*/	27
					/*	6:name	*/	46M~47M上承式中部-1/上承式单元(5a',6c,5a',5b',5b')-1/上承式(5a',6c,5a',5b',5b')(右单片)-1/5'b(外B1)-1/B1_节点板-1
					/*	6:type	*/	零件\B1_节点板.SLDPRT
					/*	6:location	*/	8.99755E-17	-1.0	4.53302E-15	0.0	-5.173E-16	-4.36648E-15	-1.0	0.0	1.0	8.99755E-17	-5.173E-16	0.0	-0.338949	0.453455	0.08	1.0
					/*	6:child_number	*/	0
					/*	6:name	*/	46M~47M上承式中部-1/上承式单元(5a',6c,5a',5b',5b')-1/上承式(5a',6c,5a',5b',5b')(右单片)-1/5'b(外B1)-1/LS1_1号螺栓-1
					/*	6:type	*/	零件\LS1_1号螺栓.SLDPRT
					/*	6:location	*/	-4.34974E-17	0.997812	-0.066117	0.0	-2.34944E-16	0.066117	0.997812	0.0	1.0	5.8936E-17	2.31554E-16	0.0	-0.357949	-0.194871	-0.26	1.0
					/*	6:child_number	*/	0
					/*	6:name	*/	46M~47M上承式中部-1/上承式单元(5a',6c,5a',5b',5b')-1/上承式(5a',6c,5a',5b',5b')(右单片)-1/5'b(外B1)-1/LS1_1号螺栓-10
					/*	6:type	*/	零件\LS1_1号螺栓.SLDPRT
					/*	6:location	*/	-4.34974E-17	0.997812	-0.066117	0.0	-2.34944E-16	0.066117	0.997812	0.0	1.0	5.8936E-17	2.31554E-16	0.0	-0.357949	0.225129	-0.07	1.0
					/*	6:child_number	*/	0
					/*	6:name	*/	46M~47M上承式中部-1/上承式单元(5a',6c,5a',5b',5b')-1/上承式(5a',6c,5a',5b',5b')(右单片)-1/5'b(外B1)-1/LS1_1号螺栓-11
					/*	6:type	*/	零件\LS1_1号螺栓.SLDPRT
					/*	6:location	*/	-4.34974E-17	0.997812	-0.066117	0.0	-2.34944E-16	0.066117	0.997812	0.0	1.0	5.8936E-17	2.31554E-16	0.0	-0.357949	0.325129	-0.26	1.0
					/*	6:child_number	*/	0
					/*	6:name	*/	46M~47M上承式中部-1/上承式单元(5a',6c,5a',5b',5b')-1/上承式(5a',6c,5a',5b',5b')(右单片)-1/5'b(外B1)-1/LS1_1号螺栓-12
					/*	6:type	*/	零件\LS1_1号螺栓.SLDPRT
					/*	6:location	*/	-4.34974E-17	0.997812	-0.066117	0.0	-2.34944E-16	0.066117	0.997812	0.0	1.0	5.8936E-17	2.31554E-16	0.0	-0.357949	0.325129	-0.07	1.0
					/*	6:child_number	*/	0
					/*	6:name	*/	46M~47M上承式中部-1/上承式单元(5a',6c,5a',5b',5b')-1/上承式(5a',6c,5a',5b',5b')(右单片)-1/5'b(外B1)-1/LS1_1号螺栓-2
					/*	6:type	*/	零件\LS1_1号螺栓.SLDPRT
					/*	6:location	*/	-4.34974E-17	0.997812	-0.066117	0.0	-2.34944E-16	0.066117	0.997812	0.0	1.0	5.8936E-17	2.31554E-16	0.0	-0.357949	-0.194871	-0.07	1.0
					/*	6:child_number	*/	0
					/*	6:name	*/	46M~47M上承式中部-1/上承式单元(5a',6c,5a',5b',5b')-1/上承式(5a',6c,5a',5b',5b')(右单片)-1/5'b(外B1)-1/LS1_1号螺栓-3
					/*	6:type	*/	零件\LS1_1号螺栓.SLDPRT
					/*	6:location	*/	-4.34974E-17	0.997812	-0.066117	0.0	-2.34944E-16	0.066117	0.997812	0.0	1.0	5.8936E-17	2.31554E-16	0.0	-0.357949	-0.0948709	-0.26	1.0
					/*	6:child_number	*/	0
					/*	6:name	*/	46M~47M上承式中部-1/上承式单元(5a',6c,5a',5b',5b')-1/上承式(5a',6c,5a',5b',5b')(右单片)-1/5'b(外B1)-1/LS1_1号螺栓-4
					/*	6:type	*/	零件\LS1_1号螺栓.SLDPRT
					/*	6:location	*/	-4.34974E-17	0.997812	-0.066117	0.0	-2.34944E-16	0.066117	0.997812	0.0	1.0	5.8936E-17	2.31554E-16	0.0	-0.357949	-0.0948709	-0.07	1.0
					/*	6:child_number	*/	0
					/*	6:name	*/	46M~47M上承式中部-1/上承式单元(5a',6c,5a',5b',5b')-1/上承式(5a',6c,5a',5b',5b')(右单片)-1/5'b(外B1)-1/LS1_1号螺栓-5
					/*	6:type	*/	零件\LS1_1号螺栓.SLDPRT
					/*	6:location	*/	-4.34974E-17	0.997812	-0.066117	0.0	-2.34944E-16	0.066117	0.997812	0.0	1.0	5.8936E-17	2.31554E-16	0.0	-0.357949	0.00512915	-0.26	1.0
					/*	6:child_number	*/	0
					/*	6:name	*/	46M~47M上承式中部-1/上承式单元(5a',6c,5a',5b',5b')-1/上承式(5a',6c,5a',5b',5b')(右单片)-1/5'b(外B1)-1/LS1_1号螺栓-6
					/*	6:type	*/	零件\LS1_1号螺栓.SLDPRT
					/*	6:location	*/	-4.34974E-17	0.997812	-0.066117	0.0	-2.34944E-16	0.066117	0.997812	0.0	1.0	5.8936E-17	2.31554E-16	0.0	-0.357949	0.00512915	-0.07	1.0
					/*	6:child_number	*/	0
					/*	6:name	*/	46M~47M上承式中部-1/上承式单元(5a',6c,5a',5b',5b')-1/上承式(5a',6c,5a',5b',5b')(右单片)-1/5'b(外B1)-1/LS1_1号螺栓-7
					/*	6:type	*/	零件\LS1_1号螺栓.SLDPRT
					/*	6:location	*/	-4.34974E-17	0.997812	-0.066117	0.0	-2.34944E-16	0.066117	0.997812	0.0	1.0	5.8936E-17	2.31554E-16	0.0	-0.357949	0.125129	-0.26	1.0
					/*	6:child_number	*/	0
					/*	6:name	*/	46M~47M上承式中部-1/上承式单元(5a',6c,5a',5b',5b')-1/上承式(5a',6c,5a',5b',5b')(右单片)-1/5'b(外B1)-1/LS1_1号螺栓-8
					/*	6:type	*/	零件\LS1_1号螺栓.SLDPRT
					/*	6:location	*/	-4.34974E-17	0.997812	-0.066117	0.0	-2.34944E-16	0.066117	0.997812	0.0	1.0	5.8936E-17	2.31554E-16	0.0	-0.357949	0.125129	-0.07	1.0
					/*	6:child_number	*/	0
					/*	6:name	*/	46M~47M上承式中部-1/上承式单元(5a',6c,5a',5b',5b')-1/上承式(5a',6c,5a',5b',5b')(右单片)-1/5'b(外B1)-1/LS1_1号螺栓-9
					/*	6:type	*/	零件\LS1_1号螺栓.SLDPRT
					/*	6:location	*/	-4.34974E-17	0.997812	-0.066117	0.0	-2.34944E-16	0.066117	0.997812	0.0	1.0	5.8936E-17	2.31554E-16	0.0	-0.357949	0.225129	-0.26	1.0
					/*	6:child_number	*/	0
					/*	6:name	*/	46M~47M上承式中部-1/上承式单元(5a',6c,5a',5b',5b')-1/上承式(5a',6c,5a',5b',5b')(右单片)-1/5'b(外B1)-1/LS2_2号螺栓-1
					/*	6:type	*/	零件\LS2_2号螺栓.SLDPRT
					/*	6:location	*/	-5.18656E-16	0.322743	-0.946487	0.0	8.17941E-17	0.946487	0.322743	0.0	1.0	8.99755E-17	-5.173E-16	0.0	-0.357949	-0.282116	0.101095	1.0
					/*	6:child_number	*/	0
					/*	6:name	*/	46M~47M上承式中部-1/上承式单元(5a',6c,5a',5b',5b')-1/上承式(5a',6c,5a',5b',5b')(右单片)-1/5'b(外B1)-1/LS2_2号螺栓-2
					/*	6:type	*/	零件\LS2_2号螺栓.SLDPRT
					/*	6:location	*/	-3.79872E-16	-0.556165	-0.831072	0.0	-3.6248E-16	0.831072	-0.556165	0.0	1.0	8.99755E-17	-5.173E-16	0.0	-0.357949	-0.253144	0.290992	1.0
					/*	6:child_number	*/	0
					/*	6:name	*/	46M~47M上承式中部-1/上承式单元(5a',6c,5a',5b',5b')-1/上承式(5a',6c,5a',5b',5b')(右单片)-1/5'b(外B1)-1/LS2_2号螺栓-3
					/*	6:type	*/	零件\LS2_2号螺栓.SLDPRT
					/*	6:location	*/	-5.10219E-16	-0.066117	-0.997812	0.0	-1.23981E-16	0.997812	-0.066117	0.0	1.0	8.99755E-17	-5.173E-16	0.0	-0.357949	-0.363442	0.189334	1.0
					/*	6:child_number	*/	0
					/*	6:name	*/	46M~47M上承式中部-1/上承式单元(5a',6c,5a',5b',5b')-1/上承式(5a',6c,5a',5b',5b')(右单片)-1/5'b(外B1)-1/LS2_2号螺栓-4
					/*	6:type	*/	零件\LS2_2号螺栓.SLDPRT
					/*	6:location	*/	-5.10219E-16	-0.066117	-0.997812	0.0	-1.23981E-16	0.997812	-0.066117	0.0	1.0	8.99755E-17	-5.173E-16	0.0	-0.357949	-0.171818	0.202753	1.0
					/*	6:child_number	*/	0
					/*	6:name	*/	46M~47M上承式中部-1/上承式单元(5a',6c,5a',5b',5b')-1/上承式(5a',6c,5a',5b',5b')(右单片)-1/5'b(外B1)-1/LS2_2号螺栓-5
					/*	6:type	*/	零件\LS2_2号螺栓.SLDPRT
					/*	6:location	*/	-5.10219E-16	-0.066117	-0.997812	0.0	-1.23981E-16	0.997812	-0.066117	0.0	1.0	8.99755E-17	-5.173E-16	0.0	-0.357949	0.383402	0.290992	1.0
					/*	6:child_number	*/	0
					/*	6:name	*/	46M~47M上承式中部-1/上承式单元(5a',6c,5a',5b',5b')-1/上承式(5a',6c,5a',5b',5b')(右单片)-1/5'b(外B1)-1/LS2_2号螺栓-6
					/*	6:type	*/	零件\LS2_2号螺栓.SLDPRT
					/*	6:location	*/	-5.10219E-16	-0.066117	-0.997812	0.0	-1.23981E-16	0.997812	-0.066117	0.0	1.0	8.99755E-17	-5.173E-16	0.0	-0.357949	0.4937	0.189334	1.0
					/*	6:child_number	*/	0
					/*	6:name	*/	46M~47M上承式中部-1/上承式单元(5a',6c,5a',5b',5b')-1/上承式(5a',6c,5a',5b',5b')(右单片)-1/5'b(外B1)-1/LS2_2号螺栓-7
					/*	6:type	*/	零件\LS2_2号螺栓.SLDPRT
					/*	6:location	*/	-5.10219E-16	-0.066117	-0.997812	0.0	-1.23981E-16	0.997812	-0.066117	0.0	1.0	8.99755E-17	-5.173E-16	0.0	-0.357949	0.302076	0.202753	1.0
					/*	6:child_number	*/	0
					/*	6:name	*/	46M~47M上承式中部-1/上承式单元(5a',6c,5a',5b',5b')-1/上承式(5a',6c,5a',5b',5b')(右单片)-1/5'b(外B1)-1/LS2_2号螺栓-8
					/*	6:type	*/	零件\LS2_2号螺栓.SLDPRT
					/*	6:location	*/	-5.10219E-16	-0.066117	-0.997812	0.0	-1.23981E-16	0.997812	-0.066117	0.0	1.0	8.99755E-17	-5.173E-16	0.0	-0.357949	0.412374	0.101095	1.0
					/*	6:child_number	*/	0
					/*	6:name	*/	46M~47M上承式中部-1/上承式单元(5a',6c,5a',5b',5b')-1/上承式(5a',6c,5a',5b',5b')(右单片)-1/5'b(外B1)-1/LS3_3号螺栓-1
					/*	6:type	*/	零件\LS3_3号螺栓.SLDPRT
					/*	6:location	*/	-5.03853E-16	0.441647	-0.897189	0.0	1.47739E-16	0.897189	0.441647	0.0	1.0	8.99755E-17	-5.173E-16	0.0	-0.357949	-0.0298709	0.065	1.0
					/*	6:child_number	*/	0
					/*	6:name	*/	46M~47M上承式中部-1/上承式单元(5a',6c,5a',5b',5b')-1/上承式(5a',6c,5a',5b',5b')(右单片)-1/5'b(外B1)-1/LS3_3号螺栓-2
					/*	6:type	*/	零件\LS3_3号螺栓.SLDPRT
					/*	6:location	*/	-5.03853E-16	0.441647	-0.897189	0.0	1.47739E-16	0.897189	0.441647	0.0	1.0	8.99755E-17	-5.173E-16	0.0	-0.357949	-0.0298709	0.165	1.0
					/*	6:child_number	*/	0
					/*	6:name	*/	46M~47M上承式中部-1/上承式单元(5a',6c,5a',5b',5b')-1/上承式(5a',6c,5a',5b',5b')(右单片)-1/5'b(外B1)-1/LS3_3号螺栓-3
					/*	6:type	*/	零件\LS3_3号螺栓.SLDPRT
					/*	6:location	*/	-5.03853E-16	0.441647	-0.897189	0.0	1.47739E-16	0.897189	0.441647	0.0	1.0	8.99755E-17	-5.173E-16	0.0	-0.357949	-0.0298709	0.265	1.0
					/*	6:child_number	*/	0
					/*	6:name	*/	46M~47M上承式中部-1/上承式单元(5a',6c,5a',5b',5b')-1/上承式(5a',6c,5a',5b',5b')(右单片)-1/5'b(外B1)-1/LS3_3号螺栓-4
					/*	6:type	*/	零件\LS3_3号螺栓.SLDPRT
					/*	6:location	*/	-5.03853E-16	0.441647	-0.897189	0.0	1.47739E-16	0.897189	0.441647	0.0	1.0	8.99755E-17	-5.173E-16	0.0	-0.357949	0.160129	0.065	1.0
					/*	6:child_number	*/	0
					/*	6:name	*/	46M~47M上承式中部-1/上承式单元(5a',6c,5a',5b',5b')-1/上承式(5a',6c,5a',5b',5b')(右单片)-1/5'b(外B1)-1/LS3_3号螺栓-5
					/*	6:type	*/	零件\LS3_3号螺栓.SLDPRT
					/*	6:location	*/	-5.03853E-16	0.441647	-0.897189	0.0	1.47739E-16	0.897189	0.441647	0.0	1.0	8.99755E-17	-5.173E-16	0.0	-0.357949	0.160129	0.165	1.0
					/*	6:child_number	*/	0
					/*	6:name	*/	46M~47M上承式中部-1/上承式单元(5a',6c,5a',5b',5b')-1/上承式(5a',6c,5a',5b',5b')(右单片)-1/5'b(外B1)-1/LS3_3号螺栓-6
					/*	6:type	*/	零件\LS3_3号螺栓.SLDPRT
					/*	6:location	*/	-5.03853E-16	0.441647	-0.897189	0.0	1.47739E-16	0.897189	0.441647	0.0	1.0	8.99755E-17	-5.173E-16	0.0	-0.357949	0.160129	0.265	1.0
					/*	6:child_number	*/	0
				/*	5:name	*/	46M~47M上承式中部-1/上承式单元(5a',6c,5a',5b',5b')-1/上承式(5a',6c,5a',5b',5b')(右单片)-1/6c(内B2)-1
				/*	5:type	*/	上承式梁\公共组件\上承式中部\上承式单元\带螺栓零件\6c(内B2).SLDASM
				/*	5:location	*/	-6.2811E-17	4.19109E-15	1.0	0.0	1.93985E-18	1.0	-4.19109E-15	0.0	-1.0	1.93985E-18	-6.2811E-17	0.0	-0.317973	-0.160612	-7.96584	1.0
				/*	5:child_number	*/	5
					/*	6:name	*/	46M~47M上承式中部-1/上承式单元(5a',6c,5a',5b',5b')-1/上承式(5a',6c,5a',5b',5b')(右单片)-1/6c(内B2)-1/B2_节点板-1
					/*	6:type	*/	零件\B2_节点板.SLDPRT
					/*	6:location	*/	1.0	0.0	0.0	0.0	0.0	1.0	-4.74672E-33	0.0	0.0	-4.74672E-33	1.0	0.0	-0.20494	0.00294935	-0.008	1.0
					/*	6:child_number	*/	0
					/*	6:name	*/	46M~47M上承式中部-1/上承式单元(5a',6c,5a',5b',5b')-1/上承式(5a',6c,5a',5b',5b')(右单片)-1/6c(内B2)-1/LS3_3号螺栓-1
					/*	6:type	*/	零件\LS3_3号螺栓.SLDPRT
					/*	6:location	*/	0.997812	0.066117	1.11022E-16	0.0	0.066117	-0.997812	-2.77556E-17	0.0	1.08944E-16	3.50353E-17	-1.0	0.0	-0.19416	0.272949	0.027	1.0
					/*	6:child_number	*/	0
					/*	6:name	*/	46M~47M上承式中部-1/上承式单元(5a',6c,5a',5b',5b')-1/上承式(5a',6c,5a',5b',5b')(右单片)-1/6c(内B2)-1/LS3_3号螺栓-2
					/*	6:type	*/	零件\LS3_3号螺栓.SLDPRT
					/*	6:location	*/	0.997812	0.066117	1.11022E-16	0.0	0.066117	-0.997812	-2.77556E-17	0.0	1.08944E-16	3.50353E-17	-1.0	0.0	-0.19416	0.0829493	0.027	1.0
					/*	6:child_number	*/	0
					/*	6:name	*/	46M~47M上承式中部-1/上承式单元(5a',6c,5a',5b',5b')-1/上承式(5a',6c,5a',5b',5b')(右单片)-1/6c(内B2)-1/LS3_3号螺栓-3
					/*	6:type	*/	零件\LS3_3号螺栓.SLDPRT
					/*	6:location	*/	0.441647	0.897189	-1.2326E-32	0.0	0.897189	-0.441647	0.0	0.0	-4.93038E-32	-9.38609E-32	-1.0	0.0	0.12584	0.272949	0.027	1.0
					/*	6:child_number	*/	0
					/*	6:name	*/	46M~47M上承式中部-1/上承式单元(5a',6c,5a',5b',5b')-1/上承式(5a',6c,5a',5b',5b')(右单片)-1/6c(内B2)-1/LS3_3号螺栓-4
					/*	6:type	*/	零件\LS3_3号螺栓.SLDPRT
					/*	6:location	*/	0.441647	0.897189	-1.2326E-32	0.0	0.897189	-0.441647	0.0	0.0	-4.93038E-32	-9.38609E-32	-1.0	0.0	0.12584	0.0829493	0.027	1.0
					/*	6:child_number	*/	0
				/*	5:name	*/	46M~47M上承式中部-1/上承式单元(5a',6c,5a',5b',5b')-1/上承式(5a',6c,5a',5b',5b')(右单片)-1/6c(外B2)-1
				/*	5:type	*/	上承式梁\公共组件\上承式中部\上承式单元\带螺栓零件\6c(外B2).SLDASM
				/*	5:location	*/	-7.64209E-31	1.02696E-15	-1.0	0.0	-3.17207E-16	1.0	1.02696E-15	0.0	1.0	3.17207E-16	-4.43734E-31	0.0	0.0780266	-0.153159	-8.10497	1.0
				/*	5:child_number	*/	15
					/*	6:name	*/	46M~47M上承式中部-1/上承式单元(5a',6c,5a',5b',5b')-1/上承式(5a',6c,5a',5b',5b')(右单片)-1/6c(外B2)-1/B2_节点板-1
					/*	6:type	*/	零件\B2_节点板.SLDPRT
					/*	6:location	*/	1.0	0.0	-2.46519E-32	0.0	0.0	1.0	6.24898E-33	0.0	2.46519E-32	-6.07697E-33	1.0	0.0	-0.275745	-0.00450381	-0.008	1.0
					/*	6:child_number	*/	0
					/*	6:name	*/	46M~47M上承式中部-1/上承式单元(5a',6c,5a',5b',5b')-1/上承式(5a',6c,5a',5b',5b')(右单片)-1/6c(外B2)-1/LS3_3号螺栓-10
					/*	6:type	*/	零件\LS3_3号螺栓.SLDPRT
					/*	6:location	*/	0.441647	0.897189	-1.2326E-32	0.0	0.897189	-0.441647	-2.46519E-32	0.0	-2.46519E-32	6.07697E-33	-1.0	0.0	-0.199965	-0.159504	0.027	1.0
					/*	6:child_number	*/	0
					/*	6:name	*/	46M~47M上承式中部-1/上承式单元(5a',6c,5a',5b',5b')-1/上承式(5a',6c,5a',5b',5b')(右单片)-1/6c(外B2)-1/LS3_3号螺栓-11
					/*	6:type	*/	零件\LS3_3号螺栓.SLDPRT
					/*	6:location	*/	0.441647	0.897189	-1.2326E-32	0.0	0.897189	-0.441647	-2.46519E-32	0.0	-2.46519E-32	6.07697E-33	-1.0	0.0	-0.199965	-0.259504	0.027	1.0
					/*	6:child_number	*/	0
					/*	6:name	*/	46M~47M上承式中部-1/上承式单元(5a',6c,5a',5b',5b')-1/上承式(5a',6c,5a',5b',5b')(右单片)-1/6c(外B2)-1/LS3_3号螺栓-12
					/*	6:type	*/	零件\LS3_3号螺栓.SLDPRT
					/*	6:location	*/	0.441647	0.897189	-1.2326E-32	0.0	0.897189	-0.441647	-2.46519E-32	0.0	-2.46519E-32	6.07697E-33	-1.0	0.0	-0.00996533	-0.0595038	0.027	1.0
					/*	6:child_number	*/	0
					/*	6:name	*/	46M~47M上承式中部-1/上承式单元(5a',6c,5a',5b',5b')-1/上承式(5a',6c,5a',5b',5b')(右单片)-1/6c(外B2)-1/LS3_3号螺栓-13
					/*	6:type	*/	零件\LS3_3号螺栓.SLDPRT
					/*	6:location	*/	0.441647	0.897189	-1.2326E-32	0.0	0.897189	-0.441647	-2.46519E-32	0.0	-2.46519E-32	6.07697E-33	-1.0	0.0	-0.00996533	-0.159504	0.027	1.0
					/*	6:child_number	*/	0
					/*	6:name	*/	46M~47M上承式中部-1/上承式单元(5a',6c,5a',5b',5b')-1/上承式(5a',6c,5a',5b',5b')(右单片)-1/6c(外B2)-1/LS3_3号螺栓-14
					/*	6:type	*/	零件\LS3_3号螺栓.SLDPRT
					/*	6:location	*/	0.441647	0.897189	-1.2326E-32	0.0	0.897189	-0.441647	-2.46519E-32	0.0	-2.46519E-32	6.07697E-33	-1.0	0.0	-0.00996533	-0.259504	0.027	1.0
					/*	6:child_number	*/	0
					/*	6:name	*/	46M~47M上承式中部-1/上承式单元(5a',6c,5a',5b',5b')-1/上承式(5a',6c,5a',5b',5b')(右单片)-1/6c(外B2)-1/LS3_3号螺栓-15
					/*	6:type	*/	零件\LS3_3号螺栓.SLDPRT
					/*	6:location	*/	0.997812	0.066117	-2.46519E-32	0.0	0.066117	-0.997812	-1.54074E-33	0.0	-2.46519E-32	6.07697E-33	-1.0	0.0	-0.264965	0.265496	0.027	1.0
					/*	6:child_number	*/	0
					/*	6:name	*/	46M~47M上承式中部-1/上承式单元(5a',6c,5a',5b',5b')-1/上承式(5a',6c,5a',5b',5b')(右单片)-1/6c(外B2)-1/LS3_3号螺栓-16
					/*	6:type	*/	零件\LS3_3号螺栓.SLDPRT
					/*	6:location	*/	0.997812	0.066117	-2.46519E-32	0.0	0.066117	-0.997812	-1.54074E-33	0.0	-2.46519E-32	6.07697E-33	-1.0	0.0	-0.264965	0.0754962	0.027	1.0
					/*	6:child_number	*/	0
					/*	6:name	*/	46M~47M上承式中部-1/上承式单元(5a',6c,5a',5b',5b')-1/上承式(5a',6c,5a',5b',5b')(右单片)-1/6c(外B2)-1/LS3_3号螺栓-17
					/*	6:type	*/	零件\LS3_3号螺栓.SLDPRT
					/*	6:location	*/	0.997812	0.066117	-2.46519E-32	0.0	0.066117	-0.997812	-1.54074E-33	0.0	-2.46519E-32	6.07697E-33	-1.0	0.0	-0.164965	0.265496	0.027	1.0
					/*	6:child_number	*/	0
					/*	6:name	*/	46M~47M上承式中部-1/上承式单元(5a',6c,5a',5b',5b')-1/上承式(5a',6c,5a',5b',5b')(右单片)-1/6c(外B2)-1/LS3_3号螺栓-18
					/*	6:type	*/	零件\LS3_3号螺栓.SLDPRT
					/*	6:location	*/	0.997812	0.066117	-2.46519E-32	0.0	0.066117	-0.997812	-1.54074E-33	0.0	-2.46519E-32	6.07697E-33	-1.0	0.0	-0.164965	0.0754962	0.027	1.0
					/*	6:child_number	*/	0
					/*	6:name	*/	46M~47M上承式中部-1/上承式单元(5a',6c,5a',5b',5b')-1/上承式(5a',6c,5a',5b',5b')(右单片)-1/6c(外B2)-1/LS3_3号螺栓-5
					/*	6:type	*/	零件\LS3_3号螺栓.SLDPRT
					/*	6:location	*/	0.997812	0.066117	-2.46519E-32	0.0	0.066117	-0.997812	-1.54074E-33	0.0	-2.46519E-32	6.07697E-33	-1.0	0.0	-0.0449653	0.265496	0.027	1.0
					/*	6:child_number	*/	0
					/*	6:name	*/	46M~47M上承式中部-1/上承式单元(5a',6c,5a',5b',5b')-1/上承式(5a',6c,5a',5b',5b')(右单片)-1/6c(外B2)-1/LS3_3号螺栓-6
					/*	6:type	*/	零件\LS3_3号螺栓.SLDPRT
					/*	6:location	*/	0.997812	0.066117	-2.46519E-32	0.0	0.066117	-0.997812	-1.54074E-33	0.0	-2.46519E-32	6.07697E-33	-1.0	0.0	-0.0449653	0.0754962	0.027	1.0
					/*	6:child_number	*/	0
					/*	6:name	*/	46M~47M上承式中部-1/上承式单元(5a',6c,5a',5b',5b')-1/上承式(5a',6c,5a',5b',5b')(右单片)-1/6c(外B2)-1/LS3_3号螺栓-7
					/*	6:type	*/	零件\LS3_3号螺栓.SLDPRT
					/*	6:location	*/	0.997812	0.066117	-2.46519E-32	0.0	0.066117	-0.997812	-1.54074E-33	0.0	-2.46519E-32	6.07697E-33	-1.0	0.0	0.0550347	0.265496	0.027	1.0
					/*	6:child_number	*/	0
					/*	6:name	*/	46M~47M上承式中部-1/上承式单元(5a',6c,5a',5b',5b')-1/上承式(5a',6c,5a',5b',5b')(右单片)-1/6c(外B2)-1/LS3_3号螺栓-8
					/*	6:type	*/	零件\LS3_3号螺栓.SLDPRT
					/*	6:location	*/	0.997812	0.066117	-2.46519E-32	0.0	0.066117	-0.997812	-1.54074E-33	0.0	-2.46519E-32	6.07697E-33	-1.0	0.0	0.0550347	0.0754962	0.027	1.0
					/*	6:child_number	*/	0
					/*	6:name	*/	46M~47M上承式中部-1/上承式单元(5a',6c,5a',5b',5b')-1/上承式(5a',6c,5a',5b',5b')(右单片)-1/6c(外B2)-1/LS3_3号螺栓-9
					/*	6:type	*/	零件\LS3_3号螺栓.SLDPRT
					/*	6:location	*/	0.441647	0.897189	-1.2326E-32	0.0	0.897189	-0.441647	-2.46519E-32	0.0	-2.46519E-32	6.07697E-33	-1.0	0.0	-0.199965	-0.0595038	0.027	1.0
					/*	6:child_number	*/	0
				/*	5:name	*/	46M~47M上承式中部-1/上承式单元(5a',6c,5a',5b',5b')-1/上承式(5a',6c,5a',5b',5b')(右单片)-1/B6+6LM1-10
				/*	5:type	*/	上承式梁\公共组件\梁端\梁端公共组件\带螺栓零件\B6+6LM1.SLDASM
				/*	5:location	*/	0.0	0.0	-1.0	0.0	6.06037E-33	1.0	0.0	0.0	1.0	6.06037E-33	0.0	0.0	-0.269973	-4.29587	-0.0718726	1.0
				/*	5:child_number	*/	7
					/*	6:name	*/	46M~47M上承式中部-1/上承式单元(5a',6c,5a',5b',5b')-1/上承式(5a',6c,5a',5b',5b')(右单片)-1/B6+6LM1-10/B6_弦杆拼接板-1
					/*	6:type	*/	零件\B6_弦杆拼接板.SLDPRT
					/*	6:location	*/	1.0	0.0	0.0	0.0	0.0	1.0	6.06037E-33	0.0	0.0	6.06037E-33	1.0	0.0	-0.336963	0.0141885	-0.008	1.0
					/*	6:child_number	*/	0
					/*	6:name	*/	46M~47M上承式中部-1/上承式单元(5a',6c,5a',5b',5b')-1/上承式(5a',6c,5a',5b',5b')(右单片)-1/B6+6LM1-10/螺母1-1
					/*	6:type	*/	零件\螺母1.SLDPRT
					/*	6:location	*/	0.866025	0.5	4.93038E-32	0.0	-0.5	0.866025	0.0	0.0	0.0	6.06037E-33	1.0	0.0	-0.331873	0.0682103	0.008	1.0
					/*	6:child_number	*/	0
					/*	6:name	*/	46M~47M上承式中部-1/上承式单元(5a',6c,5a',5b',5b')-1/上承式(5a',6c,5a',5b',5b')(右单片)-1/B6+6LM1-10/螺母1-2
					/*	6:type	*/	零件\螺母1.SLDPRT
					/*	6:location	*/	0.866025	0.5	4.93038E-32	0.0	-0.5	0.866025	0.0	0.0	0.0	6.06037E-33	1.0	0.0	-0.231873	0.0682103	0.008	1.0
					/*	6:child_number	*/	0
					/*	6:name	*/	46M~47M上承式中部-1/上承式单元(5a',6c,5a',5b',5b')-1/上承式(5a',6c,5a',5b',5b')(右单片)-1/B6+6LM1-10/螺母1-3
					/*	6:type	*/	零件\螺母1.SLDPRT
					/*	6:location	*/	0.866025	0.5	4.93038E-32	0.0	-0.5	0.866025	0.0	0.0	0.0	6.06037E-33	1.0	0.0	-0.131873	0.0682103	0.008	1.0
					/*	6:child_number	*/	0
					/*	6:name	*/	46M~47M上承式中部-1/上承式单元(5a',6c,5a',5b',5b')-1/上承式(5a',6c,5a',5b',5b')(右单片)-1/B6+6LM1-10/螺母1-4
					/*	6:type	*/	零件\螺母1.SLDPRT
					/*	6:location	*/	0.866025	0.5	4.93038E-32	0.0	-0.5	0.866025	0.0	0.0	0.0	6.06037E-33	1.0	0.0	0.188127	0.0682103	0.008	1.0
					/*	6:child_number	*/	0
					/*	6:name	*/	46M~47M上承式中部-1/上承式单元(5a',6c,5a',5b',5b')-1/上承式(5a',6c,5a',5b',5b')(右单片)-1/B6+6LM1-10/螺母1-5
					/*	6:type	*/	零件\螺母1.SLDPRT
					/*	6:location	*/	0.866025	0.5	4.93038E-32	0.0	-0.5	0.866025	0.0	0.0	0.0	6.06037E-33	1.0	0.0	0.0881274	0.0682103	0.008	1.0
					/*	6:child_number	*/	0
					/*	6:name	*/	46M~47M上承式中部-1/上承式单元(5a',6c,5a',5b',5b')-1/上承式(5a',6c,5a',5b',5b')(右单片)-1/B6+6LM1-10/螺母1-6
					/*	6:type	*/	零件\螺母1.SLDPRT
					/*	6:location	*/	0.866025	0.5	4.93038E-32	0.0	-0.5	0.866025	0.0	0.0	0.0	6.06037E-33	1.0	0.0	-0.0118726	0.0682103	0.008	1.0
					/*	6:child_number	*/	0
				/*	5:name	*/	46M~47M上承式中部-1/上承式单元(5a',6c,5a',5b',5b')-1/上承式(5a',6c,5a',5b',5b')(右单片)-1/B6+6LM1-11
				/*	5:type	*/	上承式梁\公共组件\梁端\梁端公共组件\带螺栓零件\B6+6LM1.SLDASM
				/*	5:location	*/	2.03612E-16	-3.4972E-15	1.0	0.0	-7.39735E-17	1.0	3.4972E-15	0.0	-1.0	-7.39735E-17	2.03612E-16	0.0	0.0300266	-4.48587	0.0718726	1.0
				/*	5:child_number	*/	7
					/*	6:name	*/	46M~47M上承式中部-1/上承式单元(5a',6c,5a',5b',5b')-1/上承式(5a',6c,5a',5b',5b')(右单片)-1/B6+6LM1-11/B6_弦杆拼接板-1
					/*	6:type	*/	零件\B6_弦杆拼接板.SLDPRT
					/*	6:location	*/	1.0	0.0	0.0	0.0	0.0	1.0	1.34169E-32	0.0	0.0	1.34169E-32	1.0	0.0	-0.336963	0.0141885	-0.008	1.0
					/*	6:child_number	*/	0
					/*	6:name	*/	46M~47M上承式中部-1/上承式单元(5a',6c,5a',5b',5b')-1/上承式(5a',6c,5a',5b',5b')(右单片)-1/B6+6LM1-11/螺母1-1
					/*	6:type	*/	零件\螺母1.SLDPRT
					/*	6:location	*/	0.866025	0.5	-9.86076E-32	0.0	-0.5	0.866025	0.0	0.0	0.0	1.34169E-32	1.0	0.0	-0.331873	0.0682103	0.008	1.0
					/*	6:child_number	*/	0
					/*	6:name	*/	46M~47M上承式中部-1/上承式单元(5a',6c,5a',5b',5b')-1/上承式(5a',6c,5a',5b',5b')(右单片)-1/B6+6LM1-11/螺母1-2
					/*	6:type	*/	零件\螺母1.SLDPRT
					/*	6:location	*/	0.866025	0.5	-9.86076E-32	0.0	-0.5	0.866025	0.0	0.0	0.0	1.34169E-32	1.0	0.0	-0.231873	0.0682103	0.008	1.0
					/*	6:child_number	*/	0
					/*	6:name	*/	46M~47M上承式中部-1/上承式单元(5a',6c,5a',5b',5b')-1/上承式(5a',6c,5a',5b',5b')(右单片)-1/B6+6LM1-11/螺母1-3
					/*	6:type	*/	零件\螺母1.SLDPRT
					/*	6:location	*/	0.866025	0.5	-9.86076E-32	0.0	-0.5	0.866025	0.0	0.0	0.0	1.34169E-32	1.0	0.0	-0.131873	0.0682103	0.008	1.0
					/*	6:child_number	*/	0
					/*	6:name	*/	46M~47M上承式中部-1/上承式单元(5a',6c,5a',5b',5b')-1/上承式(5a',6c,5a',5b',5b')(右单片)-1/B6+6LM1-11/螺母1-4
					/*	6:type	*/	零件\螺母1.SLDPRT
					/*	6:location	*/	0.866025	0.5	-9.86076E-32	0.0	-0.5	0.866025	0.0	0.0	0.0	1.34169E-32	1.0	0.0	0.188127	0.0682103	0.008	1.0
					/*	6:child_number	*/	0
					/*	6:name	*/	46M~47M上承式中部-1/上承式单元(5a',6c,5a',5b',5b')-1/上承式(5a',6c,5a',5b',5b')(右单片)-1/B6+6LM1-11/螺母1-5
					/*	6:type	*/	零件\螺母1.SLDPRT
					/*	6:location	*/	0.866025	0.5	-9.86076E-32	0.0	-0.5	0.866025	0.0	0.0	0.0	1.34169E-32	1.0	0.0	0.0881274	0.0682103	0.008	1.0
					/*	6:child_number	*/	0
					/*	6:name	*/	46M~47M上承式中部-1/上承式单元(5a',6c,5a',5b',5b')-1/上承式(5a',6c,5a',5b',5b')(右单片)-1/B6+6LM1-11/螺母1-6
					/*	6:type	*/	零件\螺母1.SLDPRT
					/*	6:location	*/	0.866025	0.5	-9.86076E-32	0.0	-0.5	0.866025	0.0	0.0	0.0	1.34169E-32	1.0	0.0	-0.0118726	0.0682103	0.008	1.0
					/*	6:child_number	*/	0
				/*	5:name	*/	46M~47M上承式中部-1/上承式单元(5a',6c,5a',5b',5b')-1/上承式(5a',6c,5a',5b',5b')(右单片)-1/B6+6LM1-12
				/*	5:type	*/	上承式梁\公共组件\梁端\梁端公共组件\带螺栓零件\B6+6LM1.SLDASM
				/*	5:location	*/	0.0	0.0	-1.0	0.0	6.06037E-33	1.0	0.0	0.0	1.0	6.06037E-33	0.0	0.0	-0.269973	-4.48587	-0.0718726	1.0
				/*	5:child_number	*/	7
					/*	6:name	*/	46M~47M上承式中部-1/上承式单元(5a',6c,5a',5b',5b')-1/上承式(5a',6c,5a',5b',5b')(右单片)-1/B6+6LM1-12/B6_弦杆拼接板-1
					/*	6:type	*/	零件\B6_弦杆拼接板.SLDPRT
					/*	6:location	*/	1.0	0.0	0.0	0.0	0.0	1.0	6.06037E-33	0.0	0.0	6.06037E-33	1.0	0.0	-0.336963	0.0141885	-0.008	1.0
					/*	6:child_number	*/	0
					/*	6:name	*/	46M~47M上承式中部-1/上承式单元(5a',6c,5a',5b',5b')-1/上承式(5a',6c,5a',5b',5b')(右单片)-1/B6+6LM1-12/螺母1-1
					/*	6:type	*/	零件\螺母1.SLDPRT
					/*	6:location	*/	0.866025	0.5	4.93038E-32	0.0	-0.5	0.866025	0.0	0.0	0.0	6.06037E-33	1.0	0.0	-0.331873	0.0682103	0.008	1.0
					/*	6:child_number	*/	0
					/*	6:name	*/	46M~47M上承式中部-1/上承式单元(5a',6c,5a',5b',5b')-1/上承式(5a',6c,5a',5b',5b')(右单片)-1/B6+6LM1-12/螺母1-2
					/*	6:type	*/	零件\螺母1.SLDPRT
					/*	6:location	*/	0.866025	0.5	4.93038E-32	0.0	-0.5	0.866025	0.0	0.0	0.0	6.06037E-33	1.0	0.0	-0.231873	0.0682103	0.008	1.0
					/*	6:child_number	*/	0
					/*	6:name	*/	46M~47M上承式中部-1/上承式单元(5a',6c,5a',5b',5b')-1/上承式(5a',6c,5a',5b',5b')(右单片)-1/B6+6LM1-12/螺母1-3
					/*	6:type	*/	零件\螺母1.SLDPRT
					/*	6:location	*/	0.866025	0.5	4.93038E-32	0.0	-0.5	0.866025	0.0	0.0	0.0	6.06037E-33	1.0	0.0	-0.131873	0.0682103	0.008	1.0
					/*	6:child_number	*/	0
					/*	6:name	*/	46M~47M上承式中部-1/上承式单元(5a',6c,5a',5b',5b')-1/上承式(5a',6c,5a',5b',5b')(右单片)-1/B6+6LM1-12/螺母1-4
					/*	6:type	*/	零件\螺母1.SLDPRT
					/*	6:location	*/	0.866025	0.5	4.93038E-32	0.0	-0.5	0.866025	0.0	0.0	0.0	6.06037E-33	1.0	0.0	0.188127	0.0682103	0.008	1.0
					/*	6:child_number	*/	0
					/*	6:name	*/	46M~47M上承式中部-1/上承式单元(5a',6c,5a',5b',5b')-1/上承式(5a',6c,5a',5b',5b')(右单片)-1/B6+6LM1-12/螺母1-5
					/*	6:type	*/	零件\螺母1.SLDPRT
					/*	6:location	*/	0.866025	0.5	4.93038E-32	0.0	-0.5	0.866025	0.0	0.0	0.0	6.06037E-33	1.0	0.0	0.0881274	0.0682103	0.008	1.0
					/*	6:child_number	*/	0
					/*	6:name	*/	46M~47M上承式中部-1/上承式单元(5a',6c,5a',5b',5b')-1/上承式(5a',6c,5a',5b',5b')(右单片)-1/B6+6LM1-12/螺母1-6
					/*	6:type	*/	零件\螺母1.SLDPRT
					/*	6:location	*/	0.866025	0.5	4.93038E-32	0.0	-0.5	0.866025	0.0	0.0	0.0	6.06037E-33	1.0	0.0	-0.0118726	0.0682103	0.008	1.0
					/*	6:child_number	*/	0
				/*	5:name	*/	46M~47M上承式中部-1/上承式单元(5a',6c,5a',5b',5b')-1/上承式(5a',6c,5a',5b',5b')(右单片)-1/B6+6LM1-5
				/*	5:type	*/	上承式梁\公共组件\梁端\梁端公共组件\带螺栓零件\B6+6LM1.SLDASM
				/*	5:location	*/	2.6235E-16	1.00014E-12	1.0	0.0	-1.53935E-16	1.0	-1.00014E-12	0.0	-1.0	-1.53935E-16	2.6235E-16	0.0	0.0300266	0.0441269	-3.92813	1.0
				/*	5:child_number	*/	7
					/*	6:name	*/	46M~47M上承式中部-1/上承式单元(5a',6c,5a',5b',5b')-1/上承式(5a',6c,5a',5b',5b')(右单片)-1/B6+6LM1-5/B6_弦杆拼接板-1
					/*	6:type	*/	零件\B6_弦杆拼接板.SLDPRT
					/*	6:location	*/	1.0	0.0	0.0	0.0	0.0	1.0	-1.31428E-32	0.0	0.0	1.15091E-32	1.0	0.0	-0.336963	0.0141885	-0.008	1.0
					/*	6:child_number	*/	0
					/*	6:name	*/	46M~47M上承式中部-1/上承式单元(5a',6c,5a',5b',5b')-1/上承式(5a',6c,5a',5b',5b')(右单片)-1/B6+6LM1-5/螺母1-1
					/*	6:type	*/	零件\螺母1.SLDPRT
					/*	6:location	*/	0.866025	0.5	-4.93038E-32	0.0	-0.5	0.866025	0.0	0.0	-9.86076E-32	1.15091E-32	1.0	0.0	-0.331873	0.0682103	0.008	1.0
					/*	6:child_number	*/	0
					/*	6:name	*/	46M~47M上承式中部-1/上承式单元(5a',6c,5a',5b',5b')-1/上承式(5a',6c,5a',5b',5b')(右单片)-1/B6+6LM1-5/螺母1-2
					/*	6:type	*/	零件\螺母1.SLDPRT
					/*	6:location	*/	0.866025	0.5	-4.93038E-32	0.0	-0.5	0.866025	0.0	0.0	-9.86076E-32	1.15091E-32	1.0	0.0	-0.231873	0.0682103	0.008	1.0
					/*	6:child_number	*/	0
					/*	6:name	*/	46M~47M上承式中部-1/上承式单元(5a',6c,5a',5b',5b')-1/上承式(5a',6c,5a',5b',5b')(右单片)-1/B6+6LM1-5/螺母1-3
					/*	6:type	*/	零件\螺母1.SLDPRT
					/*	6:location	*/	0.866025	0.5	-4.93038E-32	0.0	-0.5	0.866025	0.0	0.0	-9.86076E-32	1.15091E-32	1.0	0.0	-0.131873	0.0682103	0.008	1.0
					/*	6:child_number	*/	0
					/*	6:name	*/	46M~47M上承式中部-1/上承式单元(5a',6c,5a',5b',5b')-1/上承式(5a',6c,5a',5b',5b')(右单片)-1/B6+6LM1-5/螺母1-4
					/*	6:type	*/	零件\螺母1.SLDPRT
					/*	6:location	*/	0.866025	0.5	-4.93038E-32	0.0	-0.5	0.866025	0.0	0.0	-9.86076E-32	1.15091E-32	1.0	0.0	0.188127	0.0682103	0.008	1.0
					/*	6:child_number	*/	0
					/*	6:name	*/	46M~47M上承式中部-1/上承式单元(5a',6c,5a',5b',5b')-1/上承式(5a',6c,5a',5b',5b')(右单片)-1/B6+6LM1-5/螺母1-5
					/*	6:type	*/	零件\螺母1.SLDPRT
					/*	6:location	*/	0.866025	0.5	-4.93038E-32	0.0	-0.5	0.866025	0.0	0.0	-9.86076E-32	1.15091E-32	1.0	0.0	0.0881274	0.0682103	0.008	1.0
					/*	6:child_number	*/	0
					/*	6:name	*/	46M~47M上承式中部-1/上承式单元(5a',6c,5a',5b',5b')-1/上承式(5a',6c,5a',5b',5b')(右单片)-1/B6+6LM1-5/螺母1-6
					/*	6:type	*/	零件\螺母1.SLDPRT
					/*	6:location	*/	0.866025	0.5	-4.93038E-32	0.0	-0.5	0.866025	0.0	0.0	-9.86076E-32	1.15091E-32	1.0	0.0	-0.0118726	0.0682103	0.008	1.0
					/*	6:child_number	*/	0
				/*	5:name	*/	46M~47M上承式中部-1/上承式单元(5a',6c,5a',5b',5b')-1/上承式(5a',6c,5a',5b',5b')(右单片)-1/B6+6LM1-6
				/*	5:type	*/	上承式梁\公共组件\梁端\梁端公共组件\带螺栓零件\B6+6LM1.SLDASM
				/*	5:location	*/	3.94589E-17	-1.05471E-15	-1.0	0.0	-1.38915E-16	1.0	-1.05471E-15	0.0	1.0	1.38915E-16	3.94589E-17	0.0	-0.269973	0.0441269	-4.07187	1.0
				/*	5:child_number	*/	7
					/*	6:name	*/	46M~47M上承式中部-1/上承式单元(5a',6c,5a',5b',5b')-1/上承式(5a',6c,5a',5b',5b')(右单片)-1/B6+6LM1-6/B6_弦杆拼接板-1
					/*	6:type	*/	零件\B6_弦杆拼接板.SLDPRT
					/*	6:location	*/	1.0	0.0	0.0	0.0	0.0	1.0	8.91858E-34	0.0	0.0	8.91858E-34	1.0	0.0	-0.336963	0.0141885	-0.008	1.0
					/*	6:child_number	*/	0
					/*	6:name	*/	46M~47M上承式中部-1/上承式单元(5a',6c,5a',5b',5b')-1/上承式(5a',6c,5a',5b',5b')(右单片)-1/B6+6LM1-6/螺母1-1
					/*	6:type	*/	零件\螺母1.SLDPRT
					/*	6:location	*/	0.866025	0.5	0.0	0.0	-0.5	0.866025	1.2326E-32	0.0	-2.46519E-32	-1.4702E-31	1.0	0.0	-0.331873	0.0682103	0.008	1.0
					/*	6:child_number	*/	0
					/*	6:name	*/	46M~47M上承式中部-1/上承式单元(5a',6c,5a',5b',5b')-1/上承式(5a',6c,5a',5b',5b')(右单片)-1/B6+6LM1-6/螺母1-2
					/*	6:type	*/	零件\螺母1.SLDPRT
					/*	6:location	*/	0.866025	0.5	0.0	0.0	-0.5	0.866025	1.2326E-32	0.0	-2.46519E-32	-1.4702E-31	1.0	0.0	-0.231873	0.0682103	0.008	1.0
					/*	6:child_number	*/	0
