/*	1:name	*/	3_5
/*	1:type	*/	3_5\3_5.SLDASM
/*	1:location	*/	1.0	0.0	0.0	0.0	0.0	1.0	0.0	0.0	0.0	0.0	1.0	0.0	0.0	0.0	0.0	1.0
/*	1:child_number	*/	2
	/*	2:name	*/	3_5墩身-1
	/*	2:type	*/	3_5\3_5墩身.SLDASM
	/*	2:location	*/	1.0	0.0	0.0	0.0	0.0	1.0	0.0	0.0	0.0	0.0	1.0	0.0	6.2762	6.53454	4.35	1.0
	/*	2:child_number	*/	19
		/*	3:name	*/	3_5墩身-1/墩身和上垫梁-1
		/*	3:type	*/	3_3\墩身和上垫梁.SLDASM
		/*	3:location	*/	1.0	0.0	0.0	0.0	0.0	1.0	0.0	0.0	0.0	0.0	1.0	0.0	1.2213	-1.74608	0.0	1.0
		/*	3:child_number	*/	17
			/*	4:name	*/	3_5墩身-1/墩身和上垫梁-1/4个M65-3
			/*	4:type	*/	基本组合\4个M65.SLDASM
			/*	4:location	*/	0.999098	-1.30472E-16	0.0424734	0.0	-0.0424734	1.6025E-16	0.999098	0.0	-1.37161E-16	-1.0	1.54564E-16	0.0	-4.9339	5.72255	-3.1606	1.0
			/*	4:child_number	*/	4
				/*	5:name	*/	3_5墩身-1/墩身和上垫梁-1/4个M65-3/10：M65螺栓-2
				/*	5:type	*/	基本杆件\10：M65螺栓.SLDPRT
				/*	5:location	*/	1.0	-2.5411E-19	-1.34653E-32	0.0	9.18523E-18	1.0	-7.88428E-33	0.0	1.1161E-32	-1.75741E-32	1.0	0.0	0.00412095	0.123039	-0.04	1.0
				/*	5:child_number	*/	0
				/*	5:name	*/	3_5墩身-1/墩身和上垫梁-1/4个M65-3/10：M65螺栓-1
				/*	5:type	*/	基本杆件\10：M65螺栓.SLDPRT
				/*	5:location	*/	1.0	-2.5411E-19	-1.34653E-32	0.0	9.18523E-18	1.0	-7.88428E-33	0.0	1.1161E-32	-1.75741E-32	1.0	0.0	-0.00118822	-0.00184834	-0.04	1.0
				/*	5:child_number	*/	0
				/*	5:name	*/	3_5墩身-1/墩身和上垫梁-1/4个M65-3/10：M65螺栓-4
				/*	5:type	*/	基本杆件\10：M65螺栓.SLDPRT
				/*	5:location	*/	1.0	-2.5411E-19	-1.34653E-32	0.0	9.18523E-18	1.0	-7.88428E-33	0.0	1.1161E-32	-1.75741E-32	1.0	0.0	-0.120766	0.128348	-0.04	1.0
				/*	5:child_number	*/	0
				/*	5:name	*/	3_5墩身-1/墩身和上垫梁-1/4个M65-3/10：M65螺栓-3
				/*	5:type	*/	基本杆件\10：M65螺栓.SLDPRT
				/*	5:location	*/	0.5	-0.866025	3.41853E-32	0.0	0.866025	0.5	-2.1119E-32	0.0	-1.24441E-32	3.17056E-32	1.0	0.0	-0.126075	0.00346083	-0.04	1.0
				/*	5:child_number	*/	0
			/*	4:name	*/	3_5墩身-1/墩身和上垫梁-1/4个M65-2
			/*	4:type	*/	基本组合\4个M65.SLDASM
			/*	4:location	*/	0.999098	-1.30472E-16	0.0424734	0.0	-0.0424734	1.6025E-16	0.999098	0.0	-1.37161E-16	-1.0	1.54564E-16	0.0	-4.9339	5.72255	-1.6606	1.0
			/*	4:child_number	*/	4
				/*	5:name	*/	3_5墩身-1/墩身和上垫梁-1/4个M65-2/10：M65螺栓-2
				/*	5:type	*/	基本杆件\10：M65螺栓.SLDPRT
				/*	5:location	*/	1.0	-2.5411E-19	-1.34653E-32	0.0	9.18523E-18	1.0	-7.88428E-33	0.0	1.1161E-32	-1.75741E-32	1.0	0.0	0.00412095	0.123039	-0.04	1.0
				/*	5:child_number	*/	0
				/*	5:name	*/	3_5墩身-1/墩身和上垫梁-1/4个M65-2/10：M65螺栓-1
				/*	5:type	*/	基本杆件\10：M65螺栓.SLDPRT
				/*	5:location	*/	1.0	-2.5411E-19	-1.34653E-32	0.0	9.18523E-18	1.0	-7.88428E-33	0.0	1.1161E-32	-1.75741E-32	1.0	0.0	-0.00118822	-0.00184834	-0.04	1.0
				/*	5:child_number	*/	0
				/*	5:name	*/	3_5墩身-1/墩身和上垫梁-1/4个M65-2/10：M65螺栓-4
				/*	5:type	*/	基本杆件\10：M65螺栓.SLDPRT
				/*	5:location	*/	1.0	-2.5411E-19	-1.34653E-32	0.0	9.18523E-18	1.0	-7.88428E-33	0.0	1.1161E-32	-1.75741E-32	1.0	0.0	-0.120766	0.128348	-0.04	1.0
				/*	5:child_number	*/	0
				/*	5:name	*/	3_5墩身-1/墩身和上垫梁-1/4个M65-2/10：M65螺栓-3
				/*	5:type	*/	基本杆件\10：M65螺栓.SLDPRT
				/*	5:location	*/	0.5	-0.866025	3.41853E-32	0.0	0.866025	0.5	-2.1119E-32	0.0	-1.24441E-32	3.17056E-32	1.0	0.0	-0.126075	0.00346083	-0.04	1.0
				/*	5:child_number	*/	0
			/*	4:name	*/	3_5墩身-1/墩身和上垫梁-1/4个M65-8
			/*	4:type	*/	基本组合\4个M65.SLDASM
			/*	4:location	*/	0.999098	-1.30472E-16	0.0424734	0.0	-0.0424734	1.6025E-16	0.999098	0.0	-1.37161E-16	-1.0	1.54564E-16	0.0	-3.1839	5.72255	-3.1606	1.0
			/*	4:child_number	*/	4
				/*	5:name	*/	3_5墩身-1/墩身和上垫梁-1/4个M65-8/10：M65螺栓-2
				/*	5:type	*/	基本杆件\10：M65螺栓.SLDPRT
				/*	5:location	*/	1.0	-2.5411E-19	-1.34653E-32	0.0	9.18523E-18	1.0	-7.88428E-33	0.0	1.1161E-32	-1.75741E-32	1.0	0.0	0.00412095	0.123039	-0.04	1.0
				/*	5:child_number	*/	0
				/*	5:name	*/	3_5墩身-1/墩身和上垫梁-1/4个M65-8/10：M65螺栓-1
				/*	5:type	*/	基本杆件\10：M65螺栓.SLDPRT
				/*	5:location	*/	1.0	-2.5411E-19	-1.34653E-32	0.0	9.18523E-18	1.0	-7.88428E-33	0.0	1.1161E-32	-1.75741E-32	1.0	0.0	-0.00118822	-0.00184834	-0.04	1.0
				/*	5:child_number	*/	0
				/*	5:name	*/	3_5墩身-1/墩身和上垫梁-1/4个M65-8/10：M65螺栓-4
				/*	5:type	*/	基本杆件\10：M65螺栓.SLDPRT
				/*	5:location	*/	1.0	-2.5411E-19	-1.34653E-32	0.0	9.18523E-18	1.0	-7.88428E-33	0.0	1.1161E-32	-1.75741E-32	1.0	0.0	-0.120766	0.128348	-0.04	1.0
				/*	5:child_number	*/	0
				/*	5:name	*/	3_5墩身-1/墩身和上垫梁-1/4个M65-8/10：M65螺栓-3
				/*	5:type	*/	基本杆件\10：M65螺栓.SLDPRT
				/*	5:location	*/	0.5	-0.866025	3.41853E-32	0.0	0.866025	0.5	-2.1119E-32	0.0	-1.24441E-32	3.17056E-32	1.0	0.0	-0.126075	0.00346083	-0.04	1.0
				/*	5:child_number	*/	0
			/*	4:name	*/	3_5墩身-1/墩身和上垫梁-1/4个M65-7
			/*	4:type	*/	基本组合\4个M65.SLDASM
			/*	4:location	*/	0.999098	-1.30472E-16	0.0424734	0.0	-0.0424734	1.6025E-16	0.999098	0.0	-1.37161E-16	-1.0	1.54564E-16	0.0	-1.4339	5.72255	-1.6606	1.0
			/*	4:child_number	*/	4
				/*	5:name	*/	3_5墩身-1/墩身和上垫梁-1/4个M65-7/10：M65螺栓-2
				/*	5:type	*/	基本杆件\10：M65螺栓.SLDPRT
				/*	5:location	*/	1.0	-2.5411E-19	-1.34653E-32	0.0	9.18523E-18	1.0	-7.88428E-33	0.0	1.1161E-32	-1.75741E-32	1.0	0.0	0.00412095	0.123039	-0.04	1.0
				/*	5:child_number	*/	0
				/*	5:name	*/	3_5墩身-1/墩身和上垫梁-1/4个M65-7/10：M65螺栓-1
				/*	5:type	*/	基本杆件\10：M65螺栓.SLDPRT
				/*	5:location	*/	1.0	-2.5411E-19	-1.34653E-32	0.0	9.18523E-18	1.0	-7.88428E-33	0.0	1.1161E-32	-1.75741E-32	1.0	0.0	-0.00118822	-0.00184834	-0.04	1.0
				/*	5:child_number	*/	0
				/*	5:name	*/	3_5墩身-1/墩身和上垫梁-1/4个M65-7/10：M65螺栓-4
				/*	5:type	*/	基本杆件\10：M65螺栓.SLDPRT
				/*	5:location	*/	1.0	-2.5411E-19	-1.34653E-32	0.0	9.18523E-18	1.0	-7.88428E-33	0.0	1.1161E-32	-1.75741E-32	1.0	0.0	-0.120766	0.128348	-0.04	1.0
				/*	5:child_number	*/	0
				/*	5:name	*/	3_5墩身-1/墩身和上垫梁-1/4个M65-7/10：M65螺栓-3
				/*	5:type	*/	基本杆件\10：M65螺栓.SLDPRT
				/*	5:location	*/	0.5	-0.866025	3.41853E-32	0.0	0.866025	0.5	-2.1119E-32	0.0	-1.24441E-32	3.17056E-32	1.0	0.0	-0.126075	0.00346083	-0.04	1.0
				/*	5:child_number	*/	0
			/*	4:name	*/	3_5墩身-1/墩身和上垫梁-1/4个M65-6
			/*	4:type	*/	基本组合\4个M65.SLDASM
			/*	4:location	*/	0.999098	-1.30472E-16	0.0424734	0.0	-0.0424734	1.6025E-16	0.999098	0.0	-1.37161E-16	-1.0	1.54564E-16	0.0	-3.1839	5.72255	-1.6606	1.0
			/*	4:child_number	*/	4
				/*	5:name	*/	3_5墩身-1/墩身和上垫梁-1/4个M65-6/10：M65螺栓-2
				/*	5:type	*/	基本杆件\10：M65螺栓.SLDPRT
				/*	5:location	*/	1.0	-2.5411E-19	-1.34653E-32	0.0	9.18523E-18	1.0	-7.88428E-33	0.0	1.1161E-32	-1.75741E-32	1.0	0.0	0.00412095	0.123039	-0.04	1.0
				/*	5:child_number	*/	0
				/*	5:name	*/	3_5墩身-1/墩身和上垫梁-1/4个M65-6/10：M65螺栓-1
				/*	5:type	*/	基本杆件\10：M65螺栓.SLDPRT
				/*	5:location	*/	1.0	-2.5411E-19	-1.34653E-32	0.0	9.18523E-18	1.0	-7.88428E-33	0.0	1.1161E-32	-1.75741E-32	1.0	0.0	-0.00118822	-0.00184834	-0.04	1.0
				/*	5:child_number	*/	0
				/*	5:name	*/	3_5墩身-1/墩身和上垫梁-1/4个M65-6/10：M65螺栓-4
				/*	5:type	*/	基本杆件\10：M65螺栓.SLDPRT
				/*	5:location	*/	1.0	-2.5411E-19	-1.34653E-32	0.0	9.18523E-18	1.0	-7.88428E-33	0.0	1.1161E-32	-1.75741E-32	1.0	0.0	-0.120766	0.128348	-0.04	1.0
				/*	5:child_number	*/	0
				/*	5:name	*/	3_5墩身-1/墩身和上垫梁-1/4个M65-6/10：M65螺栓-3
				/*	5:type	*/	基本杆件\10：M65螺栓.SLDPRT
				/*	5:location	*/	0.5	-0.866025	3.41853E-32	0.0	0.866025	0.5	-2.1119E-32	0.0	-1.24441E-32	3.17056E-32	1.0	0.0	-0.126075	0.00346083	-0.04	1.0
				/*	5:child_number	*/	0
			/*	4:name	*/	3_5墩身-1/墩身和上垫梁-1/4个M65-5
			/*	4:type	*/	基本组合\4个M65.SLDASM
			/*	4:location	*/	0.999098	-1.30472E-16	0.0424734	0.0	-0.0424734	1.6025E-16	0.999098	0.0	-1.37161E-16	-1.0	1.54564E-16	0.0	-1.4339	5.72255	-0.160603	1.0
			/*	4:child_number	*/	4
				/*	5:name	*/	3_5墩身-1/墩身和上垫梁-1/4个M65-5/10：M65螺栓-2
				/*	5:type	*/	基本杆件\10：M65螺栓.SLDPRT
				/*	5:location	*/	1.0	-2.5411E-19	-1.34653E-32	0.0	9.18523E-18	1.0	-7.88428E-33	0.0	1.1161E-32	-1.75741E-32	1.0	0.0	0.00412095	0.123039	-0.04	1.0
				/*	5:child_number	*/	0
				/*	5:name	*/	3_5墩身-1/墩身和上垫梁-1/4个M65-5/10：M65螺栓-1
				/*	5:type	*/	基本杆件\10：M65螺栓.SLDPRT
				/*	5:location	*/	1.0	-2.5411E-19	-1.34653E-32	0.0	9.18523E-18	1.0	-7.88428E-33	0.0	1.1161E-32	-1.75741E-32	1.0	0.0	-0.00118822	-0.00184834	-0.04	1.0
				/*	5:child_number	*/	0
				/*	5:name	*/	3_5墩身-1/墩身和上垫梁-1/4个M65-5/10：M65螺栓-4
				/*	5:type	*/	基本杆件\10：M65螺栓.SLDPRT
				/*	5:location	*/	1.0	-2.5411E-19	-1.34653E-32	0.0	9.18523E-18	1.0	-7.88428E-33	0.0	1.1161E-32	-1.75741E-32	1.0	0.0	-0.120766	0.128348	-0.04	1.0
				/*	5:child_number	*/	0
				/*	5:name	*/	3_5墩身-1/墩身和上垫梁-1/4个M65-5/10：M65螺栓-3
				/*	5:type	*/	基本杆件\10：M65螺栓.SLDPRT
				/*	5:location	*/	0.5	-0.866025	3.41853E-32	0.0	0.866025	0.5	-2.1119E-32	0.0	-1.24441E-32	3.17056E-32	1.0	0.0	-0.126075	0.00346083	-0.04	1.0
				/*	5:child_number	*/	0
			/*	4:name	*/	3_5墩身-1/墩身和上垫梁-1/4个M65-4
			/*	4:type	*/	基本组合\4个M65.SLDASM
			/*	4:location	*/	0.999098	-1.30472E-16	0.0424734	0.0	-0.0424734	1.6025E-16	0.999098	0.0	-1.37161E-16	-1.0	1.54564E-16	0.0	-3.1839	5.72255	-0.160603	1.0
			/*	4:child_number	*/	4
				/*	5:name	*/	3_5墩身-1/墩身和上垫梁-1/4个M65-4/10：M65螺栓-2
				/*	5:type	*/	基本杆件\10：M65螺栓.SLDPRT
				/*	5:location	*/	1.0	-2.5411E-19	-1.34653E-32	0.0	9.18523E-18	1.0	-7.88428E-33	0.0	1.1161E-32	-1.75741E-32	1.0	0.0	0.00412095	0.123039	-0.04	1.0
				/*	5:child_number	*/	0
				/*	5:name	*/	3_5墩身-1/墩身和上垫梁-1/4个M65-4/10：M65螺栓-1
				/*	5:type	*/	基本杆件\10：M65螺栓.SLDPRT
				/*	5:location	*/	1.0	-2.5411E-19	-1.34653E-32	0.0	9.18523E-18	1.0	-7.88428E-33	0.0	1.1161E-32	-1.75741E-32	1.0	0.0	-0.00118822	-0.00184834	-0.04	1.0
				/*	5:child_number	*/	0
				/*	5:name	*/	3_5墩身-1/墩身和上垫梁-1/4个M65-4/10：M65螺栓-4
				/*	5:type	*/	基本杆件\10：M65螺栓.SLDPRT
				/*	5:location	*/	1.0	-2.5411E-19	-1.34653E-32	0.0	9.18523E-18	1.0	-7.88428E-33	0.0	1.1161E-32	-1.75741E-32	1.0	0.0	-0.120766	0.128348	-0.04	1.0
				/*	5:child_number	*/	0
				/*	5:name	*/	3_5墩身-1/墩身和上垫梁-1/4个M65-4/10：M65螺栓-3
				/*	5:type	*/	基本杆件\10：M65螺栓.SLDPRT
				/*	5:location	*/	0.5	-0.866025	3.41853E-32	0.0	0.866025	0.5	-2.1119E-32	0.0	-1.24441E-32	3.17056E-32	1.0	0.0	-0.126075	0.00346083	-0.04	1.0
				/*	5:child_number	*/	0
			/*	4:name	*/	3_5墩身-1/墩身和上垫梁-1/两根叠置并经螺栓相连的1号-3
			/*	4:type	*/	3_3\两根叠置并经螺栓相连的1号.SLDASM
			/*	4:location	*/	-5.55112E-17	-1.17697E-16	-1.0	0.0	1.30954E-16	1.0	-1.17697E-16	0.0	1.0	-1.30954E-16	-5.55112E-17	0.0	-1.49751	5.4384	-1.9843	1.0
			/*	4:child_number	*/	30
				/*	5:name	*/	3_5墩身-1/墩身和上垫梁-1/两根叠置并经螺栓相连的1号-3/11：M50螺栓-26
				/*	5:type	*/	基本杆件\11：M50螺栓.SLDPRT
				/*	5:location	*/	-0.0424734	1.98235E-32	0.999098	0.0	-0.999098	8.29354E-33	-0.0424734	0.0	0.0	-1.0	-6.53348E-33	0.0	-1.8218	0.586151	0.0625	1.0
				/*	5:child_number	*/	0
				/*	5:name	*/	3_5墩身-1/墩身和上垫梁-1/两根叠置并经螺栓相连的1号-3/11：M50螺栓-28
				/*	5:type	*/	基本杆件\11：M50螺栓.SLDPRT
				/*	5:location	*/	-0.0424734	1.98235E-32	0.999098	0.0	-0.999098	8.29354E-33	-0.0424734	0.0	0.0	-1.0	-6.53348E-33	0.0	-2.0718	0.586151	0.0625	1.0
				/*	5:child_number	*/	0
				/*	5:name	*/	3_5墩身-1/墩身和上垫梁-1/两根叠置并经螺栓相连的1号-3/11：M50螺栓-27
				/*	5:type	*/	基本杆件\11：M50螺栓.SLDPRT
				/*	5:location	*/	-0.0424734	1.98235E-32	0.999098	0.0	-0.999098	8.29354E-33	-0.0424734	0.0	0.0	-1.0	-6.53348E-33	0.0	-1.9468	0.586151	0.0625	1.0
				/*	5:child_number	*/	0
				/*	5:name	*/	3_5墩身-1/墩身和上垫梁-1/两根叠置并经螺栓相连的1号-3/11：M50螺栓-13
				/*	5:type	*/	基本杆件\11：M50螺栓.SLDPRT
				/*	5:location	*/	-0.0424734	1.98235E-32	0.999098	0.0	-0.999098	8.29354E-33	-0.0424734	0.0	0.0	-1.0	-6.53348E-33	0.0	-0.196804	0.586151	0.0625	1.0
				/*	5:child_number	*/	0
				/*	5:name	*/	3_5墩身-1/墩身和上垫梁-1/两根叠置并经螺栓相连的1号-3/11：M50螺栓-12
				/*	5:type	*/	基本杆件\11：M50螺栓.SLDPRT
				/*	5:location	*/	-0.0424734	1.98235E-32	0.999098	0.0	-0.999098	8.29354E-33	-0.0424734	0.0	0.0	-1.0	-6.53348E-33	0.0	-0.0718043	0.586151	0.0625	1.0
				/*	5:child_number	*/	0
				/*	5:name	*/	3_5墩身-1/墩身和上垫梁-1/两根叠置并经螺栓相连的1号-3/1：基本杆件-2
				/*	5:type	*/	基本杆件\1：基本杆件.SLDPRT
				/*	5:location	*/	1.0	0.0	0.0	0.0	0.0	1.0	6.53348E-33	0.0	0.0	6.53348E-33	1.0	0.0	-2.1343	0.559151	-0.1	1.0
				/*	5:child_number	*/	0
				/*	5:name	*/	3_5墩身-1/墩身和上垫梁-1/两根叠置并经螺栓相连的1号-3/11：M50螺栓-19
				/*	5:type	*/	基本杆件\11：M50螺栓.SLDPRT
				/*	5:location	*/	-0.0424734	1.98235E-32	0.999098	0.0	-0.999098	8.29354E-33	-0.0424734	0.0	0.0	-1.0	-6.53348E-33	0.0	-0.946804	0.586151	0.0625	1.0
				/*	5:child_number	*/	0
				/*	5:name	*/	3_5墩身-1/墩身和上垫梁-1/两根叠置并经螺栓相连的1号-3/11：M50螺栓-18
				/*	5:type	*/	基本杆件\11：M50螺栓.SLDPRT
				/*	5:location	*/	-0.0424734	1.98235E-32	0.999098	0.0	-0.999098	8.29354E-33	-0.0424734	0.0	0.0	-1.0	-6.53348E-33	0.0	-0.821804	0.586151	0.0625	1.0
				/*	5:child_number	*/	0
				/*	5:name	*/	3_5墩身-1/墩身和上垫梁-1/两根叠置并经螺栓相连的1号-3/11：M50螺栓-17
				/*	5:type	*/	基本杆件\11：M50螺栓.SLDPRT
				/*	5:location	*/	-0.0424734	1.98235E-32	0.999098	0.0	-0.999098	8.29354E-33	-0.0424734	0.0	0.0	-1.0	-6.53348E-33	0.0	-0.696804	0.586151	0.0625	1.0
				/*	5:child_number	*/	0
				/*	5:name	*/	3_5墩身-1/墩身和上垫梁-1/两根叠置并经螺栓相连的1号-3/11：M50螺栓-10
				/*	5:type	*/	基本杆件\11：M50螺栓.SLDPRT
				/*	5:location	*/	-0.0424734	1.98235E-32	0.999098	0.0	-0.999098	8.29354E-33	-0.0424734	0.0	0.0	-1.0	-6.53348E-33	0.0	0.178196	0.586151	0.0625	1.0
				/*	5:child_number	*/	0
				/*	5:name	*/	3_5墩身-1/墩身和上垫梁-1/两根叠置并经螺栓相连的1号-3/11：M50螺栓-9
				/*	5:type	*/	基本杆件\11：M50螺栓.SLDPRT
				/*	5:location	*/	-0.0424734	1.98235E-32	0.999098	0.0	-0.999098	8.29354E-33	-0.0424734	0.0	0.0	-1.0	-6.53348E-33	0.0	0.303196	0.586151	0.0625	1.0
				/*	5:child_number	*/	0
				/*	5:name	*/	3_5墩身-1/墩身和上垫梁-1/两根叠置并经螺栓相连的1号-3/11：M50螺栓-8
				/*	5:type	*/	基本杆件\11：M50螺栓.SLDPRT
				/*	5:location	*/	-0.0424734	1.98235E-32	0.999098	0.0	-0.999098	8.29354E-33	-0.0424734	0.0	0.0	-1.0	-6.53348E-33	0.0	0.428196	0.586151	0.0625	1.0
				/*	5:child_number	*/	0
				/*	5:name	*/	3_5墩身-1/墩身和上垫梁-1/两根叠置并经螺栓相连的1号-3/11：M50螺栓-16
				/*	5:type	*/	基本杆件\11：M50螺栓.SLDPRT
				/*	5:location	*/	-0.0424734	1.98235E-32	0.999098	0.0	-0.999098	8.29354E-33	-0.0424734	0.0	0.0	-1.0	-6.53348E-33	0.0	-0.571804	0.586151	0.0625	1.0
				/*	5:child_number	*/	0
				/*	5:name	*/	3_5墩身-1/墩身和上垫梁-1/两根叠置并经螺栓相连的1号-3/11：M50螺栓-15
				/*	5:type	*/	基本杆件\11：M50螺栓.SLDPRT
				/*	5:location	*/	-0.0424734	1.98235E-32	0.999098	0.0	-0.999098	8.29354E-33	-0.0424734	0.0	0.0	-1.0	-6.53348E-33	0.0	-0.446804	0.586151	0.0625	1.0
				/*	5:child_number	*/	0
				/*	5:name	*/	3_5墩身-1/墩身和上垫梁-1/两根叠置并经螺栓相连的1号-3/11：M50螺栓-14
				/*	5:type	*/	基本杆件\11：M50螺栓.SLDPRT
				/*	5:location	*/	-0.0424734	1.98235E-32	0.999098	0.0	-0.999098	8.29354E-33	-0.0424734	0.0	0.0	-1.0	-6.53348E-33	0.0	-0.321804	0.586151	0.0625	1.0
				/*	5:child_number	*/	0
				/*	5:name	*/	3_5墩身-1/墩身和上垫梁-1/两根叠置并经螺栓相连的1号-3/11：M50螺栓-11
				/*	5:type	*/	基本杆件\11：M50螺栓.SLDPRT
				/*	5:location	*/	-0.0424734	1.98235E-32	0.999098	0.0	-0.999098	8.29354E-33	-0.0424734	0.0	0.0	-1.0	-6.53348E-33	0.0	0.0531957	0.586151	0.0625	1.0
				/*	5:child_number	*/	0
				/*	5:name	*/	3_5墩身-1/墩身和上垫梁-1/两根叠置并经螺栓相连的1号-3/11：M50螺栓-3
				/*	5:type	*/	基本杆件\11：M50螺栓.SLDPRT
				/*	5:location	*/	-0.0424734	1.98235E-32	0.999098	0.0	-0.999098	8.29354E-33	-0.0424734	0.0	0.0	-1.0	-6.53348E-33	0.0	1.0532	0.586151	0.0625	1.0
				/*	5:child_number	*/	0
				/*	5:name	*/	3_5墩身-1/墩身和上垫梁-1/两根叠置并经螺栓相连的1号-3/11：M50螺栓-2
				/*	5:type	*/	基本杆件\11：M50螺栓.SLDPRT
				/*	5:location	*/	-0.0424734	1.98235E-32	0.999098	0.0	-0.999098	8.29354E-33	-0.0424734	0.0	0.0	-1.0	-6.53348E-33	0.0	1.1782	0.586151	0.0625	1.0
				/*	5:child_number	*/	0
				/*	5:name	*/	3_5墩身-1/墩身和上垫梁-1/两根叠置并经螺栓相连的1号-3/11：M50螺栓-1
				/*	5:type	*/	基本杆件\11：M50螺栓.SLDPRT
				/*	5:location	*/	-0.0424734	1.98235E-32	0.999098	0.0	-0.999098	8.29354E-33	-0.0424734	0.0	0.0	-1.0	-6.53348E-33	0.0	1.3032	0.586151	0.0625	1.0
				/*	5:child_number	*/	0
				/*	5:name	*/	3_5墩身-1/墩身和上垫梁-1/两根叠置并经螺栓相连的1号-3/11：M50螺栓-25
				/*	5:type	*/	基本杆件\11：M50螺栓.SLDPRT
				/*	5:location	*/	-0.0424734	1.98235E-32	0.999098	0.0	-0.999098	8.29354E-33	-0.0424734	0.0	0.0	-1.0	-6.53348E-33	0.0	-1.6968	0.586151	0.0625	1.0
				/*	5:child_number	*/	0
				/*	5:name	*/	3_5墩身-1/墩身和上垫梁-1/两根叠置并经螺栓相连的1号-3/11：M50螺栓-24
				/*	5:type	*/	基本杆件\11：M50螺栓.SLDPRT
				/*	5:location	*/	-0.0424734	1.98235E-32	0.999098	0.0	-0.999098	8.29354E-33	-0.0424734	0.0	0.0	-1.0	-6.53348E-33	0.0	-1.5718	0.586151	0.0625	1.0
				/*	5:child_number	*/	0
				/*	5:name	*/	3_5墩身-1/墩身和上垫梁-1/两根叠置并经螺栓相连的1号-3/11：M50螺栓-23
				/*	5:type	*/	基本杆件\11：M50螺栓.SLDPRT
				/*	5:location	*/	-0.0424734	1.98235E-32	0.999098	0.0	-0.999098	8.29354E-33	-0.0424734	0.0	0.0	-1.0	-6.53348E-33	0.0	-1.4468	0.586151	0.0625	1.0
				/*	5:child_number	*/	0
				/*	5:name	*/	3_5墩身-1/墩身和上垫梁-1/两根叠置并经螺栓相连的1号-3/11：M50螺栓-7
				/*	5:type	*/	基本杆件\11：M50螺栓.SLDPRT
				/*	5:location	*/	-0.0424734	1.98235E-32	0.999098	0.0	-0.999098	8.29354E-33	-0.0424734	0.0	0.0	-1.0	-6.53348E-33	0.0	0.553196	0.586151	0.0625	1.0
				/*	5:child_number	*/	0
				/*	5:name	*/	3_5墩身-1/墩身和上垫梁-1/两根叠置并经螺栓相连的1号-3/11：M50螺栓-6
				/*	5:type	*/	基本杆件\11：M50螺栓.SLDPRT
				/*	5:location	*/	-0.0424734	1.98235E-32	0.999098	0.0	-0.999098	8.29354E-33	-0.0424734	0.0	0.0	-1.0	-6.53348E-33	0.0	0.678196	0.586151	0.0625	1.0
				/*	5:child_number	*/	0
				/*	5:name	*/	3_5墩身-1/墩身和上垫梁-1/两根叠置并经螺栓相连的1号-3/11：M50螺栓-5
				/*	5:type	*/	基本杆件\11：M50螺栓.SLDPRT
				/*	5:location	*/	-0.0424734	1.98235E-32	0.999098	0.0	-0.999098	8.29354E-33	-0.0424734	0.0	0.0	-1.0	-6.53348E-33	0.0	0.803196	0.586151	0.0625	1.0
				/*	5:child_number	*/	0
				/*	5:name	*/	3_5墩身-1/墩身和上垫梁-1/两根叠置并经螺栓相连的1号-3/11：M50螺栓-4
				/*	5:type	*/	基本杆件\11：M50螺栓.SLDPRT
				/*	5:location	*/	-0.0424734	1.98235E-32	0.999098	0.0	-0.999098	8.29354E-33	-0.0424734	0.0	0.0	-1.0	-6.53348E-33	0.0	0.928196	0.586151	0.0625	1.0
				/*	5:child_number	*/	0
				/*	5:name	*/	3_5墩身-1/墩身和上垫梁-1/两根叠置并经螺栓相连的1号-3/11：M50螺栓-22
				/*	5:type	*/	基本杆件\11：M50螺栓.SLDPRT
				/*	5:location	*/	-0.0424734	1.98235E-32	0.999098	0.0	-0.999098	8.29354E-33	-0.0424734	0.0	0.0	-1.0	-6.53348E-33	0.0	-1.3218	0.586151	0.0625	1.0
				/*	5:child_number	*/	0
				/*	5:name	*/	3_5墩身-1/墩身和上垫梁-1/两根叠置并经螺栓相连的1号-3/11：M50螺栓-21
				/*	5:type	*/	基本杆件\11：M50螺栓.SLDPRT
				/*	5:location	*/	-0.0424734	1.98235E-32	0.999098	0.0	-0.999098	8.29354E-33	-0.0424734	0.0	0.0	-1.0	-6.53348E-33	0.0	-1.1968	0.586151	0.0625	1.0
				/*	5:child_number	*/	0
				/*	5:name	*/	3_5墩身-1/墩身和上垫梁-1/两根叠置并经螺栓相连的1号-3/11：M50螺栓-20
				/*	5:type	*/	基本杆件\11：M50螺栓.SLDPRT
				/*	5:location	*/	-0.0424734	1.98235E-32	0.999098	0.0	-0.999098	8.29354E-33	-0.0424734	0.0	0.0	-1.0	-6.53348E-33	0.0	-1.0718	0.586151	0.0625	1.0
				/*	5:child_number	*/	0
				/*	5:name	*/	3_5墩身-1/墩身和上垫梁-1/两根叠置并经螺栓相连的1号-3/1：基本杆件-1
				/*	5:type	*/	基本杆件\1：基本杆件.SLDPRT
				/*	5:location	*/	1.0	0.0	0.0	0.0	0.0	1.0	6.53348E-33	0.0	0.0	6.53348E-33	1.0	0.0	-2.1343	0.297151	-0.1	1.0
				/*	5:child_number	*/	0
			/*	4:name	*/	3_5墩身-1/墩身和上垫梁-1/两根叠置并经螺栓相连的1号-2
			/*	4:type	*/	3_3\两根叠置并经螺栓相连的1号.SLDASM
			/*	4:location	*/	-5.55112E-17	-1.17697E-16	-1.0	0.0	1.30954E-16	1.0	-1.17697E-16	0.0	1.0	-1.30954E-16	-5.55112E-17	0.0	-3.24751	5.4384	-1.9843	1.0
			/*	4:child_number	*/	30
				/*	5:name	*/	3_5墩身-1/墩身和上垫梁-1/两根叠置并经螺栓相连的1号-2/11：M50螺栓-26
				/*	5:type	*/	基本杆件\11：M50螺栓.SLDPRT
				/*	5:location	*/	-0.0424734	1.98235E-32	0.999098	0.0	-0.999098	8.29354E-33	-0.0424734	0.0	0.0	-1.0	-6.53348E-33	0.0	-1.8218	0.586151	0.0625	1.0
				/*	5:child_number	*/	0
				/*	5:name	*/	3_5墩身-1/墩身和上垫梁-1/两根叠置并经螺栓相连的1号-2/11：M50螺栓-28
				/*	5:type	*/	基本杆件\11：M50螺栓.SLDPRT
				/*	5:location	*/	-0.0424734	1.98235E-32	0.999098	0.0	-0.999098	8.29354E-33	-0.0424734	0.0	0.0	-1.0	-6.53348E-33	0.0	-2.0718	0.586151	0.0625	1.0
				/*	5:child_number	*/	0
				/*	5:name	*/	3_5墩身-1/墩身和上垫梁-1/两根叠置并经螺栓相连的1号-2/11：M50螺栓-27
				/*	5:type	*/	基本杆件\11：M50螺栓.SLDPRT
				/*	5:location	*/	-0.0424734	1.98235E-32	0.999098	0.0	-0.999098	8.29354E-33	-0.0424734	0.0	0.0	-1.0	-6.53348E-33	0.0	-1.9468	0.586151	0.0625	1.0
				/*	5:child_number	*/	0
				/*	5:name	*/	3_5墩身-1/墩身和上垫梁-1/两根叠置并经螺栓相连的1号-2/11：M50螺栓-13
				/*	5:type	*/	基本杆件\11：M50螺栓.SLDPRT
				/*	5:location	*/	-0.0424734	1.98235E-32	0.999098	0.0	-0.999098	8.29354E-33	-0.0424734	0.0	0.0	-1.0	-6.53348E-33	0.0	-0.196804	0.586151	0.0625	1.0
				/*	5:child_number	*/	0
				/*	5:name	*/	3_5墩身-1/墩身和上垫梁-1/两根叠置并经螺栓相连的1号-2/11：M50螺栓-12
				/*	5:type	*/	基本杆件\11：M50螺栓.SLDPRT
				/*	5:location	*/	-0.0424734	1.98235E-32	0.999098	0.0	-0.999098	8.29354E-33	-0.0424734	0.0	0.0	-1.0	-6.53348E-33	0.0	-0.0718043	0.586151	0.0625	1.0
				/*	5:child_number	*/	0
				/*	5:name	*/	3_5墩身-1/墩身和上垫梁-1/两根叠置并经螺栓相连的1号-2/1：基本杆件-2
				/*	5:type	*/	基本杆件\1：基本杆件.SLDPRT
				/*	5:location	*/	1.0	0.0	0.0	0.0	0.0	1.0	6.53348E-33	0.0	0.0	6.53348E-33	1.0	0.0	-2.1343	0.559151	-0.1	1.0
				/*	5:child_number	*/	0
				/*	5:name	*/	3_5墩身-1/墩身和上垫梁-1/两根叠置并经螺栓相连的1号-2/11：M50螺栓-19
				/*	5:type	*/	基本杆件\11：M50螺栓.SLDPRT
				/*	5:location	*/	-0.0424734	1.98235E-32	0.999098	0.0	-0.999098	8.29354E-33	-0.0424734	0.0	0.0	-1.0	-6.53348E-33	0.0	-0.946804	0.586151	0.0625	1.0
				/*	5:child_number	*/	0
				/*	5:name	*/	3_5墩身-1/墩身和上垫梁-1/两根叠置并经螺栓相连的1号-2/11：M50螺栓-18
				/*	5:type	*/	基本杆件\11：M50螺栓.SLDPRT
				/*	5:location	*/	-0.0424734	1.98235E-32	0.999098	0.0	-0.999098	8.29354E-33	-0.0424734	0.0	0.0	-1.0	-6.53348E-33	0.0	-0.821804	0.586151	0.0625	1.0
				/*	5:child_number	*/	0
				/*	5:name	*/	3_5墩身-1/墩身和上垫梁-1/两根叠置并经螺栓相连的1号-2/11：M50螺栓-17
				/*	5:type	*/	基本杆件\11：M50螺栓.SLDPRT
				/*	5:location	*/	-0.0424734	1.98235E-32	0.999098	0.0	-0.999098	8.29354E-33	-0.0424734	0.0	0.0	-1.0	-6.53348E-33	0.0	-0.696804	0.586151	0.0625	1.0
				/*	5:child_number	*/	0
				/*	5:name	*/	3_5墩身-1/墩身和上垫梁-1/两根叠置并经螺栓相连的1号-2/11：M50螺栓-10
				/*	5:type	*/	基本杆件\11：M50螺栓.SLDPRT
				/*	5:location	*/	-0.0424734	1.98235E-32	0.999098	0.0	-0.999098	8.29354E-33	-0.0424734	0.0	0.0	-1.0	-6.53348E-33	0.0	0.178196	0.586151	0.0625	1.0
				/*	5:child_number	*/	0
				/*	5:name	*/	3_5墩身-1/墩身和上垫梁-1/两根叠置并经螺栓相连的1号-2/11：M50螺栓-9
				/*	5:type	*/	基本杆件\11：M50螺栓.SLDPRT
				/*	5:location	*/	-0.0424734	1.98235E-32	0.999098	0.0	-0.999098	8.29354E-33	-0.0424734	0.0	0.0	-1.0	-6.53348E-33	0.0	0.303196	0.586151	0.0625	1.0
				/*	5:child_number	*/	0
				/*	5:name	*/	3_5墩身-1/墩身和上垫梁-1/两根叠置并经螺栓相连的1号-2/11：M50螺栓-8
				/*	5:type	*/	基本杆件\11：M50螺栓.SLDPRT
				/*	5:location	*/	-0.0424734	1.98235E-32	0.999098	0.0	-0.999098	8.29354E-33	-0.0424734	0.0	0.0	-1.0	-6.53348E-33	0.0	0.428196	0.586151	0.0625	1.0
				/*	5:child_number	*/	0
				/*	5:name	*/	3_5墩身-1/墩身和上垫梁-1/两根叠置并经螺栓相连的1号-2/11：M50螺栓-16
				/*	5:type	*/	基本杆件\11：M50螺栓.SLDPRT
				/*	5:location	*/	-0.0424734	1.98235E-32	0.999098	0.0	-0.999098	8.29354E-33	-0.0424734	0.0	0.0	-1.0	-6.53348E-33	0.0	-0.571804	0.586151	0.0625	1.0
				/*	5:child_number	*/	0
				/*	5:name	*/	3_5墩身-1/墩身和上垫梁-1/两根叠置并经螺栓相连的1号-2/11：M50螺栓-15
				/*	5:type	*/	基本杆件\11：M50螺栓.SLDPRT
				/*	5:location	*/	-0.0424734	1.98235E-32	0.999098	0.0	-0.999098	8.29354E-33	-0.0424734	0.0	0.0	-1.0	-6.53348E-33	0.0	-0.446804	0.586151	0.0625	1.0
				/*	5:child_number	*/	0
				/*	5:name	*/	3_5墩身-1/墩身和上垫梁-1/两根叠置并经螺栓相连的1号-2/11：M50螺栓-14
				/*	5:type	*/	基本杆件\11：M50螺栓.SLDPRT
				/*	5:location	*/	-0.0424734	1.98235E-32	0.999098	0.0	-0.999098	8.29354E-33	-0.0424734	0.0	0.0	-1.0	-6.53348E-33	0.0	-0.321804	0.586151	0.0625	1.0
				/*	5:child_number	*/	0
				/*	5:name	*/	3_5墩身-1/墩身和上垫梁-1/两根叠置并经螺栓相连的1号-2/11：M50螺栓-11
				/*	5:type	*/	基本杆件\11：M50螺栓.SLDPRT
				/*	5:location	*/	-0.0424734	1.98235E-32	0.999098	0.0	-0.999098	8.29354E-33	-0.0424734	0.0	0.0	-1.0	-6.53348E-33	0.0	0.0531957	0.586151	0.0625	1.0
				/*	5:child_number	*/	0
				/*	5:name	*/	3_5墩身-1/墩身和上垫梁-1/两根叠置并经螺栓相连的1号-2/11：M50螺栓-3
				/*	5:type	*/	基本杆件\11：M50螺栓.SLDPRT
				/*	5:location	*/	-0.0424734	1.98235E-32	0.999098	0.0	-0.999098	8.29354E-33	-0.0424734	0.0	0.0	-1.0	-6.53348E-33	0.0	1.0532	0.586151	0.0625	1.0
				/*	5:child_number	*/	0
				/*	5:name	*/	3_5墩身-1/墩身和上垫梁-1/两根叠置并经螺栓相连的1号-2/11：M50螺栓-2
				/*	5:type	*/	基本杆件\11：M50螺栓.SLDPRT
				/*	5:location	*/	-0.0424734	1.98235E-32	0.999098	0.0	-0.999098	8.29354E-33	-0.0424734	0.0	0.0	-1.0	-6.53348E-33	0.0	1.1782	0.586151	0.0625	1.0
				/*	5:child_number	*/	0
				/*	5:name	*/	3_5墩身-1/墩身和上垫梁-1/两根叠置并经螺栓相连的1号-2/11：M50螺栓-1
				/*	5:type	*/	基本杆件\11：M50螺栓.SLDPRT
				/*	5:location	*/	-0.0424734	1.98235E-32	0.999098	0.0	-0.999098	8.29354E-33	-0.0424734	0.0	0.0	-1.0	-6.53348E-33	0.0	1.3032	0.586151	0.0625	1.0
				/*	5:child_number	*/	0
				/*	5:name	*/	3_5墩身-1/墩身和上垫梁-1/两根叠置并经螺栓相连的1号-2/11：M50螺栓-25
				/*	5:type	*/	基本杆件\11：M50螺栓.SLDPRT
				/*	5:location	*/	-0.0424734	1.98235E-32	0.999098	0.0	-0.999098	8.29354E-33	-0.0424734	0.0	0.0	-1.0	-6.53348E-33	0.0	-1.6968	0.586151	0.0625	1.0
				/*	5:child_number	*/	0
				/*	5:name	*/	3_5墩身-1/墩身和上垫梁-1/两根叠置并经螺栓相连的1号-2/11：M50螺栓-24
				/*	5:type	*/	基本杆件\11：M50螺栓.SLDPRT
				/*	5:location	*/	-0.0424734	1.98235E-32	0.999098	0.0	-0.999098	8.29354E-33	-0.0424734	0.0	0.0	-1.0	-6.53348E-33	0.0	-1.5718	0.586151	0.0625	1.0
				/*	5:child_number	*/	0
				/*	5:name	*/	3_5墩身-1/墩身和上垫梁-1/两根叠置并经螺栓相连的1号-2/11：M50螺栓-23
				/*	5:type	*/	基本杆件\11：M50螺栓.SLDPRT
				/*	5:location	*/	-0.0424734	1.98235E-32	0.999098	0.0	-0.999098	8.29354E-33	-0.0424734	0.0	0.0	-1.0	-6.53348E-33	0.0	-1.4468	0.586151	0.0625	1.0
				/*	5:child_number	*/	0
				/*	5:name	*/	3_5墩身-1/墩身和上垫梁-1/两根叠置并经螺栓相连的1号-2/11：M50螺栓-7
				/*	5:type	*/	基本杆件\11：M50螺栓.SLDPRT
				/*	5:location	*/	-0.0424734	1.98235E-32	0.999098	0.0	-0.999098	8.29354E-33	-0.0424734	0.0	0.0	-1.0	-6.53348E-33	0.0	0.553196	0.586151	0.0625	1.0
				/*	5:child_number	*/	0
				/*	5:name	*/	3_5墩身-1/墩身和上垫梁-1/两根叠置并经螺栓相连的1号-2/11：M50螺栓-6
				/*	5:type	*/	基本杆件\11：M50螺栓.SLDPRT
				/*	5:location	*/	-0.0424734	1.98235E-32	0.999098	0.0	-0.999098	8.29354E-33	-0.0424734	0.0	0.0	-1.0	-6.53348E-33	0.0	0.678196	0.586151	0.0625	1.0
				/*	5:child_number	*/	0
				/*	5:name	*/	3_5墩身-1/墩身和上垫梁-1/两根叠置并经螺栓相连的1号-2/11：M50螺栓-5
				/*	5:type	*/	基本杆件\11：M50螺栓.SLDPRT
				/*	5:location	*/	-0.0424734	1.98235E-32	0.999098	0.0	-0.999098	8.29354E-33	-0.0424734	0.0	0.0	-1.0	-6.53348E-33	0.0	0.803196	0.586151	0.0625	1.0
				/*	5:child_number	*/	0
				/*	5:name	*/	3_5墩身-1/墩身和上垫梁-1/两根叠置并经螺栓相连的1号-2/11：M50螺栓-4
				/*	5:type	*/	基本杆件\11：M50螺栓.SLDPRT
				/*	5:location	*/	-0.0424734	1.98235E-32	0.999098	0.0	-0.999098	8.29354E-33	-0.0424734	0.0	0.0	-1.0	-6.53348E-33	0.0	0.928196	0.586151	0.0625	1.0
				/*	5:child_number	*/	0
				/*	5:name	*/	3_5墩身-1/墩身和上垫梁-1/两根叠置并经螺栓相连的1号-2/11：M50螺栓-22
				/*	5:type	*/	基本杆件\11：M50螺栓.SLDPRT
				/*	5:location	*/	-0.0424734	1.98235E-32	0.999098	0.0	-0.999098	8.29354E-33	-0.0424734	0.0	0.0	-1.0	-6.53348E-33	0.0	-1.3218	0.586151	0.0625	1.0
				/*	5:child_number	*/	0
				/*	5:name	*/	3_5墩身-1/墩身和上垫梁-1/两根叠置并经螺栓相连的1号-2/11：M50螺栓-21
				/*	5:type	*/	基本杆件\11：M50螺栓.SLDPRT
				/*	5:location	*/	-0.0424734	1.98235E-32	0.999098	0.0	-0.999098	8.29354E-33	-0.0424734	0.0	0.0	-1.0	-6.53348E-33	0.0	-1.1968	0.586151	0.0625	1.0
				/*	5:child_number	*/	0
				/*	5:name	*/	3_5墩身-1/墩身和上垫梁-1/两根叠置并经螺栓相连的1号-2/11：M50螺栓-20
				/*	5:type	*/	基本杆件\11：M50螺栓.SLDPRT
				/*	5:location	*/	-0.0424734	1.98235E-32	0.999098	0.0	-0.999098	8.29354E-33	-0.0424734	0.0	0.0	-1.0	-6.53348E-33	0.0	-1.0718	0.586151	0.0625	1.0
				/*	5:child_number	*/	0
				/*	5:name	*/	3_5墩身-1/墩身和上垫梁-1/两根叠置并经螺栓相连的1号-2/1：基本杆件-1
				/*	5:type	*/	基本杆件\1：基本杆件.SLDPRT
				/*	5:location	*/	1.0	0.0	0.0	0.0	0.0	1.0	6.53348E-33	0.0	0.0	6.53348E-33	1.0	0.0	-2.1343	0.297151	-0.1	1.0
				/*	5:child_number	*/	0
			/*	4:name	*/	3_5墩身-1/墩身和上垫梁-1/4个M65-9
			/*	4:type	*/	基本组合\4个M65.SLDASM
			/*	4:location	*/	0.999098	-1.30472E-16	0.0424734	0.0	-0.0424734	1.6025E-16	0.999098	0.0	-1.37161E-16	-1.0	1.54564E-16	0.0	-1.4339	5.72255	-3.1606	1.0
			/*	4:child_number	*/	4
				/*	5:name	*/	3_5墩身-1/墩身和上垫梁-1/4个M65-9/10：M65螺栓-2
				/*	5:type	*/	基本杆件\10：M65螺栓.SLDPRT
				/*	5:location	*/	1.0	-2.5411E-19	-1.34653E-32	0.0	9.18523E-18	1.0	-7.88428E-33	0.0	1.1161E-32	-1.75741E-32	1.0	0.0	0.00412095	0.123039	-0.04	1.0
				/*	5:child_number	*/	0
				/*	5:name	*/	3_5墩身-1/墩身和上垫梁-1/4个M65-9/10：M65螺栓-1
				/*	5:type	*/	基本杆件\10：M65螺栓.SLDPRT
				/*	5:location	*/	1.0	-2.5411E-19	-1.34653E-32	0.0	9.18523E-18	1.0	-7.88428E-33	0.0	1.1161E-32	-1.75741E-32	1.0	0.0	-0.00118822	-0.00184834	-0.04	1.0
				/*	5:child_number	*/	0
				/*	5:name	*/	3_5墩身-1/墩身和上垫梁-1/4个M65-9/10：M65螺栓-4
				/*	5:type	*/	基本杆件\10：M65螺栓.SLDPRT
				/*	5:location	*/	1.0	-2.5411E-19	-1.34653E-32	0.0	9.18523E-18	1.0	-7.88428E-33	0.0	1.1161E-32	-1.75741E-32	1.0	0.0	-0.120766	0.128348	-0.04	1.0
				/*	5:child_number	*/	0
				/*	5:name	*/	3_5墩身-1/墩身和上垫梁-1/4个M65-9/10：M65螺栓-3
				/*	5:type	*/	基本杆件\10：M65螺栓.SLDPRT
				/*	5:location	*/	0.5	-0.866025	3.41853E-32	0.0	0.866025	0.5	-2.1119E-32	0.0	-1.24441E-32	3.17056E-32	1.0	0.0	-0.126075	0.00346083	-0.04	1.0
				/*	5:child_number	*/	0
			/*	4:name	*/	3_5墩身-1/墩身和上垫梁-1/通过螺栓和拼接板相连的两个2号-6
			/*	4:type	*/	3_3\通过螺栓和拼接板相连的两个2号.SLDASM
			/*	4:location	*/	1.0	0.0	0.0	0.0	0.0	1.0	0.0	0.0	0.0	0.0	1.0	0.0	-3.01464	6.40823	-1.35	1.0
			/*	4:child_number	*/	2
				/*	5:name	*/	3_5墩身-1/墩身和上垫梁-1/通过螺栓和拼接板相连的两个2号-6/拼接板及螺栓-1
				/*	5:type	*/	基本组合\拼接板及螺栓.SLDASM
				/*	5:location	*/	-1.0	0.0	-5.55112E-17	0.0	-5.55112E-17	0.0	1.0	0.0	0.0	1.0	0.0	0.0	-0.253518	0.119314	0.0101379	1.0
				/*	5:child_number	*/	2
					/*	6:name	*/	3_5墩身-1/墩身和上垫梁-1/通过螺栓和拼接板相连的两个2号-6/拼接板及螺栓-1/拼接板上的8个螺栓-1
					/*	6:type	*/	基本组合\拼接板上的8个螺栓.SLDASM
					/*	6:location	*/	0.886481	0.462766	0.0	0.0	0.462766	-0.886481	0.0	0.0	0.0	0.0	-1.0	0.0	-0.208151	-0.0726379	0.021	1.0
					/*	6:child_number	*/	8
						/*	7:name	*/	3_5墩身-1/墩身和上垫梁-1/通过螺栓和拼接板相连的两个2号-6/拼接板及螺栓-1/拼接板上的8个螺栓-1/11：M50螺栓-1
						/*	7:type	*/	基本杆件\11：M50螺栓.SLDPRT
						/*	7:location	*/	1.0	-5.4183E-17	0.0	0.0	1.17636E-17	1.0	0.0	0.0	0.0	0.0	1.0	0.0	0.0	8.88178E-16	0.0	1.0
						/*	7:child_number	*/	0
						/*	7:name	*/	3_5墩身-1/墩身和上垫梁-1/通过螺栓和拼接板相连的两个2号-6/拼接板及螺栓-1/拼接板上的8个螺栓-1/11：M50螺栓-5
						/*	7:type	*/	基本杆件\11：M50螺栓.SLDPRT
						/*	7:location	*/	1.0	-5.4183E-17	0.0	0.0	1.17636E-17	1.0	0.0	0.0	0.0	0.0	1.0	0.0	0.22162	0.115691	0.0	1.0
						/*	7:child_number	*/	0
						/*	7:name	*/	3_5墩身-1/墩身和上垫梁-1/通过螺栓和拼接板相连的两个2号-6/拼接板及螺栓-1/拼接板上的8个螺栓-1/11：M50螺栓-2
						/*	7:type	*/	基本杆件\11：M50螺栓.SLDPRT
						/*	7:location	*/	1.0	-5.4183E-17	0.0	0.0	1.17636E-17	1.0	0.0	0.0	0.0	0.0	1.0	0.0	0.0578457	-0.11081	0.0	1.0
						/*	7:child_number	*/	0
						/*	7:name	*/	3_5墩身-1/墩身和上垫梁-1/通过螺栓和拼接板相连的两个2号-6/拼接板及螺栓-1/拼接板上的8个螺栓-1/11：M50螺栓-8
						/*	7:type	*/	基本杆件\11：M50螺栓.SLDPRT
						/*	7:location	*/	1.0	-5.4183E-17	0.0	0.0	1.17636E-17	1.0	0.0	0.0	0.0	0.0	1.0	0.0	0.390276	0.0627271	0.0	1.0
						/*	7:child_number	*/	0
						/*	7:name	*/	3_5墩身-1/墩身和上垫梁-1/通过螺栓和拼接板相连的两个2号-6/拼接板及螺栓-1/拼接板上的8个螺栓-1/11：M50螺栓-7
						/*	7:type	*/	基本杆件\11：M50螺栓.SLDPRT
						/*	7:location	*/	1.0	-5.4183E-17	0.0	0.0	1.17636E-17	1.0	0.0	0.0	0.0	0.0	1.0	0.0	0.33243	0.173537	0.0	1.0
						/*	7:child_number	*/	0
						/*	7:name	*/	3_5墩身-1/墩身和上垫梁-1/通过螺栓和拼接板相连的两个2号-6/拼接板及螺栓-1/拼接板上的8个螺栓-1/11：M50螺栓-6
						/*	7:type	*/	基本杆件\11：M50螺栓.SLDPRT
						/*	7:location	*/	1.0	-5.4183E-17	0.0	0.0	1.17636E-17	1.0	0.0	0.0	0.0	0.0	1.0	0.0	0.279466	0.00488138	0.0	1.0
						/*	7:child_number	*/	0
						/*	7:name	*/	3_5墩身-1/墩身和上垫梁-1/通过螺栓和拼接板相连的两个2号-6/拼接板及螺栓-1/拼接板上的8个螺栓-1/11：M50螺栓-3
						/*	7:type	*/	基本杆件\11：M50螺栓.SLDPRT
						/*	7:location	*/	1.0	-5.4183E-17	0.0	0.0	1.17636E-17	1.0	0.0	0.0	0.0	0.0	1.0	0.0	0.11081	0.0578457	0.0	1.0
						/*	7:child_number	*/	0
						/*	7:name	*/	3_5墩身-1/墩身和上垫梁-1/通过螺栓和拼接板相连的两个2号-6/拼接板及螺栓-1/拼接板上的8个螺栓-1/11：M50螺栓-4
						/*	7:type	*/	基本杆件\11：M50螺栓.SLDPRT
						/*	7:location	*/	1.0	-5.4183E-17	0.0	0.0	1.17636E-17	1.0	0.0	0.0	0.0	0.0	1.0	0.0	0.168656	-0.0529643	0.0	1.0
						/*	7:child_number	*/	0
					/*	6:name	*/	3_5墩身-1/墩身和上垫梁-1/通过螺栓和拼接板相连的两个2号-6/拼接板及螺栓-1/9：拼接板-1
					/*	6:type	*/	基本杆件\9：拼接板.SLDPRT
					/*	6:location	*/	1.0	0.0	0.0	0.0	0.0	1.0	0.0	0.0	0.0	0.0	1.0	0.0	-0.248151	-0.110138	-0.006	1.0
					/*	6:child_number	*/	0
				/*	5:name	*/	3_5墩身-1/墩身和上垫梁-1/通过螺栓和拼接板相连的两个2号-6/两个2号-1
				/*	5:type	*/	基本组合\两个2号.SLDASM
				/*	5:location	*/	1.0	0.0	0.0	0.0	0.0	1.0	0.0	0.0	0.0	0.0	1.0	0.0	-0.553426	-0.0884305	0.0	1.0
				/*	5:child_number	*/	3
					/*	6:name	*/	3_5墩身-1/墩身和上垫梁-1/通过螺栓和拼接板相连的两个2号-6/两个2号-1/2：辅助杆件-1
					/*	6:type	*/	基本杆件\2：辅助杆件.SLDPRT
					/*	6:location	*/	1.0	0.0	0.0	0.0	0.0	1.0	0.0	0.0	0.0	0.0	1.0	0.0	-1.67944	-0.0602556	-0.1	1.0
					/*	6:child_number	*/	0
					/*	6:name	*/	3_5墩身-1/墩身和上垫梁-1/通过螺栓和拼接板相连的两个2号-6/两个2号-1/4个M65-1
					/*	6:type	*/	基本组合\4个M65.SLDASM
					/*	6:location	*/	0.0	0.0424734	-0.999098	0.0	0.0	0.999098	0.0424734	0.0	1.0	0.0	0.0	0.0	0.333559	0.0101416	-0.0636086	1.0
					/*	6:child_number	*/	4
						/*	7:name	*/	3_5墩身-1/墩身和上垫梁-1/通过螺栓和拼接板相连的两个2号-6/两个2号-1/4个M65-1/10：M65螺栓-2
						/*	7:type	*/	基本杆件\10：M65螺栓.SLDPRT
						/*	7:location	*/	1.0	2.84264E-18	0.0	0.0	-4.09625E-18	1.0	0.0	0.0	0.0	0.0	1.0	0.0	0.00412095	0.123039	-0.04	1.0
						/*	7:child_number	*/	0
						/*	7:name	*/	3_5墩身-1/墩身和上垫梁-1/通过螺栓和拼接板相连的两个2号-6/两个2号-1/4个M65-1/10：M65螺栓-1
						/*	7:type	*/	基本杆件\10：M65螺栓.SLDPRT
						/*	7:location	*/	1.0	2.84264E-18	0.0	0.0	-4.09625E-18	1.0	0.0	0.0	0.0	0.0	1.0	0.0	-0.00118822	-0.00184834	-0.04	1.0
						/*	7:child_number	*/	0
						/*	7:name	*/	3_5墩身-1/墩身和上垫梁-1/通过螺栓和拼接板相连的两个2号-6/两个2号-1/4个M65-1/10：M65螺栓-4
						/*	7:type	*/	基本杆件\10：M65螺栓.SLDPRT
						/*	7:location	*/	1.0	2.84264E-18	0.0	0.0	-4.09625E-18	1.0	0.0	0.0	0.0	0.0	1.0	0.0	-0.120766	0.128348	-0.04	1.0
						/*	7:child_number	*/	0
						/*	7:name	*/	3_5墩身-1/墩身和上垫梁-1/通过螺栓和拼接板相连的两个2号-6/两个2号-1/4个M65-1/10：M65螺栓-3
						/*	7:type	*/	基本杆件\10：M65螺栓.SLDPRT
						/*	7:location	*/	0.5	-0.866025	0.0	0.0	0.866025	0.5	0.0	0.0	0.0	0.0	1.0	0.0	-0.126075	0.00346083	-0.04	1.0
						/*	7:child_number	*/	0
					/*	6:name	*/	3_5墩身-1/墩身和上垫梁-1/通过螺栓和拼接板相连的两个2号-6/两个2号-1/2：辅助杆件-2
					/*	6:type	*/	基本杆件\2：辅助杆件.SLDPRT
					/*	6:location	*/	1.0	0.0	0.0	0.0	0.0	1.0	0.0	0.0	0.0	0.0	1.0	0.0	0.320559	-0.0602556	-0.1	1.0
					/*	6:child_number	*/	0
			/*	4:name	*/	3_5墩身-1/墩身和上垫梁-1/通过螺栓和拼接板相连的两个2号-5
			/*	4:type	*/	3_3\通过螺栓和拼接板相连的两个2号.SLDASM
			/*	4:location	*/	1.0	0.0	0.0	0.0	0.0	1.0	0.0	0.0	0.0	0.0	1.0	0.0	-3.01464	6.40823	-1.85	1.0
			/*	4:child_number	*/	2
				/*	5:name	*/	3_5墩身-1/墩身和上垫梁-1/通过螺栓和拼接板相连的两个2号-5/拼接板及螺栓-1
				/*	5:type	*/	基本组合\拼接板及螺栓.SLDASM
				/*	5:location	*/	-1.0	0.0	-5.55112E-17	0.0	-5.55112E-17	0.0	1.0	0.0	0.0	1.0	0.0	0.0	-0.253518	0.119314	0.0101379	1.0
				/*	5:child_number	*/	2
					/*	6:name	*/	3_5墩身-1/墩身和上垫梁-1/通过螺栓和拼接板相连的两个2号-5/拼接板及螺栓-1/拼接板上的8个螺栓-1
					/*	6:type	*/	基本组合\拼接板上的8个螺栓.SLDASM
					/*	6:location	*/	0.886481	0.462766	0.0	0.0	0.462766	-0.886481	0.0	0.0	0.0	0.0	-1.0	0.0	-0.208151	-0.0726379	0.021	1.0
					/*	6:child_number	*/	8
						/*	7:name	*/	3_5墩身-1/墩身和上垫梁-1/通过螺栓和拼接板相连的两个2号-5/拼接板及螺栓-1/拼接板上的8个螺栓-1/11：M50螺栓-1
						/*	7:type	*/	基本杆件\11：M50螺栓.SLDPRT
						/*	7:location	*/	1.0	-5.4183E-17	0.0	0.0	1.17636E-17	1.0	0.0	0.0	0.0	0.0	1.0	0.0	4.44089E-16	0.0	0.0	1.0
						/*	7:child_number	*/	0
						/*	7:name	*/	3_5墩身-1/墩身和上垫梁-1/通过螺栓和拼接板相连的两个2号-5/拼接板及螺栓-1/拼接板上的8个螺栓-1/11：M50螺栓-5
						/*	7:type	*/	基本杆件\11：M50螺栓.SLDPRT
						/*	7:location	*/	1.0	-5.4183E-17	0.0	0.0	1.17636E-17	1.0	0.0	0.0	0.0	0.0	1.0	0.0	0.22162	0.115691	0.0	1.0
						/*	7:child_number	*/	0
						/*	7:name	*/	3_5墩身-1/墩身和上垫梁-1/通过螺栓和拼接板相连的两个2号-5/拼接板及螺栓-1/拼接板上的8个螺栓-1/11：M50螺栓-2
						/*	7:type	*/	基本杆件\11：M50螺栓.SLDPRT
						/*	7:location	*/	1.0	-5.4183E-17	0.0	0.0	1.17636E-17	1.0	0.0	0.0	0.0	0.0	1.0	0.0	0.0578457	-0.11081	0.0	1.0
						/*	7:child_number	*/	0
						/*	7:name	*/	3_5墩身-1/墩身和上垫梁-1/通过螺栓和拼接板相连的两个2号-5/拼接板及螺栓-1/拼接板上的8个螺栓-1/11：M50螺栓-8
						/*	7:type	*/	基本杆件\11：M50螺栓.SLDPRT
						/*	7:location	*/	1.0	-5.4183E-17	0.0	0.0	1.17636E-17	1.0	0.0	0.0	0.0	0.0	1.0	0.0	0.390276	0.0627271	0.0	1.0
						/*	7:child_number	*/	0
						/*	7:name	*/	3_5墩身-1/墩身和上垫梁-1/通过螺栓和拼接板相连的两个2号-5/拼接板及螺栓-1/拼接板上的8个螺栓-1/11：M50螺栓-7
						/*	7:type	*/	基本杆件\11：M50螺栓.SLDPRT
						/*	7:location	*/	1.0	-5.4183E-17	0.0	0.0	1.17636E-17	1.0	0.0	0.0	0.0	0.0	1.0	0.0	0.33243	0.173537	0.0	1.0
						/*	7:child_number	*/	0
						/*	7:name	*/	3_5墩身-1/墩身和上垫梁-1/通过螺栓和拼接板相连的两个2号-5/拼接板及螺栓-1/拼接板上的8个螺栓-1/11：M50螺栓-6
						/*	7:type	*/	基本杆件\11：M50螺栓.SLDPRT
						/*	7:location	*/	1.0	-5.4183E-17	0.0	0.0	1.17636E-17	1.0	0.0	0.0	0.0	0.0	1.0	0.0	0.279466	0.00488138	0.0	1.0
						/*	7:child_number	*/	0
						/*	7:name	*/	3_5墩身-1/墩身和上垫梁-1/通过螺栓和拼接板相连的两个2号-5/拼接板及螺栓-1/拼接板上的8个螺栓-1/11：M50螺栓-3
						/*	7:type	*/	基本杆件\11：M50螺栓.SLDPRT
						/*	7:location	*/	1.0	-5.4183E-17	0.0	0.0	1.17636E-17	1.0	0.0	0.0	0.0	0.0	1.0	0.0	0.11081	0.0578457	0.0	1.0
						/*	7:child_number	*/	0
						/*	7:name	*/	3_5墩身-1/墩身和上垫梁-1/通过螺栓和拼接板相连的两个2号-5/拼接板及螺栓-1/拼接板上的8个螺栓-1/11：M50螺栓-4
						/*	7:type	*/	基本杆件\11：M50螺栓.SLDPRT
						/*	7:location	*/	1.0	-5.4183E-17	0.0	0.0	1.17636E-17	1.0	0.0	0.0	0.0	0.0	1.0	0.0	0.168656	-0.0529643	0.0	1.0
						/*	7:child_number	*/	0
					/*	6:name	*/	3_5墩身-1/墩身和上垫梁-1/通过螺栓和拼接板相连的两个2号-5/拼接板及螺栓-1/9：拼接板-1
					/*	6:type	*/	基本杆件\9：拼接板.SLDPRT
					/*	6:location	*/	1.0	0.0	0.0	0.0	0.0	1.0	0.0	0.0	0.0	0.0	1.0	0.0	-0.248151	-0.110138	-0.006	1.0
					/*	6:child_number	*/	0
				/*	5:name	*/	3_5墩身-1/墩身和上垫梁-1/通过螺栓和拼接板相连的两个2号-5/两个2号-1
				/*	5:type	*/	基本组合\两个2号.SLDASM
				/*	5:location	*/	1.0	0.0	0.0	0.0	0.0	1.0	0.0	0.0	0.0	0.0	1.0	0.0	-0.553426	-0.0884305	0.0	1.0
				/*	5:child_number	*/	3
					/*	6:name	*/	3_5墩身-1/墩身和上垫梁-1/通过螺栓和拼接板相连的两个2号-5/两个2号-1/2：辅助杆件-1
					/*	6:type	*/	基本杆件\2：辅助杆件.SLDPRT
					/*	6:location	*/	1.0	0.0	0.0	0.0	0.0	1.0	0.0	0.0	0.0	0.0	1.0	0.0	-1.67944	-0.0602556	-0.1	1.0
					/*	6:child_number	*/	0
					/*	6:name	*/	3_5墩身-1/墩身和上垫梁-1/通过螺栓和拼接板相连的两个2号-5/两个2号-1/4个M65-1
					/*	6:type	*/	基本组合\4个M65.SLDASM
					/*	6:location	*/	0.0	0.0424734	-0.999098	0.0	0.0	0.999098	0.0424734	0.0	1.0	0.0	0.0	0.0	0.333559	0.0101416	-0.0636086	1.0
					/*	6:child_number	*/	4
						/*	7:name	*/	3_5墩身-1/墩身和上垫梁-1/通过螺栓和拼接板相连的两个2号-5/两个2号-1/4个M65-1/10：M65螺栓-2
						/*	7:type	*/	基本杆件\10：M65螺栓.SLDPRT
						/*	7:location	*/	1.0	2.84264E-18	0.0	0.0	-4.09625E-18	1.0	0.0	0.0	0.0	0.0	1.0	0.0	0.00412095	0.123039	-0.04	1.0
						/*	7:child_number	*/	0
						/*	7:name	*/	3_5墩身-1/墩身和上垫梁-1/通过螺栓和拼接板相连的两个2号-5/两个2号-1/4个M65-1/10：M65螺栓-1
						/*	7:type	*/	基本杆件\10：M65螺栓.SLDPRT
						/*	7:location	*/	1.0	2.84264E-18	0.0	0.0	-4.09625E-18	1.0	0.0	0.0	0.0	0.0	1.0	0.0	-0.00118822	-0.00184834	-0.04	1.0
						/*	7:child_number	*/	0
						/*	7:name	*/	3_5墩身-1/墩身和上垫梁-1/通过螺栓和拼接板相连的两个2号-5/两个2号-1/4个M65-1/10：M65螺栓-4
						/*	7:type	*/	基本杆件\10：M65螺栓.SLDPRT
						/*	7:location	*/	1.0	2.84264E-18	0.0	0.0	-4.09625E-18	1.0	0.0	0.0	0.0	0.0	1.0	0.0	-0.120766	0.128348	-0.04	1.0
						/*	7:child_number	*/	0
						/*	7:name	*/	3_5墩身-1/墩身和上垫梁-1/通过螺栓和拼接板相连的两个2号-5/两个2号-1/4个M65-1/10：M65螺栓-3
						/*	7:type	*/	基本杆件\10：M65螺栓.SLDPRT
						/*	7:location	*/	0.5	-0.866025	0.0	0.0	0.866025	0.5	0.0	0.0	0.0	0.0	1.0	0.0	-0.126075	0.00346083	-0.04	1.0
						/*	7:child_number	*/	0
					/*	6:name	*/	3_5墩身-1/墩身和上垫梁-1/通过螺栓和拼接板相连的两个2号-5/两个2号-1/2：辅助杆件-2
					/*	6:type	*/	基本杆件\2：辅助杆件.SLDPRT
					/*	6:location	*/	1.0	0.0	0.0	0.0	0.0	1.0	0.0	0.0	0.0	0.0	1.0	0.0	0.320559	-0.0602556	-0.1	1.0
					/*	6:child_number	*/	0
			/*	4:name	*/	3_5墩身-1/墩身和上垫梁-1/通过螺栓和拼接板相连的两个2号-1
			/*	4:type	*/	3_3\通过螺栓和拼接板相连的两个2号.SLDASM
			/*	4:location	*/	1.0	0.0	0.0	0.0	0.0	1.0	0.0	0.0	0.0	0.0	1.0	0.0	-3.01464	6.40823	-2.35	1.0
			/*	4:child_number	*/	2
				/*	5:name	*/	3_5墩身-1/墩身和上垫梁-1/通过螺栓和拼接板相连的两个2号-1/拼接板及螺栓-1
				/*	5:type	*/	基本组合\拼接板及螺栓.SLDASM
				/*	5:location	*/	-1.0	0.0	-5.55112E-17	0.0	-5.55112E-17	0.0	1.0	0.0	0.0	1.0	0.0	0.0	-0.253518	0.119314	0.0101379	1.0
				/*	5:child_number	*/	2
					/*	6:name	*/	3_5墩身-1/墩身和上垫梁-1/通过螺栓和拼接板相连的两个2号-1/拼接板及螺栓-1/拼接板上的8个螺栓-1
					/*	6:type	*/	基本组合\拼接板上的8个螺栓.SLDASM
					/*	6:location	*/	0.886481	0.462766	0.0	0.0	0.462766	-0.886481	0.0	0.0	0.0	0.0	-1.0	0.0	-0.208151	-0.0726379	0.021	1.0
					/*	6:child_number	*/	8
						/*	7:name	*/	3_5墩身-1/墩身和上垫梁-1/通过螺栓和拼接板相连的两个2号-1/拼接板及螺栓-1/拼接板上的8个螺栓-1/11：M50螺栓-1
						/*	7:type	*/	基本杆件\11：M50螺栓.SLDPRT
						/*	7:location	*/	1.0	-5.4183E-17	0.0	0.0	1.17636E-17	1.0	0.0	0.0	0.0	0.0	1.0	0.0	4.44089E-16	4.44089E-16	0.0	1.0
						/*	7:child_number	*/	0
						/*	7:name	*/	3_5墩身-1/墩身和上垫梁-1/通过螺栓和拼接板相连的两个2号-1/拼接板及螺栓-1/拼接板上的8个螺栓-1/11：M50螺栓-5
						/*	7:type	*/	基本杆件\11：M50螺栓.SLDPRT
						/*	7:location	*/	1.0	-5.4183E-17	0.0	0.0	1.17636E-17	1.0	0.0	0.0	0.0	0.0	1.0	0.0	0.22162	0.115691	0.0	1.0
						/*	7:child_number	*/	0
						/*	7:name	*/	3_5墩身-1/墩身和上垫梁-1/通过螺栓和拼接板相连的两个2号-1/拼接板及螺栓-1/拼接板上的8个螺栓-1/11：M50螺栓-2
						/*	7:type	*/	基本杆件\11：M50螺栓.SLDPRT
						/*	7:location	*/	1.0	-5.4183E-17	0.0	0.0	1.17636E-17	1.0	0.0	0.0	0.0	0.0	1.0	0.0	0.0578457	-0.11081	0.0	1.0
						/*	7:child_number	*/	0
						/*	7:name	*/	3_5墩身-1/墩身和上垫梁-1/通过螺栓和拼接板相连的两个2号-1/拼接板及螺栓-1/拼接板上的8个螺栓-1/11：M50螺栓-8
						/*	7:type	*/	基本杆件\11：M50螺栓.SLDPRT
						/*	7:location	*/	1.0	-5.4183E-17	0.0	0.0	1.17636E-17	1.0	0.0	0.0	0.0	0.0	1.0	0.0	0.390276	0.0627271	0.0	1.0
						/*	7:child_number	*/	0
