N17装标准舟节
N17装标准舟节.SLDASM
1.0	0.0	0.0	0.0	0.0	1.0	0.0	0.0	0.0	0.0	1.0	0.0	0.0	0.0	0.0	1.0
8
	N17-1
	N17.SLDASM
	1.0	0.0	0.0	0.0	0.0	1.0	0.0	0.0	0.0	0.0	1.0	0.0	-0.351036	-1.99922	0.0	1.0
	29
		N17-1/侧面销-3
		侧面销.SLDPRT
		1.0	0.0	0.0	0.0	0.0	1.0	0.0	0.0	0.0	0.0	1.0	0.0	-3.99389	1.29208	1.42	1.0
		0

		N17-1/侧面销-4
		侧面销.SLDPRT
		1.0	0.0	0.0	0.0	0.0	1.0	0.0	0.0	0.0	0.0	1.0	0.0	-2.99389	1.29208	1.42	1.0
		0

		N17-1/侧面销-2
		侧面销.SLDPRT
		1.0	0.0	0.0	0.0	0.0	1.0	0.0	0.0	0.0	0.0	1.0	0.0	-4.99389	1.29208	1.42	1.0
		0

		N17-1/侧面销-1
		侧面销.SLDPRT
		1.0	0.0	0.0	0.0	0.0	1.0	0.0	0.0	0.0	0.0	1.0	0.0	-5.99389	1.29208	1.42	1.0
		0

		N17-1/转向架-2
		转向架.SLDASM
		0.0	0.0	1.0	0.0	0.0	1.0	0.0	0.0	-1.0	0.0	0.0	0.0	3.34108	0.8284	-0.0336928	1.0
		4
			N17-1/转向架-2/侧架-2
			侧架.SLDPRT
			0.0	0.0	-1.0	0.0	0.0	1.0	0.0	0.0	1.0	0.0	0.0	0.0	-0.996307	-0.0265513	-0.881952	1.0
			0

			N17-1/转向架-2/侧架-1
			侧架.SLDPRT
			0.0	0.0	-1.0	0.0	0.0	1.0	0.0	0.0	1.0	0.0	0.0	0.0	0.863939	-0.0265513	-0.881952	1.0
			0

			N17-1/转向架-2/轮对-2
			轮对.SLDASM
			1.0	0.0	0.0	0.0	0.0	1.0	0.0	0.0	0.0	0.0	1.0	0.0	0.0623096	-0.0798773	-1.75	1.0
			3
				N17-1/转向架-2/轮对-2/车轴-1
				车轴.SLDPRT
				1.0	0.0	0.0	0.0	0.0	1.0	0.0	0.0	0.0	0.0	1.0	0.0	-0.0272696	0.0255652	0.0	1.0
				0

				N17-1/转向架-2/轮对-2/车轮-1
				车轮.SLDPRT
				0.0	0.0936225	-0.995608	0.0	0.0	0.995608	0.0936225	0.0	1.0	0.0	0.0	0.0	-0.73527	0.0255652	0.0	1.0
				0

				N17-1/转向架-2/轮对-2/车轮-2
				车轮.SLDPRT
				0.0	-0.136888	0.990587	0.0	0.0	0.990587	0.136888	0.0	-1.0	0.0	0.0	0.0	0.68073	0.0255652	0.0	1.0
				0


			N17-1/转向架-2/轮对-1
			轮对.SLDASM
			1.0	0.0	0.0	0.0	0.0	1.0	0.0	0.0	0.0	0.0	1.0	0.0	0.0623096	-0.0798773	0.0	1.0
			3
				N17-1/转向架-2/轮对-1/车轴-1
				车轴.SLDPRT
				1.0	0.0	0.0	0.0	0.0	1.0	0.0	0.0	0.0	0.0	1.0	0.0	-0.0272696	0.0255652	0.0	1.0
				0

				N17-1/转向架-2/轮对-1/车轮-1
				车轮.SLDPRT
				0.0	0.0936225	-0.995608	0.0	0.0	0.995608	0.0936225	0.0	1.0	0.0	0.0	0.0	-0.73527	0.0255652	0.0	1.0
				0

				N17-1/转向架-2/轮对-1/车轮-2
				车轮.SLDPRT
				0.0	-0.136888	0.990587	0.0	0.0	0.990587	0.136888	0.0	-1.0	0.0	0.0	0.0	0.68073	0.0255652	0.0	1.0
				0



		N17-1/转向架-1
		转向架.SLDASM
		0.0	0.0	1.0	0.0	0.0	1.0	0.0	0.0	-1.0	0.0	0.0	0.0	-5.30879	0.8284	-0.0336928	1.0
		4
			N17-1/转向架-1/侧架-2
			侧架.SLDPRT
			0.0	0.0	-1.0	0.0	0.0	1.0	0.0	0.0	1.0	0.0	0.0	0.0	-0.996307	-0.0265513	-0.881952	1.0
			0

			N17-1/转向架-1/侧架-1
			侧架.SLDPRT
			0.0	0.0	-1.0	0.0	0.0	1.0	0.0	0.0	1.0	0.0	0.0	0.0	0.863939	-0.0265513	-0.881952	1.0
			0

			N17-1/转向架-1/轮对-2
			轮对.SLDASM
			1.0	0.0	0.0	0.0	0.0	1.0	0.0	0.0	0.0	0.0	1.0	0.0	0.0623096	-0.0798773	-1.75	1.0
			3
				N17-1/转向架-1/轮对-2/车轴-1
				车轴.SLDPRT
				1.0	0.0	0.0	0.0	0.0	1.0	0.0	0.0	0.0	0.0	1.0	0.0	-0.0272696	0.0255652	0.0	1.0
				0

				N17-1/转向架-1/轮对-2/车轮-1
				车轮.SLDPRT
				0.0	0.0936225	-0.995608	0.0	0.0	0.995608	0.0936225	0.0	1.0	0.0	0.0	0.0	-0.73527	0.0255652	0.0	1.0
				0

				N17-1/转向架-1/轮对-2/车轮-2
				车轮.SLDPRT
				0.0	-0.136888	0.990587	0.0	0.0	0.990587	0.136888	0.0	-1.0	0.0	0.0	0.0	0.68073	0.0255652	0.0	1.0
				0


			N17-1/转向架-1/轮对-1
			轮对.SLDASM
			1.0	0.0	0.0	0.0	0.0	1.0	0.0	0.0	0.0	0.0	1.0	0.0	0.0623096	-0.0798773	0.0	1.0
			3
				N17-1/转向架-1/轮对-1/车轴-1
				车轴.SLDPRT
				1.0	0.0	0.0	0.0	0.0	1.0	0.0	0.0	0.0	0.0	1.0	0.0	-0.0272696	0.0255652	0.0	1.0
				0

				N17-1/转向架-1/轮对-1/车轮-1
				车轮.SLDPRT
				0.0	0.0936225	-0.995608	0.0	0.0	0.995608	0.0936225	0.0	1.0	0.0	0.0	0.0	-0.73527	0.0255652	0.0	1.0
				0

				N17-1/转向架-1/轮对-1/车轮-2
				车轮.SLDPRT
				0.0	-0.136888	0.990587	0.0	0.0	0.990587	0.136888	0.0	-1.0	0.0	0.0	0.0	0.68073	0.0255652	0.0	1.0
				0



		N17-1/底架-1
		底架.SLDPRT
		1.0	0.0	0.0	0.0	0.0	1.0	0.0	0.0	0.0	0.0	1.0	0.0	-0.123895	1.44752	-2.22045E-16	1.0
		0

		N17-1/侧面销-11
		侧面销.SLDPRT
		1.0	0.0	0.0	0.0	0.0	1.0	0.0	0.0	0.0	0.0	1.0	0.0	4.00611	1.29208	1.42	1.0
		0

		N17-1/侧面销-20
		侧面销.SLDPRT
		1.0	-3.2193E-5	3.01893E-10	0.0	-3.2193E-5	-1.0	1.87552E-5	0.0	-3.01893E-10	-1.87552E-5	-1.0	0.0	0.00610511	1.29208	-1.42	1.0
		0

		N17-1/侧面销-5
		侧面销.SLDPRT
		1.0	0.0	0.0	0.0	0.0	1.0	0.0	0.0	0.0	0.0	1.0	0.0	-1.99389	1.29208	1.42	1.0
		0

		N17-1/侧面销-12
		侧面销.SLDPRT
		1.0	0.0	0.0	0.0	0.0	1.0	0.0	0.0	0.0	0.0	1.0	0.0	5.00611	1.29208	1.42	1.0
		0

		N17-1/侧面销-23
		侧面销.SLDPRT
		1.0	-3.2193E-5	3.01893E-10	0.0	-3.2193E-5	-1.0	1.87552E-5	0.0	-3.01893E-10	-1.87552E-5	-1.0	0.0	3.00611	1.29208	-1.42	1.0
		0

		N17-1/侧面销-22
		侧面销.SLDPRT
		1.0	-3.2193E-5	3.01893E-10	0.0	-3.2193E-5	-1.0	1.87552E-5	0.0	-3.01893E-10	-1.87552E-5	-1.0	0.0	2.00611	1.29208	-1.42	1.0
		0

		N17-1/侧面销-21
		侧面销.SLDPRT
		1.0	-3.2193E-5	3.01893E-10	0.0	-3.2193E-5	-1.0	1.87552E-5	0.0	-3.01893E-10	-1.87552E-5	-1.0	0.0	1.00611	1.29208	-1.42	1.0
		0

		N17-1/侧面销-24
		侧面销.SLDPRT
		1.0	-3.2193E-5	3.01893E-10	0.0	-3.2193E-5	-1.0	1.87552E-5	0.0	-3.01893E-10	-1.87552E-5	-1.0	0.0	4.00611	1.29208	-1.42	1.0
		0

		N17-1/侧面销-13
		侧面销.SLDPRT
		1.0	0.0	0.0	0.0	0.0	1.0	0.0	0.0	0.0	0.0	1.0	0.0	6.00611	1.29208	1.42	1.0
		0

		N17-1/侧面销-6
		侧面销.SLDPRT
		1.0	0.0	0.0	0.0	0.0	1.0	0.0	0.0	0.0	0.0	1.0	0.0	-0.993895	1.29208	1.42	1.0
		0

		N17-1/侧面销-10
		侧面销.SLDPRT
		1.0	0.0	0.0	0.0	0.0	1.0	0.0	0.0	0.0	0.0	1.0	0.0	3.00611	1.29208	1.42	1.0
		0

		N17-1/侧面销-9
		侧面销.SLDPRT
		1.0	0.0	0.0	0.0	0.0	1.0	0.0	0.0	0.0	0.0	1.0	0.0	2.00611	1.29208	1.42	1.0
		0

		N17-1/侧面销-19
		侧面销.SLDPRT
		1.0	-3.2193E-5	3.01893E-10	0.0	-3.2193E-5	-1.0	1.87552E-5	0.0	-3.01893E-10	-1.87552E-5	-1.0	0.0	-0.993895	1.29208	-1.42	1.0
		0

		N17-1/侧面销-17
		侧面销.SLDPRT
		1.0	-3.2193E-5	3.01893E-10	0.0	-3.2193E-5	-1.0	1.87552E-5	0.0	-3.01893E-10	-1.87552E-5	-1.0	0.0	-2.99389	1.29208	-1.42	1.0
		0

		N17-1/侧面销-8
		侧面销.SLDPRT
		1.0	0.0	0.0	0.0	0.0	1.0	0.0	0.0	0.0	0.0	1.0	0.0	1.00611	1.29208	1.42	1.0
		0

		N17-1/侧面销-7
		侧面销.SLDPRT
		1.0	0.0	0.0	0.0	0.0	1.0	0.0	0.0	0.0	0.0	1.0	0.0	0.00610511	1.29208	1.42	1.0
		0

		N17-1/侧面销-18
		侧面销.SLDPRT
		1.0	-3.2193E-5	3.01893E-10	0.0	-3.2193E-5	-1.0	1.87552E-5	0.0	-3.01893E-10	-1.87552E-5	-1.0	0.0	-1.99389	1.29208	-1.42	1.0
		0

		N17-1/侧面销-16
		侧面销.SLDPRT
		1.0	-3.2193E-5	3.01893E-10	0.0	-3.2193E-5	-1.0	1.87552E-5	0.0	-3.01893E-10	-1.87552E-5	-1.0	0.0	-3.99389	1.29208	-1.42	1.0
		0

		N17-1/侧面销-15
		侧面销.SLDPRT
		1.0	-3.2193E-5	3.01893E-10	0.0	-3.2193E-5	-1.0	1.87552E-5	0.0	-3.01893E-10	-1.87552E-5	-1.0	0.0	-4.99389	1.29208	-1.42	1.0
		0

		N17-1/侧面销-14
		侧面销.SLDPRT
		1.0	-3.2193E-5	3.01893E-10	0.0	-3.2193E-5	-1.0	1.87552E-5	0.0	-3.01893E-10	-1.87552E-5	-1.0	0.0	-5.99389	1.29208	-1.42	1.0
		0

		N17-1/侧面销-26
		侧面销.SLDPRT
		1.0	-3.2193E-5	3.01893E-10	0.0	-3.2193E-5	-1.0	1.87552E-5	0.0	-3.01893E-10	-1.87552E-5	-1.0	0.0	6.00611	1.29208	-1.42	1.0
		0

		N17-1/侧面销-25
		侧面销.SLDPRT
		1.0	-3.2193E-5	3.01893E-10	0.0	-3.2193E-5	-1.0	1.87552E-5	0.0	-3.01893E-10	-1.87552E-5	-1.0	0.0	5.00611	1.29208	-1.42	1.0
		0


	绳3-2
	绳3.SLDPRT
	0.0	0.0	-1.0	0.0	0.0	1.0	0.0	0.0	1.0	0.0	0.0	0.0	-3.34512	2.24745	-0.020737	1.0
	0

	绳3-1
	绳3.SLDPRT
	0.0	0.0	-1.0	0.0	0.0	1.0	0.0	0.0	1.0	0.0	0.0	0.0	2.65646	2.24745	-0.020737	1.0
	0

	组合的标准舟节-1
	组合的标准舟节.SLDASM
	1.0	-5.55112E-17	-5.55112E-17	0.0	5.55112E-17	-1.77636E-16	1.0	0.0	-5.55112E-17	-1.0	-1.77636E-16	0.0	0.23829	0.8783	-2.0101	1.0
	2
		组合的标准舟节-1/带角钢的标准舟节-2
		带角钢的标准舟节.SLDASM
		-1.0	0.0	5.55112E-17	0.0	0.0	-1.0	0.0	0.0	5.55112E-17	0.0	1.0	0.0	-0.375292	2.93954	3.33067E-16	1.0
		3
			组合的标准舟节-1/带角钢的标准舟节-2/联接角钢-1
			联接角钢.SLDPRT
			-1.77981E-16	0.0	-1.0	0.0	-1.0	-2.58807E-16	1.77981E-16	0.0	-2.58807E-16	1.0	2.46519E-32	0.0	4.71686	0.950175	0.4	1.0
			0

			组合的标准舟节-1/带角钢的标准舟节-2/标准舟节-2
			标准舟节.SLDASM
			1.0	0.0	1.36846E-48	0.0	0.0	1.0	0.0	0.0	0.0	0.0	1.0	0.0	0.388408	-0.428091	0.0	1.0
			5
				组合的标准舟节-1/带角钢的标准舟节-2/标准舟节-2/丙钩-1
				丙钩.SLDPRT
				-0.999223	-0.0394141	1.54074E-33	0.0	0.0394141	-0.999223	0.0	0.0	0.0	0.0	1.0	0.0	-4.60843	-0.221773	0.7025	1.0
				0

				组合的标准舟节-1/带角钢的标准舟节-2/标准舟节-2/标准舟节-1-1
				标准舟节-1.SLDPRT
				1.0	0.0	1.36846E-48	0.0	0.0	1.0	0.0	0.0	0.0	0.0	1.0	0.0	-4.67155	0.553266	4.44089E-16	1.0
				0

				组合的标准舟节-1/带角钢的标准舟节-2/标准舟节-2/丁钩-2
				丁钩.SLDPRT
				0.999225	-0.039366	-6.93889E-18	0.0	0.039366	0.999225	-1.80411E-16	0.0	1.40356E-17	1.79998E-16	1.0	0.0	4.26345	-0.271734	0.7025	1.0
				0

				组合的标准舟节-1/带角钢的标准舟节-2/标准舟节-2/丙钩-2
				丙钩.SLDPRT
				0.999225	-0.039366	-6.93889E-18	0.0	0.039366	0.999225	-1.80411E-16	0.0	1.40356E-17	1.79998E-16	1.0	0.0	4.26345	-0.271734	-0.7025	1.0
				0

				组合的标准舟节-1/带角钢的标准舟节-2/标准舟节-2/丁钩-1
				丁钩.SLDPRT
				-0.999223	-0.0394141	1.54074E-33	0.0	0.0394141	-0.999223	0.0	0.0	0.0	0.0	1.0	0.0	-4.60843	-0.221773	-0.7025	1.0
				0


			组合的标准舟节-1/带角钢的标准舟节-2/联接角钢-2
			联接角钢.SLDPRT
			-1.77987E-16	-1.03433E-16	-1.0	0.0	-3.81272E-16	1.0	-1.03433E-16	0.0	1.0	3.81272E-16	-1.77987E-16	0.0	-4.28314	0.950175	0.4	1.0
			0


		组合的标准舟节-1/带角钢的标准舟节-1
		带角钢的标准舟节.SLDASM
		1.0	0.0	-2.46519E-33	0.0	0.0	1.0	0.0	0.0	-2.46519E-33	0.0	1.0	0.0	-0.809015	1.03919	0.0	1.0
		3
			组合的标准舟节-1/带角钢的标准舟节-1/联接角钢-1
			联接角钢.SLDPRT
			-1.77981E-16	0.0	-1.0	0.0	-1.0	-2.58807E-16	1.77987E-16	0.0	-2.51868E-16	1.0	-1.03433E-16	0.0	4.71686	0.950175	0.4	1.0
			0

			组合的标准舟节-1/带角钢的标准舟节-1/标准舟节-2
			标准舟节.SLDASM
			1.0	0.0	-2.46519E-33	0.0	0.0	1.0	0.0	0.0	-2.46519E-33	0.0	1.0	0.0	0.388408	-0.428091	0.0	1.0
			5
				组合的标准舟节-1/带角钢的标准舟节-1/标准舟节-2/丙钩-1
				丙钩.SLDPRT
				-0.999223	-0.0394141	6.16298E-33	0.0	0.0394141	-0.999223	0.0	0.0	-2.46519E-33	0.0	1.0	0.0	-4.60843	-0.221773	0.7025	1.0
				0

				组合的标准舟节-1/带角钢的标准舟节-1/标准舟节-2/标准舟节-1-1
				标准舟节-1.SLDPRT
				1.0	0.0	-2.46519E-33	0.0	0.0	1.0	0.0	0.0	-2.46519E-33	0.0	1.0	0.0	-4.67155	0.553266	4.44089E-16	1.0
				0

				组合的标准舟节-1/带角钢的标准舟节-1/标准舟节-2/丁钩-2
				丁钩.SLDPRT
				0.999225	-0.039366	-6.93889E-18	0.0	0.039366	0.999225	-1.80411E-16	0.0	1.40356E-17	1.79998E-16	1.0	0.0	4.26345	-0.271734	0.7025	1.0
				0

				组合的标准舟节-1/带角钢的标准舟节-1/标准舟节-2/丙钩-2
				丙钩.SLDPRT
				0.999225	-0.039366	-6.93889E-18	0.0	0.039366	0.999225	-1.80411E-16	0.0	1.40356E-17	1.79998E-16	1.0	0.0	4.26345	-0.271734	-0.7025	1.0
				0

				组合的标准舟节-1/带角钢的标准舟节-1/标准舟节-2/丁钩-1
				丁钩.SLDPRT
				-0.999223	-0.0394141	6.16298E-33	0.0	0.0394141	-0.999223	0.0	0.0	-2.46519E-33	0.0	1.0	0.0	-4.60843	-0.221773	-0.7025	1.0
				0


			组合的标准舟节-1/带角钢的标准舟节-1/联接角钢-2
			联接角钢.SLDPRT
			-1.77987E-16	-1.03433E-16	-1.0	0.0	-3.81272E-16	1.0	-1.03427E-16	0.0	1.0	3.74333E-16	-2.8142E-16	0.0	-4.28314	0.950175	0.4	1.0
			0



	绳4-3
	绳4.SLDPRT
	-0.706095	0.371127	0.603071	0.0	0.356664	-0.54934	0.755656	0.0	0.611735	0.748659	0.255519	0.0	5.62722	-0.712543	1.49283	1.0
	0

	绳4-2
	绳4.SLDPRT
	-0.409171	0.818751	0.402773	0.0	-0.354118	-0.549306	0.756877	0.0	0.840939	0.167063	0.514695	0.0	-6.32876	-0.68972	1.49121	1.0
	0

	绳4-1
	绳4.SLDPRT
	0.903999	-0.0202415	-0.427054	0.0	-0.366221	-0.55208	-0.749059	0.0	-0.220606	0.833546	-0.506493	0.0	-6.35247	-0.717054	-1.49047	1.0
	0

	绳4-4
	绳4.SLDPRT
	-0.927556	-0.300532	-0.22208	0.0	0.359596	-0.55622	-0.749207	0.0	0.101636	-0.77479	0.623995	0.0	5.62335	-0.711056	-1.4866	1.0
	0


