/*	1:name	*/	17.0米带有两个2.5米端构架的标准三角五片梁
/*	1:type	*/	17.0米带有两个2.5米端构架的标准三角五片梁.SLDASM
/*	1:location	*/	1.0	0.0	0.0	0.0	0.0	1.0	0.0	0.0	0.0	0.0	1.0	0.0	0.0	0.0	0.0	1.0
/*	1:child_number	*/	28
	/*	2:name	*/	五片三角上的一个钢枕及一号U型螺栓-1
	/*	2:type	*/	钢枕单元\五片三角上的一个钢枕及一号U型螺栓.SLDASM
	/*	2:location	*/	0.0	5.55112E-17	1.0	0.0	1.38619E-17	1.0	-5.55112E-17	0.0	-1.0	1.38619E-17	0.0	0.0	-7.14777	-0.235665	-2.0262	1.0
	/*	2:child_number	*/	7
		/*	3:name	*/	五片三角上的一个钢枕及一号U型螺栓-1/一号U型螺栓单元-10
		/*	3:type	*/	U型螺栓单元\一号U型螺栓单元.SLDASM
		/*	3:location	*/	0.696203	-4.4067E-16	0.717845	0.0	0.717845	2.30713E-16	-0.696203	0.0	1.41179E-16	1.0	4.76956E-16	0.0	0.72559	1.55713	-0.191887	1.0
		/*	3:child_number	*/	4
			/*	4:name	*/	五片三角上的一个钢枕及一号U型螺栓-1/一号U型螺栓单元-10/一号U型螺栓-1
			/*	4:type	*/	基本杆件\一号U型螺栓.SLDPRT
			/*	4:location	*/	1.0	-1.11022E-16	-3.69779E-32	0.0	0.0	1.0	0.0	0.0	-1.2326E-32	-7.39557E-32	1.0	0.0	0.0188503	-0.108956	-0.188	1.0
			/*	4:child_number	*/	0
			/*	4:name	*/	五片三角上的一个钢枕及一号U型螺栓-1/一号U型螺栓单元-10/一号U型螺栓垫片-1
			/*	4:type	*/	基本杆件\一号U型螺栓垫片.SLDPRT
			/*	4:location	*/	0.0	-1.0	0.0	0.0	1.0	-1.11022E-16	-3.69779E-32	0.0	-1.2326E-32	-7.39557E-32	1.0	0.0	-0.0111497	0.0790441	0.143	1.0
			/*	4:child_number	*/	0
			/*	4:name	*/	五片三角上的一个钢枕及一号U型螺栓-1/一号U型螺栓单元-10/六四梁螺母-1
			/*	4:type	*/	基本杆件\六四梁螺母.SLDPRT
			/*	4:location	*/	1.0	-1.11022E-16	-3.69779E-32	0.0	0.0	1.0	0.0	0.0	-1.2326E-32	-7.39557E-32	1.0	0.0	0.0188503	0.0490441	0.159	1.0
			/*	4:child_number	*/	0
			/*	4:name	*/	五片三角上的一个钢枕及一号U型螺栓-1/一号U型螺栓单元-10/六四梁螺母-2
			/*	4:type	*/	基本杆件\六四梁螺母.SLDPRT
			/*	4:location	*/	1.0	-1.11022E-16	-3.69779E-32	0.0	0.0	1.0	0.0	0.0	-1.2326E-32	-7.39557E-32	1.0	0.0	0.0188503	-0.108956	0.159	1.0
			/*	4:child_number	*/	0
		/*	3:name	*/	五片三角上的一个钢枕及一号U型螺栓-1/一号U型螺栓单元-11
		/*	3:type	*/	U型螺栓单元\一号U型螺栓单元.SLDASM
		/*	3:location	*/	0.696203	-3.38423E-16	0.717845	0.0	0.717845	1.83826E-16	-0.696203	0.0	1.03652E-16	1.0	3.70916E-16	0.0	1.92559	1.55713	-0.191887	1.0
		/*	3:child_number	*/	4
			/*	4:name	*/	五片三角上的一个钢枕及一号U型螺栓-1/一号U型螺栓单元-11/一号U型螺栓-1
			/*	4:type	*/	基本杆件\一号U型螺栓.SLDPRT
			/*	4:location	*/	1.0	5.55112E-17	1.2326E-32	0.0	0.0	1.0	-6.16298E-33	0.0	-3.08149E-32	-1.2326E-32	1.0	0.0	0.0188503	-0.108956	-0.188	1.0
			/*	4:child_number	*/	0
			/*	4:name	*/	五片三角上的一个钢枕及一号U型螺栓-1/一号U型螺栓单元-11/一号U型螺栓垫片-1
			/*	4:type	*/	基本杆件\一号U型螺栓垫片.SLDPRT
			/*	4:location	*/	0.0	-1.0	3.08149E-32	0.0	1.0	5.55112E-17	1.2326E-32	0.0	-3.08149E-32	-1.2326E-32	1.0	0.0	-0.0111497	0.0790441	0.143	1.0
			/*	4:child_number	*/	0
			/*	4:name	*/	五片三角上的一个钢枕及一号U型螺栓-1/一号U型螺栓单元-11/六四梁螺母-1
			/*	4:type	*/	基本杆件\六四梁螺母.SLDPRT
			/*	4:location	*/	1.0	5.55112E-17	1.2326E-32	0.0	0.0	1.0	-6.16298E-33	0.0	-3.08149E-32	-1.2326E-32	1.0	0.0	0.0188503	0.0490441	0.159	1.0
			/*	4:child_number	*/	0
			/*	4:name	*/	五片三角上的一个钢枕及一号U型螺栓-1/一号U型螺栓单元-11/六四梁螺母-2
			/*	4:type	*/	基本杆件\六四梁螺母.SLDPRT
			/*	4:location	*/	1.0	5.55112E-17	1.2326E-32	0.0	0.0	1.0	-6.16298E-33	0.0	-3.08149E-32	-1.2326E-32	1.0	0.0	0.0188503	-0.108956	0.159	1.0
			/*	4:child_number	*/	0
		/*	3:name	*/	五片三角上的一个钢枕及一号U型螺栓-1/一号U型螺栓单元-6
		/*	3:type	*/	U型螺栓单元\一号U型螺栓单元.SLDASM
		/*	3:location	*/	0.696203	2.02161E-16	-0.717845	0.0	-0.717845	3.72328E-16	-0.696203	0.0	1.26529E-16	1.0	4.04335E-16	0.0	2.31116	1.55713	-0.164824	1.0
		/*	3:child_number	*/	4
			/*	4:name	*/	五片三角上的一个钢枕及一号U型螺栓-1/一号U型螺栓单元-6/一号U型螺栓-1
			/*	4:type	*/	基本杆件\一号U型螺栓.SLDPRT
			/*	4:location	*/	1.0	0.0	6.16298E-33	0.0	5.55112E-17	1.0	0.0	0.0	-4.31408E-32	-9.24446E-32	1.0	0.0	0.0188503	-0.108956	-0.188	1.0
			/*	4:child_number	*/	0
			/*	4:name	*/	五片三角上的一个钢枕及一号U型螺栓-1/一号U型螺栓单元-6/一号U型螺栓垫片-1
			/*	4:type	*/	基本杆件\一号U型螺栓垫片.SLDPRT
			/*	4:location	*/	-5.55112E-17	-1.0	0.0	0.0	1.0	0.0	6.16298E-33	0.0	-4.31408E-32	-9.24446E-32	1.0	0.0	-0.0111497	0.0790441	0.143	1.0
			/*	4:child_number	*/	0
			/*	4:name	*/	五片三角上的一个钢枕及一号U型螺栓-1/一号U型螺栓单元-6/六四梁螺母-1
			/*	4:type	*/	基本杆件\六四梁螺母.SLDPRT
			/*	4:location	*/	1.0	0.0	6.16298E-33	0.0	5.55112E-17	1.0	0.0	0.0	-4.31408E-32	-9.24446E-32	1.0	0.0	0.0188503	0.0490441	0.159	1.0
			/*	4:child_number	*/	0
			/*	4:name	*/	五片三角上的一个钢枕及一号U型螺栓-1/一号U型螺栓单元-6/六四梁螺母-2
			/*	4:type	*/	基本杆件\六四梁螺母.SLDPRT
			/*	4:location	*/	1.0	0.0	6.16298E-33	0.0	5.55112E-17	1.0	0.0	0.0	-4.31408E-32	-9.24446E-32	1.0	0.0	0.0188503	-0.108956	0.159	1.0
			/*	4:child_number	*/	0
		/*	3:name	*/	五片三角上的一个钢枕及一号U型螺栓-1/一号U型螺栓单元-7
		/*	3:type	*/	U型螺栓单元\一号U型螺栓单元.SLDASM
		/*	3:location	*/	0.696203	1.9409E-16	-0.717845	0.0	-0.717845	3.32645E-16	-0.696203	0.0	1.03662E-16	1.0	3.70915E-16	0.0	1.11116	1.55713	-0.164824	1.0
		/*	3:child_number	*/	4
			/*	4:name	*/	五片三角上的一个钢枕及一号U型螺栓-1/一号U型螺栓单元-7/一号U型螺栓-1
			/*	4:type	*/	基本杆件\一号U型螺栓.SLDPRT
			/*	4:location	*/	1.0	0.0	-1.2326E-32	0.0	0.0	1.0	3.08149E-32	0.0	-6.77927E-32	-6.16298E-32	1.0	0.0	0.0188503	-0.108956	-0.188	1.0
			/*	4:child_number	*/	0
			/*	4:name	*/	五片三角上的一个钢枕及一号U型螺栓-1/一号U型螺栓单元-7/一号U型螺栓垫片-1
			/*	4:type	*/	基本杆件\一号U型螺栓垫片.SLDPRT
			/*	4:location	*/	0.0	-1.0	-3.08149E-32	0.0	1.0	0.0	-1.2326E-32	0.0	-6.77927E-32	-6.16298E-32	1.0	0.0	-0.0111497	0.0790441	0.143	1.0
			/*	4:child_number	*/	0
			/*	4:name	*/	五片三角上的一个钢枕及一号U型螺栓-1/一号U型螺栓单元-7/六四梁螺母-1
			/*	4:type	*/	基本杆件\六四梁螺母.SLDPRT
			/*	4:location	*/	1.0	0.0	-1.2326E-32	0.0	0.0	1.0	3.08149E-32	0.0	-6.77927E-32	-6.16298E-32	1.0	0.0	0.0188503	0.0490441	0.159	1.0
			/*	4:child_number	*/	0
			/*	4:name	*/	五片三角上的一个钢枕及一号U型螺栓-1/一号U型螺栓单元-7/六四梁螺母-2
			/*	4:type	*/	基本杆件\六四梁螺母.SLDPRT
			/*	4:location	*/	1.0	0.0	-1.2326E-32	0.0	0.0	1.0	3.08149E-32	0.0	-6.77927E-32	-6.16298E-32	1.0	0.0	0.0188503	-0.108956	0.159	1.0
			/*	4:child_number	*/	0
		/*	3:name	*/	五片三角上的一个钢枕及一号U型螺栓-1/一号U型螺栓单元-8
		/*	3:type	*/	U型螺栓单元\一号U型螺栓单元.SLDASM
		/*	3:location	*/	0.696203	2.4611E-16	-0.717845	0.0	-0.717845	3.73943E-16	-0.696203	0.0	9.70907E-17	1.0	4.37009E-16	0.0	-0.0888371	1.55713	-0.164824	1.0
		/*	3:child_number	*/	4
			/*	4:name	*/	五片三角上的一个钢枕及一号U型螺栓-1/一号U型螺栓单元-8/一号U型螺栓-1
			/*	4:type	*/	基本杆件\一号U型螺栓.SLDPRT
			/*	4:location	*/	1.0	0.0	6.16298E-33	0.0	0.0	1.0	1.84889E-32	0.0	-6.16298E-33	-6.77927E-32	1.0	0.0	0.0188503	-0.108956	-0.188	1.0
			/*	4:child_number	*/	0
			/*	4:name	*/	五片三角上的一个钢枕及一号U型螺栓-1/一号U型螺栓单元-8/一号U型螺栓垫片-1
			/*	4:type	*/	基本杆件\一号U型螺栓垫片.SLDPRT
			/*	4:location	*/	0.0	-1.0	-1.84889E-32	0.0	1.0	0.0	6.16298E-33	0.0	-6.16298E-33	-6.77927E-32	1.0	0.0	-0.0111497	0.0790441	0.143	1.0
			/*	4:child_number	*/	0
			/*	4:name	*/	五片三角上的一个钢枕及一号U型螺栓-1/一号U型螺栓单元-8/六四梁螺母-1
			/*	4:type	*/	基本杆件\六四梁螺母.SLDPRT
			/*	4:location	*/	1.0	0.0	6.16298E-33	0.0	0.0	1.0	1.84889E-32	0.0	-6.16298E-33	-6.77927E-32	1.0	0.0	0.0188503	0.0490441	0.159	1.0
			/*	4:child_number	*/	0
			/*	4:name	*/	五片三角上的一个钢枕及一号U型螺栓-1/一号U型螺栓单元-8/六四梁螺母-2
			/*	4:type	*/	基本杆件\六四梁螺母.SLDPRT
			/*	4:location	*/	1.0	0.0	6.16298E-33	0.0	0.0	1.0	1.84889E-32	0.0	-6.16298E-33	-6.77927E-32	1.0	0.0	0.0188503	-0.108956	0.159	1.0
			/*	4:child_number	*/	0
		/*	3:name	*/	五片三角上的一个钢枕及一号U型螺栓-1/一号U型螺栓单元-9
		/*	3:type	*/	U型螺栓单元\一号U型螺栓单元.SLDASM
		/*	3:location	*/	0.696203	-5.98212E-16	0.717845	0.0	0.717845	2.01E-16	-0.696203	0.0	2.7219E-16	1.0	5.69361E-16	0.0	-0.47441	1.55713	-0.191887	1.0
		/*	3:child_number	*/	4
			/*	4:name	*/	五片三角上的一个钢枕及一号U型螺栓-1/一号U型螺栓单元-9/一号U型螺栓-1
			/*	4:type	*/	基本杆件\一号U型螺栓.SLDPRT
			/*	4:location	*/	1.0	5.55112E-17	2.46519E-32	0.0	0.0	1.0	9.86076E-32	0.0	9.86076E-32	2.46519E-32	1.0	0.0	0.0188503	-0.108956	-0.188	1.0
			/*	4:child_number	*/	0
			/*	4:name	*/	五片三角上的一个钢枕及一号U型螺栓-1/一号U型螺栓单元-9/一号U型螺栓垫片-1
			/*	4:type	*/	基本杆件\一号U型螺栓垫片.SLDPRT
			/*	4:location	*/	0.0	-1.0	-9.86076E-32	0.0	1.0	5.55112E-17	2.46519E-32	0.0	9.86076E-32	2.46519E-32	1.0	0.0	-0.0111497	0.0790441	0.143	1.0
			/*	4:child_number	*/	0
			/*	4:name	*/	五片三角上的一个钢枕及一号U型螺栓-1/一号U型螺栓单元-9/六四梁螺母-1
			/*	4:type	*/	基本杆件\六四梁螺母.SLDPRT
			/*	4:location	*/	1.0	5.55112E-17	2.46519E-32	0.0	0.0	1.0	9.86076E-32	0.0	9.86076E-32	2.46519E-32	1.0	0.0	0.0188503	0.0490441	0.159	1.0
			/*	4:child_number	*/	0
			/*	4:name	*/	五片三角上的一个钢枕及一号U型螺栓-1/一号U型螺栓单元-9/六四梁螺母-2
			/*	4:type	*/	基本杆件\六四梁螺母.SLDPRT
			/*	4:location	*/	1.0	5.55112E-17	2.46519E-32	0.0	0.0	1.0	9.86076E-32	0.0	9.86076E-32	2.46519E-32	1.0	0.0	0.0188503	-0.108956	0.159	1.0
			/*	4:child_number	*/	0
		/*	3:name	*/	五片三角上的一个钢枕及一号U型螺栓-1/钢枕-1
		/*	3:type	*/	基本杆件\钢枕.SLDPRT
		/*	3:location	*/	7.6949E-34	1.38619E-17	-1.0	0.0	5.55112E-17	1.0	1.38619E-17	0.0	1.0	-5.55112E-17	-7.6949E-34	0.0	-1.2185	1.54013	-0.1135	1.0
		/*	3:child_number	*/	0
	/*	2:name	*/	五片三角上的一个钢枕及一号U型螺栓-12
	/*	2:type	*/	钢枕单元\五片三角上的一个钢枕及一号U型螺栓.SLDASM
	/*	2:location	*/	-5.55112E-17	1.02132E-16	1.0	0.0	0.0133211	0.999911	-1.01383E-16	0.0	-0.999911	0.0133211	-5.68667E-17	0.0	6.96833	-0.336824	-2.0262	1.0
	/*	2:child_number	*/	7
		/*	3:name	*/	五片三角上的一个钢枕及一号U型螺栓-12/一号U型螺栓单元-10
		/*	3:type	*/	U型螺栓单元\一号U型螺栓单元.SLDASM
		/*	3:location	*/	0.696203	-4.40079E-16	0.717845	0.0	0.717845	2.32534E-16	-0.696203	0.0	1.41179E-16	1.0	4.78784E-16	0.0	0.72559	1.55713	-0.191887	1.0
		/*	3:child_number	*/	4
			/*	4:name	*/	五片三角上的一个钢枕及一号U型螺栓-12/一号U型螺栓单元-10/一号U型螺栓-1
			/*	4:type	*/	基本杆件\一号U型螺栓.SLDPRT
			/*	4:location	*/	1.0	-5.55112E-17	-8.82341E-19	0.0	0.0	1.0	-4.69318E-20	0.0	-4.96864E-20	2.54633E-18	1.0	0.0	0.0188503	-0.108956	-0.188	1.0
			/*	4:child_number	*/	0
			/*	4:name	*/	五片三角上的一个钢枕及一号U型螺栓-12/一号U型螺栓单元-10/一号U型螺栓垫片-1
			/*	4:type	*/	基本杆件\一号U型螺栓垫片.SLDPRT
			/*	4:location	*/	0.0	-1.0	4.69318E-20	0.0	1.0	-5.55112E-17	-8.82341E-19	0.0	-4.96864E-20	2.54633E-18	1.0	0.0	-0.0111497	0.0790441	0.143	1.0
			/*	4:child_number	*/	0
			/*	4:name	*/	五片三角上的一个钢枕及一号U型螺栓-12/一号U型螺栓单元-10/六四梁螺母-1
			/*	4:type	*/	基本杆件\六四梁螺母.SLDPRT
			/*	4:location	*/	1.0	-5.55112E-17	-8.82341E-19	0.0	0.0	1.0	-4.69318E-20	0.0	-4.96864E-20	2.54633E-18	1.0	0.0	0.0188503	0.0490441	0.159	1.0
			/*	4:child_number	*/	0
			/*	4:name	*/	五片三角上的一个钢枕及一号U型螺栓-12/一号U型螺栓单元-10/六四梁螺母-2
			/*	4:type	*/	基本杆件\六四梁螺母.SLDPRT
			/*	4:location	*/	1.0	-5.55112E-17	-8.82341E-19	0.0	0.0	1.0	-4.69318E-20	0.0	-4.96864E-20	2.54633E-18	1.0	0.0	0.0188503	-0.108956	0.159	1.0
			/*	4:child_number	*/	0
		/*	3:name	*/	五片三角上的一个钢枕及一号U型螺栓-12/一号U型螺栓单元-11
		/*	3:type	*/	U型螺栓单元\一号U型螺栓单元.SLDASM
		/*	3:location	*/	0.696203	-3.39465E-16	0.717845	0.0	0.717845	1.83962E-16	-0.696203	0.0	1.03652E-16	1.0	3.72966E-16	0.0	1.92559	1.55713	-0.191887	1.0
		/*	3:child_number	*/	4
			/*	4:name	*/	五片三角上的一个钢枕及一号U型螺栓-12/一号U型螺栓单元-11/一号U型螺栓-1
			/*	4:type	*/	基本杆件\一号U型螺栓.SLDPRT
			/*	4:location	*/	1.0	0.0	-9.66418E-22	0.0	-5.55112E-17	1.0	5.2931E-20	0.0	-1.88982E-18	3.36346E-18	1.0	0.0	0.0188503	-0.108956	-0.188	1.0
			/*	4:child_number	*/	0
			/*	4:name	*/	五片三角上的一个钢枕及一号U型螺栓-12/一号U型螺栓单元-11/一号U型螺栓垫片-1
			/*	4:type	*/	基本杆件\一号U型螺栓垫片.SLDPRT
			/*	4:location	*/	5.55112E-17	-1.0	-5.2931E-20	0.0	1.0	0.0	-9.66418E-22	0.0	-1.88982E-18	3.36346E-18	1.0	0.0	-0.0111497	0.0790441	0.143	1.0
			/*	4:child_number	*/	0
			/*	4:name	*/	五片三角上的一个钢枕及一号U型螺栓-12/一号U型螺栓单元-11/六四梁螺母-1
			/*	4:type	*/	基本杆件\六四梁螺母.SLDPRT
			/*	4:location	*/	1.0	0.0	-9.66418E-22	0.0	-5.55112E-17	1.0	5.2931E-20	0.0	-1.88982E-18	3.36346E-18	1.0	0.0	0.0188503	0.0490441	0.159	1.0
			/*	4:child_number	*/	0
			/*	4:name	*/	五片三角上的一个钢枕及一号U型螺栓-12/一号U型螺栓单元-11/六四梁螺母-2
			/*	4:type	*/	基本杆件\六四梁螺母.SLDPRT
			/*	4:location	*/	1.0	0.0	-9.66418E-22	0.0	-5.55112E-17	1.0	5.2931E-20	0.0	-1.88982E-18	3.36346E-18	1.0	0.0	0.0188503	-0.108956	0.159	1.0
			/*	4:child_number	*/	0
		/*	3:name	*/	五片三角上的一个钢枕及一号U型螺栓-12/一号U型螺栓单元-6
		/*	3:type	*/	U型螺栓单元\一号U型螺栓单元.SLDASM
		/*	3:location	*/	0.696203	2.03503E-16	-0.717845	0.0	-0.717845	3.7115E-16	-0.696203	0.0	1.26529E-16	1.0	4.05925E-16	0.0	2.31116	1.55713	-0.164824	1.0
		/*	3:child_number	*/	4
			/*	4:name	*/	五片三角上的一个钢枕及一号U型螺栓-12/一号U型螺栓单元-6/一号U型螺栓-1
			/*	4:type	*/	基本杆件\一号U型螺栓.SLDPRT
			/*	4:location	*/	1.0	-5.55112E-17	8.58181E-19	0.0	1.11022E-16	1.0	3.64518E-19	0.0	1.89395E-18	-7.03452E-19	1.0	0.0	0.0188503	-0.108956	-0.188	1.0
			/*	4:child_number	*/	0
			/*	4:name	*/	五片三角上的一个钢枕及一号U型螺栓-12/一号U型螺栓单元-6/一号U型螺栓垫片-1
			/*	4:type	*/	基本杆件\一号U型螺栓垫片.SLDPRT
			/*	4:location	*/	-1.11022E-16	-1.0	-3.64518E-19	0.0	1.0	-5.55112E-17	8.58181E-19	0.0	1.89395E-18	-7.03452E-19	1.0	0.0	-0.0111497	0.0790441	0.143	1.0
			/*	4:child_number	*/	0
			/*	4:name	*/	五片三角上的一个钢枕及一号U型螺栓-12/一号U型螺栓单元-6/六四梁螺母-1
			/*	4:type	*/	基本杆件\六四梁螺母.SLDPRT
			/*	4:location	*/	1.0	-5.55112E-17	8.58181E-19	0.0	1.11022E-16	1.0	3.64518E-19	0.0	1.89395E-18	-7.03452E-19	1.0	0.0	0.0188503	0.0490441	0.159	1.0
			/*	4:child_number	*/	0
			/*	4:name	*/	五片三角上的一个钢枕及一号U型螺栓-12/一号U型螺栓单元-6/六四梁螺母-2
			/*	4:type	*/	基本杆件\六四梁螺母.SLDPRT
			/*	4:location	*/	1.0	-5.55112E-17	8.58181E-19	0.0	1.11022E-16	1.0	3.64518E-19	0.0	1.89395E-18	-7.03452E-19	1.0	0.0	0.0188503	-0.108956	0.159	1.0
			/*	4:child_number	*/	0
		/*	3:name	*/	五片三角上的一个钢枕及一号U型螺栓-12/一号U型螺栓单元-7
		/*	3:type	*/	U型螺栓单元\一号U型螺栓单元.SLDASM
		/*	3:location	*/	0.696203	1.94829E-16	-0.717845	0.0	-0.717845	3.31251E-16	-0.696203	0.0	1.03662E-16	1.0	3.72966E-16	0.0	1.11116	1.55713	-0.164824	1.0
		/*	3:child_number	*/	4
			/*	4:name	*/	五片三角上的一个钢枕及一号U型螺栓-12/一号U型螺栓单元-7/一号U型螺栓-1
			/*	4:type	*/	基本杆件\一号U型螺栓.SLDPRT
			/*	4:location	*/	1.0	-1.11022E-16	8.66879E-19	0.0	1.66533E-16	1.0	-8.93827E-19	0.0	3.32132E-18	-1.63592E-18	1.0	0.0	0.0188503	-0.108956	-0.188	1.0
			/*	4:child_number	*/	0
			/*	4:name	*/	五片三角上的一个钢枕及一号U型螺栓-12/一号U型螺栓单元-7/一号U型螺栓垫片-1
			/*	4:type	*/	基本杆件\一号U型螺栓垫片.SLDPRT
			/*	4:location	*/	-1.66533E-16	-1.0	8.93827E-19	0.0	1.0	-1.11022E-16	8.66879E-19	0.0	3.32132E-18	-1.63592E-18	1.0	0.0	-0.0111497	0.0790441	0.143	1.0
			/*	4:child_number	*/	0
			/*	4:name	*/	五片三角上的一个钢枕及一号U型螺栓-12/一号U型螺栓单元-7/六四梁螺母-1
			/*	4:type	*/	基本杆件\六四梁螺母.SLDPRT
			/*	4:location	*/	1.0	-1.11022E-16	8.66879E-19	0.0	1.66533E-16	1.0	-8.93827E-19	0.0	3.32132E-18	-1.63592E-18	1.0	0.0	0.0188503	0.0490441	0.159	1.0
			/*	4:child_number	*/	0
			/*	4:name	*/	五片三角上的一个钢枕及一号U型螺栓-12/一号U型螺栓单元-7/六四梁螺母-2
			/*	4:type	*/	基本杆件\六四梁螺母.SLDPRT
			/*	4:location	*/	1.0	-1.11022E-16	8.66879E-19	0.0	1.66533E-16	1.0	-8.93827E-19	0.0	3.32132E-18	-1.63592E-18	1.0	0.0	0.0188503	-0.108956	0.159	1.0
			/*	4:child_number	*/	0
		/*	3:name	*/	五片三角上的一个钢枕及一号U型螺栓-12/一号U型螺栓单元-8
		/*	3:type	*/	U型螺栓单元\一号U型螺栓单元.SLDASM
		/*	3:location	*/	0.696203	2.46871E-16	-0.717845	0.0	-0.717845	3.72885E-16	-0.696203	0.0	9.70907E-17	1.0	4.38885E-16	0.0	-0.0888371	1.55713	-0.164824	1.0
		/*	3:child_number	*/	4
			/*	4:name	*/	五片三角上的一个钢枕及一号U型螺栓-12/一号U型螺栓单元-8/一号U型螺栓-1
			/*	4:type	*/	基本杆件\一号U型螺栓.SLDPRT
			/*	4:location	*/	1.0	-1.11022E-16	8.69778E-19	0.0	1.66533E-16	1.0	-7.35034E-19	0.0	2.21563E-18	-3.88004E-19	1.0	0.0	0.0188503	-0.108956	-0.188	1.0
			/*	4:child_number	*/	0
			/*	4:name	*/	五片三角上的一个钢枕及一号U型螺栓-12/一号U型螺栓单元-8/一号U型螺栓垫片-1
			/*	4:type	*/	基本杆件\一号U型螺栓垫片.SLDPRT
			/*	4:location	*/	-1.66533E-16	-1.0	7.35034E-19	0.0	1.0	-1.11022E-16	8.69778E-19	0.0	2.21563E-18	-3.88004E-19	1.0	0.0	-0.0111497	0.0790441	0.143	1.0
			/*	4:child_number	*/	0
			/*	4:name	*/	五片三角上的一个钢枕及一号U型螺栓-12/一号U型螺栓单元-8/六四梁螺母-1
			/*	4:type	*/	基本杆件\六四梁螺母.SLDPRT
			/*	4:location	*/	1.0	-1.11022E-16	8.69778E-19	0.0	1.66533E-16	1.0	-7.35034E-19	0.0	2.21563E-18	-3.88004E-19	1.0	0.0	0.0188503	0.0490441	0.159	1.0
			/*	4:child_number	*/	0
			/*	4:name	*/	五片三角上的一个钢枕及一号U型螺栓-12/一号U型螺栓单元-8/六四梁螺母-2
			/*	4:type	*/	基本杆件\六四梁螺母.SLDPRT
			/*	4:location	*/	1.0	-1.11022E-16	8.69778E-19	0.0	1.66533E-16	1.0	-7.35034E-19	0.0	2.21563E-18	-3.88004E-19	1.0	0.0	0.0188503	-0.108956	0.159	1.0
			/*	4:child_number	*/	0
		/*	3:name	*/	五片三角上的一个钢枕及一号U型螺栓-12/一号U型螺栓单元-9
		/*	3:type	*/	U型螺栓单元\一号U型螺栓单元.SLDASM
		/*	3:location	*/	0.696203	-5.97939E-16	0.717845	0.0	0.717845	2.01309E-16	-0.696203	0.0	2.7219E-16	1.0	5.70724E-16	0.0	-0.47441	1.55713	-0.191887	1.0
		/*	3:child_number	*/	4
			/*	4:name	*/	五片三角上的一个钢枕及一号U型螺栓-12/一号U型螺栓单元-9/一号U型螺栓-1
			/*	4:type	*/	基本杆件\一号U型螺栓.SLDPRT
			/*	4:location	*/	1.0	5.55112E-17	-9.33561E-19	0.0	0.0	1.0	-7.11037E-19	0.0	9.54602E-19	-5.52827E-19	1.0	0.0	0.0188503	-0.108956	-0.188	1.0
			/*	4:child_number	*/	0
			/*	4:name	*/	五片三角上的一个钢枕及一号U型螺栓-12/一号U型螺栓单元-9/一号U型螺栓垫片-1
			/*	4:type	*/	基本杆件\一号U型螺栓垫片.SLDPRT
			/*	4:location	*/	0.0	-1.0	7.11037E-19	0.0	1.0	5.55112E-17	-9.33561E-19	0.0	9.54602E-19	-5.52827E-19	1.0	0.0	-0.0111497	0.0790441	0.143	1.0
			/*	4:child_number	*/	0
			/*	4:name	*/	五片三角上的一个钢枕及一号U型螺栓-12/一号U型螺栓单元-9/六四梁螺母-1
			/*	4:type	*/	基本杆件\六四梁螺母.SLDPRT
			/*	4:location	*/	1.0	5.55112E-17	-9.33561E-19	0.0	0.0	1.0	-7.11037E-19	0.0	9.54602E-19	-5.52827E-19	1.0	0.0	0.0188503	0.0490441	0.159	1.0
			/*	4:child_number	*/	0
			/*	4:name	*/	五片三角上的一个钢枕及一号U型螺栓-12/一号U型螺栓单元-9/六四梁螺母-2
			/*	4:type	*/	基本杆件\六四梁螺母.SLDPRT
			/*	4:location	*/	1.0	5.55112E-17	-9.33561E-19	0.0	0.0	1.0	-7.11037E-19	0.0	9.54602E-19	-5.52827E-19	1.0	0.0	0.0188503	-0.108956	0.159	1.0
			/*	4:child_number	*/	0
		/*	3:name	*/	五片三角上的一个钢枕及一号U型螺栓-12/钢枕-1
		/*	3:type	*/	基本杆件\钢枕.SLDPRT
		/*	3:location	*/	1.2326E-32	5.55112E-17	-1.0	0.0	1.03652E-16	1.0	5.72459E-17	0.0	1.0	-1.03652E-16	0.0	0.0	-1.2185	1.54013	-0.1135	1.0
		/*	3:child_number	*/	0
	/*	2:name	*/	五片三角上的一个钢枕及一号U型螺栓-13
	/*	2:type	*/	钢枕单元\五片三角上的一个钢枕及一号U型螺栓.SLDASM
	/*	2:location	*/	-2.77556E-17	1.04951E-16	1.0	0.0	0.0133211	0.999911	-1.04572E-16	0.0	-0.999911	0.0133211	-2.91512E-17	0.0	7.87325	-0.348879	-2.0262	1.0
	/*	2:child_number	*/	7
		/*	3:name	*/	五片三角上的一个钢枕及一号U型螺栓-13/一号U型螺栓单元-10
		/*	3:type	*/	U型螺栓单元\一号U型螺栓单元.SLDASM
		/*	3:location	*/	0.696203	-4.40564E-16	0.717845	0.0	0.717845	2.30245E-16	-0.696203	0.0	1.41179E-16	1.0	4.78784E-16	0.0	0.72559	1.55713	-0.191887	1.0
		/*	3:child_number	*/	4
			/*	4:name	*/	五片三角上的一个钢枕及一号U型螺栓-13/一号U型螺栓单元-10/一号U型螺栓-1
			/*	4:type	*/	基本杆件\一号U型螺栓.SLDPRT
			/*	4:location	*/	1.0	-5.55112E-17	-1.44963E-20	0.0	0.0	1.0	7.93965E-19	0.0	1.19998E-18	1.99227E-18	1.0	0.0	0.0188503	-0.108956	-0.188	1.0
			/*	4:child_number	*/	0
			/*	4:name	*/	五片三角上的一个钢枕及一号U型螺栓-13/一号U型螺栓单元-10/一号U型螺栓垫片-1
			/*	4:type	*/	基本杆件\一号U型螺栓垫片.SLDPRT
			/*	4:location	*/	0.0	-1.0	-7.93965E-19	0.0	1.0	-5.55112E-17	-1.44963E-20	0.0	1.19998E-18	1.99227E-18	1.0	0.0	-0.0111497	0.0790441	0.143	1.0
			/*	4:child_number	*/	0
			/*	4:name	*/	五片三角上的一个钢枕及一号U型螺栓-13/一号U型螺栓单元-10/六四梁螺母-1
			/*	4:type	*/	基本杆件\六四梁螺母.SLDPRT
			/*	4:location	*/	1.0	-5.55112E-17	-1.44963E-20	0.0	0.0	1.0	7.93965E-19	0.0	1.19998E-18	1.99227E-18	1.0	0.0	0.0188503	0.0490441	0.159	1.0
			/*	4:child_number	*/	0
			/*	4:name	*/	五片三角上的一个钢枕及一号U型螺栓-13/一号U型螺栓单元-10/六四梁螺母-2
			/*	4:type	*/	基本杆件\六四梁螺母.SLDPRT
			/*	4:location	*/	1.0	-5.55112E-17	-1.44963E-20	0.0	0.0	1.0	7.93965E-19	0.0	1.19998E-18	1.99227E-18	1.0	0.0	0.0188503	-0.108956	0.159	1.0
			/*	4:child_number	*/	0
		/*	3:name	*/	五片三角上的一个钢枕及一号U型螺栓-13/一号U型螺栓单元-11
		/*	3:type	*/	U型螺栓单元\一号U型螺栓单元.SLDASM
		/*	3:location	*/	0.696203	-3.39951E-16	0.717845	0.0	0.717845	1.83407E-16	-0.696203	0.0	1.03652E-16	1.0	3.72966E-16	0.0	1.92559	1.55713	-0.191887	1.0
		/*	3:child_number	*/	4
			/*	4:name	*/	五片三角上的一个钢枕及一号U型螺栓-13/一号U型螺栓单元-11/一号U型螺栓-1
			/*	4:type	*/	基本杆件\一号U型螺栓.SLDPRT
			/*	4:location	*/	1.0	0.0	0.0	0.0	-5.55112E-17	1.0	0.0	0.0	-6.40152E-19	2.80939E-18	1.0	0.0	0.0188503	-0.108956	-0.188	1.0
			/*	4:child_number	*/	0
			/*	4:name	*/	五片三角上的一个钢枕及一号U型螺栓-13/一号U型螺栓单元-11/一号U型螺栓垫片-1
			/*	4:type	*/	基本杆件\一号U型螺栓垫片.SLDPRT
			/*	4:location	*/	5.55112E-17	-1.0	0.0	0.0	1.0	0.0	0.0	0.0	-6.40152E-19	2.80939E-18	1.0	0.0	-0.0111497	0.0790441	0.143	1.0
			/*	4:child_number	*/	0
			/*	4:name	*/	五片三角上的一个钢枕及一号U型螺栓-13/一号U型螺栓单元-11/六四梁螺母-1
			/*	4:type	*/	基本杆件\六四梁螺母.SLDPRT
			/*	4:location	*/	1.0	0.0	0.0	0.0	-5.55112E-17	1.0	0.0	0.0	-6.40152E-19	2.80939E-18	1.0	0.0	0.0188503	0.0490441	0.159	1.0
			/*	4:child_number	*/	0
			/*	4:name	*/	五片三角上的一个钢枕及一号U型螺栓-13/一号U型螺栓单元-11/六四梁螺母-2
			/*	4:type	*/	基本杆件\六四梁螺母.SLDPRT
			/*	4:location	*/	1.0	0.0	0.0	0.0	-5.55112E-17	1.0	0.0	0.0	-6.40152E-19	2.80939E-18	1.0	0.0	0.0188503	-0.108956	0.159	1.0
			/*	4:child_number	*/	0
		/*	3:name	*/	五片三角上的一个钢枕及一号U型螺栓-13/一号U型螺栓单元-6
		/*	3:type	*/	U型螺栓单元\一号U型螺栓单元.SLDASM
		/*	3:location	*/	0.696203	2.03018E-16	-0.717845	0.0	-0.717845	3.73439E-16	-0.696203	0.0	1.26529E-16	1.0	4.05925E-16	0.0	2.31116	1.55713	-0.164824	1.0
		/*	3:child_number	*/	4
			/*	4:name	*/	五片三角上的一个钢枕及一号U型螺栓-13/一号U型螺栓单元-6/一号U型螺栓-1
			/*	4:type	*/	基本杆件\一号U型螺栓.SLDPRT
			/*	4:location	*/	1.0	-5.55112E-17	1.72603E-18	0.0	1.11022E-16	1.0	-4.76379E-19	0.0	1.4089E-18	-1.4939E-19	1.0	0.0	0.0188503	-0.108956	-0.188	1.0
			/*	4:child_number	*/	0
			/*	4:name	*/	五片三角上的一个钢枕及一号U型螺栓-13/一号U型螺栓单元-6/一号U型螺栓垫片-1
			/*	4:type	*/	基本杆件\一号U型螺栓垫片.SLDPRT
			/*	4:location	*/	-1.11022E-16	-1.0	4.76379E-19	0.0	1.0	-5.55112E-17	1.72603E-18	0.0	1.4089E-18	-1.4939E-19	1.0	0.0	-0.0111497	0.0790441	0.143	1.0
			/*	4:child_number	*/	0
			/*	4:name	*/	五片三角上的一个钢枕及一号U型螺栓-13/一号U型螺栓单元-6/六四梁螺母-1
			/*	4:type	*/	基本杆件\六四梁螺母.SLDPRT
			/*	4:location	*/	1.0	-5.55112E-17	1.72603E-18	0.0	1.11022E-16	1.0	-4.76379E-19	0.0	1.4089E-18	-1.4939E-19	1.0	0.0	0.0188503	0.0490441	0.159	1.0
			/*	4:child_number	*/	0
			/*	4:name	*/	五片三角上的一个钢枕及一号U型螺栓-13/一号U型螺栓单元-6/六四梁螺母-2
			/*	4:type	*/	基本杆件\六四梁螺母.SLDPRT
			/*	4:location	*/	1.0	-5.55112E-17	1.72603E-18	0.0	1.11022E-16	1.0	-4.76379E-19	0.0	1.4089E-18	-1.4939E-19	1.0	0.0	0.0188503	-0.108956	0.159	1.0
			/*	4:child_number	*/	0
		/*	3:name	*/	五片三角上的一个钢枕及一号U型螺栓-13/一号U型螺栓单元-7
		/*	3:type	*/	U型螺栓单元\一号U型螺栓单元.SLDASM
		/*	3:location	*/	0.696203	1.94344E-16	-0.717845	0.0	-0.717845	3.3354E-16	-0.696203	0.0	1.03662E-16	1.0	3.72966E-16	0.0	1.11116	1.55713	-0.164824	1.0
		/*	3:child_number	*/	4
			/*	4:name	*/	五片三角上的一个钢枕及一号U型螺栓-13/一号U型螺栓单元-7/一号U型螺栓-1
			/*	4:type	*/	基本杆件\一号U型螺栓.SLDPRT
			/*	4:location	*/	1.0	-1.11022E-16	1.73472E-18	0.0	1.66533E-16	1.0	0.0	0.0	2.83627E-18	-1.08186E-18	1.0	0.0	0.0188503	-0.108956	-0.188	1.0
			/*	4:child_number	*/	0
			/*	4:name	*/	五片三角上的一个钢枕及一号U型螺栓-13/一号U型螺栓单元-7/一号U型螺栓垫片-1
			/*	4:type	*/	基本杆件\一号U型螺栓垫片.SLDPRT
			/*	4:location	*/	-1.66533E-16	-1.0	0.0	0.0	1.0	-1.11022E-16	1.73472E-18	0.0	2.83627E-18	-1.08186E-18	1.0	0.0	-0.0111497	0.0790441	0.143	1.0
			/*	4:child_number	*/	0
			/*	4:name	*/	五片三角上的一个钢枕及一号U型螺栓-13/一号U型螺栓单元-7/六四梁螺母-1
			/*	4:type	*/	基本杆件\六四梁螺母.SLDPRT
			/*	4:location	*/	1.0	-1.11022E-16	1.73472E-18	0.0	1.66533E-16	1.0	0.0	0.0	2.83627E-18	-1.08186E-18	1.0	0.0	0.0188503	0.0490441	0.159	1.0
			/*	4:child_number	*/	0
			/*	4:name	*/	五片三角上的一个钢枕及一号U型螺栓-13/一号U型螺栓单元-7/六四梁螺母-2
			/*	4:type	*/	基本杆件\六四梁螺母.SLDPRT
			/*	4:location	*/	1.0	-1.11022E-16	1.73472E-18	0.0	1.66533E-16	1.0	0.0	0.0	2.83627E-18	-1.08186E-18	1.0	0.0	0.0188503	-0.108956	0.159	1.0
			/*	4:child_number	*/	0
		/*	3:name	*/	五片三角上的一个钢枕及一号U型螺栓-13/一号U型螺栓单元-8
		/*	3:type	*/	U型螺栓单元\一号U型螺栓单元.SLDASM
		/*	3:location	*/	0.696203	2.46386E-16	-0.717845	0.0	-0.717845	3.75173E-16	-0.696203	0.0	9.70907E-17	1.0	4.38885E-16	0.0	-0.0888371	1.55713	-0.164824	1.0
		/*	3:child_number	*/	4
			/*	4:name	*/	五片三角上的一个钢枕及一号U型螺栓-13/一号U型螺栓单元-8/一号U型螺栓-1
			/*	4:type	*/	基本杆件\一号U型螺栓.SLDPRT
			/*	4:location	*/	1.0	-1.11022E-16	1.73762E-18	0.0	1.66533E-16	1.0	1.58793E-19	0.0	1.73058E-18	1.66058E-19	1.0	0.0	0.0188503	-0.108956	-0.188	1.0
			/*	4:child_number	*/	0
			/*	4:name	*/	五片三角上的一个钢枕及一号U型螺栓-13/一号U型螺栓单元-8/一号U型螺栓垫片-1
			/*	4:type	*/	基本杆件\一号U型螺栓垫片.SLDPRT
			/*	4:location	*/	-1.66533E-16	-1.0	-1.58793E-19	0.0	1.0	-1.11022E-16	1.73762E-18	0.0	1.73058E-18	1.66058E-19	1.0	0.0	-0.0111497	0.0790441	0.143	1.0
			/*	4:child_number	*/	0
			/*	4:name	*/	五片三角上的一个钢枕及一号U型螺栓-13/一号U型螺栓单元-8/六四梁螺母-1
			/*	4:type	*/	基本杆件\六四梁螺母.SLDPRT
			/*	4:location	*/	1.0	-1.11022E-16	1.73762E-18	0.0	1.66533E-16	1.0	1.58793E-19	0.0	1.73058E-18	1.66058E-19	1.0	0.0	0.0188503	0.0490441	0.159	1.0
			/*	4:child_number	*/	0
			/*	4:name	*/	五片三角上的一个钢枕及一号U型螺栓-13/一号U型螺栓单元-8/六四梁螺母-2
			/*	4:type	*/	基本杆件\六四梁螺母.SLDPRT
			/*	4:location	*/	1.0	-1.11022E-16	1.73762E-18	0.0	1.66533E-16	1.0	1.58793E-19	0.0	1.73058E-18	1.66058E-19	1.0	0.0	0.0188503	-0.108956	0.159	1.0
			/*	4:child_number	*/	0
		/*	3:name	*/	五片三角上的一个钢枕及一号U型螺栓-13/一号U型螺栓单元-9
		/*	3:type	*/	U型螺栓单元\一号U型螺栓单元.SLDASM
		/*	3:location	*/	0.696203	-5.98424E-16	0.717845	0.0	0.717845	2.02489E-16	-0.696203	0.0	2.7219E-16	1.0	5.70724E-16	0.0	-0.47441	1.55713	-0.191887	1.0
		/*	3:child_number	*/	4
			/*	4:name	*/	五片三角上的一个钢枕及一号U型螺栓-13/一号U型螺栓单元-9/一号U型螺栓-1
			/*	4:type	*/	基本杆件\一号U型螺栓.SLDPRT
			/*	4:location	*/	1.0	5.55112E-17	-9.32595E-19	0.0	0.0	1.0	9.70755E-19	0.0	4.69547E-19	6.27835E-19	1.0	0.0	0.0188503	-0.108956	-0.188	1.0
			/*	4:child_number	*/	0
			/*	4:name	*/	五片三角上的一个钢枕及一号U型螺栓-13/一号U型螺栓单元-9/一号U型螺栓垫片-1
			/*	4:type	*/	基本杆件\一号U型螺栓垫片.SLDPRT
			/*	4:location	*/	0.0	-1.0	-9.70755E-19	0.0	1.0	5.55112E-17	-9.32595E-19	0.0	4.69547E-19	6.27835E-19	1.0	0.0	-0.0111497	0.0790441	0.143	1.0
			/*	4:child_number	*/	0
			/*	4:name	*/	五片三角上的一个钢枕及一号U型螺栓-13/一号U型螺栓单元-9/六四梁螺母-1
			/*	4:type	*/	基本杆件\六四梁螺母.SLDPRT
			/*	4:location	*/	1.0	5.55112E-17	-9.32595E-19	0.0	0.0	1.0	9.70755E-19	0.0	4.69547E-19	6.27835E-19	1.0	0.0	0.0188503	0.0490441	0.159	1.0
			/*	4:child_number	*/	0
			/*	4:name	*/	五片三角上的一个钢枕及一号U型螺栓-13/一号U型螺栓单元-9/六四梁螺母-2
			/*	4:type	*/	基本杆件\六四梁螺母.SLDPRT
			/*	4:location	*/	1.0	5.55112E-17	-9.32595E-19	0.0	0.0	1.0	9.70755E-19	0.0	4.69547E-19	6.27835E-19	1.0	0.0	0.0188503	-0.108956	0.159	1.0
			/*	4:child_number	*/	0
		/*	3:name	*/	五片三角上的一个钢枕及一号U型螺栓-13/钢枕-1
		/*	3:type	*/	基本杆件\钢枕.SLDPRT
		/*	3:location	*/	0.0	5.55112E-17	-1.0	0.0	1.03652E-16	1.0	5.72459E-17	0.0	1.0	-1.03652E-16	-6.16298E-33	0.0	-1.2185	1.54013	-0.1135	1.0
		/*	3:child_number	*/	0
	/*	2:name	*/	五片三角上的一个钢枕及一号U型螺栓-14
	/*	2:type	*/	钢枕单元\五片三角上的一个钢枕及一号U型螺栓.SLDASM
	/*	2:location	*/	-2.77556E-17	1.04951E-16	1.0	0.0	0.0133211	0.999911	-1.04572E-16	0.0	-0.999911	0.0133211	-2.91512E-17	0.0	5.64345	-0.319173	-2.0262	1.0
	/*	2:child_number	*/	7
		/*	3:name	*/	五片三角上的一个钢枕及一号U型螺栓-14/一号U型螺栓单元-10
		/*	3:type	*/	U型螺栓单元\一号U型螺栓单元.SLDASM
		/*	3:location	*/	0.696203	-4.40564E-16	0.717845	0.0	0.717845	2.30245E-16	-0.696203	0.0	1.41179E-16	1.0	4.78784E-16	0.0	0.72559	1.55713	-0.191887	1.0
		/*	3:child_number	*/	4
			/*	4:name	*/	五片三角上的一个钢枕及一号U型螺栓-14/一号U型螺栓单元-10/一号U型螺栓-1
			/*	4:type	*/	基本杆件\一号U型螺栓.SLDPRT
			/*	4:location	*/	1.0	-5.55112E-17	-1.44963E-20	0.0	0.0	1.0	7.93965E-19	0.0	1.19998E-18	1.99227E-18	1.0	0.0	0.0188503	-0.108956	-0.188	1.0
			/*	4:child_number	*/	0
			/*	4:name	*/	五片三角上的一个钢枕及一号U型螺栓-14/一号U型螺栓单元-10/一号U型螺栓垫片-1
			/*	4:type	*/	基本杆件\一号U型螺栓垫片.SLDPRT
			/*	4:location	*/	0.0	-1.0	-7.93965E-19	0.0	1.0	-5.55112E-17	-1.44963E-20	0.0	1.19998E-18	1.99227E-18	1.0	0.0	-0.0111497	0.0790441	0.143	1.0
			/*	4:child_number	*/	0
			/*	4:name	*/	五片三角上的一个钢枕及一号U型螺栓-14/一号U型螺栓单元-10/六四梁螺母-1
			/*	4:type	*/	基本杆件\六四梁螺母.SLDPRT
			/*	4:location	*/	1.0	-5.55112E-17	-1.44963E-20	0.0	0.0	1.0	7.93965E-19	0.0	1.19998E-18	1.99227E-18	1.0	0.0	0.0188503	0.0490441	0.159	1.0
			/*	4:child_number	*/	0
			/*	4:name	*/	五片三角上的一个钢枕及一号U型螺栓-14/一号U型螺栓单元-10/六四梁螺母-2
			/*	4:type	*/	基本杆件\六四梁螺母.SLDPRT
			/*	4:location	*/	1.0	-5.55112E-17	-1.44963E-20	0.0	0.0	1.0	7.93965E-19	0.0	1.19998E-18	1.99227E-18	1.0	0.0	0.0188503	-0.108956	0.159	1.0
			/*	4:child_number	*/	0
		/*	3:name	*/	五片三角上的一个钢枕及一号U型螺栓-14/一号U型螺栓单元-11
		/*	3:type	*/	U型螺栓单元\一号U型螺栓单元.SLDASM
		/*	3:location	*/	0.696203	-3.39951E-16	0.717845	0.0	0.717845	1.83407E-16	-0.696203	0.0	1.03652E-16	1.0	3.72966E-16	0.0	1.92559	1.55713	-0.191887	1.0
		/*	3:child_number	*/	4
			/*	4:name	*/	五片三角上的一个钢枕及一号U型螺栓-14/一号U型螺栓单元-11/一号U型螺栓-1
			/*	4:type	*/	基本杆件\一号U型螺栓.SLDPRT
			/*	4:location	*/	1.0	0.0	0.0	0.0	-5.55112E-17	1.0	0.0	0.0	-6.40152E-19	2.80939E-18	1.0	0.0	0.0188503	-0.108956	-0.188	1.0
			/*	4:child_number	*/	0
			/*	4:name	*/	五片三角上的一个钢枕及一号U型螺栓-14/一号U型螺栓单元-11/一号U型螺栓垫片-1
			/*	4:type	*/	基本杆件\一号U型螺栓垫片.SLDPRT
			/*	4:location	*/	5.55112E-17	-1.0	0.0	0.0	1.0	0.0	0.0	0.0	-6.40152E-19	2.80939E-18	1.0	0.0	-0.0111497	0.0790441	0.143	1.0
			/*	4:child_number	*/	0
			/*	4:name	*/	五片三角上的一个钢枕及一号U型螺栓-14/一号U型螺栓单元-11/六四梁螺母-1
			/*	4:type	*/	基本杆件\六四梁螺母.SLDPRT
			/*	4:location	*/	1.0	0.0	0.0	0.0	-5.55112E-17	1.0	0.0	0.0	-6.40152E-19	2.80939E-18	1.0	0.0	0.0188503	0.0490441	0.159	1.0
			/*	4:child_number	*/	0
			/*	4:name	*/	五片三角上的一个钢枕及一号U型螺栓-14/一号U型螺栓单元-11/六四梁螺母-2
			/*	4:type	*/	基本杆件\六四梁螺母.SLDPRT
			/*	4:location	*/	1.0	0.0	0.0	0.0	-5.55112E-17	1.0	0.0	0.0	-6.40152E-19	2.80939E-18	1.0	0.0	0.0188503	-0.108956	0.159	1.0
			/*	4:child_number	*/	0
		/*	3:name	*/	五片三角上的一个钢枕及一号U型螺栓-14/一号U型螺栓单元-6
		/*	3:type	*/	U型螺栓单元\一号U型螺栓单元.SLDASM
		/*	3:location	*/	0.696203	2.03018E-16	-0.717845	0.0	-0.717845	3.73439E-16	-0.696203	0.0	1.26529E-16	1.0	4.05925E-16	0.0	2.31116	1.55713	-0.164824	1.0
		/*	3:child_number	*/	4
			/*	4:name	*/	五片三角上的一个钢枕及一号U型螺栓-14/一号U型螺栓单元-6/一号U型螺栓-1
			/*	4:type	*/	基本杆件\一号U型螺栓.SLDPRT
			/*	4:location	*/	1.0	-5.55112E-17	1.72603E-18	0.0	1.11022E-16	1.0	-4.76379E-19	0.0	1.4089E-18	-1.4939E-19	1.0	0.0	0.0188503	-0.108956	-0.188	1.0
			/*	4:child_number	*/	0
			/*	4:name	*/	五片三角上的一个钢枕及一号U型螺栓-14/一号U型螺栓单元-6/一号U型螺栓垫片-1
			/*	4:type	*/	基本杆件\一号U型螺栓垫片.SLDPRT
			/*	4:location	*/	-1.11022E-16	-1.0	4.76379E-19	0.0	1.0	-5.55112E-17	1.72603E-18	0.0	1.4089E-18	-1.4939E-19	1.0	0.0	-0.0111497	0.0790441	0.143	1.0
			/*	4:child_number	*/	0
			/*	4:name	*/	五片三角上的一个钢枕及一号U型螺栓-14/一号U型螺栓单元-6/六四梁螺母-1
			/*	4:type	*/	基本杆件\六四梁螺母.SLDPRT
			/*	4:location	*/	1.0	-5.55112E-17	1.72603E-18	0.0	1.11022E-16	1.0	-4.76379E-19	0.0	1.4089E-18	-1.4939E-19	1.0	0.0	0.0188503	0.0490441	0.159	1.0
			/*	4:child_number	*/	0
			/*	4:name	*/	五片三角上的一个钢枕及一号U型螺栓-14/一号U型螺栓单元-6/六四梁螺母-2
			/*	4:type	*/	基本杆件\六四梁螺母.SLDPRT
			/*	4:location	*/	1.0	-5.55112E-17	1.72603E-18	0.0	1.11022E-16	1.0	-4.76379E-19	0.0	1.4089E-18	-1.4939E-19	1.0	0.0	0.0188503	-0.108956	0.159	1.0
			/*	4:child_number	*/	0
		/*	3:name	*/	五片三角上的一个钢枕及一号U型螺栓-14/一号U型螺栓单元-7
		/*	3:type	*/	U型螺栓单元\一号U型螺栓单元.SLDASM
		/*	3:location	*/	0.696203	1.94344E-16	-0.717845	0.0	-0.717845	3.3354E-16	-0.696203	0.0	1.03662E-16	1.0	3.72966E-16	0.0	1.11116	1.55713	-0.164824	1.0
		/*	3:child_number	*/	4
			/*	4:name	*/	五片三角上的一个钢枕及一号U型螺栓-14/一号U型螺栓单元-7/一号U型螺栓-1
			/*	4:type	*/	基本杆件\一号U型螺栓.SLDPRT
			/*	4:location	*/	1.0	-1.11022E-16	1.73472E-18	0.0	1.66533E-16	1.0	0.0	0.0	2.83627E-18	-1.08186E-18	1.0	0.0	0.0188503	-0.108956	-0.188	1.0
			/*	4:child_number	*/	0
			/*	4:name	*/	五片三角上的一个钢枕及一号U型螺栓-14/一号U型螺栓单元-7/一号U型螺栓垫片-1
			/*	4:type	*/	基本杆件\一号U型螺栓垫片.SLDPRT
			/*	4:location	*/	-1.66533E-16	-1.0	0.0	0.0	1.0	-1.11022E-16	1.73472E-18	0.0	2.83627E-18	-1.08186E-18	1.0	0.0	-0.0111497	0.0790441	0.143	1.0
			/*	4:child_number	*/	0
			/*	4:name	*/	五片三角上的一个钢枕及一号U型螺栓-14/一号U型螺栓单元-7/六四梁螺母-1
			/*	4:type	*/	基本杆件\六四梁螺母.SLDPRT
			/*	4:location	*/	1.0	-1.11022E-16	1.73472E-18	0.0	1.66533E-16	1.0	0.0	0.0	2.83627E-18	-1.08186E-18	1.0	0.0	0.0188503	0.0490441	0.159	1.0
			/*	4:child_number	*/	0
			/*	4:name	*/	五片三角上的一个钢枕及一号U型螺栓-14/一号U型螺栓单元-7/六四梁螺母-2
			/*	4:type	*/	基本杆件\六四梁螺母.SLDPRT
			/*	4:location	*/	1.0	-1.11022E-16	1.73472E-18	0.0	1.66533E-16	1.0	0.0	0.0	2.83627E-18	-1.08186E-18	1.0	0.0	0.0188503	-0.108956	0.159	1.0
			/*	4:child_number	*/	0
		/*	3:name	*/	五片三角上的一个钢枕及一号U型螺栓-14/一号U型螺栓单元-8
		/*	3:type	*/	U型螺栓单元\一号U型螺栓单元.SLDASM
		/*	3:location	*/	0.696203	2.46386E-16	-0.717845	0.0	-0.717845	3.75173E-16	-0.696203	0.0	9.70907E-17	1.0	4.38885E-16	0.0	-0.0888371	1.55713	-0.164824	1.0
		/*	3:child_number	*/	4
			/*	4:name	*/	五片三角上的一个钢枕及一号U型螺栓-14/一号U型螺栓单元-8/一号U型螺栓-1
			/*	4:type	*/	基本杆件\一号U型螺栓.SLDPRT
			/*	4:location	*/	1.0	-1.11022E-16	1.73762E-18	0.0	1.66533E-16	1.0	1.58793E-19	0.0	1.73058E-18	1.66058E-19	1.0	0.0	0.0188503	-0.108956	-0.188	1.0
			/*	4:child_number	*/	0
			/*	4:name	*/	五片三角上的一个钢枕及一号U型螺栓-14/一号U型螺栓单元-8/一号U型螺栓垫片-1
			/*	4:type	*/	基本杆件\一号U型螺栓垫片.SLDPRT
			/*	4:location	*/	-1.66533E-16	-1.0	-1.58793E-19	0.0	1.0	-1.11022E-16	1.73762E-18	0.0	1.73058E-18	1.66058E-19	1.0	0.0	-0.0111497	0.0790441	0.143	1.0
			/*	4:child_number	*/	0
			/*	4:name	*/	五片三角上的一个钢枕及一号U型螺栓-14/一号U型螺栓单元-8/六四梁螺母-1
			/*	4:type	*/	基本杆件\六四梁螺母.SLDPRT
			/*	4:location	*/	1.0	-1.11022E-16	1.73762E-18	0.0	1.66533E-16	1.0	1.58793E-19	0.0	1.73058E-18	1.66058E-19	1.0	0.0	0.0188503	0.0490441	0.159	1.0
			/*	4:child_number	*/	0
			/*	4:name	*/	五片三角上的一个钢枕及一号U型螺栓-14/一号U型螺栓单元-8/六四梁螺母-2
			/*	4:type	*/	基本杆件\六四梁螺母.SLDPRT
			/*	4:location	*/	1.0	-1.11022E-16	1.73762E-18	0.0	1.66533E-16	1.0	1.58793E-19	0.0	1.73058E-18	1.66058E-19	1.0	0.0	0.0188503	-0.108956	0.159	1.0
			/*	4:child_number	*/	0
		/*	3:name	*/	五片三角上的一个钢枕及一号U型螺栓-14/一号U型螺栓单元-9
		/*	3:type	*/	U型螺栓单元\一号U型螺栓单元.SLDASM
		/*	3:location	*/	0.696203	-5.98424E-16	0.717845	0.0	0.717845	2.02489E-16	-0.696203	0.0	2.7219E-16	1.0	5.70724E-16	0.0	-0.47441	1.55713	-0.191887	1.0
		/*	3:child_number	*/	4
			/*	4:name	*/	五片三角上的一个钢枕及一号U型螺栓-14/一号U型螺栓单元-9/一号U型螺栓-1
			/*	4:type	*/	基本杆件\一号U型螺栓.SLDPRT
			/*	4:location	*/	1.0	5.55112E-17	-9.32595E-19	0.0	0.0	1.0	9.70755E-19	0.0	4.69547E-19	6.27835E-19	1.0	0.0	0.0188503	-0.108956	-0.188	1.0
			/*	4:child_number	*/	0
			/*	4:name	*/	五片三角上的一个钢枕及一号U型螺栓-14/一号U型螺栓单元-9/一号U型螺栓垫片-1
			/*	4:type	*/	基本杆件\一号U型螺栓垫片.SLDPRT
			/*	4:location	*/	0.0	-1.0	-9.70755E-19	0.0	1.0	5.55112E-17	-9.32595E-19	0.0	4.69547E-19	6.27835E-19	1.0	0.0	-0.0111497	0.0790441	0.143	1.0
			/*	4:child_number	*/	0
			/*	4:name	*/	五片三角上的一个钢枕及一号U型螺栓-14/一号U型螺栓单元-9/六四梁螺母-1
			/*	4:type	*/	基本杆件\六四梁螺母.SLDPRT
			/*	4:location	*/	1.0	5.55112E-17	-9.32595E-19	0.0	0.0	1.0	9.70755E-19	0.0	4.69547E-19	6.27835E-19	1.0	0.0	0.0188503	0.0490441	0.159	1.0
			/*	4:child_number	*/	0
			/*	4:name	*/	五片三角上的一个钢枕及一号U型螺栓-14/一号U型螺栓单元-9/六四梁螺母-2
			/*	4:type	*/	基本杆件\六四梁螺母.SLDPRT
			/*	4:location	*/	1.0	5.55112E-17	-9.32595E-19	0.0	0.0	1.0	9.70755E-19	0.0	4.69547E-19	6.27835E-19	1.0	0.0	0.0188503	-0.108956	0.159	1.0
			/*	4:child_number	*/	0
		/*	3:name	*/	五片三角上的一个钢枕及一号U型螺栓-14/钢枕-1
		/*	3:type	*/	基本杆件\钢枕.SLDPRT
		/*	3:location	*/	0.0	5.55112E-17	-1.0	0.0	1.03652E-16	1.0	5.72459E-17	0.0	1.0	-1.03652E-16	-6.16298E-33	0.0	-1.2185	1.54013	-0.1135	1.0
		/*	3:child_number	*/	0
	/*	2:name	*/	五片三角上的一个钢枕及一号U型螺栓-15
	/*	2:type	*/	钢枕单元\五片三角上的一个钢枕及一号U型螺栓.SLDASM
	/*	2:location	*/	-2.77556E-17	1.04951E-16	1.0	0.0	0.0133211	0.999911	-1.04572E-16	0.0	-0.999911	0.0133211	-2.91512E-17	0.0	6.47418	-0.330241	-2.0262	1.0
	/*	2:child_number	*/	7
		/*	3:name	*/	五片三角上的一个钢枕及一号U型螺栓-15/一号U型螺栓单元-10
		/*	3:type	*/	U型螺栓单元\一号U型螺栓单元.SLDASM
		/*	3:location	*/	0.696203	-4.40564E-16	0.717845	0.0	0.717845	2.30245E-16	-0.696203	0.0	1.41179E-16	1.0	4.78784E-16	0.0	0.72559	1.55713	-0.191887	1.0
		/*	3:child_number	*/	4
			/*	4:name	*/	五片三角上的一个钢枕及一号U型螺栓-15/一号U型螺栓单元-10/一号U型螺栓-1
			/*	4:type	*/	基本杆件\一号U型螺栓.SLDPRT
			/*	4:location	*/	1.0	-5.55112E-17	-1.44963E-20	0.0	0.0	1.0	7.93965E-19	0.0	1.19998E-18	1.99227E-18	1.0	0.0	0.0188503	-0.108956	-0.188	1.0
			/*	4:child_number	*/	0
			/*	4:name	*/	五片三角上的一个钢枕及一号U型螺栓-15/一号U型螺栓单元-10/一号U型螺栓垫片-1
			/*	4:type	*/	基本杆件\一号U型螺栓垫片.SLDPRT
			/*	4:location	*/	0.0	-1.0	-7.93965E-19	0.0	1.0	-5.55112E-17	-1.44963E-20	0.0	1.19998E-18	1.99227E-18	1.0	0.0	-0.0111497	0.0790441	0.143	1.0
			/*	4:child_number	*/	0
			/*	4:name	*/	五片三角上的一个钢枕及一号U型螺栓-15/一号U型螺栓单元-10/六四梁螺母-1
			/*	4:type	*/	基本杆件\六四梁螺母.SLDPRT
			/*	4:location	*/	1.0	-5.55112E-17	-1.44963E-20	0.0	0.0	1.0	7.93965E-19	0.0	1.19998E-18	1.99227E-18	1.0	0.0	0.0188503	0.0490441	0.159	1.0
			/*	4:child_number	*/	0
			/*	4:name	*/	五片三角上的一个钢枕及一号U型螺栓-15/一号U型螺栓单元-10/六四梁螺母-2
			/*	4:type	*/	基本杆件\六四梁螺母.SLDPRT
			/*	4:location	*/	1.0	-5.55112E-17	-1.44963E-20	0.0	0.0	1.0	7.93965E-19	0.0	1.19998E-18	1.99227E-18	1.0	0.0	0.0188503	-0.108956	0.159	1.0
			/*	4:child_number	*/	0
		/*	3:name	*/	五片三角上的一个钢枕及一号U型螺栓-15/一号U型螺栓单元-11
		/*	3:type	*/	U型螺栓单元\一号U型螺栓单元.SLDASM
		/*	3:location	*/	0.696203	-3.39951E-16	0.717845	0.0	0.717845	1.83407E-16	-0.696203	0.0	1.03652E-16	1.0	3.72966E-16	0.0	1.92559	1.55713	-0.191887	1.0
		/*	3:child_number	*/	4
			/*	4:name	*/	五片三角上的一个钢枕及一号U型螺栓-15/一号U型螺栓单元-11/一号U型螺栓-1
			/*	4:type	*/	基本杆件\一号U型螺栓.SLDPRT
			/*	4:location	*/	1.0	0.0	0.0	0.0	-5.55112E-17	1.0	0.0	0.0	-6.40152E-19	2.80939E-18	1.0	0.0	0.0188503	-0.108956	-0.188	1.0
			/*	4:child_number	*/	0
			/*	4:name	*/	五片三角上的一个钢枕及一号U型螺栓-15/一号U型螺栓单元-11/一号U型螺栓垫片-1
			/*	4:type	*/	基本杆件\一号U型螺栓垫片.SLDPRT
			/*	4:location	*/	5.55112E-17	-1.0	0.0	0.0	1.0	0.0	0.0	0.0	-6.40152E-19	2.80939E-18	1.0	0.0	-0.0111497	0.0790441	0.143	1.0
			/*	4:child_number	*/	0
			/*	4:name	*/	五片三角上的一个钢枕及一号U型螺栓-15/一号U型螺栓单元-11/六四梁螺母-1
			/*	4:type	*/	基本杆件\六四梁螺母.SLDPRT
			/*	4:location	*/	1.0	0.0	0.0	0.0	-5.55112E-17	1.0	0.0	0.0	-6.40152E-19	2.80939E-18	1.0	0.0	0.0188503	0.0490441	0.159	1.0
			/*	4:child_number	*/	0
			/*	4:name	*/	五片三角上的一个钢枕及一号U型螺栓-15/一号U型螺栓单元-11/六四梁螺母-2
			/*	4:type	*/	基本杆件\六四梁螺母.SLDPRT
			/*	4:location	*/	1.0	0.0	0.0	0.0	-5.55112E-17	1.0	0.0	0.0	-6.40152E-19	2.80939E-18	1.0	0.0	0.0188503	-0.108956	0.159	1.0
			/*	4:child_number	*/	0
		/*	3:name	*/	五片三角上的一个钢枕及一号U型螺栓-15/一号U型螺栓单元-6
		/*	3:type	*/	U型螺栓单元\一号U型螺栓单元.SLDASM
		/*	3:location	*/	0.696203	2.03018E-16	-0.717845	0.0	-0.717845	3.73439E-16	-0.696203	0.0	1.26529E-16	1.0	4.05925E-16	0.0	2.31116	1.55713	-0.164824	1.0
		/*	3:child_number	*/	4
			/*	4:name	*/	五片三角上的一个钢枕及一号U型螺栓-15/一号U型螺栓单元-6/一号U型螺栓-1
			/*	4:type	*/	基本杆件\一号U型螺栓.SLDPRT
			/*	4:location	*/	1.0	-5.55112E-17	1.72603E-18	0.0	1.11022E-16	1.0	-4.76379E-19	0.0	1.4089E-18	-1.4939E-19	1.0	0.0	0.0188503	-0.108956	-0.188	1.0
			/*	4:child_number	*/	0
			/*	4:name	*/	五片三角上的一个钢枕及一号U型螺栓-15/一号U型螺栓单元-6/一号U型螺栓垫片-1
			/*	4:type	*/	基本杆件\一号U型螺栓垫片.SLDPRT
			/*	4:location	*/	-1.11022E-16	-1.0	4.76379E-19	0.0	1.0	-5.55112E-17	1.72603E-18	0.0	1.4089E-18	-1.4939E-19	1.0	0.0	-0.0111497	0.0790441	0.143	1.0
			/*	4:child_number	*/	0
			/*	4:name	*/	五片三角上的一个钢枕及一号U型螺栓-15/一号U型螺栓单元-6/六四梁螺母-1
			/*	4:type	*/	基本杆件\六四梁螺母.SLDPRT
			/*	4:location	*/	1.0	-5.55112E-17	1.72603E-18	0.0	1.11022E-16	1.0	-4.76379E-19	0.0	1.4089E-18	-1.4939E-19	1.0	0.0	0.0188503	0.0490441	0.159	1.0
			/*	4:child_number	*/	0
			/*	4:name	*/	五片三角上的一个钢枕及一号U型螺栓-15/一号U型螺栓单元-6/六四梁螺母-2
			/*	4:type	*/	基本杆件\六四梁螺母.SLDPRT
			/*	4:location	*/	1.0	-5.55112E-17	1.72603E-18	0.0	1.11022E-16	1.0	-4.76379E-19	0.0	1.4089E-18	-1.4939E-19	1.0	0.0	0.0188503	-0.108956	0.159	1.0
			/*	4:child_number	*/	0
		/*	3:name	*/	五片三角上的一个钢枕及一号U型螺栓-15/一号U型螺栓单元-7
		/*	3:type	*/	U型螺栓单元\一号U型螺栓单元.SLDASM
		/*	3:location	*/	0.696203	1.94344E-16	-0.717845	0.0	-0.717845	3.3354E-16	-0.696203	0.0	1.03662E-16	1.0	3.72966E-16	0.0	1.11116	1.55713	-0.164824	1.0
		/*	3:child_number	*/	4
			/*	4:name	*/	五片三角上的一个钢枕及一号U型螺栓-15/一号U型螺栓单元-7/一号U型螺栓-1
			/*	4:type	*/	基本杆件\一号U型螺栓.SLDPRT
			/*	4:location	*/	1.0	-1.11022E-16	1.73472E-18	0.0	1.66533E-16	1.0	0.0	0.0	2.83627E-18	-1.08186E-18	1.0	0.0	0.0188503	-0.108956	-0.188	1.0
			/*	4:child_number	*/	0
			/*	4:name	*/	五片三角上的一个钢枕及一号U型螺栓-15/一号U型螺栓单元-7/一号U型螺栓垫片-1
			/*	4:type	*/	基本杆件\一号U型螺栓垫片.SLDPRT
			/*	4:location	*/	-1.66533E-16	-1.0	0.0	0.0	1.0	-1.11022E-16	1.73472E-18	0.0	2.83627E-18	-1.08186E-18	1.0	0.0	-0.0111497	0.0790441	0.143	1.0
			/*	4:child_number	*/	0
			/*	4:name	*/	五片三角上的一个钢枕及一号U型螺栓-15/一号U型螺栓单元-7/六四梁螺母-1
			/*	4:type	*/	基本杆件\六四梁螺母.SLDPRT
			/*	4:location	*/	1.0	-1.11022E-16	1.73472E-18	0.0	1.66533E-16	1.0	0.0	0.0	2.83627E-18	-1.08186E-18	1.0	0.0	0.0188503	0.0490441	0.159	1.0
			/*	4:child_number	*/	0
			/*	4:name	*/	五片三角上的一个钢枕及一号U型螺栓-15/一号U型螺栓单元-7/六四梁螺母-2
			/*	4:type	*/	基本杆件\六四梁螺母.SLDPRT
			/*	4:location	*/	1.0	-1.11022E-16	1.73472E-18	0.0	1.66533E-16	1.0	0.0	0.0	2.83627E-18	-1.08186E-18	1.0	0.0	0.0188503	-0.108956	0.159	1.0
			/*	4:child_number	*/	0
		/*	3:name	*/	五片三角上的一个钢枕及一号U型螺栓-15/一号U型螺栓单元-8
		/*	3:type	*/	U型螺栓单元\一号U型螺栓单元.SLDASM
		/*	3:location	*/	0.696203	2.46386E-16	-0.717845	0.0	-0.717845	3.75173E-16	-0.696203	0.0	9.70907E-17	1.0	4.38885E-16	0.0	-0.0888371	1.55713	-0.164824	1.0
		/*	3:child_number	*/	4
			/*	4:name	*/	五片三角上的一个钢枕及一号U型螺栓-15/一号U型螺栓单元-8/一号U型螺栓-1
			/*	4:type	*/	基本杆件\一号U型螺栓.SLDPRT
			/*	4:location	*/	1.0	-1.11022E-16	1.73762E-18	0.0	1.66533E-16	1.0	1.58793E-19	0.0	1.73058E-18	1.66058E-19	1.0	0.0	0.0188503	-0.108956	-0.188	1.0
			/*	4:child_number	*/	0
			/*	4:name	*/	五片三角上的一个钢枕及一号U型螺栓-15/一号U型螺栓单元-8/一号U型螺栓垫片-1
			/*	4:type	*/	基本杆件\一号U型螺栓垫片.SLDPRT
			/*	4:location	*/	-1.66533E-16	-1.0	-1.58793E-19	0.0	1.0	-1.11022E-16	1.73762E-18	0.0	1.73058E-18	1.66058E-19	1.0	0.0	-0.0111497	0.0790441	0.143	1.0
			/*	4:child_number	*/	0
			/*	4:name	*/	五片三角上的一个钢枕及一号U型螺栓-15/一号U型螺栓单元-8/六四梁螺母-1
			/*	4:type	*/	基本杆件\六四梁螺母.SLDPRT
			/*	4:location	*/	1.0	-1.11022E-16	1.73762E-18	0.0	1.66533E-16	1.0	1.58793E-19	0.0	1.73058E-18	1.66058E-19	1.0	0.0	0.0188503	0.0490441	0.159	1.0
			/*	4:child_number	*/	0
			/*	4:name	*/	五片三角上的一个钢枕及一号U型螺栓-15/一号U型螺栓单元-8/六四梁螺母-2
			/*	4:type	*/	基本杆件\六四梁螺母.SLDPRT
			/*	4:location	*/	1.0	-1.11022E-16	1.73762E-18	0.0	1.66533E-16	1.0	1.58793E-19	0.0	1.73058E-18	1.66058E-19	1.0	0.0	0.0188503	-0.108956	0.159	1.0
			/*	4:child_number	*/	0
