/*	1:name	*/	3_3
/*	1:type	*/	3_3\3_3.SLDASM
/*	1:location	*/	1.0	0.0	0.0	0.0	0.0	1.0	0.0	0.0	0.0	0.0	1.0	0.0	0.0	0.0	0.0	1.0
/*	1:child_number	*/	10
	/*	2:name	*/	墩身和上垫梁-1
	/*	2:type	*/	3_3\墩身和上垫梁.SLDASM
	/*	2:location	*/	1.0	0.0	0.0	0.0	0.0	1.0	0.0	0.0	0.0	0.0	1.0	0.0	5.99751	4.78845	3.95	1.0
	/*	2:child_number	*/	17
		/*	3:name	*/	墩身和上垫梁-1/墩身-1
		/*	3:type	*/	3_3\墩身.SLDASM
		/*	3:location	*/	1.0	0.0	0.0	0.0	0.0	1.0	0.0	0.0	0.0	0.0	1.0	0.0	-4.25089	0.461182	0.0	1.0
		/*	3:child_number	*/	25
			/*	4:name	*/	墩身和上垫梁-1/墩身-1/10：M65螺栓-10
			/*	4:type	*/	基本杆件\10：M65螺栓.SLDPRT
			/*	4:location	*/	0.416073	5.41637E-17	-0.909331	0.0	0.909331	7.63927E-17	0.416073	0.0	9.20023E-17	-1.0	-1.74678E-17	0.0	1.00339	-4.44263	-1.67012	1.0
			/*	4:child_number	*/	0
			/*	4:name	*/	墩身和上垫梁-1/墩身-1/10：M65螺栓-7
			/*	4:type	*/	基本杆件\10：M65螺栓.SLDPRT
			/*	4:location	*/	-0.99554	1.03373E-17	0.0943356	0.0	-0.0943356	-7.7317E-17	-0.99554	0.0	-2.99741E-18	-1.0	7.79474E-17	0.0	1.00339	-4.44263	-3.02988	1.0
			/*	4:child_number	*/	0
			/*	4:name	*/	墩身和上垫梁-1/墩身-1/用于水平连接系的两个2米拉撑-5
			/*	4:type	*/	基本组合\用于水平连接系的两个2米拉撑.SLDASM
			/*	4:location	*/	1.0	-2.73663E-17	-3.33138E-11	0.0	2.73663E-17	1.0	-8.89101E-17	0.0	3.33138E-11	8.89101E-17	1.0	0.0	-1.53519	-2.80733	-1.6	1.0
			/*	4:child_number	*/	2
				/*	5:name	*/	墩身和上垫梁-1/墩身-1/用于水平连接系的两个2米拉撑-5/5：2米节间斜拉撑-2
				/*	5:type	*/	基本杆件\5：2米节间斜拉撑.SLDPRT
				/*	5:location	*/	-0.789648	-9.6704E-17	-0.61356	0.0	0.61356	7.51394E-17	-0.789648	0.0	1.22465E-16	-1.0	8.62817E-32	0.0	2.54173	-1.6743	-0.017016	1.0
				/*	5:child_number	*/	0
				/*	5:name	*/	墩身和上垫梁-1/墩身-1/用于水平连接系的两个2米拉撑-5/5：2米节间斜拉撑-1
				/*	5:type	*/	基本杆件\5：2米节间斜拉撑.SLDPRT
				/*	5:location	*/	-0.789648	-9.6704E-17	0.61356	0.0	0.61356	7.51394E-17	0.789648	0.0	-1.22465E-16	1.0	0.0	0.0	2.54173	-1.6623	-1.48298	1.0
				/*	5:child_number	*/	0
			/*	4:name	*/	墩身和上垫梁-1/墩身-1/10：M65螺栓-13
			/*	4:type	*/	基本杆件\10：M65螺栓.SLDPRT
			/*	4:location	*/	-0.99554	1.03373E-17	0.0943356	0.0	-0.0943356	-7.7317E-17	-0.99554	0.0	-2.99741E-18	-1.0	7.79474E-17	0.0	1.00339	0.557367	-1.52988	1.0
			/*	4:child_number	*/	0
			/*	4:name	*/	墩身和上垫梁-1/墩身-1/10：M65螺栓-12
			/*	4:type	*/	基本杆件\10：M65螺栓.SLDPRT
			/*	4:location	*/	0.416073	5.41637E-17	-0.909331	0.0	0.909331	7.63927E-17	0.416073	0.0	9.20023E-17	-1.0	-1.74678E-17	0.0	1.00339	0.557367	-0.170121	1.0
			/*	4:child_number	*/	0
			/*	4:name	*/	墩身和上垫梁-1/墩身-1/用于水平连接系的两个2米拉撑-10
			/*	4:type	*/	基本组合\用于水平连接系的两个2米拉撑.SLDASM
			/*	4:location	*/	1.0	-2.67422E-17	-8.84935E-11	0.0	2.67422E-17	1.0	-7.63859E-17	0.0	8.84935E-11	7.63859E-17	1.0	0.0	0.214814	2.19267	-0.1	1.0
			/*	4:child_number	*/	2
				/*	5:name	*/	墩身和上垫梁-1/墩身-1/用于水平连接系的两个2米拉撑-10/5：2米节间斜拉撑-2
				/*	5:type	*/	基本杆件\5：2米节间斜拉撑.SLDPRT
				/*	5:location	*/	-0.789648	-9.6704E-17	-0.61356	0.0	0.61356	7.51394E-17	-0.789648	0.0	1.22465E-16	-1.0	6.93214E-32	0.0	2.54173	-1.6743	-0.017016	1.0
				/*	5:child_number	*/	0
				/*	5:name	*/	墩身和上垫梁-1/墩身-1/用于水平连接系的两个2米拉撑-10/5：2米节间斜拉撑-1
				/*	5:type	*/	基本杆件\5：2米节间斜拉撑.SLDPRT
				/*	5:location	*/	-0.789648	-9.6704E-17	0.61356	0.0	0.61356	7.51394E-17	0.789648	0.0	-1.22465E-16	1.0	7.859E-32	0.0	2.54173	-1.6623	-1.48298	1.0
				/*	5:child_number	*/	0
			/*	4:name	*/	墩身和上垫梁-1/墩身-1/用于水平连接系的两个2米拉撑-8
			/*	4:type	*/	基本组合\用于水平连接系的两个2米拉撑.SLDASM
			/*	4:location	*/	1.0	-2.67422E-17	-8.84935E-11	0.0	2.67422E-17	1.0	-7.63859E-17	0.0	8.84935E-11	7.63859E-17	1.0	0.0	0.214814	-2.80733	-1.6	1.0
			/*	4:child_number	*/	2
				/*	5:name	*/	墩身和上垫梁-1/墩身-1/用于水平连接系的两个2米拉撑-8/5：2米节间斜拉撑-2
				/*	5:type	*/	基本杆件\5：2米节间斜拉撑.SLDPRT
				/*	5:location	*/	-0.789648	-9.6704E-17	-0.61356	0.0	0.61356	7.51394E-17	-0.789648	0.0	1.22465E-16	-1.0	6.93214E-32	0.0	2.54173	-1.6743	-0.017016	1.0
				/*	5:child_number	*/	0
				/*	5:name	*/	墩身和上垫梁-1/墩身-1/用于水平连接系的两个2米拉撑-8/5：2米节间斜拉撑-1
				/*	5:type	*/	基本杆件\5：2米节间斜拉撑.SLDPRT
				/*	5:location	*/	-0.789648	-9.6704E-17	0.61356	0.0	0.61356	7.51394E-17	0.789648	0.0	-1.22465E-16	1.0	7.859E-32	0.0	2.54173	-1.6623	-1.48298	1.0
				/*	5:child_number	*/	0
			/*	4:name	*/	墩身和上垫梁-1/墩身-1/10：M65螺栓-14
			/*	4:type	*/	基本杆件\10：M65螺栓.SLDPRT
			/*	4:location	*/	-0.99554	1.03373E-17	0.0943356	0.0	-0.0943356	-7.7317E-17	-0.99554	0.0	-2.99741E-18	-1.0	7.79474E-17	0.0	1.00339	0.557367	-3.02988	1.0
			/*	4:child_number	*/	0
			/*	4:name	*/	墩身和上垫梁-1/墩身-1/用于水平连接系的两个2米拉撑-12
			/*	4:type	*/	基本组合\用于水平连接系的两个2米拉撑.SLDASM
			/*	4:location	*/	1.0	-2.73663E-17	-3.33138E-11	0.0	2.73663E-17	1.0	-8.89101E-17	0.0	3.33138E-11	8.89101E-17	1.0	0.0	-1.53519	2.19267	-1.6	1.0
			/*	4:child_number	*/	2
				/*	5:name	*/	墩身和上垫梁-1/墩身-1/用于水平连接系的两个2米拉撑-12/5：2米节间斜拉撑-2
				/*	5:type	*/	基本杆件\5：2米节间斜拉撑.SLDPRT
				/*	5:location	*/	-0.789648	-9.6704E-17	-0.61356	0.0	0.61356	7.51394E-17	-0.789648	0.0	1.22465E-16	-1.0	8.62817E-32	0.0	2.54173	-1.6743	-0.017016	1.0
				/*	5:child_number	*/	0
				/*	5:name	*/	墩身和上垫梁-1/墩身-1/用于水平连接系的两个2米拉撑-12/5：2米节间斜拉撑-1
				/*	5:type	*/	基本杆件\5：2米节间斜拉撑.SLDPRT
				/*	5:location	*/	-0.789648	-9.6704E-17	0.61356	0.0	0.61356	7.51394E-17	0.789648	0.0	-1.22465E-16	1.0	0.0	0.0	2.54173	-1.6623	-1.48298	1.0
				/*	5:child_number	*/	0
			/*	4:name	*/	墩身和上垫梁-1/墩身-1/用于水平连接系的两个2米拉撑-11
			/*	4:type	*/	基本组合\用于水平连接系的两个2米拉撑.SLDASM
			/*	4:location	*/	1.0	-2.73663E-17	-3.33138E-11	0.0	2.73663E-17	1.0	-8.89101E-17	0.0	3.33138E-11	8.89101E-17	1.0	0.0	-1.53519	2.19267	-0.1	1.0
			/*	4:child_number	*/	2
				/*	5:name	*/	墩身和上垫梁-1/墩身-1/用于水平连接系的两个2米拉撑-11/5：2米节间斜拉撑-2
				/*	5:type	*/	基本杆件\5：2米节间斜拉撑.SLDPRT
				/*	5:location	*/	-0.789648	-9.6704E-17	-0.61356	0.0	0.61356	7.51394E-17	-0.789648	0.0	1.22465E-16	-1.0	8.62817E-32	0.0	2.54173	-1.6743	-0.017016	1.0
				/*	5:child_number	*/	0
				/*	5:name	*/	墩身和上垫梁-1/墩身-1/用于水平连接系的两个2米拉撑-11/5：2米节间斜拉撑-1
				/*	5:type	*/	基本杆件\5：2米节间斜拉撑.SLDPRT
				/*	5:location	*/	-0.789648	-9.6704E-17	0.61356	0.0	0.61356	7.51394E-17	0.789648	0.0	-1.22465E-16	1.0	0.0	0.0	2.54173	-1.6623	-1.48298	1.0
				/*	5:child_number	*/	0
			/*	4:name	*/	墩身和上垫梁-1/墩身-1/用于水平连接系的两个2米拉撑-22
			/*	4:type	*/	基本组合\用于水平连接系的两个2米拉撑.SLDASM
			/*	4:location	*/	1.0	-2.73663E-17	-3.33138E-11	0.0	2.73663E-17	1.0	-8.89101E-17	0.0	3.33138E-11	8.89101E-17	1.0	0.0	-1.53519	6.69267	-0.1	1.0
			/*	4:child_number	*/	2
				/*	5:name	*/	墩身和上垫梁-1/墩身-1/用于水平连接系的两个2米拉撑-22/5：2米节间斜拉撑-2
				/*	5:type	*/	基本杆件\5：2米节间斜拉撑.SLDPRT
				/*	5:location	*/	-0.789648	-9.6704E-17	-0.61356	0.0	0.61356	7.51394E-17	-0.789648	0.0	1.22465E-16	-1.0	8.62817E-32	0.0	2.54173	-1.6743	-0.017016	1.0
				/*	5:child_number	*/	0
				/*	5:name	*/	墩身和上垫梁-1/墩身-1/用于水平连接系的两个2米拉撑-22/5：2米节间斜拉撑-1
				/*	5:type	*/	基本杆件\5：2米节间斜拉撑.SLDPRT
				/*	5:location	*/	-0.789648	-9.6704E-17	0.61356	0.0	0.61356	7.51394E-17	0.789648	0.0	-1.22465E-16	1.0	0.0	0.0	2.54173	-1.6623	-1.48298	1.0
				/*	5:child_number	*/	0
			/*	4:name	*/	墩身和上垫梁-1/墩身-1/用于水平连接系的两个2米拉撑-13
			/*	4:type	*/	基本组合\用于水平连接系的两个2米拉撑.SLDASM
			/*	4:location	*/	1.0	-2.67422E-17	-8.84935E-11	0.0	2.67422E-17	1.0	-7.63859E-17	0.0	8.84935E-11	7.63859E-17	1.0	0.0	0.214814	2.19267	-1.6	1.0
			/*	4:child_number	*/	2
				/*	5:name	*/	墩身和上垫梁-1/墩身-1/用于水平连接系的两个2米拉撑-13/5：2米节间斜拉撑-2
				/*	5:type	*/	基本杆件\5：2米节间斜拉撑.SLDPRT
				/*	5:location	*/	-0.789648	-9.6704E-17	-0.61356	0.0	0.61356	7.51394E-17	-0.789648	0.0	1.22465E-16	-1.0	6.93214E-32	0.0	2.54173	-1.6743	-0.017016	1.0
				/*	5:child_number	*/	0
				/*	5:name	*/	墩身和上垫梁-1/墩身-1/用于水平连接系的两个2米拉撑-13/5：2米节间斜拉撑-1
				/*	5:type	*/	基本杆件\5：2米节间斜拉撑.SLDPRT
				/*	5:location	*/	-0.789648	-9.6704E-17	0.61356	0.0	0.61356	7.51394E-17	0.789648	0.0	-1.22465E-16	1.0	7.859E-32	0.0	2.54173	-1.6623	-1.48298	1.0
				/*	5:child_number	*/	0
			/*	4:name	*/	墩身和上垫梁-1/墩身-1/10：M65螺栓-15
			/*	4:type	*/	基本杆件\10：M65螺栓.SLDPRT
			/*	4:location	*/	0.416073	5.41637E-17	-0.909331	0.0	0.909331	7.63927E-17	0.416073	0.0	9.20023E-17	-1.0	-1.74678E-17	0.0	1.00339	0.557367	-1.67012	1.0
			/*	4:child_number	*/	0
			/*	4:name	*/	墩身和上垫梁-1/墩身-1/用于水平连接系的两个2米拉撑-24
			/*	4:type	*/	基本组合\用于水平连接系的两个2米拉撑.SLDASM
			/*	4:location	*/	1.0	-2.73663E-17	-3.33138E-11	0.0	2.73663E-17	1.0	-8.89101E-17	0.0	3.33138E-11	8.89101E-17	1.0	0.0	-1.53519	6.69267	-1.6	1.0
			/*	4:child_number	*/	2
				/*	5:name	*/	墩身和上垫梁-1/墩身-1/用于水平连接系的两个2米拉撑-24/5：2米节间斜拉撑-2
				/*	5:type	*/	基本杆件\5：2米节间斜拉撑.SLDPRT
				/*	5:location	*/	-0.789648	-9.6704E-17	-0.61356	0.0	0.61356	7.51394E-17	-0.789648	0.0	1.22465E-16	-1.0	8.62817E-32	0.0	2.54173	-1.6743	-0.017016	1.0
				/*	5:child_number	*/	0
				/*	5:name	*/	墩身和上垫梁-1/墩身-1/用于水平连接系的两个2米拉撑-24/5：2米节间斜拉撑-1
				/*	5:type	*/	基本杆件\5：2米节间斜拉撑.SLDPRT
				/*	5:location	*/	-0.789648	-9.6704E-17	0.61356	0.0	0.61356	7.51394E-17	0.789648	0.0	-1.22465E-16	1.0	0.0	0.0	2.54173	-1.6623	-1.48298	1.0
				/*	5:child_number	*/	0
			/*	4:name	*/	墩身和上垫梁-1/墩身-1/用于水平连接系的两个2米拉撑-23
			/*	4:type	*/	基本组合\用于水平连接系的两个2米拉撑.SLDASM
			/*	4:location	*/	1.0	-2.67422E-17	-8.84935E-11	0.0	2.67422E-17	1.0	-7.63859E-17	0.0	8.84935E-11	7.63859E-17	1.0	0.0	0.214814	6.69267	-0.1	1.0
			/*	4:child_number	*/	2
				/*	5:name	*/	墩身和上垫梁-1/墩身-1/用于水平连接系的两个2米拉撑-23/5：2米节间斜拉撑-2
				/*	5:type	*/	基本杆件\5：2米节间斜拉撑.SLDPRT
				/*	5:location	*/	-0.789648	-9.6704E-17	-0.61356	0.0	0.61356	7.51394E-17	-0.789648	0.0	1.22465E-16	-1.0	6.93214E-32	0.0	2.54173	-1.6743	-0.017016	1.0
				/*	5:child_number	*/	0
				/*	5:name	*/	墩身和上垫梁-1/墩身-1/用于水平连接系的两个2米拉撑-23/5：2米节间斜拉撑-1
				/*	5:type	*/	基本杆件\5：2米节间斜拉撑.SLDPRT
				/*	5:location	*/	-0.789648	-9.6704E-17	0.61356	0.0	0.61356	7.51394E-17	0.789648	0.0	-1.22465E-16	1.0	7.859E-32	0.0	2.54173	-1.6623	-1.48298	1.0
				/*	5:child_number	*/	0
			/*	4:name	*/	墩身和上垫梁-1/墩身-1/10：M65螺栓-25
			/*	4:type	*/	基本杆件\10：M65螺栓.SLDPRT
			/*	4:location	*/	0.416073	5.41637E-17	-0.909331	0.0	0.909331	7.63927E-17	0.416073	0.0	9.20023E-17	-1.0	-1.74678E-17	0.0	1.00339	5.05737	-0.170121	1.0
			/*	4:child_number	*/	0
			/*	4:name	*/	墩身和上垫梁-1/墩身-1/10：M65螺栓-24
			/*	4:type	*/	基本杆件\10：M65螺栓.SLDPRT
			/*	4:location	*/	-0.99554	1.03373E-17	0.0943356	0.0	-0.0943356	-7.7317E-17	-0.99554	0.0	-2.99741E-18	-1.0	7.79474E-17	0.0	1.00339	5.05737	-1.52988	1.0
			/*	4:child_number	*/	0
			/*	4:name	*/	墩身和上垫梁-1/墩身-1/用于水平连接系的两个2米拉撑-25
			/*	4:type	*/	基本组合\用于水平连接系的两个2米拉撑.SLDASM
			/*	4:location	*/	1.0	-2.67422E-17	-8.84935E-11	0.0	2.67422E-17	1.0	-7.63859E-17	0.0	8.84935E-11	7.63859E-17	1.0	0.0	0.214814	6.69267	-1.6	1.0
			/*	4:child_number	*/	2
				/*	5:name	*/	墩身和上垫梁-1/墩身-1/用于水平连接系的两个2米拉撑-25/5：2米节间斜拉撑-2
				/*	5:type	*/	基本杆件\5：2米节间斜拉撑.SLDPRT
				/*	5:location	*/	-0.789648	-9.6704E-17	-0.61356	0.0	0.61356	7.51394E-17	-0.789648	0.0	1.22465E-16	-1.0	6.93214E-32	0.0	2.54173	-1.6743	-0.017016	1.0
				/*	5:child_number	*/	0
				/*	5:name	*/	墩身和上垫梁-1/墩身-1/用于水平连接系的两个2米拉撑-25/5：2米节间斜拉撑-1
				/*	5:type	*/	基本杆件\5：2米节间斜拉撑.SLDPRT
				/*	5:location	*/	-0.789648	-9.6704E-17	0.61356	0.0	0.61356	7.51394E-17	0.789648	0.0	-1.22465E-16	1.0	7.859E-32	0.0	2.54173	-1.6623	-1.48298	1.0
				/*	5:child_number	*/	0
			/*	4:name	*/	墩身和上垫梁-1/墩身-1/10：M65螺栓-27
			/*	4:type	*/	基本杆件\10：M65螺栓.SLDPRT
			/*	4:location	*/	0.416073	5.41637E-17	-0.909331	0.0	0.909331	7.63927E-17	0.416073	0.0	9.20023E-17	-1.0	-1.74678E-17	0.0	1.00339	5.05737	-1.67012	1.0
			/*	4:child_number	*/	0
			/*	4:name	*/	墩身和上垫梁-1/墩身-1/10：M65螺栓-26
			/*	4:type	*/	基本杆件\10：M65螺栓.SLDPRT
			/*	4:location	*/	-0.99554	1.03373E-17	0.0943356	0.0	-0.0943356	-7.7317E-17	-0.99554	0.0	-2.99741E-18	-1.0	7.79474E-17	0.0	1.00339	5.05737	-3.02988	1.0
			/*	4:child_number	*/	0
			/*	4:name	*/	墩身和上垫梁-1/墩身-1/没有水平连接系的墩身-1
			/*	4:type	*/	3_3\没有水平连接系的墩身.SLDASM
			/*	4:location	*/	1.0	0.0	0.0	0.0	0.0	1.0	0.0	0.0	0.0	0.0	1.0	0.0	2.60445	0.458784	-6.21725E-15	1.0
			/*	4:child_number	*/	24
				/*	5:name	*/	墩身和上垫梁-1/墩身-1/没有水平连接系的墩身-1/两米立面连接系-1
				/*	5:type	*/	3_3\两米立面连接系.SLDASM
				/*	5:location	*/	1.0	8.02212E-11	-3.91292E-18	0.0	-8.02212E-11	1.0	8.32667E-16	0.0	3.91292E-18	-8.32667E-16	1.0	0.0	-1.94663	-3.73454	-0.094	1.0
				/*	5:child_number	*/	12
					/*	6:name	*/	墩身和上垫梁-1/墩身-1/没有水平连接系的墩身-1/两米立面连接系-1/用于立面连接系的一个水平拉撑和两个2米斜拉撑-3
					/*	6:type	*/	基本组合\用于立面连接系的一个水平拉撑和两个2米斜拉撑.SLDASM
					/*	6:location	*/	1.0	-3.25816E-33	0.0	0.0	-3.25816E-33	1.0	0.0	0.0	0.0	0.0	1.0	0.0	0.0	0.0	-3.0	1.0
					/*	6:child_number	*/	3
						/*	7:name	*/	墩身和上垫梁-1/墩身-1/没有水平连接系的墩身-1/两米立面连接系-1/用于立面连接系的一个水平拉撑和两个2米斜拉撑-3/2米拉撑及50螺栓-2
						/*	7:type	*/	基本组合\2米拉撑及50螺栓.SLDASM
						/*	7:location	*/	0.61006	0.792356	-6.79479E-18	0.0	-0.792356	0.61006	9.49622E-18	0.0	1.16696E-17	-4.09369E-19	1.0	0.0	-0.391848	0.0463691	0.044	1.0
						/*	7:child_number	*/	2
							/*	8:name	*/	墩身和上垫梁-1/墩身-1/没有水平连接系的墩身-1/两米立面连接系-1/用于立面连接系的一个水平拉撑和两个2米斜拉撑-3/2米拉撑及50螺栓-2/2米斜拉撑上的两个螺栓-1
							/*	8:type	*/	基本组合\2米斜拉撑上的两个螺栓.sldasm
							/*	8:location	*/	-0.886481	-0.462766	0.0	0.0	-0.462766	0.886481	0.0	0.0	-5.89279E-28	2.51055E-28	-1.0	0.0	-1.18905	0.111302	-0.013	1.0
							/*	8:child_number	*/	2
								/*	9:name	*/	墩身和上垫梁-1/墩身-1/没有水平连接系的墩身-1/两米立面连接系-1/用于立面连接系的一个水平拉撑和两个2米斜拉撑-3/2米拉撑及50螺栓-2/2米斜拉撑上的两个螺栓-1/11：M50螺栓-2
								/*	9:type	*/	基本杆件\11：M50螺栓.SLDPRT
								/*	9:location	*/	1.0	6.64074E-18	9.86076E-32	0.0	-4.00206E-17	1.0	0.0	0.0	0.0	0.0	1.0	0.0	-1.9646	-1.02557	-1.11022E-16	1.0
								/*	9:child_number	*/	0
								/*	9:name	*/	墩身和上垫梁-1/墩身-1/没有水平连接系的墩身-1/两米立面连接系-1/用于立面连接系的一个水平拉撑和两个2米斜拉撑-3/2米拉撑及50螺栓-2/2米斜拉撑上的两个螺栓-1/11：M50螺栓-1
								/*	9:type	*/	基本杆件\11：M50螺栓.SLDPRT
								/*	9:location	*/	1.0	6.64074E-18	9.86076E-32	0.0	-4.00206E-17	1.0	0.0	0.0	0.0	0.0	1.0	0.0	0.0	1.11022E-16	-1.11022E-16	1.0
								/*	9:child_number	*/	0
							/*	8:name	*/	墩身和上垫梁-1/墩身-1/没有水平连接系的墩身-1/两米立面连接系-1/用于立面连接系的一个水平拉撑和两个2米斜拉撑-3/2米拉撑及50螺栓-2/5：2米节间斜拉撑-1
							/*	8:type	*/	基本杆件\5：2米节间斜拉撑.SLDPRT
							/*	8:location	*/	1.0	2.37982E-17	-9.86076E-32	0.0	4.40457E-17	1.0	0.0	0.0	-9.86076E-32	0.0	1.0	0.0	-1.22412	0.0713018	-0.04	1.0
							/*	8:child_number	*/	0
						/*	7:name	*/	墩身和上垫梁-1/墩身-1/没有水平连接系的墩身-1/两米立面连接系-1/用于立面连接系的一个水平拉撑和两个2米斜拉撑-3/水平拉撑及螺栓-1
						/*	7:type	*/	基本组合\水平拉撑及螺栓.SLDASM
						/*	7:location	*/	1.0	-3.25816E-33	0.0	0.0	-3.25816E-33	1.0	0.0	0.0	0.0	0.0	1.0	0.0	-0.60805	-0.915846	0.044	1.0
						/*	7:child_number	*/	2
							/*	8:name	*/	墩身和上垫梁-1/墩身-1/没有水平连接系的墩身-1/两米立面连接系-1/用于立面连接系的一个水平拉撑和两个2米斜拉撑-3/水平拉撑及螺栓-1/水平拉撑上的两个螺栓-1
							/*	8:type	*/	基本组合\水平拉撑上的两个螺栓.sldasm
							/*	8:location	*/	-0.844007	0.536332	0.0	0.0	0.536332	0.844007	0.0	0.0	0.0	0.0	-1.0	0.0	-0.597377	-0.0340308	-0.013	1.0
							/*	8:child_number	*/	2
								/*	9:name	*/	墩身和上垫梁-1/墩身-1/没有水平连接系的墩身-1/两米立面连接系-1/用于立面连接系的一个水平拉撑和两个2米斜拉撑-3/水平拉撑及螺栓-1/水平拉撑上的两个螺栓-1/11：M50螺栓-2
								/*	9:type	*/	基本杆件\11：M50螺栓.SLDPRT
								/*	9:location	*/	1.0	-4.43439E-17	0.0	0.0	1.00126E-16	1.0	9.86076E-32	0.0	9.86076E-32	9.86076E-32	1.0	0.0	-1.1411	0.725121	1.11022E-16	1.0
								/*	9:child_number	*/	0
								/*	9:name	*/	墩身和上垫梁-1/墩身-1/没有水平连接系的墩身-1/两米立面连接系-1/用于立面连接系的一个水平拉撑和两个2米斜拉撑-3/水平拉撑及螺栓-1/水平拉撑上的两个螺栓-1/11：M50螺栓-1
								/*	9:type	*/	基本杆件\11：M50螺栓.SLDPRT
								/*	9:location	*/	1.0	-4.43439E-17	0.0	0.0	1.00126E-16	1.0	9.86076E-32	0.0	9.86076E-32	9.86076E-32	1.0	0.0	2.22045E-16	2.22045E-16	1.11022E-16	1.0
								/*	9:child_number	*/	0
							/*	8:name	*/	墩身和上垫梁-1/墩身-1/没有水平连接系的墩身-1/两米立面连接系-1/用于立面连接系的一个水平拉撑和两个2米斜拉撑-3/水平拉撑及螺栓-1/4：水平拉撑-1
							/*	8:type	*/	基本杆件\4：水平拉撑.SLDPRT
							/*	8:location	*/	1.0	-3.25816E-33	0.0	0.0	-3.25816E-33	1.0	0.0	0.0	0.0	0.0	1.0	0.0	-0.632377	-0.0740308	-0.04	1.0
							/*	8:child_number	*/	0
						/*	7:name	*/	墩身和上垫梁-1/墩身-1/没有水平连接系的墩身-1/两米立面连接系-1/用于立面连接系的一个水平拉撑和两个2米斜拉撑-3/2米拉撑及50螺栓-1
						/*	7:type	*/	基本组合\2米拉撑及50螺栓.SLDASM
						/*	7:location	*/	-0.61006	0.792356	2.54762E-18	0.0	0.792356	0.61006	-3.22573E-18	0.0	-4.11013E-18	5.07277E-20	-1.0	0.0	-0.667007	0.0463691	-0.056	1.0
						/*	7:child_number	*/	2
							/*	8:name	*/	墩身和上垫梁-1/墩身-1/没有水平连接系的墩身-1/两米立面连接系-1/用于立面连接系的一个水平拉撑和两个2米斜拉撑-3/2米拉撑及50螺栓-1/2米斜拉撑上的两个螺栓-1
							/*	8:type	*/	基本组合\2米斜拉撑上的两个螺栓.sldasm
							/*	8:location	*/	-0.886481	-0.462766	0.0	0.0	-0.462766	0.886481	-2.46519E-32	0.0	-9.86076E-32	0.0	-1.0	0.0	-1.18905	0.111302	-0.013	1.0
							/*	8:child_number	*/	2
								/*	9:name	*/	墩身和上垫梁-1/墩身-1/没有水平连接系的墩身-1/两米立面连接系-1/用于立面连接系的一个水平拉撑和两个2米斜拉撑-3/2米拉撑及50螺栓-1/2米斜拉撑上的两个螺栓-1/11：M50螺栓-2
								/*	9:type	*/	基本杆件\11：M50螺栓.SLDPRT
								/*	9:location	*/	1.0	5.13641E-18	0.0	0.0	-1.29833E-17	1.0	0.0	0.0	1.97215E-31	2.46519E-32	1.0	0.0	-1.9646	-1.02557	0.0	1.0
								/*	9:child_number	*/	0
								/*	9:name	*/	墩身和上垫梁-1/墩身-1/没有水平连接系的墩身-1/两米立面连接系-1/用于立面连接系的一个水平拉撑和两个2米斜拉撑-3/2米拉撑及50螺栓-1/2米斜拉撑上的两个螺栓-1/11：M50螺栓-1
								/*	9:type	*/	基本杆件\11：M50螺栓.SLDPRT
								/*	9:location	*/	1.0	5.13641E-18	0.0	0.0	-1.29833E-17	1.0	0.0	0.0	1.97215E-31	2.46519E-32	1.0	0.0	-1.11022E-16	-4.44089E-16	1.11022E-16	1.0
								/*	9:child_number	*/	0
							/*	8:name	*/	墩身和上垫梁-1/墩身-1/没有水平连接系的墩身-1/两米立面连接系-1/用于立面连接系的一个水平拉撑和两个2米斜拉撑-3/2米拉撑及50螺栓-1/5：2米节间斜拉撑-1
							/*	8:type	*/	基本杆件\5：2米节间斜拉撑.SLDPRT
							/*	8:location	*/	1.0	5.14996E-19	0.0	0.0	-1.97054E-17	1.0	0.0	0.0	9.86076E-32	0.0	1.0	0.0	-1.22412	0.0713018	-0.04	1.0
							/*	8:child_number	*/	0
					/*	6:name	*/	墩身和上垫梁-1/墩身-1/没有水平连接系的墩身-1/两米立面连接系-1/用于立面连接系的一个水平拉撑和两个2米斜拉撑-2
					/*	6:type	*/	基本组合\用于立面连接系的一个水平拉撑和两个2米斜拉撑.SLDASM
					/*	6:location	*/	1.0	-3.25816E-33	0.0	0.0	-3.25816E-33	1.0	0.0	0.0	0.0	0.0	1.0	0.0	0.0	2.22045E-16	-1.5	1.0
					/*	6:child_number	*/	3
						/*	7:name	*/	墩身和上垫梁-1/墩身-1/没有水平连接系的墩身-1/两米立面连接系-1/用于立面连接系的一个水平拉撑和两个2米斜拉撑-2/2米拉撑及50螺栓-2
						/*	7:type	*/	基本组合\2米拉撑及50螺栓.SLDASM
						/*	7:location	*/	0.61006	0.792356	-6.79479E-18	0.0	-0.792356	0.61006	9.49622E-18	0.0	1.16696E-17	-4.09369E-19	1.0	0.0	-0.391848	0.0463691	0.044	1.0
						/*	7:child_number	*/	2
							/*	8:name	*/	墩身和上垫梁-1/墩身-1/没有水平连接系的墩身-1/两米立面连接系-1/用于立面连接系的一个水平拉撑和两个2米斜拉撑-2/2米拉撑及50螺栓-2/2米斜拉撑上的两个螺栓-1
							/*	8:type	*/	基本组合\2米斜拉撑上的两个螺栓.sldasm
							/*	8:location	*/	-0.886481	-0.462766	0.0	0.0	-0.462766	0.886481	0.0	0.0	-5.89279E-28	2.51055E-28	-1.0	0.0	-1.18905	0.111302	-0.013	1.0
							/*	8:child_number	*/	2
								/*	9:name	*/	墩身和上垫梁-1/墩身-1/没有水平连接系的墩身-1/两米立面连接系-1/用于立面连接系的一个水平拉撑和两个2米斜拉撑-2/2米拉撑及50螺栓-2/2米斜拉撑上的两个螺栓-1/11：M50螺栓-2
								/*	9:type	*/	基本杆件\11：M50螺栓.SLDPRT
								/*	9:location	*/	1.0	6.64074E-18	9.86076E-32	0.0	-4.00206E-17	1.0	0.0	0.0	0.0	0.0	1.0	0.0	-1.9646	-1.02557	0.0	1.0
								/*	9:child_number	*/	0
								/*	9:name	*/	墩身和上垫梁-1/墩身-1/没有水平连接系的墩身-1/两米立面连接系-1/用于立面连接系的一个水平拉撑和两个2米斜拉撑-2/2米拉撑及50螺栓-2/2米斜拉撑上的两个螺栓-1/11：M50螺栓-1
								/*	9:type	*/	基本杆件\11：M50螺栓.SLDPRT
								/*	9:location	*/	1.0	6.64074E-18	9.86076E-32	0.0	-4.00206E-17	1.0	0.0	0.0	0.0	0.0	1.0	0.0	-2.22045E-16	0.0	0.0	1.0
								/*	9:child_number	*/	0
							/*	8:name	*/	墩身和上垫梁-1/墩身-1/没有水平连接系的墩身-1/两米立面连接系-1/用于立面连接系的一个水平拉撑和两个2米斜拉撑-2/2米拉撑及50螺栓-2/5：2米节间斜拉撑-1
							/*	8:type	*/	基本杆件\5：2米节间斜拉撑.SLDPRT
							/*	8:location	*/	1.0	2.37982E-17	-9.86076E-32	0.0	4.40457E-17	1.0	0.0	0.0	-9.86076E-32	0.0	1.0	0.0	-1.22412	0.0713018	-0.04	1.0
							/*	8:child_number	*/	0
						/*	7:name	*/	墩身和上垫梁-1/墩身-1/没有水平连接系的墩身-1/两米立面连接系-1/用于立面连接系的一个水平拉撑和两个2米斜拉撑-2/水平拉撑及螺栓-1
						/*	7:type	*/	基本组合\水平拉撑及螺栓.SLDASM
						/*	7:location	*/	1.0	-3.25816E-33	0.0	0.0	-3.25816E-33	1.0	0.0	0.0	0.0	0.0	1.0	0.0	-0.60805	-0.915846	0.044	1.0
						/*	7:child_number	*/	2
							/*	8:name	*/	墩身和上垫梁-1/墩身-1/没有水平连接系的墩身-1/两米立面连接系-1/用于立面连接系的一个水平拉撑和两个2米斜拉撑-2/水平拉撑及螺栓-1/水平拉撑上的两个螺栓-1
							/*	8:type	*/	基本组合\水平拉撑上的两个螺栓.sldasm
							/*	8:location	*/	-0.844007	0.536332	0.0	0.0	0.536332	0.844007	0.0	0.0	0.0	0.0	-1.0	0.0	-0.597377	-0.0340308	-0.013	1.0
							/*	8:child_number	*/	2
								/*	9:name	*/	墩身和上垫梁-1/墩身-1/没有水平连接系的墩身-1/两米立面连接系-1/用于立面连接系的一个水平拉撑和两个2米斜拉撑-2/水平拉撑及螺栓-1/水平拉撑上的两个螺栓-1/11：M50螺栓-2
								/*	9:type	*/	基本杆件\11：M50螺栓.SLDPRT
								/*	9:location	*/	1.0	-4.43439E-17	0.0	0.0	1.00126E-16	1.0	9.86076E-32	0.0	9.86076E-32	9.86076E-32	1.0	0.0	-1.1411	0.725121	0.0	1.0
								/*	9:child_number	*/	0
								/*	9:name	*/	墩身和上垫梁-1/墩身-1/没有水平连接系的墩身-1/两米立面连接系-1/用于立面连接系的一个水平拉撑和两个2米斜拉撑-2/水平拉撑及螺栓-1/水平拉撑上的两个螺栓-1/11：M50螺栓-1
								/*	9:type	*/	基本杆件\11：M50螺栓.SLDPRT
								/*	9:location	*/	1.0	-4.43439E-17	0.0	0.0	1.00126E-16	1.0	9.86076E-32	0.0	9.86076E-32	9.86076E-32	1.0	0.0	2.22045E-16	2.22045E-16	0.0	1.0
								/*	9:child_number	*/	0
							/*	8:name	*/	墩身和上垫梁-1/墩身-1/没有水平连接系的墩身-1/两米立面连接系-1/用于立面连接系的一个水平拉撑和两个2米斜拉撑-2/水平拉撑及螺栓-1/4：水平拉撑-1
							/*	8:type	*/	基本杆件\4：水平拉撑.SLDPRT
							/*	8:location	*/	1.0	-3.25816E-33	0.0	0.0	-3.25816E-33	1.0	0.0	0.0	0.0	0.0	1.0	0.0	-0.632377	-0.0740308	-0.04	1.0
							/*	8:child_number	*/	0
						/*	7:name	*/	墩身和上垫梁-1/墩身-1/没有水平连接系的墩身-1/两米立面连接系-1/用于立面连接系的一个水平拉撑和两个2米斜拉撑-2/2米拉撑及50螺栓-1
						/*	7:type	*/	基本组合\2米拉撑及50螺栓.SLDASM
						/*	7:location	*/	-0.61006	0.792356	2.54762E-18	0.0	0.792356	0.61006	-3.22573E-18	0.0	-4.11013E-18	5.07277E-20	-1.0	0.0	-0.667007	0.0463691	-0.056	1.0
						/*	7:child_number	*/	2
							/*	8:name	*/	墩身和上垫梁-1/墩身-1/没有水平连接系的墩身-1/两米立面连接系-1/用于立面连接系的一个水平拉撑和两个2米斜拉撑-2/2米拉撑及50螺栓-1/2米斜拉撑上的两个螺栓-1
							/*	8:type	*/	基本组合\2米斜拉撑上的两个螺栓.sldasm
							/*	8:location	*/	-0.886481	-0.462766	0.0	0.0	-0.462766	0.886481	-2.46519E-32	0.0	-9.86076E-32	0.0	-1.0	0.0	-1.18905	0.111302	-0.013	1.0
							/*	8:child_number	*/	2
								/*	9:name	*/	墩身和上垫梁-1/墩身-1/没有水平连接系的墩身-1/两米立面连接系-1/用于立面连接系的一个水平拉撑和两个2米斜拉撑-2/2米拉撑及50螺栓-1/2米斜拉撑上的两个螺栓-1/11：M50螺栓-2
								/*	9:type	*/	基本杆件\11：M50螺栓.SLDPRT
								/*	9:location	*/	1.0	5.13641E-18	0.0	0.0	-1.29833E-17	1.0	0.0	0.0	1.97215E-31	2.46519E-32	1.0	0.0	-1.9646	-1.02557	0.0	1.0
								/*	9:child_number	*/	0
								/*	9:name	*/	墩身和上垫梁-1/墩身-1/没有水平连接系的墩身-1/两米立面连接系-1/用于立面连接系的一个水平拉撑和两个2米斜拉撑-2/2米拉撑及50螺栓-1/2米斜拉撑上的两个螺栓-1/11：M50螺栓-1
								/*	9:type	*/	基本杆件\11：M50螺栓.SLDPRT
								/*	9:location	*/	1.0	5.13641E-18	0.0	0.0	-1.29833E-17	1.0	0.0	0.0	1.97215E-31	2.46519E-32	1.0	0.0	-1.11022E-16	-4.44089E-16	0.0	1.0
								/*	9:child_number	*/	0
							/*	8:name	*/	墩身和上垫梁-1/墩身-1/没有水平连接系的墩身-1/两米立面连接系-1/用于立面连接系的一个水平拉撑和两个2米斜拉撑-2/2米拉撑及50螺栓-1/5：2米节间斜拉撑-1
							/*	8:type	*/	基本杆件\5：2米节间斜拉撑.SLDPRT
							/*	8:location	*/	1.0	5.14996E-19	0.0	0.0	-1.97054E-17	1.0	0.0	0.0	9.86076E-32	0.0	1.0	0.0	-1.22412	0.0713018	-0.04	1.0
							/*	8:child_number	*/	0
					/*	6:name	*/	墩身和上垫梁-1/墩身-1/没有水平连接系的墩身-1/两米立面连接系-1/用于立面连接系的一个水平拉撑和两个2米斜拉撑-1
					/*	6:type	*/	基本组合\用于立面连接系的一个水平拉撑和两个2米斜拉撑.SLDASM
					/*	6:location	*/	1.0	-3.25816E-33	0.0	0.0	-3.25816E-33	1.0	0.0	0.0	0.0	0.0	1.0	0.0	0.0	0.0	0.0	1.0
					/*	6:child_number	*/	3
						/*	7:name	*/	墩身和上垫梁-1/墩身-1/没有水平连接系的墩身-1/两米立面连接系-1/用于立面连接系的一个水平拉撑和两个2米斜拉撑-1/2米拉撑及50螺栓-2
						/*	7:type	*/	基本组合\2米拉撑及50螺栓.SLDASM
						/*	7:location	*/	0.61006	0.792356	-6.79479E-18	0.0	-0.792356	0.61006	9.49622E-18	0.0	1.16696E-17	-4.09369E-19	1.0	0.0	-0.391848	0.0463691	0.044	1.0
						/*	7:child_number	*/	2
							/*	8:name	*/	墩身和上垫梁-1/墩身-1/没有水平连接系的墩身-1/两米立面连接系-1/用于立面连接系的一个水平拉撑和两个2米斜拉撑-1/2米拉撑及50螺栓-2/2米斜拉撑上的两个螺栓-1
							/*	8:type	*/	基本组合\2米斜拉撑上的两个螺栓.sldasm
							/*	8:location	*/	-0.886481	-0.462766	0.0	0.0	-0.462766	0.886481	0.0	0.0	-5.89279E-28	2.51055E-28	-1.0	0.0	-1.18905	0.111302	-0.013	1.0
							/*	8:child_number	*/	2
								/*	9:name	*/	墩身和上垫梁-1/墩身-1/没有水平连接系的墩身-1/两米立面连接系-1/用于立面连接系的一个水平拉撑和两个2米斜拉撑-1/2米拉撑及50螺栓-2/2米斜拉撑上的两个螺栓-1/11：M50螺栓-2
								/*	9:type	*/	基本杆件\11：M50螺栓.SLDPRT
								/*	9:location	*/	1.0	6.64074E-18	9.86076E-32	0.0	-4.00206E-17	1.0	0.0	0.0	0.0	0.0	1.0	0.0	-1.9646	-1.02557	0.0	1.0
								/*	9:child_number	*/	0
								/*	9:name	*/	墩身和上垫梁-1/墩身-1/没有水平连接系的墩身-1/两米立面连接系-1/用于立面连接系的一个水平拉撑和两个2米斜拉撑-1/2米拉撑及50螺栓-2/2米斜拉撑上的两个螺栓-1/11：M50螺栓-1
								/*	9:type	*/	基本杆件\11：M50螺栓.SLDPRT
								/*	9:location	*/	1.0	6.64074E-18	9.86076E-32	0.0	-4.00206E-17	1.0	0.0	0.0	0.0	0.0	1.0	0.0	0.0	1.11022E-16	0.0	1.0
								/*	9:child_number	*/	0
							/*	8:name	*/	墩身和上垫梁-1/墩身-1/没有水平连接系的墩身-1/两米立面连接系-1/用于立面连接系的一个水平拉撑和两个2米斜拉撑-1/2米拉撑及50螺栓-2/5：2米节间斜拉撑-1
							/*	8:type	*/	基本杆件\5：2米节间斜拉撑.SLDPRT
							/*	8:location	*/	1.0	2.37982E-17	-9.86076E-32	0.0	4.40457E-17	1.0	0.0	0.0	-9.86076E-32	0.0	1.0	0.0	-1.22412	0.0713018	-0.04	1.0
							/*	8:child_number	*/	0
						/*	7:name	*/	墩身和上垫梁-1/墩身-1/没有水平连接系的墩身-1/两米立面连接系-1/用于立面连接系的一个水平拉撑和两个2米斜拉撑-1/水平拉撑及螺栓-1
						/*	7:type	*/	基本组合\水平拉撑及螺栓.SLDASM
						/*	7:location	*/	1.0	-3.25816E-33	0.0	0.0	-3.25816E-33	1.0	0.0	0.0	0.0	0.0	1.0	0.0	-0.60805	-0.915846	0.044	1.0
						/*	7:child_number	*/	2
							/*	8:name	*/	墩身和上垫梁-1/墩身-1/没有水平连接系的墩身-1/两米立面连接系-1/用于立面连接系的一个水平拉撑和两个2米斜拉撑-1/水平拉撑及螺栓-1/水平拉撑上的两个螺栓-1
							/*	8:type	*/	基本组合\水平拉撑上的两个螺栓.sldasm
							/*	8:location	*/	-0.844007	0.536332	0.0	0.0	0.536332	0.844007	0.0	0.0	0.0	0.0	-1.0	0.0	-0.597377	-0.0340308	-0.013	1.0
							/*	8:child_number	*/	2
								/*	9:name	*/	墩身和上垫梁-1/墩身-1/没有水平连接系的墩身-1/两米立面连接系-1/用于立面连接系的一个水平拉撑和两个2米斜拉撑-1/水平拉撑及螺栓-1/水平拉撑上的两个螺栓-1/11：M50螺栓-2
								/*	9:type	*/	基本杆件\11：M50螺栓.SLDPRT
								/*	9:location	*/	1.0	-4.43439E-17	0.0	0.0	1.00126E-16	1.0	9.86076E-32	0.0	9.86076E-32	9.86076E-32	1.0	0.0	-1.1411	0.725121	0.0	1.0
								/*	9:child_number	*/	0
								/*	9:name	*/	墩身和上垫梁-1/墩身-1/没有水平连接系的墩身-1/两米立面连接系-1/用于立面连接系的一个水平拉撑和两个2米斜拉撑-1/水平拉撑及螺栓-1/水平拉撑上的两个螺栓-1/11：M50螺栓-1
								/*	9:type	*/	基本杆件\11：M50螺栓.SLDPRT
								/*	9:location	*/	1.0	-4.43439E-17	0.0	0.0	1.00126E-16	1.0	9.86076E-32	0.0	9.86076E-32	9.86076E-32	1.0	0.0	2.77556E-16	0.0	0.0	1.0
								/*	9:child_number	*/	0
							/*	8:name	*/	墩身和上垫梁-1/墩身-1/没有水平连接系的墩身-1/两米立面连接系-1/用于立面连接系的一个水平拉撑和两个2米斜拉撑-1/水平拉撑及螺栓-1/4：水平拉撑-1
							/*	8:type	*/	基本杆件\4：水平拉撑.SLDPRT
							/*	8:location	*/	1.0	-3.25816E-33	0.0	0.0	-3.25816E-33	1.0	0.0	0.0	0.0	0.0	1.0	0.0	-0.632377	-0.0740308	-0.04	1.0
							/*	8:child_number	*/	0
						/*	7:name	*/	墩身和上垫梁-1/墩身-1/没有水平连接系的墩身-1/两米立面连接系-1/用于立面连接系的一个水平拉撑和两个2米斜拉撑-1/2米拉撑及50螺栓-1
						/*	7:type	*/	基本组合\2米拉撑及50螺栓.SLDASM
						/*	7:location	*/	-0.61006	0.792356	2.54762E-18	0.0	0.792356	0.61006	-3.22573E-18	0.0	-4.11013E-18	5.07277E-20	-1.0	0.0	-0.667007	0.0463691	-0.056	1.0
						/*	7:child_number	*/	2
							/*	8:name	*/	墩身和上垫梁-1/墩身-1/没有水平连接系的墩身-1/两米立面连接系-1/用于立面连接系的一个水平拉撑和两个2米斜拉撑-1/2米拉撑及50螺栓-1/2米斜拉撑上的两个螺栓-1
							/*	8:type	*/	基本组合\2米斜拉撑上的两个螺栓.sldasm
							/*	8:location	*/	-0.886481	-0.462766	0.0	0.0	-0.462766	0.886481	-2.46519E-32	0.0	-9.86076E-32	0.0	-1.0	0.0	-1.18905	0.111302	-0.013	1.0
							/*	8:child_number	*/	2
								/*	9:name	*/	墩身和上垫梁-1/墩身-1/没有水平连接系的墩身-1/两米立面连接系-1/用于立面连接系的一个水平拉撑和两个2米斜拉撑-1/2米拉撑及50螺栓-1/2米斜拉撑上的两个螺栓-1/11：M50螺栓-2
								/*	9:type	*/	基本杆件\11：M50螺栓.SLDPRT
								/*	9:location	*/	1.0	5.13641E-18	0.0	0.0	-1.29833E-17	1.0	0.0	0.0	1.97215E-31	2.46519E-32	1.0	0.0	-1.9646	-1.02557	0.0	1.0
								/*	9:child_number	*/	0
								/*	9:name	*/	墩身和上垫梁-1/墩身-1/没有水平连接系的墩身-1/两米立面连接系-1/用于立面连接系的一个水平拉撑和两个2米斜拉撑-1/2米拉撑及50螺栓-1/2米斜拉撑上的两个螺栓-1/11：M50螺栓-1
								/*	9:type	*/	基本杆件\11：M50螺栓.SLDPRT
								/*	9:location	*/	1.0	5.13641E-18	0.0	0.0	-1.29833E-17	1.0	0.0	0.0	1.97215E-31	2.46519E-32	1.0	0.0	-2.22045E-16	-4.44089E-16	0.0	1.0
								/*	9:child_number	*/	0
							/*	8:name	*/	墩身和上垫梁-1/墩身-1/没有水平连接系的墩身-1/两米立面连接系-1/用于立面连接系的一个水平拉撑和两个2米斜拉撑-1/2米拉撑及50螺栓-1/5：2米节间斜拉撑-1
							/*	8:type	*/	基本杆件\5：2米节间斜拉撑.SLDPRT
							/*	8:location	*/	1.0	5.14996E-19	0.0	0.0	-1.97054E-17	1.0	0.0	0.0	9.86076E-32	0.0	1.0	0.0	-1.22412	0.0713018	-0.04	1.0
							/*	8:child_number	*/	0
					/*	6:name	*/	墩身和上垫梁-1/墩身-1/没有水平连接系的墩身-1/两米立面连接系-1/用于立面连接系的一个水平拉撑和两个2米斜拉撑-7
					/*	6:type	*/	基本组合\用于立面连接系的一个水平拉撑和两个2米斜拉撑.SLDASM
					/*	6:location	*/	5.71061E-18	1.23495E-9	1.0	0.0	8.0223E-11	1.0	-1.23495E-9	0.0	-1.0	8.0223E-11	5.61154E-18	0.0	2.08957	1.22429E-9	-1.72657	1.0
					/*	6:child_number	*/	3
						/*	7:name	*/	墩身和上垫梁-1/墩身-1/没有水平连接系的墩身-1/两米立面连接系-1/用于立面连接系的一个水平拉撑和两个2米斜拉撑-7/2米拉撑及50螺栓-2
						/*	7:type	*/	基本组合\2米拉撑及50螺栓.SLDASM
						/*	7:location	*/	0.61006	0.792356	-6.79479E-18	0.0	-0.792356	0.61006	9.49622E-18	0.0	1.16696E-17	-4.09369E-19	1.0	0.0	-0.391848	0.0463691	0.044	1.0
						/*	7:child_number	*/	2
							/*	8:name	*/	墩身和上垫梁-1/墩身-1/没有水平连接系的墩身-1/两米立面连接系-1/用于立面连接系的一个水平拉撑和两个2米斜拉撑-7/2米拉撑及50螺栓-2/2米斜拉撑上的两个螺栓-1
							/*	8:type	*/	基本组合\2米斜拉撑上的两个螺栓.sldasm
							/*	8:location	*/	-0.886481	-0.462766	-1.55752E-31	0.0	-0.462766	0.886481	4.33455E-32	0.0	-5.89967E-33	-1.13239E-32	-1.0	0.0	-1.18905	0.111302	-0.013	1.0
							/*	8:child_number	*/	2
								/*	9:name	*/	墩身和上垫梁-1/墩身-1/没有水平连接系的墩身-1/两米立面连接系-1/用于立面连接系的一个水平拉撑和两个2米斜拉撑-7/2米拉撑及50螺栓-2/2米斜拉撑上的两个螺栓-1/11：M50螺栓-2
								/*	9:type	*/	基本杆件\11：M50螺栓.SLDPRT
								/*	9:location	*/	1.0	-2.48282E-17	1.63264E-31	0.0	-2.56685E-17	1.0	-8.63659E-34	0.0	-5.18647E-32	2.37612E-32	1.0	0.0	-1.9646	-1.02557	0.0	1.0
								/*	9:child_number	*/	0
								/*	9:name	*/	墩身和上垫梁-1/墩身-1/没有水平连接系的墩身-1/两米立面连接系-1/用于立面连接系的一个水平拉撑和两个2米斜拉撑-7/2米拉撑及50螺栓-2/2米斜拉撑上的两个螺栓-1/11：M50螺栓-1
								/*	9:type	*/	基本杆件\11：M50螺栓.SLDPRT
								/*	9:location	*/	1.0	-2.48282E-17	1.63264E-31	0.0	-2.56685E-17	1.0	-8.63659E-34	0.0	-5.18647E-32	2.37612E-32	1.0	0.0	0.0	1.11022E-16	0.0	1.0
								/*	9:child_number	*/	0
							/*	8:name	*/	墩身和上垫梁-1/墩身-1/没有水平连接系的墩身-1/两米立面连接系-1/用于立面连接系的一个水平拉撑和两个2米斜拉撑-7/2米拉撑及50螺栓-2/5：2米节间斜拉撑-1
							/*	8:type	*/	基本杆件\5：2米节间斜拉撑.SLDPRT
							/*	8:location	*/	1.0	1.01102E-17	-1.2426E-32	0.0	-1.29291E-17	1.0	3.51001E-32	0.0	5.89967E-33	1.13239E-32	1.0	0.0	-1.22412	0.0713018	-0.04	1.0
							/*	8:child_number	*/	0
						/*	7:name	*/	墩身和上垫梁-1/墩身-1/没有水平连接系的墩身-1/两米立面连接系-1/用于立面连接系的一个水平拉撑和两个2米斜拉撑-7/水平拉撑及螺栓-1
						/*	7:type	*/	基本组合\水平拉撑及螺栓.SLDASM
						/*	7:location	*/	1.0	0.0	0.0	0.0	0.0	1.0	1.22086E-31	0.0	0.0	1.09759E-31	1.0	0.0	-0.60805	-0.915846	0.044	1.0
						/*	7:child_number	*/	2
							/*	8:name	*/	墩身和上垫梁-1/墩身-1/没有水平连接系的墩身-1/两米立面连接系-1/用于立面连接系的一个水平拉撑和两个2米斜拉撑-7/水平拉撑及螺栓-1/水平拉撑上的两个螺栓-1
							/*	8:type	*/	基本组合\水平拉撑上的两个螺栓.sldasm
							/*	8:location	*/	-0.844007	0.536332	1.62469E-31	0.0	0.536332	0.844007	1.26254E-31	0.0	5.58427E-28	1.08877E-26	-1.0	0.0	-0.597377	-0.0340308	-0.013	1.0
							/*	8:child_number	*/	2
								/*	9:name	*/	墩身和上垫梁-1/墩身-1/没有水平连接系的墩身-1/两米立面连接系-1/用于立面连接系的一个水平拉撑和两个2米斜拉撑-7/水平拉撑及螺栓-1/水平拉撑上的两个螺栓-1/11：M50螺栓-2
								/*	9:type	*/	基本杆件\11：M50螺栓.SLDPRT
								/*	9:location	*/	1.0	-1.98409E-17	-2.69519E-31	0.0	1.43115E-17	1.0	-5.25162E-31	0.0	-9.34084E-32	1.66049E-31	1.0	0.0	-1.1411	0.725121	-8.88178E-16	1.0
								/*	9:child_number	*/	0
								/*	9:name	*/	墩身和上垫梁-1/墩身-1/没有水平连接系的墩身-1/两米立面连接系-1/用于立面连接系的一个水平拉撑和两个2米斜拉撑-7/水平拉撑及螺栓-1/水平拉撑上的两个螺栓-1/11：M50螺栓-1
								/*	9:type	*/	基本杆件\11：M50螺栓.SLDPRT
								/*	9:location	*/	1.0	-1.98409E-17	-2.69519E-31	0.0	1.43115E-17	1.0	-5.25162E-31	0.0	-9.34084E-32	1.66049E-31	1.0	0.0	0.0	2.22045E-16	-8.88178E-16	1.0
								/*	9:child_number	*/	0
							/*	8:name	*/	墩身和上垫梁-1/墩身-1/没有水平连接系的墩身-1/两米立面连接系-1/用于立面连接系的一个水平拉撑和两个2米斜拉撑-7/水平拉撑及螺栓-1/4：水平拉撑-1
							/*	8:type	*/	基本杆件\4：水平拉撑.SLDPRT
							/*	8:location	*/	1.0	0.0	0.0	0.0	0.0	1.0	1.22086E-31	0.0	0.0	1.09759E-31	1.0	0.0	-0.632377	-0.0740308	-0.04	1.0
							/*	8:child_number	*/	0
						/*	7:name	*/	墩身和上垫梁-1/墩身-1/没有水平连接系的墩身-1/两米立面连接系-1/用于立面连接系的一个水平拉撑和两个2米斜拉撑-7/2米拉撑及50螺栓-1
						/*	7:type	*/	基本组合\2米拉撑及50螺栓.SLDASM
						/*	7:location	*/	-0.61006	0.792356	2.54762E-18	0.0	0.792356	0.61006	-3.22573E-18	0.0	-4.11013E-18	5.07277E-20	-1.0	0.0	-0.667007	0.0463691	-0.056	1.0
						/*	7:child_number	*/	2
							/*	8:name	*/	墩身和上垫梁-1/墩身-1/没有水平连接系的墩身-1/两米立面连接系-1/用于立面连接系的一个水平拉撑和两个2米斜拉撑-7/2米拉撑及50螺栓-1/2米斜拉撑上的两个螺栓-1
							/*	8:type	*/	基本组合\2米斜拉撑上的两个螺栓.sldasm
							/*	8:location	*/	-0.886481	-0.462766	1.5038E-31	0.0	-0.462766	0.886481	8.55271E-32	0.0	-8.28659E-27	-7.08489E-27	-1.0	0.0	-1.18905	0.111302	-0.013	1.0
							/*	8:child_number	*/	2
								/*	9:name	*/	墩身和上垫梁-1/墩身-1/没有水平连接系的墩身-1/两米立面连接系-1/用于立面连接系的一个水平拉撑和两个2米斜拉撑-7/2米拉撑及50螺栓-1/2米斜拉撑上的两个螺栓-1/11：M50螺栓-2
								/*	9:type	*/	基本杆件\11：M50螺栓.SLDPRT
								/*	9:location	*/	1.0	-1.68593E-17	-5.22131E-31	0.0	-8.86335E-18	1.0	7.78489E-32	0.0	4.54915E-31	3.67807E-33	1.0	0.0	-1.9646	-1.02557	8.88178E-16	1.0
								/*	9:child_number	*/	0
								/*	9:name	*/	墩身和上垫梁-1/墩身-1/没有水平连接系的墩身-1/两米立面连接系-1/用于立面连接系的一个水平拉撑和两个2米斜拉撑-7/2米拉撑及50螺栓-1/2米斜拉撑上的两个螺栓-1/11：M50螺栓-1
								/*	9:type	*/	基本杆件\11：M50螺栓.SLDPRT
								/*	9:location	*/	1.0	-1.68593E-17	-5.22131E-31	0.0	-8.86335E-18	1.0	7.78489E-32	0.0	4.54915E-31	3.67807E-33	1.0	0.0	0.0	4.44089E-16	8.88178E-16	1.0
								/*	9:child_number	*/	0
							/*	8:name	*/	墩身和上垫梁-1/墩身-1/没有水平连接系的墩身-1/两米立面连接系-1/用于立面连接系的一个水平拉撑和两个2米斜拉撑-7/2米拉撑及50螺栓-1/5：2米节间斜拉撑-1
							/*	8:type	*/	基本杆件\5：2米节间斜拉撑.SLDPRT
							/*	8:location	*/	1.0	-5.14996E-19	-1.90437E-31	0.0	-1.20943E-16	1.0	-3.44651E-32	0.0	2.24071E-31	-3.25685E-32	1.0	0.0	-1.22412	0.0713018	-0.04	1.0
							/*	8:child_number	*/	0
					/*	6:name	*/	墩身和上垫梁-1/墩身-1/没有水平连接系的墩身-1/两米立面连接系-1/用于立面连接系的一个水平拉撑和两个2米斜拉撑-6
					/*	6:type	*/	基本组合\用于立面连接系的一个水平拉撑和两个2米斜拉撑.SLDASM
					/*	6:location	*/	1.0	-3.25816E-33	0.0	0.0	-3.25816E-33	1.0	0.0	0.0	0.0	0.0	1.0	0.0	1.75	0.0	-3.0	1.0
					/*	6:child_number	*/	3
						/*	7:name	*/	墩身和上垫梁-1/墩身-1/没有水平连接系的墩身-1/两米立面连接系-1/用于立面连接系的一个水平拉撑和两个2米斜拉撑-6/2米拉撑及50螺栓-2
						/*	7:type	*/	基本组合\2米拉撑及50螺栓.SLDASM
						/*	7:location	*/	0.61006	0.792356	-6.79479E-18	0.0	-0.792356	0.61006	9.49622E-18	0.0	1.16696E-17	-4.09369E-19	1.0	0.0	-0.391848	0.0463691	0.044	1.0
						/*	7:child_number	*/	2
							/*	8:name	*/	墩身和上垫梁-1/墩身-1/没有水平连接系的墩身-1/两米立面连接系-1/用于立面连接系的一个水平拉撑和两个2米斜拉撑-6/2米拉撑及50螺栓-2/2米斜拉撑上的两个螺栓-1
							/*	8:type	*/	基本组合\2米斜拉撑上的两个螺栓.sldasm
							/*	8:location	*/	-0.886481	-0.462766	0.0	0.0	-0.462766	0.886481	0.0	0.0	-5.89279E-28	2.51055E-28	-1.0	0.0	-1.18905	0.111302	-0.013	1.0
							/*	8:child_number	*/	2
								/*	9:name	*/	墩身和上垫梁-1/墩身-1/没有水平连接系的墩身-1/两米立面连接系-1/用于立面连接系的一个水平拉撑和两个2米斜拉撑-6/2米拉撑及50螺栓-2/2米斜拉撑上的两个螺栓-1/11：M50螺栓-2
								/*	9:type	*/	基本杆件\11：M50螺栓.SLDPRT
								/*	9:location	*/	1.0	6.64074E-18	9.86076E-32	0.0	-4.00206E-17	1.0	0.0	0.0	0.0	0.0	1.0	0.0	-1.9646	-1.02557	-1.11022E-16	1.0
								/*	9:child_number	*/	0
								/*	9:name	*/	墩身和上垫梁-1/墩身-1/没有水平连接系的墩身-1/两米立面连接系-1/用于立面连接系的一个水平拉撑和两个2米斜拉撑-6/2米拉撑及50螺栓-2/2米斜拉撑上的两个螺栓-1/11：M50螺栓-1
								/*	9:type	*/	基本杆件\11：M50螺栓.SLDPRT
								/*	9:location	*/	1.0	6.64074E-18	9.86076E-32	0.0	-4.00206E-17	1.0	0.0	0.0	0.0	0.0	1.0	0.0	0.0	0.0	-1.11022E-16	1.0
								/*	9:child_number	*/	0
							/*	8:name	*/	墩身和上垫梁-1/墩身-1/没有水平连接系的墩身-1/两米立面连接系-1/用于立面连接系的一个水平拉撑和两个2米斜拉撑-6/2米拉撑及50螺栓-2/5：2米节间斜拉撑-1
							/*	8:type	*/	基本杆件\5：2米节间斜拉撑.SLDPRT
							/*	8:location	*/	1.0	2.37982E-17	-9.86076E-32	0.0	4.40457E-17	1.0	0.0	0.0	-9.86076E-32	0.0	1.0	0.0	-1.22412	0.0713018	-0.04	1.0
							/*	8:child_number	*/	0
						/*	7:name	*/	墩身和上垫梁-1/墩身-1/没有水平连接系的墩身-1/两米立面连接系-1/用于立面连接系的一个水平拉撑和两个2米斜拉撑-6/水平拉撑及螺栓-1
						/*	7:type	*/	基本组合\水平拉撑及螺栓.SLDASM
						/*	7:location	*/	1.0	-3.25816E-33	0.0	0.0	-3.25816E-33	1.0	0.0	0.0	0.0	0.0	1.0	0.0	-0.60805	-0.915846	0.044	1.0
						/*	7:child_number	*/	2
							/*	8:name	*/	墩身和上垫梁-1/墩身-1/没有水平连接系的墩身-1/两米立面连接系-1/用于立面连接系的一个水平拉撑和两个2米斜拉撑-6/水平拉撑及螺栓-1/水平拉撑上的两个螺栓-1
							/*	8:type	*/	基本组合\水平拉撑上的两个螺栓.sldasm
							/*	8:location	*/	-0.844007	0.536332	0.0	0.0	0.536332	0.844007	0.0	0.0	0.0	0.0	-1.0	0.0	-0.597377	-0.0340308	-0.013	1.0
							/*	8:child_number	*/	2
								/*	9:name	*/	墩身和上垫梁-1/墩身-1/没有水平连接系的墩身-1/两米立面连接系-1/用于立面连接系的一个水平拉撑和两个2米斜拉撑-6/水平拉撑及螺栓-1/水平拉撑上的两个螺栓-1/11：M50螺栓-2
								/*	9:type	*/	基本杆件\11：M50螺栓.SLDPRT
								/*	9:location	*/	1.0	-4.43439E-17	0.0	0.0	1.00126E-16	1.0	9.86076E-32	0.0	9.86076E-32	9.86076E-32	1.0	0.0	-1.1411	0.725121	0.0	1.0
								/*	9:child_number	*/	0
								/*	9:name	*/	墩身和上垫梁-1/墩身-1/没有水平连接系的墩身-1/两米立面连接系-1/用于立面连接系的一个水平拉撑和两个2米斜拉撑-6/水平拉撑及螺栓-1/水平拉撑上的两个螺栓-1/11：M50螺栓-1
								/*	9:type	*/	基本杆件\11：M50螺栓.SLDPRT
								/*	9:location	*/	1.0	-4.43439E-17	0.0	0.0	1.00126E-16	1.0	9.86076E-32	0.0	9.86076E-32	9.86076E-32	1.0	0.0	4.44089E-16	0.0	0.0	1.0
								/*	9:child_number	*/	0
							/*	8:name	*/	墩身和上垫梁-1/墩身-1/没有水平连接系的墩身-1/两米立面连接系-1/用于立面连接系的一个水平拉撑和两个2米斜拉撑-6/水平拉撑及螺栓-1/4：水平拉撑-1
							/*	8:type	*/	基本杆件\4：水平拉撑.SLDPRT
							/*	8:location	*/	1.0	-3.25816E-33	0.0	0.0	-3.25816E-33	1.0	0.0	0.0	0.0	0.0	1.0	0.0	-0.632377	-0.0740308	-0.04	1.0
							/*	8:child_number	*/	0
						/*	7:name	*/	墩身和上垫梁-1/墩身-1/没有水平连接系的墩身-1/两米立面连接系-1/用于立面连接系的一个水平拉撑和两个2米斜拉撑-6/2米拉撑及50螺栓-1
						/*	7:type	*/	基本组合\2米拉撑及50螺栓.SLDASM
						/*	7:location	*/	-0.61006	0.792356	2.54762E-18	0.0	0.792356	0.61006	-3.22573E-18	0.0	-4.11013E-18	5.07277E-20	-1.0	0.0	-0.667007	0.0463691	-0.056	1.0
						/*	7:child_number	*/	2
							/*	8:name	*/	墩身和上垫梁-1/墩身-1/没有水平连接系的墩身-1/两米立面连接系-1/用于立面连接系的一个水平拉撑和两个2米斜拉撑-6/2米拉撑及50螺栓-1/2米斜拉撑上的两个螺栓-1
							/*	8:type	*/	基本组合\2米斜拉撑上的两个螺栓.sldasm
							/*	8:location	*/	-0.886481	-0.462766	0.0	0.0	-0.462766	0.886481	-2.46519E-32	0.0	-9.86076E-32	0.0	-1.0	0.0	-1.18905	0.111302	-0.013	1.0
							/*	8:child_number	*/	2
								/*	9:name	*/	墩身和上垫梁-1/墩身-1/没有水平连接系的墩身-1/两米立面连接系-1/用于立面连接系的一个水平拉撑和两个2米斜拉撑-6/2米拉撑及50螺栓-1/2米斜拉撑上的两个螺栓-1/11：M50螺栓-2
								/*	9:type	*/	基本杆件\11：M50螺栓.SLDPRT
								/*	9:location	*/	1.0	5.13641E-18	0.0	0.0	-1.29833E-17	1.0	0.0	0.0	1.97215E-31	2.46519E-32	1.0	0.0	-1.9646	-1.02557	0.0	1.0
								/*	9:child_number	*/	0
								/*	9:name	*/	墩身和上垫梁-1/墩身-1/没有水平连接系的墩身-1/两米立面连接系-1/用于立面连接系的一个水平拉撑和两个2米斜拉撑-6/2米拉撑及50螺栓-1/2米斜拉撑上的两个螺栓-1/11：M50螺栓-1
								/*	9:type	*/	基本杆件\11：M50螺栓.SLDPRT
								/*	9:location	*/	1.0	5.13641E-18	0.0	0.0	-1.29833E-17	1.0	0.0	0.0	1.97215E-31	2.46519E-32	1.0	0.0	-1.11022E-16	8.88178E-16	1.11022E-16	1.0
								/*	9:child_number	*/	0
							/*	8:name	*/	墩身和上垫梁-1/墩身-1/没有水平连接系的墩身-1/两米立面连接系-1/用于立面连接系的一个水平拉撑和两个2米斜拉撑-6/2米拉撑及50螺栓-1/5：2米节间斜拉撑-1
							/*	8:type	*/	基本杆件\5：2米节间斜拉撑.SLDPRT
							/*	8:location	*/	1.0	5.14996E-19	0.0	0.0	-1.97054E-17	1.0	0.0	0.0	9.86076E-32	0.0	1.0	0.0	-1.22412	0.0713018	-0.04	1.0
							/*	8:child_number	*/	0
					/*	6:name	*/	墩身和上垫梁-1/墩身-1/没有水平连接系的墩身-1/两米立面连接系-1/用于立面连接系的一个水平拉撑和两个2米斜拉撑-5
					/*	6:type	*/	基本组合\用于立面连接系的一个水平拉撑和两个2米斜拉撑.SLDASM
					/*	6:location	*/	1.0	-3.25816E-33	0.0	0.0	-3.25816E-33	1.0	0.0	0.0	0.0	0.0	1.0	0.0	1.75	2.22045E-16	-1.5	1.0
					/*	6:child_number	*/	3
						/*	7:name	*/	墩身和上垫梁-1/墩身-1/没有水平连接系的墩身-1/两米立面连接系-1/用于立面连接系的一个水平拉撑和两个2米斜拉撑-5/2米拉撑及50螺栓-2
						/*	7:type	*/	基本组合\2米拉撑及50螺栓.SLDASM
						/*	7:location	*/	0.61006	0.792356	-6.79479E-18	0.0	-0.792356	0.61006	9.49622E-18	0.0	1.16696E-17	-4.09369E-19	1.0	0.0	-0.391848	0.0463691	0.044	1.0
						/*	7:child_number	*/	2
							/*	8:name	*/	墩身和上垫梁-1/墩身-1/没有水平连接系的墩身-1/两米立面连接系-1/用于立面连接系的一个水平拉撑和两个2米斜拉撑-5/2米拉撑及50螺栓-2/2米斜拉撑上的两个螺栓-1
							/*	8:type	*/	基本组合\2米斜拉撑上的两个螺栓.sldasm
							/*	8:location	*/	-0.886481	-0.462766	0.0	0.0	-0.462766	0.886481	0.0	0.0	-5.89279E-28	2.51055E-28	-1.0	0.0	-1.18905	0.111302	-0.013	1.0
							/*	8:child_number	*/	2
								/*	9:name	*/	墩身和上垫梁-1/墩身-1/没有水平连接系的墩身-1/两米立面连接系-1/用于立面连接系的一个水平拉撑和两个2米斜拉撑-5/2米拉撑及50螺栓-2/2米斜拉撑上的两个螺栓-1/11：M50螺栓-2
								/*	9:type	*/	基本杆件\11：M50螺栓.SLDPRT
								/*	9:location	*/	1.0	6.64074E-18	9.86076E-32	0.0	-4.00206E-17	1.0	0.0	0.0	0.0	0.0	1.0	0.0	-1.9646	-1.02557	0.0	1.0
								/*	9:child_number	*/	0
								/*	9:name	*/	墩身和上垫梁-1/墩身-1/没有水平连接系的墩身-1/两米立面连接系-1/用于立面连接系的一个水平拉撑和两个2米斜拉撑-5/2米拉撑及50螺栓-2/2米斜拉撑上的两个螺栓-1/11：M50螺栓-1
								/*	9:type	*/	基本杆件\11：M50螺栓.SLDPRT
								/*	9:location	*/	1.0	6.64074E-18	9.86076E-32	0.0	-4.00206E-17	1.0	0.0	0.0	0.0	0.0	1.0	0.0	0.0	0.0	0.0	1.0
								/*	9:child_number	*/	0
							/*	8:name	*/	墩身和上垫梁-1/墩身-1/没有水平连接系的墩身-1/两米立面连接系-1/用于立面连接系的一个水平拉撑和两个2米斜拉撑-5/2米拉撑及50螺栓-2/5：2米节间斜拉撑-1
							/*	8:type	*/	基本杆件\5：2米节间斜拉撑.SLDPRT
							/*	8:location	*/	1.0	2.37982E-17	-9.86076E-32	0.0	4.40457E-17	1.0	0.0	0.0	-9.86076E-32	0.0	1.0	0.0	-1.22412	0.0713018	-0.04	1.0
							/*	8:child_number	*/	0
						/*	7:name	*/	墩身和上垫梁-1/墩身-1/没有水平连接系的墩身-1/两米立面连接系-1/用于立面连接系的一个水平拉撑和两个2米斜拉撑-5/水平拉撑及螺栓-1
						/*	7:type	*/	基本组合\水平拉撑及螺栓.SLDASM
						/*	7:location	*/	1.0	-3.25816E-33	0.0	0.0	-3.25816E-33	1.0	0.0	0.0	0.0	0.0	1.0	0.0	-0.60805	-0.915846	0.044	1.0
						/*	7:child_number	*/	2
							/*	8:name	*/	墩身和上垫梁-1/墩身-1/没有水平连接系的墩身-1/两米立面连接系-1/用于立面连接系的一个水平拉撑和两个2米斜拉撑-5/水平拉撑及螺栓-1/水平拉撑上的两个螺栓-1
							/*	8:type	*/	基本组合\水平拉撑上的两个螺栓.sldasm
							/*	8:location	*/	-0.844007	0.536332	0.0	0.0	0.536332	0.844007	0.0	0.0	0.0	0.0	-1.0	0.0	-0.597377	-0.0340308	-0.013	1.0
							/*	8:child_number	*/	2
								/*	9:name	*/	墩身和上垫梁-1/墩身-1/没有水平连接系的墩身-1/两米立面连接系-1/用于立面连接系的一个水平拉撑和两个2米斜拉撑-5/水平拉撑及螺栓-1/水平拉撑上的两个螺栓-1/11：M50螺栓-2
								/*	9:type	*/	基本杆件\11：M50螺栓.SLDPRT
								/*	9:location	*/	1.0	-4.43439E-17	0.0	0.0	1.00126E-16	1.0	9.86076E-32	0.0	9.86076E-32	9.86076E-32	1.0	0.0	-1.1411	0.725121	4.44089E-16	1.0
								/*	9:child_number	*/	0
								/*	9:name	*/	墩身和上垫梁-1/墩身-1/没有水平连接系的墩身-1/两米立面连接系-1/用于立面连接系的一个水平拉撑和两个2米斜拉撑-5/水平拉撑及螺栓-1/水平拉撑上的两个螺栓-1/11：M50螺栓-1
								/*	9:type	*/	基本杆件\11：M50螺栓.SLDPRT
