/*	1:name	*/	上承式61.0M梁_齐头式梁端
/*	1:type	*/	上承式梁\齐头式\上承式61.0M梁_齐头式梁端.SLDASM
/*	1:location	*/	1.0	0.0	0.0	0.0	0.0	1.0	0.0	0.0	0.0	0.0	1.0	0.0	0.0	0.0	0.0	1.0
/*	1:child_number	*/	3
	/*	2:name	*/	60M~61M齐头式(右端)-1
	/*	2:type	*/	上承式梁\公共组件\梁端\齐头式梁端\60M~61M齐头式(右端).SLDASM
	/*	2:location	*/	-1.0	4.81058E-15	-1.77631E-15	0.0	4.72552E-15	1.0	-3.1256E-14	0.0	1.77631E-15	-3.1256E-14	-1.0	0.0	-3.9874	2.26831	-22.7468	1.0
	/*	2:child_number	*/	2
		/*	3:name	*/	60M~61M齐头式(右端)-1/45M~47M齐头式右端(无畸零节间)-1
		/*	3:type	*/	上承式梁\公共组件\梁端\齐头式梁端\齐头式部件\45M~47M齐头式右端(无畸零节间).sldasm
		/*	3:location	*/	0.897618	-0.439514	0.0333059	0.0	-0.429372	-0.854822	0.291409	0.0	-0.0996079	-0.275875	-0.956019	0.0	-3.62769	-0.458159	7.58712	1.0
		/*	3:child_number	*/	7
			/*	4:name	*/	60M~61M齐头式(右端)-1/45M~47M齐头式右端(无畸零节间)-1/45M~47M齐头式右端(右单片)-1
			/*	4:type	*/	上承式梁\公共组件\梁端\齐头式梁端\齐头式部件\45M~47M齐头式右端(右单片).sldasm
			/*	4:location	*/	0.991116	-0.0474021	0.12427	0.0	0.0121525	0.962701	0.270294	0.0	-0.132447	-0.266383	0.954724	0.0	8.20919	6.50024	-15.2337	1.0
			/*	4:child_number	*/	10
				/*	5:name	*/	60M~61M齐头式(右端)-1/45M~47M齐头式右端(无畸零节间)-1/45M~47M齐头式右端(右单片)-1/3a(右内B1)-1
				/*	5:type	*/	上承式梁\公共组件\梁端\齐头式梁端\带螺栓零件\3a(右内B1).SLDASM
				/*	5:location	*/	0.897618	-0.429372	-0.0996079	0.0	-0.0996079	0.0225382	-0.994771	0.0	0.429372	0.902846	-0.0225382	0.0	-4.82825	-5.62491	15.5428	1.0
				/*	5:child_number	*/	15
					/*	6:name	*/	60M~61M齐头式(右端)-1/45M~47M齐头式右端(无畸零节间)-1/45M~47M齐头式右端(右单片)-1/3a(右内B1)-1/B1_节点板-1
					/*	6:type	*/	零件\B1_节点板.SLDPRT
					/*	6:location	*/	8.99755E-17	-1.0	4.53302E-15	0.0	-5.173E-16	-4.36648E-15	-1.0	0.0	1.0	8.99755E-17	-5.173E-16	0.0	-0.483885	0.420431	0.08	1.0
					/*	6:child_number	*/	0
					/*	6:name	*/	60M~61M齐头式(右端)-1/45M~47M齐头式右端(无畸零节间)-1/45M~47M齐头式右端(右单片)-1/3a(右内B1)-1/LS2_2号螺栓-1
					/*	6:type	*/	零件\LS2_2号螺栓.SLDPRT
					/*	6:location	*/	-5.18656E-16	0.322743	-0.946487	0.0	8.17941E-17	0.946487	0.322743	0.0	1.0	8.99755E-17	-5.173E-16	0.0	-0.502885	-0.315139	0.101095	1.0
					/*	6:child_number	*/	0
					/*	6:name	*/	60M~61M齐头式(右端)-1/45M~47M齐头式右端(无畸零节间)-1/45M~47M齐头式右端(右单片)-1/3a(右内B1)-1/LS2_2号螺栓-10
					/*	6:type	*/	零件\LS2_2号螺栓.SLDPRT
					/*	6:location	*/	-4.34974E-17	0.997812	-0.066117	0.0	-2.34944E-16	0.066117	0.997812	0.0	1.0	5.8936E-17	2.31554E-16	0.0	-0.502885	-0.227894	-0.26	1.0
					/*	6:child_number	*/	0
					/*	6:name	*/	60M~61M齐头式(右端)-1/45M~47M齐头式右端(无畸零节间)-1/45M~47M齐头式右端(右单片)-1/3a(右内B1)-1/LS2_2号螺栓-11
					/*	6:type	*/	零件\LS2_2号螺栓.SLDPRT
					/*	6:location	*/	-4.34974E-17	0.997812	-0.066117	0.0	-2.34944E-16	0.066117	0.997812	0.0	1.0	5.8936E-17	2.31554E-16	0.0	-0.502885	-0.227894	-0.07	1.0
					/*	6:child_number	*/	0
					/*	6:name	*/	60M~61M齐头式(右端)-1/45M~47M齐头式右端(无畸零节间)-1/45M~47M齐头式右端(右单片)-1/3a(右内B1)-1/LS2_2号螺栓-12
					/*	6:type	*/	零件\LS2_2号螺栓.SLDPRT
					/*	6:location	*/	-4.34974E-17	0.997812	-0.066117	0.0	-2.34944E-16	0.066117	0.997812	0.0	1.0	5.8936E-17	2.31554E-16	0.0	-0.502885	-0.127894	-0.26	1.0
					/*	6:child_number	*/	0
					/*	6:name	*/	60M~61M齐头式(右端)-1/45M~47M齐头式右端(无畸零节间)-1/45M~47M齐头式右端(右单片)-1/3a(右内B1)-1/LS2_2号螺栓-13
					/*	6:type	*/	零件\LS2_2号螺栓.SLDPRT
					/*	6:location	*/	-4.34974E-17	0.997812	-0.066117	0.0	-2.34944E-16	0.066117	0.997812	0.0	1.0	5.8936E-17	2.31554E-16	0.0	-0.502885	-0.127894	-0.07	1.0
					/*	6:child_number	*/	0
					/*	6:name	*/	60M~61M齐头式(右端)-1/45M~47M齐头式右端(无畸零节间)-1/45M~47M齐头式右端(右单片)-1/3a(右内B1)-1/LS2_2号螺栓-14
					/*	6:type	*/	零件\LS2_2号螺栓.SLDPRT
					/*	6:location	*/	-3.79872E-16	-0.556165	-0.831072	0.0	-3.6248E-16	0.831072	-0.556165	0.0	1.0	8.99755E-17	-5.173E-16	0.0	-0.502885	0.192106	-0.26	1.0
					/*	6:child_number	*/	0
					/*	6:name	*/	60M~61M齐头式(右端)-1/45M~47M齐头式右端(无畸零节间)-1/45M~47M齐头式右端(右单片)-1/3a(右内B1)-1/LS2_2号螺栓-15
					/*	6:type	*/	零件\LS2_2号螺栓.SLDPRT
					/*	6:location	*/	-3.79872E-16	-0.556165	-0.831072	0.0	-3.6248E-16	0.831072	-0.556165	0.0	1.0	8.99755E-17	-5.173E-16	0.0	-0.502885	0.192106	-0.07	1.0
					/*	6:child_number	*/	0
					/*	6:name	*/	60M~61M齐头式(右端)-1/45M~47M齐头式右端(无畸零节间)-1/45M~47M齐头式右端(右单片)-1/3a(右内B1)-1/LS2_2号螺栓-16
					/*	6:type	*/	零件\LS2_2号螺栓.SLDPRT
					/*	6:location	*/	-3.79872E-16	-0.556165	-0.831072	0.0	-3.6248E-16	0.831072	-0.556165	0.0	1.0	8.99755E-17	-5.173E-16	0.0	-0.502885	0.292106	-0.26	1.0
					/*	6:child_number	*/	0
					/*	6:name	*/	60M~61M齐头式(右端)-1/45M~47M齐头式右端(无畸零节间)-1/45M~47M齐头式右端(右单片)-1/3a(右内B1)-1/LS2_2号螺栓-17
					/*	6:type	*/	零件\LS2_2号螺栓.SLDPRT
					/*	6:location	*/	-3.79872E-16	-0.556165	-0.831072	0.0	-3.6248E-16	0.831072	-0.556165	0.0	1.0	8.99755E-17	-5.173E-16	0.0	-0.502885	0.292106	-0.07	1.0
					/*	6:child_number	*/	0
					/*	6:name	*/	60M~61M齐头式(右端)-1/45M~47M齐头式右端(无畸零节间)-1/45M~47M齐头式右端(右单片)-1/3a(右内B1)-1/LS2_2号螺栓-18
					/*	6:type	*/	零件\LS2_2号螺栓.SLDPRT
					/*	6:location	*/	-5.10219E-16	-0.066117	-0.997812	0.0	-1.23981E-16	0.997812	-0.066117	0.0	1.0	8.99755E-17	-5.173E-16	0.0	-0.502885	-0.300653	0.196044	1.0
					/*	6:child_number	*/	0
					/*	6:name	*/	60M~61M齐头式(右端)-1/45M~47M齐头式右端(无畸零节间)-1/45M~47M齐头式右端(右单片)-1/3a(右内B1)-1/LS2_2号螺栓-19
					/*	6:type	*/	零件\LS2_2号螺栓.SLDPRT
					/*	6:location	*/	-5.10219E-16	-0.066117	-0.997812	0.0	-1.23981E-16	0.997812	-0.066117	0.0	1.0	8.99755E-17	-5.173E-16	0.0	-0.502885	-0.219327	0.107805	1.0
					/*	6:child_number	*/	0
					/*	6:name	*/	60M~61M齐头式(右端)-1/45M~47M齐头式右端(无畸零节间)-1/45M~47M齐头式右端(右单片)-1/3a(右内B1)-1/LS2_2号螺栓-2
					/*	6:type	*/	零件\LS2_2号螺栓.SLDPRT
					/*	6:location	*/	-5.10219E-16	-0.066117	-0.997812	0.0	-1.23981E-16	0.997812	-0.066117	0.0	1.0	8.99755E-17	-5.173E-16	0.0	-0.502885	-0.204841	0.202753	1.0
					/*	6:child_number	*/	0
					/*	6:name	*/	60M~61M齐头式(右端)-1/45M~47M齐头式右端(无畸零节间)-1/45M~47M齐头式右端(右单片)-1/3a(右内B1)-1/LS2_2号螺栓-3
					/*	6:type	*/	零件\LS2_2号螺栓.SLDPRT
					/*	6:location	*/	-5.10219E-16	-0.066117	-0.997812	0.0	-1.23981E-16	0.997812	-0.066117	0.0	1.0	8.99755E-17	-5.173E-16	0.0	-0.502885	-0.396465	0.189334	1.0
					/*	6:child_number	*/	0
					/*	6:name	*/	60M~61M齐头式(右端)-1/45M~47M齐头式右端(无畸零节间)-1/45M~47M齐头式右端(右单片)-1/3a(右内B1)-1/LS2_2号螺栓-5
					/*	6:type	*/	零件\LS2_2号螺栓.SLDPRT
					/*	6:location	*/	-3.79872E-16	-0.556165	-0.831072	0.0	-3.6248E-16	0.831072	-0.556165	0.0	1.0	8.99755E-17	-5.173E-16	0.0	-0.502885	-0.286167	0.290992	1.0
					/*	6:child_number	*/	0
				/*	5:name	*/	60M~61M齐头式(右端)-1/45M~47M齐头式右端(无畸零节间)-1/45M~47M齐头式右端(右单片)-1/3a(右外B1)-1
				/*	5:type	*/	上承式梁\公共组件\梁端\齐头式梁端\带螺栓零件\3a(右外B1).SLDASM
				/*	5:location	*/	-0.897618	0.429372	0.0996079	0.0	0.0996079	-0.0225382	0.994771	0.0	0.429372	0.902846	-0.0225382	0.0	-5.0671	-5.51112	15.5508	1.0
				/*	5:child_number	*/	25
					/*	6:name	*/	60M~61M齐头式(右端)-1/45M~47M齐头式右端(无畸零节间)-1/45M~47M齐头式右端(右单片)-1/3a(右外B1)-1/B1_节点板-1
					/*	6:type	*/	零件\B1_节点板.SLDPRT
					/*	6:location	*/	8.99755E-17	-1.0	4.53302E-15	0.0	-5.173E-16	-4.36648E-15	-1.0	0.0	1.0	8.99755E-17	-5.173E-16	0.0	-0.192179	0.374566	0.08	1.0
					/*	6:child_number	*/	0
					/*	6:name	*/	60M~61M齐头式(右端)-1/45M~47M齐头式右端(无畸零节间)-1/45M~47M齐头式右端(右单片)-1/3a(右外B1)-1/LS2_2号螺栓-1
					/*	6:type	*/	零件\LS2_2号螺栓.SLDPRT
					/*	6:location	*/	-5.10219E-16	-0.066117	-0.997812	0.0	-1.23981E-16	0.997812	-0.066117	0.0	1.0	8.99755E-17	-5.173E-16	0.0	-0.211179	0.333486	0.101095	1.0
					/*	6:child_number	*/	0
					/*	6:name	*/	60M~61M齐头式(右端)-1/45M~47M齐头式右端(无畸零节间)-1/45M~47M齐头式右端(右单片)-1/3a(右外B1)-1/LS2_2号螺栓-10
					/*	6:type	*/	零件\LS2_2号螺栓.SLDPRT
					/*	6:location	*/	-4.34974E-17	0.997812	-0.066117	0.0	-2.34944E-16	0.066117	0.997812	0.0	1.0	5.8936E-17	2.31554E-16	0.0	-0.211179	-0.27376	-0.07	1.0
					/*	6:child_number	*/	0
					/*	6:name	*/	60M~61M齐头式(右端)-1/45M~47M齐头式右端(无畸零节间)-1/45M~47M齐头式右端(右单片)-1/3a(右外B1)-1/LS2_2号螺栓-11
					/*	6:type	*/	零件\LS2_2号螺栓.SLDPRT
					/*	6:location	*/	-4.34974E-17	0.997812	-0.066117	0.0	-2.34944E-16	0.066117	0.997812	0.0	1.0	5.8936E-17	2.31554E-16	0.0	-0.211179	-0.17376	-0.26	1.0
					/*	6:child_number	*/	0
					/*	6:name	*/	60M~61M齐头式(右端)-1/45M~47M齐头式右端(无畸零节间)-1/45M~47M齐头式右端(右单片)-1/3a(右外B1)-1/LS2_2号螺栓-12
					/*	6:type	*/	零件\LS2_2号螺栓.SLDPRT
					/*	6:location	*/	-4.34974E-17	0.997812	-0.066117	0.0	-2.34944E-16	0.066117	0.997812	0.0	1.0	5.8936E-17	2.31554E-16	0.0	-0.211179	-0.17376	-0.07	1.0
					/*	6:child_number	*/	0
					/*	6:name	*/	60M~61M齐头式(右端)-1/45M~47M齐头式右端(无畸零节间)-1/45M~47M齐头式右端(右单片)-1/3a(右外B1)-1/LS2_2号螺栓-13
					/*	6:type	*/	零件\LS2_2号螺栓.SLDPRT
					/*	6:location	*/	-4.34974E-17	0.997812	-0.066117	0.0	-2.34944E-16	0.066117	0.997812	0.0	1.0	5.8936E-17	2.31554E-16	0.0	-0.211179	-0.0737597	-0.26	1.0
					/*	6:child_number	*/	0
					/*	6:name	*/	60M~61M齐头式(右端)-1/45M~47M齐头式右端(无畸零节间)-1/45M~47M齐头式右端(右单片)-1/3a(右外B1)-1/LS2_2号螺栓-14
					/*	6:type	*/	零件\LS2_2号螺栓.SLDPRT
					/*	6:location	*/	-4.34974E-17	0.997812	-0.066117	0.0	-2.34944E-16	0.066117	0.997812	0.0	1.0	5.8936E-17	2.31554E-16	0.0	-0.211179	-0.0737597	-0.07	1.0
					/*	6:child_number	*/	0
					/*	6:name	*/	60M~61M齐头式(右端)-1/45M~47M齐头式右端(无畸零节间)-1/45M~47M齐头式右端(右单片)-1/3a(右外B1)-1/LS2_2号螺栓-15
					/*	6:type	*/	零件\LS2_2号螺栓.SLDPRT
					/*	6:location	*/	-4.34974E-17	0.997812	-0.066117	0.0	-2.34944E-16	0.066117	0.997812	0.0	1.0	5.8936E-17	2.31554E-16	0.0	-0.211179	0.0462403	-0.07	1.0
					/*	6:child_number	*/	0
					/*	6:name	*/	60M~61M齐头式(右端)-1/45M~47M齐头式右端(无畸零节间)-1/45M~47M齐头式右端(右单片)-1/3a(右外B1)-1/LS2_2号螺栓-16
					/*	6:type	*/	零件\LS2_2号螺栓.SLDPRT
					/*	6:location	*/	-4.34974E-17	0.997812	-0.066117	0.0	-2.34944E-16	0.066117	0.997812	0.0	1.0	5.8936E-17	2.31554E-16	0.0	-0.211179	0.0462403	-0.26	1.0
					/*	6:child_number	*/	0
					/*	6:name	*/	60M~61M齐头式(右端)-1/45M~47M齐头式右端(无畸零节间)-1/45M~47M齐头式右端(右单片)-1/3a(右外B1)-1/LS2_2号螺栓-17
					/*	6:type	*/	零件\LS2_2号螺栓.SLDPRT
					/*	6:location	*/	-4.34974E-17	0.997812	-0.066117	0.0	-2.34944E-16	0.066117	0.997812	0.0	1.0	5.8936E-17	2.31554E-16	0.0	-0.211179	0.14624	-0.07	1.0
					/*	6:child_number	*/	0
					/*	6:name	*/	60M~61M齐头式(右端)-1/45M~47M齐头式右端(无畸零节间)-1/45M~47M齐头式右端(右单片)-1/3a(右外B1)-1/LS2_2号螺栓-18
					/*	6:type	*/	零件\LS2_2号螺栓.SLDPRT
					/*	6:location	*/	-4.34974E-17	0.997812	-0.066117	0.0	-2.34944E-16	0.066117	0.997812	0.0	1.0	5.8936E-17	2.31554E-16	0.0	-0.211179	0.24624	-0.07	1.0
					/*	6:child_number	*/	0
					/*	6:name	*/	60M~61M齐头式(右端)-1/45M~47M齐头式右端(无畸零节间)-1/45M~47M齐头式右端(右单片)-1/3a(右外B1)-1/LS2_2号螺栓-19
					/*	6:type	*/	零件\LS2_2号螺栓.SLDPRT
					/*	6:location	*/	-4.34974E-17	0.997812	-0.066117	0.0	-2.34944E-16	0.066117	0.997812	0.0	1.0	5.8936E-17	2.31554E-16	0.0	-0.211179	0.14624	-0.26	1.0
					/*	6:child_number	*/	0
					/*	6:name	*/	60M~61M齐头式(右端)-1/45M~47M齐头式右端(无畸零节间)-1/45M~47M齐头式右端(右单片)-1/3a(右外B1)-1/LS2_2号螺栓-2
					/*	6:type	*/	零件\LS2_2号螺栓.SLDPRT
					/*	6:location	*/	-5.10219E-16	-0.066117	-0.997812	0.0	-1.23981E-16	0.997812	-0.066117	0.0	1.0	8.99755E-17	-5.173E-16	0.0	-0.211179	0.304513	0.290992	1.0
					/*	6:child_number	*/	0
					/*	6:name	*/	60M~61M齐头式(右端)-1/45M~47M齐头式右端(无畸零节间)-1/45M~47M齐头式右端(右单片)-1/3a(右外B1)-1/LS2_2号螺栓-20
					/*	6:type	*/	零件\LS2_2号螺栓.SLDPRT
					/*	6:location	*/	-4.34974E-17	0.997812	-0.066117	0.0	-2.34944E-16	0.066117	0.997812	0.0	1.0	5.8936E-17	2.31554E-16	0.0	-0.211179	0.24624	-0.26	1.0
					/*	6:child_number	*/	0
					/*	6:name	*/	60M~61M齐头式(右端)-1/45M~47M齐头式右端(无畸零节间)-1/45M~47M齐头式右端(右单片)-1/3a(右外B1)-1/LS2_2号螺栓-21
					/*	6:type	*/	零件\LS2_2号螺栓.SLDPRT
					/*	6:location	*/	-5.03853E-16	0.441647	-0.897189	0.0	1.47739E-16	0.897189	0.441647	0.0	1.0	8.99755E-17	-5.173E-16	0.0	-0.211179	-0.10876	0.065	1.0
					/*	6:child_number	*/	0
					/*	6:name	*/	60M~61M齐头式(右端)-1/45M~47M齐头式右端(无畸零节间)-1/45M~47M齐头式右端(右单片)-1/3a(右外B1)-1/LS2_2号螺栓-22
					/*	6:type	*/	零件\LS2_2号螺栓.SLDPRT
					/*	6:location	*/	-5.03853E-16	0.441647	-0.897189	0.0	1.47739E-16	0.897189	0.441647	0.0	1.0	8.99755E-17	-5.173E-16	0.0	-0.211179	-0.10876	0.165	1.0
					/*	6:child_number	*/	0
					/*	6:name	*/	60M~61M齐头式(右端)-1/45M~47M齐头式右端(无畸零节间)-1/45M~47M齐头式右端(右单片)-1/3a(右外B1)-1/LS2_2号螺栓-23
					/*	6:type	*/	零件\LS2_2号螺栓.SLDPRT
					/*	6:location	*/	-5.03853E-16	0.441647	-0.897189	0.0	1.47739E-16	0.897189	0.441647	0.0	1.0	8.99755E-17	-5.173E-16	0.0	-0.211179	-0.10876	0.265	1.0
					/*	6:child_number	*/	0
					/*	6:name	*/	60M~61M齐头式(右端)-1/45M~47M齐头式右端(无畸零节间)-1/45M~47M齐头式右端(右单片)-1/3a(右外B1)-1/LS2_2号螺栓-24
					/*	6:type	*/	零件\LS2_2号螺栓.SLDPRT
					/*	6:location	*/	-5.03853E-16	0.441647	-0.897189	0.0	1.47739E-16	0.897189	0.441647	0.0	1.0	8.99755E-17	-5.173E-16	0.0	-0.211179	0.0812403	0.065	1.0
					/*	6:child_number	*/	0
					/*	6:name	*/	60M~61M齐头式(右端)-1/45M~47M齐头式右端(无畸零节间)-1/45M~47M齐头式右端(右单片)-1/3a(右外B1)-1/LS2_2号螺栓-25
					/*	6:type	*/	零件\LS2_2号螺栓.SLDPRT
					/*	6:location	*/	-5.03853E-16	0.441647	-0.897189	0.0	1.47739E-16	0.897189	0.441647	0.0	1.0	8.99755E-17	-5.173E-16	0.0	-0.211179	0.0812403	0.165	1.0
					/*	6:child_number	*/	0
					/*	6:name	*/	60M~61M齐头式(右端)-1/45M~47M齐头式右端(无畸零节间)-1/45M~47M齐头式右端(右单片)-1/3a(右外B1)-1/LS2_2号螺栓-26
					/*	6:type	*/	零件\LS2_2号螺栓.SLDPRT
					/*	6:location	*/	-5.03853E-16	0.441647	-0.897189	0.0	1.47739E-16	0.897189	0.441647	0.0	1.0	8.99755E-17	-5.173E-16	0.0	-0.211179	0.0812403	0.265	1.0
					/*	6:child_number	*/	0
					/*	6:name	*/	60M~61M齐头式(右端)-1/45M~47M齐头式右端(无畸零节间)-1/45M~47M齐头式右端(右单片)-1/3a(右外B1)-1/LS2_2号螺栓-27
					/*	6:type	*/	零件\LS2_2号螺栓.SLDPRT
					/*	6:location	*/	-3.6248E-16	0.831072	-0.556165	0.0	3.79872E-16	0.556165	0.831072	0.0	1.0	8.99755E-17	-5.173E-16	0.0	-0.211179	0.237673	0.107805	1.0
					/*	6:child_number	*/	0
					/*	6:name	*/	60M~61M齐头式(右端)-1/45M~47M齐头式右端(无畸零节间)-1/45M~47M齐头式右端(右单片)-1/3a(右外B1)-1/LS2_2号螺栓-28
					/*	6:type	*/	零件\LS2_2号螺栓.SLDPRT
					/*	6:location	*/	-5.10219E-16	-0.066117	-0.997812	0.0	-1.23981E-16	0.997812	-0.066117	0.0	1.0	8.99755E-17	-5.173E-16	0.0	-0.211179	0.318999	0.196044	1.0
					/*	6:child_number	*/	0
					/*	6:name	*/	60M~61M齐头式(右端)-1/45M~47M齐头式右端(无畸零节间)-1/45M~47M齐头式右端(右单片)-1/3a(右外B1)-1/LS2_2号螺栓-3
					/*	6:type	*/	零件\LS2_2号螺栓.SLDPRT
					/*	6:location	*/	-5.10219E-16	-0.066117	-0.997812	0.0	-1.23981E-16	0.997812	-0.066117	0.0	1.0	8.99755E-17	-5.173E-16	0.0	-0.211179	0.414812	0.189334	1.0
					/*	6:child_number	*/	0
					/*	6:name	*/	60M~61M齐头式(右端)-1/45M~47M齐头式右端(无畸零节间)-1/45M~47M齐头式右端(右单片)-1/3a(右外B1)-1/LS2_2号螺栓-6
					/*	6:type	*/	零件\LS2_2号螺栓.SLDPRT
					/*	6:location	*/	-5.10219E-16	-0.066117	-0.997812	0.0	-1.23981E-16	0.997812	-0.066117	0.0	1.0	8.99755E-17	-5.173E-16	0.0	-0.211179	0.223187	0.202753	1.0
					/*	6:child_number	*/	0
					/*	6:name	*/	60M~61M齐头式(右端)-1/45M~47M齐头式右端(无畸零节间)-1/45M~47M齐头式右端(右单片)-1/3a(右外B1)-1/LS2_2号螺栓-9
					/*	6:type	*/	零件\LS2_2号螺栓.SLDPRT
					/*	6:location	*/	-4.34974E-17	0.997812	-0.066117	0.0	-2.34944E-16	0.066117	0.997812	0.0	1.0	5.8936E-17	2.31554E-16	0.0	-0.211179	-0.27376	-0.26	1.0
					/*	6:child_number	*/	0
				/*	5:name	*/	60M~61M齐头式(右端)-1/45M~47M齐头式右端(无畸零节间)-1/45M~47M齐头式右端(右单片)-1/3b(内B2)-2
				/*	5:type	*/	上承式梁\公共组件\梁端\齐头式梁端\带螺栓零件\3b(内B2).SLDASM
				/*	5:location	*/	0.0996079	-0.0225382	0.994771	0.0	0.429372	0.902846	-0.0225382	0.0	-0.897618	0.429372	0.0996079	0.0	-3.47744	-1.80925	15.5685	1.0
				/*	5:child_number	*/	5
					/*	6:name	*/	60M~61M齐头式(右端)-1/45M~47M齐头式右端(无畸零节间)-1/45M~47M齐头式右端(右单片)-1/3b(内B2)-2/B2_节点板-1
					/*	6:type	*/	零件\B2_节点板.SLDPRT
					/*	6:location	*/	1.0	0.0	0.0	0.0	0.0	1.0	1.17771E-31	0.0	0.0	1.05204E-31	1.0	0.0	-0.276988	-0.0243789	0.0395	1.0
					/*	6:child_number	*/	0
					/*	6:name	*/	60M~61M齐头式(右端)-1/45M~47M齐头式右端(无畸零节间)-1/45M~47M齐头式右端(右单片)-1/3b(内B2)-2/LS2_2号螺栓-10
					/*	6:type	*/	零件\LS2_2号螺栓.SLDPRT
					/*	6:location	*/	0.997812	0.066117	0.0	0.0	0.066117	-0.997812	-5.7932E-31	0.0	0.0	-1.05204E-31	-1.0	0.0	-0.0112075	-0.279379	0.0745	1.0
					/*	6:child_number	*/	0
					/*	6:name	*/	60M~61M齐头式(右端)-1/45M~47M齐头式右端(无畸零节间)-1/45M~47M齐头式右端(右单片)-1/3b(内B2)-2/LS2_2号螺栓-7
					/*	6:type	*/	零件\LS2_2号螺栓.SLDPRT
					/*	6:location	*/	0.997812	0.066117	0.0	0.0	0.066117	-0.997812	-5.7932E-31	0.0	0.0	-1.05204E-31	-1.0	0.0	-0.201208	-0.179379	0.0745	1.0
					/*	6:child_number	*/	0
					/*	6:name	*/	60M~61M齐头式(右端)-1/45M~47M齐头式右端(无畸零节间)-1/45M~47M齐头式右端(右单片)-1/3b(内B2)-2/LS2_2号螺栓-8
					/*	6:type	*/	零件\LS2_2号螺栓.SLDPRT
					/*	6:location	*/	0.997812	0.066117	0.0	0.0	0.066117	-0.997812	-5.7932E-31	0.0	0.0	-1.05204E-31	-1.0	0.0	-0.201208	-0.279379	0.0745	1.0
					/*	6:child_number	*/	0
					/*	6:name	*/	60M~61M齐头式(右端)-1/45M~47M齐头式右端(无畸零节间)-1/45M~47M齐头式右端(右单片)-1/3b(内B2)-2/LS2_2号螺栓-9
					/*	6:type	*/	零件\LS2_2号螺栓.SLDPRT
					/*	6:location	*/	0.997812	0.066117	0.0	0.0	0.066117	-0.997812	-5.7932E-31	0.0	0.0	-1.05204E-31	-1.0	0.0	-0.0112075	-0.179379	0.0745	1.0
					/*	6:child_number	*/	0
				/*	5:name	*/	60M~61M齐头式(右端)-1/45M~47M齐头式右端(无畸零节间)-1/45M~47M齐头式右端(右单片)-1/3b(外B2)-4
				/*	5:type	*/	上承式梁\公共组件\梁端\齐头式梁端\带螺栓零件\3b(外B2).SLDASM
				/*	5:location	*/	-0.0996079	0.0225382	-0.994771	0.0	0.429372	0.902846	-0.0225382	0.0	0.897618	-0.429372	-0.0996079	0.0	-3.19042	-1.91318	15.3301	1.0
				/*	5:child_number	*/	11
					/*	6:name	*/	60M~61M齐头式(右端)-1/45M~47M齐头式右端(无畸零节间)-1/45M~47M齐头式右端(右单片)-1/3b(外B2)-4/B2_节点板-1
					/*	6:type	*/	零件\B2_节点板.SLDPRT
					/*	6:location	*/	1.0	0.0	0.0	0.0	0.0	1.0	-1.73719E-31	0.0	0.0	4.54519E-32	1.0	0.0	-0.270777	-0.0591603	0.0145	1.0
					/*	6:child_number	*/	0
					/*	6:name	*/	60M~61M齐头式(右端)-1/45M~47M齐头式右端(无畸零节间)-1/45M~47M齐头式右端(右单片)-1/3b(外B2)-4/LS2_2号螺栓-1
					/*	6:type	*/	零件\LS2_2号螺栓.SLDPRT
					/*	6:location	*/	0.997812	0.066117	3.9443E-31	0.0	0.066117	-0.997812	7.88861E-31	0.0	0.0	-4.54519E-32	-1.0	0.0	-0.259997	0.0208397	0.0495	1.0
					/*	6:child_number	*/	0
					/*	6:name	*/	60M~61M齐头式(右端)-1/45M~47M齐头式右端(无畸零节间)-1/45M~47M齐头式右端(右单片)-1/3b(外B2)-4/LS2_2号螺栓-10
					/*	6:type	*/	零件\LS2_2号螺栓.SLDPRT
					/*	6:location	*/	0.441647	0.897189	-1.97215E-31	0.0	0.897189	-0.441647	5.91646E-31	0.0	0.0	-4.54519E-32	-1.0	0.0	-0.194997	-0.21416	0.0495	1.0
					/*	6:child_number	*/	0
					/*	6:name	*/	60M~61M齐头式(右端)-1/45M~47M齐头式右端(无畸零节间)-1/45M~47M齐头式右端(右单片)-1/3b(外B2)-4/LS2_2号螺栓-11
					/*	6:type	*/	零件\LS2_2号螺栓.SLDPRT
					/*	6:location	*/	0.441647	0.897189	-1.97215E-31	0.0	0.897189	-0.441647	5.91646E-31	0.0	0.0	-4.54519E-32	-1.0	0.0	-0.194997	-0.31416	0.0495	1.0
					/*	6:child_number	*/	0
					/*	6:name	*/	60M~61M齐头式(右端)-1/45M~47M齐头式右端(无畸零节间)-1/45M~47M齐头式右端(右单片)-1/3b(外B2)-4/LS2_2号螺栓-12
					/*	6:type	*/	零件\LS2_2号螺栓.SLDPRT
					/*	6:location	*/	0.441647	0.897189	-1.97215E-31	0.0	0.897189	-0.441647	5.91646E-31	0.0	0.0	-4.54519E-32	-1.0	0.0	-0.00499656	-0.11416	0.0495	1.0
					/*	6:child_number	*/	0
					/*	6:name	*/	60M~61M齐头式(右端)-1/45M~47M齐头式右端(无畸零节间)-1/45M~47M齐头式右端(右单片)-1/3b(外B2)-4/LS2_2号螺栓-13
					/*	6:type	*/	零件\LS2_2号螺栓.SLDPRT
					/*	6:location	*/	0.441647	0.897189	-1.97215E-31	0.0	0.897189	-0.441647	5.91646E-31	0.0	0.0	-4.54519E-32	-1.0	0.0	-0.00499656	-0.21416	0.0495	1.0
					/*	6:child_number	*/	0
					/*	6:name	*/	60M~61M齐头式(右端)-1/45M~47M齐头式右端(无畸零节间)-1/45M~47M齐头式右端(右单片)-1/3b(外B2)-4/LS2_2号螺栓-14
					/*	6:type	*/	零件\LS2_2号螺栓.SLDPRT
					/*	6:location	*/	0.441647	0.897189	-1.97215E-31	0.0	0.897189	-0.441647	5.91646E-31	0.0	0.0	-4.54519E-32	-1.0	0.0	-0.00499656	-0.31416	0.0495	1.0
					/*	6:child_number	*/	0
					/*	6:name	*/	60M~61M齐头式(右端)-1/45M~47M齐头式右端(无畸零节间)-1/45M~47M齐头式右端(右单片)-1/3b(外B2)-4/LS2_2号螺栓-15
					/*	6:type	*/	零件\LS2_2号螺栓.SLDPRT
					/*	6:location	*/	0.997812	0.066117	3.9443E-31	0.0	0.066117	-0.997812	7.88861E-31	0.0	0.0	-4.54519E-32	-1.0	0.0	0.0600034	0.0208397	0.0495	1.0
					/*	6:child_number	*/	0
					/*	6:name	*/	60M~61M齐头式(右端)-1/45M~47M齐头式右端(无畸零节间)-1/45M~47M齐头式右端(右单片)-1/3b(外B2)-4/LS2_2号螺栓-16
					/*	6:type	*/	零件\LS2_2号螺栓.SLDPRT
					/*	6:location	*/	0.997812	0.066117	3.9443E-31	0.0	0.066117	-0.997812	7.88861E-31	0.0	0.0	-4.54519E-32	-1.0	0.0	-0.159997	0.0208397	0.0495	1.0
					/*	6:child_number	*/	0
					/*	6:name	*/	60M~61M齐头式(右端)-1/45M~47M齐头式右端(无畸零节间)-1/45M~47M齐头式右端(右单片)-1/3b(外B2)-4/LS2_2号螺栓-2
					/*	6:type	*/	零件\LS2_2号螺栓.SLDPRT
					/*	6:location	*/	0.997812	0.066117	3.9443E-31	0.0	0.066117	-0.997812	7.88861E-31	0.0	0.0	-4.54519E-32	-1.0	0.0	-0.0399966	0.0208397	0.0495	1.0
					/*	6:child_number	*/	0
					/*	6:name	*/	60M~61M齐头式(右端)-1/45M~47M齐头式右端(无畸零节间)-1/45M~47M齐头式右端(右单片)-1/3b(外B2)-4/LS2_2号螺栓-3
					/*	6:type	*/	零件\LS2_2号螺栓.SLDPRT
					/*	6:location	*/	0.441647	0.897189	-1.97215E-31	0.0	0.897189	-0.441647	5.91646E-31	0.0	0.0	-4.54519E-32	-1.0	0.0	-0.194997	-0.11416	0.0495	1.0
					/*	6:child_number	*/	0
				/*	5:name	*/	60M~61M齐头式(右端)-1/45M~47M齐头式右端(无畸零节间)-1/45M~47M齐头式右端(右单片)-1/F1(配螺帽)-1
				/*	5:type	*/	上承式梁\公共组件\梁端\齐头式梁端\带螺栓零件\F1(配螺帽).SLDASM
				/*	5:location	*/	-0.897618	0.429372	0.0996079	0.0	-0.217749	-0.628447	0.746753	0.0	0.383233	0.648609	0.657601	0.0	-4.0529	-3.71972	17.4817	1.0
				/*	5:child_number	*/	25
					/*	6:name	*/	60M~61M齐头式(右端)-1/45M~47M齐头式右端(无畸零节间)-1/45M~47M齐头式右端(右单片)-1/F1(配螺帽)-1/F1_重斜杆-1
					/*	6:type	*/	零件\F1_重斜杆.SLDPRT
					/*	6:location	*/	1.0	1.97215E-31	1.97215E-31	0.0	-2.95823E-31	1.0	0.0	0.0	3.9443E-31	0.0	1.0	0.0	-0.037317	0.00645332	0.0	1.0
					/*	6:child_number	*/	0
					/*	6:name	*/	60M~61M齐头式(右端)-1/45M~47M齐头式右端(无畸零节间)-1/45M~47M齐头式右端(右单片)-1/F1(配螺帽)-1/螺母1-1
					/*	6:type	*/	零件\螺母1.SLDPRT
					/*	6:location	*/	0.0	0.258819	-0.965926	0.0	0.0	0.965926	0.258819	0.0	1.0	1.97215E-31	1.97215E-31	0.0	-0.199317	0.0814533	2.52	1.0
					/*	6:child_number	*/	0
					/*	6:name	*/	60M~61M齐头式(右端)-1/45M~47M齐头式右端(无畸零节间)-1/45M~47M齐头式右端(右单片)-1/F1(配螺帽)-1/螺母1-10
					/*	6:type	*/	零件\螺母1.SLDPRT
					/*	6:location	*/	-3.9443E-31	-0.707107	-0.707107	0.0	1.664E-31	0.707107	-0.707107	0.0	1.0	1.97215E-31	1.97215E-31	0.0	-0.199317	-0.0685467	2.4	1.0
					/*	6:child_number	*/	0
					/*	6:name	*/	60M~61M齐头式(右端)-1/45M~47M齐头式右端(无畸零节间)-1/45M~47M齐头式右端(右单片)-1/F1(配螺帽)-1/螺母1-11
					/*	6:type	*/	零件\螺母1.SLDPRT
					/*	6:location	*/	-3.9443E-31	-0.707107	-0.707107	0.0	1.664E-31	0.707107	-0.707107	0.0	1.0	1.97215E-31	1.97215E-31	0.0	-0.199317	0.00645332	2.46	1.0
					/*	6:child_number	*/	0
					/*	6:name	*/	60M~61M齐头式(右端)-1/45M~47M齐头式右端(无畸零节间)-1/45M~47M齐头式右端(右单片)-1/F1(配螺帽)-1/螺母1-12
					/*	6:type	*/	零件\螺母1.SLDPRT
					/*	6:location	*/	0.0	0.258819	-0.965926	0.0	0.0	0.965926	0.258819	0.0	1.0	1.97215E-31	1.97215E-31	0.0	-0.199317	0.0814533	2.4	1.0
					/*	6:child_number	*/	0
					/*	6:name	*/	60M~61M齐头式(右端)-1/45M~47M齐头式右端(无畸零节间)-1/45M~47M齐头式右端(右单片)-1/F1(配螺帽)-1/螺母1-13
					/*	6:type	*/	零件\螺母1.SLDPRT
					/*	6:location	*/	-3.9443E-31	-0.707107	-0.707107	0.0	1.664E-31	0.707107	-0.707107	0.0	1.0	1.97215E-31	1.97215E-31	0.0	-0.199317	-0.0685467	-2.52	1.0
					/*	6:child_number	*/	0
					/*	6:name	*/	60M~61M齐头式(右端)-1/45M~47M齐头式右端(无畸零节间)-1/45M~47M齐头式右端(右单片)-1/F1(配螺帽)-1/螺母1-14
					/*	6:type	*/	零件\螺母1.SLDPRT
					/*	6:location	*/	-3.9443E-31	-0.707107	-0.707107	0.0	1.664E-31	0.707107	-0.707107	0.0	1.0	1.97215E-31	1.97215E-31	0.0	-0.199317	-0.0685467	-2.4	1.0
					/*	6:child_number	*/	0
					/*	6:name	*/	60M~61M齐头式(右端)-1/45M~47M齐头式右端(无畸零节间)-1/45M~47M齐头式右端(右单片)-1/F1(配螺帽)-1/螺母1-15
					/*	6:type	*/	零件\螺母1.SLDPRT
					/*	6:location	*/	0.0	0.258819	-0.965926	0.0	0.0	0.965926	0.258819	0.0	1.0	1.97215E-31	1.97215E-31	0.0	-0.199317	0.0814533	-2.52	1.0
					/*	6:child_number	*/	0
					/*	6:name	*/	60M~61M齐头式(右端)-1/45M~47M齐头式右端(无畸零节间)-1/45M~47M齐头式右端(右单片)-1/F1(配螺帽)-1/螺母1-16
					/*	6:type	*/	零件\螺母1.SLDPRT
					/*	6:location	*/	0.0	0.258819	-0.965926	0.0	0.0	0.965926	0.258819	0.0	1.0	1.97215E-31	1.97215E-31	0.0	-0.199317	0.0814533	-2.4	1.0
					/*	6:child_number	*/	0
					/*	6:name	*/	60M~61M齐头式(右端)-1/45M~47M齐头式右端(无畸零节间)-1/45M~47M齐头式右端(右单片)-1/F1(配螺帽)-1/螺母1-17
					/*	6:type	*/	零件\螺母1.SLDPRT
					/*	6:location	*/	2.95823E-31	-0.965926	0.258819	0.0	3.9443E-31	0.258819	0.965926	0.0	-1.0	-1.97215E-31	-1.97215E-31	0.0	0.124683	-0.0685467	-2.52	1.0
					/*	6:child_number	*/	0
					/*	6:name	*/	60M~61M齐头式(右端)-1/45M~47M齐头式右端(无畸零节间)-1/45M~47M齐头式右端(右单片)-1/F1(配螺帽)-1/螺母1-18
					/*	6:type	*/	零件\螺母1.SLDPRT
					/*	6:location	*/	2.95823E-31	-0.965926	0.258819	0.0	3.9443E-31	0.258819	0.965926	0.0	-1.0	-1.97215E-31	-1.97215E-31	0.0	0.124683	-0.0685467	-2.4	1.0
					/*	6:child_number	*/	0
					/*	6:name	*/	60M~61M齐头式(右端)-1/45M~47M齐头式右端(无畸零节间)-1/45M~47M齐头式右端(右单片)-1/F1(配螺帽)-1/螺母1-19
					/*	6:type	*/	零件\螺母1.SLDPRT
					/*	6:location	*/	2.95823E-31	-0.965926	0.258819	0.0	3.9443E-31	0.258819	0.965926	0.0	-1.0	-1.97215E-31	-1.97215E-31	0.0	0.124683	0.0814533	-2.4	1.0
					/*	6:child_number	*/	0
					/*	6:name	*/	60M~61M齐头式(右端)-1/45M~47M齐头式右端(无畸零节间)-1/45M~47M齐头式右端(右单片)-1/F1(配螺帽)-1/螺母1-2
					/*	6:type	*/	零件\螺母1.SLDPRT
					/*	6:location	*/	-3.9443E-31	-0.707107	-0.707107	0.0	1.664E-31	0.707107	-0.707107	0.0	1.0	1.97215E-31	1.97215E-31	0.0	-0.199317	0.00645332	2.58	1.0
					/*	6:child_number	*/	0
					/*	6:name	*/	60M~61M齐头式(右端)-1/45M~47M齐头式右端(无畸零节间)-1/45M~47M齐头式右端(右单片)-1/F1(配螺帽)-1/螺母1-20
					/*	6:type	*/	零件\螺母1.SLDPRT
					/*	6:location	*/	2.95823E-31	-0.965926	0.258819	0.0	3.9443E-31	0.258819	0.965926	0.0	-1.0	-1.97215E-31	-1.97215E-31	0.0	0.124683	0.0814533	-2.52	1.0
					/*	6:child_number	*/	0
					/*	6:name	*/	60M~61M齐头式(右端)-1/45M~47M齐头式右端(无畸零节间)-1/45M~47M齐头式右端(右单片)-1/F1(配螺帽)-1/螺母1-21
					/*	6:type	*/	零件\螺母1.SLDPRT
					/*	6:location	*/	0.0	-0.707107	-0.707107	0.0	3.69779E-32	-0.707107	0.707107	0.0	-1.0	4.62551E-17	8.12811E-17	0.0	0.124683	0.00645332	-2.46	1.0
					/*	6:child_number	*/	0
					/*	6:name	*/	60M~61M齐头式(右端)-1/45M~47M齐头式右端(无畸零节间)-1/45M~47M齐头式右端(右单片)-1/F1(配螺帽)-1/螺母1-22
					/*	6:type	*/	零件\螺母1.SLDPRT
					/*	6:location	*/	0.0	-0.707107	-0.707107	0.0	3.69779E-32	-0.707107	0.707107	0.0	-1.0	4.62551E-17	8.12811E-17	0.0	0.124683	0.00645332	-2.58	1.0
					/*	6:child_number	*/	0
					/*	6:name	*/	60M~61M齐头式(右端)-1/45M~47M齐头式右端(无畸零节间)-1/45M~47M齐头式右端(右单片)-1/F1(配螺帽)-1/螺母1-23
					/*	6:type	*/	零件\螺母1.SLDPRT
					/*	6:location	*/	-3.9443E-31	-0.707107	-0.707107	0.0	1.664E-31	0.707107	-0.707107	0.0	1.0	1.97215E-31	1.97215E-31	0.0	-0.199317	0.00645332	-2.58	1.0
					/*	6:child_number	*/	0
					/*	6:name	*/	60M~61M齐头式(右端)-1/45M~47M齐头式右端(无畸零节间)-1/45M~47M齐头式右端(右单片)-1/F1(配螺帽)-1/螺母1-24
					/*	6:type	*/	零件\螺母1.SLDPRT
					/*	6:location	*/	-3.9443E-31	-0.707107	-0.707107	0.0	1.664E-31	0.707107	-0.707107	0.0	1.0	1.97215E-31	1.97215E-31	0.0	-0.199317	0.00645332	-2.46	1.0
					/*	6:child_number	*/	0
					/*	6:name	*/	60M~61M齐头式(右端)-1/45M~47M齐头式右端(无畸零节间)-1/45M~47M齐头式右端(右单片)-1/F1(配螺帽)-1/螺母1-3
					/*	6:type	*/	零件\螺母1.SLDPRT
					/*	6:location	*/	-3.9443E-31	-0.707107	-0.707107	0.0	1.664E-31	0.707107	-0.707107	0.0	1.0	1.97215E-31	1.97215E-31	0.0	-0.199317	-0.0685467	2.52	1.0
					/*	6:child_number	*/	0
					/*	6:name	*/	60M~61M齐头式(右端)-1/45M~47M齐头式右端(无畸零节间)-1/45M~47M齐头式右端(右单片)-1/F1(配螺帽)-1/螺母1-4
					/*	6:type	*/	零件\螺母1.SLDPRT
					/*	6:location	*/	2.95823E-31	-0.965926	0.258819	0.0	3.9443E-31	0.258819	0.965926	0.0	-1.0	-1.97215E-31	-1.97215E-31	0.0	0.124683	0.0814533	2.52	1.0
					/*	6:child_number	*/	0
					/*	6:name	*/	60M~61M齐头式(右端)-1/45M~47M齐头式右端(无畸零节间)-1/45M~47M齐头式右端(右单片)-1/F1(配螺帽)-1/螺母1-5
					/*	6:type	*/	零件\螺母1.SLDPRT
					/*	6:location	*/	0.0	-0.707107	-0.707107	0.0	3.69779E-32	-0.707107	0.707107	0.0	-1.0	4.62551E-17	8.12811E-17	0.0	0.124683	0.00645332	2.58	1.0
					/*	6:child_number	*/	0
					/*	6:name	*/	60M~61M齐头式(右端)-1/45M~47M齐头式右端(无畸零节间)-1/45M~47M齐头式右端(右单片)-1/F1(配螺帽)-1/螺母1-6
					/*	6:type	*/	零件\螺母1.SLDPRT
					/*	6:location	*/	2.95823E-31	-0.965926	0.258819	0.0	3.9443E-31	0.258819	0.965926	0.0	-1.0	-1.97215E-31	-1.97215E-31	0.0	0.124683	-0.0685467	2.52	1.0
					/*	6:child_number	*/	0
					/*	6:name	*/	60M~61M齐头式(右端)-1/45M~47M齐头式右端(无畸零节间)-1/45M~47M齐头式右端(右单片)-1/F1(配螺帽)-1/螺母1-7
					/*	6:type	*/	零件\螺母1.SLDPRT
					/*	6:location	*/	2.95823E-31	-0.965926	0.258819	0.0	3.9443E-31	0.258819	0.965926	0.0	-1.0	-1.97215E-31	-1.97215E-31	0.0	0.124683	-0.0685467	2.4	1.0
					/*	6:child_number	*/	0
					/*	6:name	*/	60M~61M齐头式(右端)-1/45M~47M齐头式右端(无畸零节间)-1/45M~47M齐头式右端(右单片)-1/F1(配螺帽)-1/螺母1-8
					/*	6:type	*/	零件\螺母1.SLDPRT
					/*	6:location	*/	0.0	-0.707107	-0.707107	0.0	3.69779E-32	-0.707107	0.707107	0.0	-1.0	4.62551E-17	8.12811E-17	0.0	0.124683	0.00645332	2.46	1.0
					/*	6:child_number	*/	0
					/*	6:name	*/	60M~61M齐头式(右端)-1/45M~47M齐头式右端(无畸零节间)-1/45M~47M齐头式右端(右单片)-1/F1(配螺帽)-1/螺母1-9
					/*	6:type	*/	零件\螺母1.SLDPRT
					/*	6:location	*/	2.95823E-31	-0.965926	0.258819	0.0	3.9443E-31	0.258819	0.965926	0.0	-1.0	-1.97215E-31	-1.97215E-31	0.0	0.124683	0.0814533	2.4	1.0
					/*	6:child_number	*/	0
				/*	5:name	*/	60M~61M齐头式(右端)-1/45M~47M齐头式右端(无畸零节间)-1/45M~47M齐头式右端(右单片)-1/F5(上，配J2)-1
				/*	5:type	*/	上承式梁\公共组件\梁端\齐头式梁端\带螺栓零件\F5(上，配J2).SLDASM
				/*	5:location	*/	0.897618	-0.429372	-0.0996079	0.0	0.429372	0.902846	-0.0225382	0.0	0.0996079	-0.0225382	0.994771	0.0	-3.92485	-6.04341	17.4211	1.0
				/*	5:child_number	*/	29
					/*	6:name	*/	60M~61M齐头式(右端)-1/45M~47M齐头式右端(无畸零节间)-1/45M~47M齐头式右端(右单片)-1/F5(上，配J2)-1/F5_端立杆-1
					/*	6:type	*/	零件\F5_端立杆.SLDPRT
					/*	6:location	*/	1.0	2.78104E-31	-1.97215E-31	0.0	-1.04771E-31	1.0	0.0	0.0	0.0	0.0	1.0	0.0	-1.08139	-0.132723	-3.55271E-15	1.0
					/*	6:child_number	*/	0
					/*	6:name	*/	60M~61M齐头式(右端)-1/45M~47M齐头式右端(无畸零节间)-1/45M~47M齐头式右端(右单片)-1/F5(上，配J2)-1/螺母1-1
					/*	6:type	*/	零件\螺母1.SLDPRT
					/*	6:location	*/	0.0	-0.5	-0.866025	0.0	-1.97215E-31	0.866025	-0.5	0.0	1.0	2.78104E-31	-1.97215E-31	0.0	-1.23939	-0.0377232	-1.74	1.0
					/*	6:child_number	*/	0
					/*	6:name	*/	60M~61M齐头式(右端)-1/45M~47M齐头式右端(无畸零节间)-1/45M~47M齐头式右端(右单片)-1/F5(上，配J2)-1/螺母1-10
					/*	6:type	*/	零件\螺母1.SLDPRT
					/*	6:location	*/	0.0	0.5	-0.866025	0.0	-9.86076E-32	0.866025	0.5	0.0	1.0	2.78104E-31	-1.97215E-31	0.0	-1.23939	-0.227723	1.84	1.0
					/*	6:child_number	*/	0
					/*	6:name	*/	60M~61M齐头式(右端)-1/45M~47M齐头式右端(无畸零节间)-1/45M~47M齐头式右端(右单片)-1/F5(上，配J2)-1/螺母1-11
					/*	6:type	*/	零件\螺母1.SLDPRT
					/*	6:location	*/	0.0	0.5	-0.866025	0.0	-9.86076E-32	0.866025	0.5	0.0	1.0	2.78104E-31	-1.97215E-31	0.0	-1.23939	-0.0377232	1.74	1.0
					/*	6:child_number	*/	0
					/*	6:name	*/	60M~61M齐头式(右端)-1/45M~47M齐头式右端(无畸零节间)-1/45M~47M齐头式右端(右单片)-1/F5(上，配J2)-1/螺母1-12
					/*	6:type	*/	零件\螺母1.SLDPRT
					/*	6:location	*/	0.0	0.5	-0.866025	0.0	-9.86076E-32	0.866025	0.5	0.0	1.0	2.78104E-31	-1.97215E-31	0.0	-1.23939	-0.227723	1.74	1.0
					/*	6:child_number	*/	0
					/*	6:name	*/	60M~61M齐头式(右端)-1/45M~47M齐头式右端(无畸零节间)-1/45M~47M齐头式右端(右单片)-1/F5(上，配J2)-1/螺母1-13
					/*	6:type	*/	零件\螺母1.SLDPRT
					/*	6:location	*/	0.0	-0.5	-0.866025	0.0	9.86076E-32	-0.866025	0.5	0.0	-1.0	-2.78104E-31	1.97215E-31	0.0	-0.923387	-0.0377232	-1.74	1.0
					/*	6:child_number	*/	0
					/*	6:name	*/	60M~61M齐头式(右端)-1/45M~47M齐头式右端(无畸零节间)-1/45M~47M齐头式右端(右单片)-1/F5(上，配J2)-1/螺母1-14
					/*	6:type	*/	零件\螺母1.SLDPRT
					/*	6:location	*/	0.0	-0.5	-0.866025	0.0	9.86076E-32	-0.866025	0.5	0.0	-1.0	-2.78104E-31	1.97215E-31	0.0	-0.923387	-0.227723	-1.74	1.0
					/*	6:child_number	*/	0
					/*	6:name	*/	60M~61M齐头式(右端)-1/45M~47M齐头式右端(无畸零节间)-1/45M~47M齐头式右端(右单片)-1/F5(上，配J2)-1/螺母1-15
					/*	6:type	*/	零件\螺母1.SLDPRT
					/*	6:location	*/	0.0	-0.5	-0.866025	0.0	9.86076E-32	-0.866025	0.5	0.0	-1.0	-2.78104E-31	1.97215E-31	0.0	-0.923387	-0.0377232	-1.84	1.0
					/*	6:child_number	*/	0
					/*	6:name	*/	60M~61M齐头式(右端)-1/45M~47M齐头式右端(无畸零节间)-1/45M~47M齐头式右端(右单片)-1/F5(上，配J2)-1/螺母1-16
					/*	6:type	*/	零件\螺母1.SLDPRT
					/*	6:location	*/	0.0	-0.5	-0.866025	0.0	9.86076E-32	-0.866025	0.5	0.0	-1.0	-2.78104E-31	1.97215E-31	0.0	-0.923387	-0.227723	-1.84	1.0
					/*	6:child_number	*/	0
					/*	6:name	*/	60M~61M齐头式(右端)-1/45M~47M齐头式右端(无畸零节间)-1/45M~47M齐头式右端(右单片)-1/F5(上，配J2)-1/螺母1-17
					/*	6:type	*/	零件\螺母1.SLDPRT
					/*	6:location	*/	0.0	-0.5	-0.866025	0.0	9.86076E-32	-0.866025	0.5	0.0	-1.0	-2.78104E-31	1.97215E-31	0.0	-0.923387	-0.0377232	-1.94	1.0
					/*	6:child_number	*/	0
					/*	6:name	*/	60M~61M齐头式(右端)-1/45M~47M齐头式右端(无畸零节间)-1/45M~47M齐头式右端(右单片)-1/F5(上，配J2)-1/螺母1-18
					/*	6:type	*/	零件\螺母1.SLDPRT
					/*	6:location	*/	0.0	-0.5	-0.866025	0.0	9.86076E-32	-0.866025	0.5	0.0	-1.0	-2.78104E-31	1.97215E-31	0.0	-0.923387	-0.227723	-1.94	1.0
					/*	6:child_number	*/	0
					/*	6:name	*/	60M~61M齐头式(右端)-1/45M~47M齐头式右端(无畸零节间)-1/45M~47M齐头式右端(右单片)-1/F5(上，配J2)-1/螺母1-19
					/*	6:type	*/	零件\螺母1.SLDPRT
					/*	6:location	*/	0.0	-0.5	-0.866025	0.0	9.86076E-32	-0.866025	0.5	0.0	-1.0	-2.78104E-31	1.97215E-31	0.0	-0.923387	-0.0377232	1.94	1.0
					/*	6:child_number	*/	0
					/*	6:name	*/	60M~61M齐头式(右端)-1/45M~47M齐头式右端(无畸零节间)-1/45M~47M齐头式右端(右单片)-1/F5(上，配J2)-1/螺母1-2
					/*	6:type	*/	零件\螺母1.SLDPRT
					/*	6:location	*/	0.0	-0.5	-0.866025	0.0	-1.97215E-31	0.866025	-0.5	0.0	1.0	2.78104E-31	-1.97215E-31	0.0	-1.23939	-0.227723	-1.74	1.0
					/*	6:child_number	*/	0
					/*	6:name	*/	60M~61M齐头式(右端)-1/45M~47M齐头式右端(无畸零节间)-1/45M~47M齐头式右端(右单片)-1/F5(上，配J2)-1/螺母1-20
					/*	6:type	*/	零件\螺母1.SLDPRT
					/*	6:location	*/	0.0	-0.5	-0.866025	0.0	9.86076E-32	-0.866025	0.5	0.0	-1.0	-2.78104E-31	1.97215E-31	0.0	-0.923387	-0.0377232	1.84	1.0
					/*	6:child_number	*/	0
					/*	6:name	*/	60M~61M齐头式(右端)-1/45M~47M齐头式右端(无畸零节间)-1/45M~47M齐头式右端(右单片)-1/F5(上，配J2)-1/螺母1-21
					/*	6:type	*/	零件\螺母1.SLDPRT
					/*	6:location	*/	0.0	-0.5	-0.866025	0.0	9.86076E-32	-0.866025	0.5	0.0	-1.0	-2.78104E-31	1.97215E-31	0.0	-0.923387	-0.0377232	1.74	1.0
					/*	6:child_number	*/	0
					/*	6:name	*/	60M~61M齐头式(右端)-1/45M~47M齐头式右端(无畸零节间)-1/45M~47M齐头式右端(右单片)-1/F5(上，配J2)-1/螺母1-22
					/*	6:type	*/	零件\螺母1.SLDPRT
					/*	6:location	*/	0.0	-0.5	-0.866025	0.0	9.86076E-32	-0.866025	0.5	0.0	-1.0	-2.78104E-31	1.97215E-31	0.0	-0.923387	-0.227723	1.94	1.0
					/*	6:child_number	*/	0
					/*	6:name	*/	60M~61M齐头式(右端)-1/45M~47M齐头式右端(无畸零节间)-1/45M~47M齐头式右端(右单片)-1/F5(上，配J2)-1/螺母1-23
					/*	6:type	*/	零件\螺母1.SLDPRT
					/*	6:location	*/	0.0	-0.5	-0.866025	0.0	9.86076E-32	-0.866025	0.5	0.0	-1.0	-2.78104E-31	1.97215E-31	0.0	-0.923387	-0.227723	1.84	1.0
					/*	6:child_number	*/	0
					/*	6:name	*/	60M~61M齐头式(右端)-1/45M~47M齐头式右端(无畸零节间)-1/45M~47M齐头式右端(右单片)-1/F5(上，配J2)-1/螺母1-24
					/*	6:type	*/	零件\螺母1.SLDPRT
					/*	6:location	*/	0.0	-0.5	-0.866025	0.0	9.86076E-32	-0.866025	0.5	0.0	-1.0	-2.78104E-31	1.97215E-31	0.0	-0.923387	-0.227723	1.74	1.0
					/*	6:child_number	*/	0
					/*	6:name	*/	60M~61M齐头式(右端)-1/45M~47M齐头式右端(无畸零节间)-1/45M~47M齐头式右端(右单片)-1/F5(上，配J2)-1/螺母1-3
					/*	6:type	*/	零件\螺母1.SLDPRT
					/*	6:location	*/	0.0	-0.5	-0.866025	0.0	-1.97215E-31	0.866025	-0.5	0.0	1.0	2.78104E-31	-1.97215E-31	0.0	-1.23939	-0.0377232	-1.84	1.0
					/*	6:child_number	*/	0
					/*	6:name	*/	60M~61M齐头式(右端)-1/45M~47M齐头式右端(无畸零节间)-1/45M~47M齐头式右端(右单片)-1/F5(上，配J2)-1/螺母1-4
					/*	6:type	*/	零件\螺母1.SLDPRT
					/*	6:location	*/	0.0	-0.5	-0.866025	0.0	-1.97215E-31	0.866025	-0.5	0.0	1.0	2.78104E-31	-1.97215E-31	0.0	-1.23939	-0.227723	-1.84	1.0
					/*	6:child_number	*/	0
					/*	6:name	*/	60M~61M齐头式(右端)-1/45M~47M齐头式右端(无畸零节间)-1/45M~47M齐头式右端(右单片)-1/F5(上，配J2)-1/螺母1-5
					/*	6:type	*/	零件\螺母1.SLDPRT
					/*	6:location	*/	0.0	-0.5	-0.866025	0.0	-1.97215E-31	0.866025	-0.5	0.0	1.0	2.78104E-31	-1.97215E-31	0.0	-1.23939	-0.0377232	-1.94	1.0
					/*	6:child_number	*/	0
					/*	6:name	*/	60M~61M齐头式(右端)-1/45M~47M齐头式右端(无畸零节间)-1/45M~47M齐头式右端(右单片)-1/F5(上，配J2)-1/螺母1-6
					/*	6:type	*/	零件\螺母1.SLDPRT
					/*	6:location	*/	0.0	-0.5	-0.866025	0.0	-1.97215E-31	0.866025	-0.5	0.0	1.0	2.78104E-31	-1.97215E-31	0.0	-1.23939	-0.227723	-1.94	1.0
					/*	6:child_number	*/	0
					/*	6:name	*/	60M~61M齐头式(右端)-1/45M~47M齐头式右端(无畸零节间)-1/45M~47M齐头式右端(右单片)-1/F5(上，配J2)-1/螺母1-7
					/*	6:type	*/	零件\螺母1.SLDPRT
					/*	6:location	*/	0.0	0.5	-0.866025	0.0	-9.86076E-32	0.866025	0.5	0.0	1.0	2.78104E-31	-1.97215E-31	0.0	-1.23939	-0.0377232	1.94	1.0
					/*	6:child_number	*/	0
					/*	6:name	*/	60M~61M齐头式(右端)-1/45M~47M齐头式右端(无畸零节间)-1/45M~47M齐头式右端(右单片)-1/F5(上，配J2)-1/螺母1-8
					/*	6:type	*/	零件\螺母1.SLDPRT
					/*	6:location	*/	0.0	0.5	-0.866025	0.0	-9.86076E-32	0.866025	0.5	0.0	1.0	2.78104E-31	-1.97215E-31	0.0	-1.23939	-0.227723	1.94	1.0
					/*	6:child_number	*/	0
					/*	6:name	*/	60M~61M齐头式(右端)-1/45M~47M齐头式右端(无畸零节间)-1/45M~47M齐头式右端(右单片)-1/F5(上，配J2)-1/螺母1-9
					/*	6:type	*/	零件\螺母1.SLDPRT
					/*	6:location	*/	0.0	0.5	-0.866025	0.0	-9.86076E-32	0.866025	0.5	0.0	1.0	2.78104E-31	-1.97215E-31	0.0	-1.23939	-0.0377232	1.84	1.0
					/*	6:child_number	*/	0
					/*	6:name	*/	60M~61M齐头式(右端)-1/45M~47M齐头式右端(无畸零节间)-1/45M~47M齐头式右端(右单片)-1/F5(上，配J2)-1/螺母3-1
					/*	6:type	*/	零件\螺母3.SLDPRT
					/*	6:location	*/	0.0	0.5	-0.866025	0.0	1.97215E-31	0.866025	0.5	0.0	1.0	2.78104E-31	-1.97215E-31	0.0	-1.25539	-0.0377232	-0.16	1.0
					/*	6:child_number	*/	0
					/*	6:name	*/	60M~61M齐头式(右端)-1/45M~47M齐头式右端(无畸零节间)-1/45M~47M齐头式右端(右单片)-1/F5(上，配J2)-1/螺母3-2
					/*	6:type	*/	零件\螺母3.SLDPRT
					/*	6:location	*/	0.0	0.5	-0.866025	0.0	1.97215E-31	0.866025	0.5	0.0	1.0	2.78104E-31	-1.97215E-31	0.0	-1.25539	-0.0377232	-0.06	1.0
					/*	6:child_number	*/	0
					/*	6:name	*/	60M~61M齐头式(右端)-1/45M~47M齐头式右端(无畸零节间)-1/45M~47M齐头式右端(右单片)-1/F5(上，配J2)-1/螺母3-3
					/*	6:type	*/	零件\螺母3.SLDPRT
					/*	6:location	*/	0.0	0.5	-0.866025	0.0	1.97215E-31	0.866025	0.5	0.0	1.0	2.78104E-31	-1.97215E-31	0.0	-1.25539	-0.0377232	0.16	1.0
					/*	6:child_number	*/	0
					/*	6:name	*/	60M~61M齐头式(右端)-1/45M~47M齐头式右端(无畸零节间)-1/45M~47M齐头式右端(右单片)-1/F5(上，配J2)-1/螺母3-4
					/*	6:type	*/	零件\螺母3.SLDPRT
					/*	6:location	*/	0.0	0.5	-0.866025	0.0	1.97215E-31	0.866025	0.5	0.0	1.0	2.78104E-31	-1.97215E-31	0.0	-1.25539	-0.0377232	0.06	1.0
					/*	6:child_number	*/	0
				/*	5:name	*/	60M~61M齐头式(右端)-1/45M~47M齐头式右端(无畸零节间)-1/45M~47M齐头式右端(右单片)-1/F5(配3a')-8
				/*	5:type	*/	上承式梁\公共组件\梁端\齐头式梁端\带螺栓零件\F5(配3a').SLDASM
				/*	5:location	*/	0.897618	-0.429372	-0.0996079	0.0	0.0996079	-0.0225382	0.994771	0.0	-0.429372	-0.902846	0.0225382	0.0	-3.2361	-4.16198	15.5176	1.0
				/*	5:child_number	*/	25
					/*	6:name	*/	60M~61M齐头式(右端)-1/45M~47M齐头式右端(无畸零节间)-1/45M~47M齐头式右端(右单片)-1/F5(配3a')-8/F5_端立杆-1
					/*	6:type	*/	零件\F5_端立杆.SLDPRT
					/*	6:location	*/	1.0	0.0	-2.83112E-31	0.0	0.0	1.0	0.0	0.0	-7.56408E-32	0.0	1.0	0.0	-1.08139	-0.132723	0.0	1.0
					/*	6:child_number	*/	0
					/*	6:name	*/	60M~61M齐头式(右端)-1/45M~47M齐头式右端(无畸零节间)-1/45M~47M齐头式右端(右单片)-1/F5(配3a')-8/螺母1-1
					/*	6:type	*/	零件\螺母1.SLDPRT
					/*	6:location	*/	1.97215E-31	-0.5	-0.866025	0.0	0.0	0.866025	-0.5	0.0	1.0	0.0	-2.83112E-31	0.0	-1.23939	-0.0377232	-1.74	1.0
					/*	6:child_number	*/	0
					/*	6:name	*/	60M~61M齐头式(右端)-1/45M~47M齐头式右端(无畸零节间)-1/45M~47M齐头式右端(右单片)-1/F5(配3a')-8/螺母1-10
					/*	6:type	*/	零件\螺母1.SLDPRT
					/*	6:location	*/	3.9443E-31	0.5	-0.866025	0.0	3.9443E-31	0.866025	0.5	0.0	1.0	0.0	-2.83112E-31	0.0	-1.23939	-0.227723	1.84	1.0
					/*	6:child_number	*/	0
					/*	6:name	*/	60M~61M齐头式(右端)-1/45M~47M齐头式右端(无畸零节间)-1/45M~47M齐头式右端(右单片)-1/F5(配3a')-8/螺母1-11
					/*	6:type	*/	零件\螺母1.SLDPRT
					/*	6:location	*/	3.9443E-31	0.5	-0.866025	0.0	3.9443E-31	0.866025	0.5	0.0	1.0	0.0	-2.83112E-31	0.0	-1.23939	-0.0377232	1.74	1.0
					/*	6:child_number	*/	0
					/*	6:name	*/	60M~61M齐头式(右端)-1/45M~47M齐头式右端(无畸零节间)-1/45M~47M齐头式右端(右单片)-1/F5(配3a')-8/螺母1-12
					/*	6:type	*/	零件\螺母1.SLDPRT
					/*	6:location	*/	3.9443E-31	0.5	-0.866025	0.0	3.9443E-31	0.866025	0.5	0.0	1.0	0.0	-2.83112E-31	0.0	-1.23939	-0.227723	1.74	1.0
					/*	6:child_number	*/	0
					/*	6:name	*/	60M~61M齐头式(右端)-1/45M~47M齐头式右端(无畸零节间)-1/45M~47M齐头式右端(右单片)-1/F5(配3a')-8/螺母1-13
					/*	6:type	*/	零件\螺母1.SLDPRT
					/*	6:location	*/	1.97215E-31	-0.5	-0.866025	0.0	-3.9443E-31	-0.866025	0.5	0.0	-1.0	0.0	2.83112E-31	0.0	-0.923387	-0.0377232	-1.74	1.0
					/*	6:child_number	*/	0
					/*	6:name	*/	60M~61M齐头式(右端)-1/45M~47M齐头式右端(无畸零节间)-1/45M~47M齐头式右端(右单片)-1/F5(配3a')-8/螺母1-14
					/*	6:type	*/	零件\螺母1.SLDPRT
					/*	6:location	*/	1.97215E-31	-0.5	-0.866025	0.0	-3.9443E-31	-0.866025	0.5	0.0	-1.0	0.0	2.83112E-31	0.0	-0.923387	-0.227723	-1.74	1.0
					/*	6:child_number	*/	0
					/*	6:name	*/	60M~61M齐头式(右端)-1/45M~47M齐头式右端(无畸零节间)-1/45M~47M齐头式右端(右单片)-1/F5(配3a')-8/螺母1-15
					/*	6:type	*/	零件\螺母1.SLDPRT
					/*	6:location	*/	1.97215E-31	-0.5	-0.866025	0.0	-3.9443E-31	-0.866025	0.5	0.0	-1.0	0.0	2.83112E-31	0.0	-0.923387	-0.0377232	-1.84	1.0
					/*	6:child_number	*/	0
					/*	6:name	*/	60M~61M齐头式(右端)-1/45M~47M齐头式右端(无畸零节间)-1/45M~47M齐头式右端(右单片)-1/F5(配3a')-8/螺母1-16
					/*	6:type	*/	零件\螺母1.SLDPRT
					/*	6:location	*/	1.97215E-31	-0.5	-0.866025	0.0	-3.9443E-31	-0.866025	0.5	0.0	-1.0	0.0	2.83112E-31	0.0	-0.923387	-0.227723	-1.84	1.0
					/*	6:child_number	*/	0
					/*	6:name	*/	60M~61M齐头式(右端)-1/45M~47M齐头式右端(无畸零节间)-1/45M~47M齐头式右端(右单片)-1/F5(配3a')-8/螺母1-17
					/*	6:type	*/	零件\螺母1.SLDPRT
					/*	6:location	*/	1.97215E-31	-0.5	-0.866025	0.0	-3.9443E-31	-0.866025	0.5	0.0	-1.0	0.0	2.83112E-31	0.0	-0.923387	-0.0377232	-1.94	1.0
					/*	6:child_number	*/	0
