

/*	1:名称	*/	21.44米标准式拆装梁
/*	1:类型	*/	两片拆装式桁梁\21.44米标准式拆装梁.SLDASM
/*	1:位置	*/	1    0    0    0    0    1    0    0    0    0    1    0    0    0    0    1    
/*	1:子节点数	*/	11

        /*	2:名称	*/	上平联交叉的两根10甲平联斜杆-1
        /*	2:类型	*/	两片拆装式桁梁\上下平联组合\上平联交叉的两根10甲平联斜杆.SLDASM
        /*	2:位置	*/	-0.707107    -7.01635e-016    0.707107    0    -0.707107    2.43855e-015    -0.707107    0    -1.22818e-015    -1    -2.22045e-015    0    -9.39565    1.71739    0.0282663    1    
        /*	2:子节点数	*/	29

                /*	3:名称	*/	上平联交叉的两根10甲平联斜杆-1/平联斜杆_编号_10甲_原编号_10-1
                /*	3:类型	*/	基本杆件\平联斜杆_编号_10甲_原编号_10.SLDPRT
                /*	3:位置	*/	1    1.11022e-016    1.97215e-031    0    0    1    1.97215e-031    0    0    0    1    0    8.88178e-016    2.66454e-015    -2.22045e-016    1    
                /*	3:子节点数	*/	0

                /*	3:名称	*/	上平联交叉的两根10甲平联斜杆-1/平联斜杆_编号_10甲_原编号_10-2
                /*	3:类型	*/	基本杆件\平联斜杆_编号_10甲_原编号_10.SLDPRT
                /*	3:位置	*/	9.15934e-015    1    -4.39957e-017    0    1    -9.04832e-015    -1.8561e-017    0    -1.85601e-017    -4.39973e-017    -1    0    -0.04    0.04    -0.014    1    
                /*	3:子节点数	*/	0

                /*	3:名称	*/	上平联交叉的两根10甲平联斜杆-1/横联交叉填板_编号_253_原编号_103-1
                /*	3:类型	*/	基本杆件\横联交叉填板_编号_253_原编号_103.SLDPRT
                /*	3:位置	*/	-0.707107    -0.707107    4.42359e-017    0    0.707107    -0.707107    1.79826e-017    0    1.85639e-017    4.39951e-017    1    0    0    0.04    -0.014    1    
                /*	3:子节点数	*/	0

                /*	3:名称	*/	上平联交叉的两根10甲平联斜杆-1/螺栓_29甲-1
                /*	3:类型	*/	基本杆件\螺栓_29甲.SLDPRT
                /*	3:位置	*/	-0.999098    -0.0424734    -1.97215e-031    0    0.0424734    -0.999098    -1.97215e-031    0    0    0    1    0    -9.76996e-015    -1.05    -0.039    1    
                /*	3:子节点数	*/	0

                /*	3:名称	*/	上平联交叉的两根10甲平联斜杆-1/螺栓_29甲-10
                /*	3:类型	*/	基本杆件\螺栓_29甲.SLDPRT
                /*	3:位置	*/	-0.999098    -0.0424734    -2.43854e-017    0    0.0424734    -0.999098    2.65386e-017    0    -2.54906e-017    2.54789e-017    1    0    -8.88178e-016    -0.12    -0.039    1    
                /*	3:子节点数	*/	0

                /*	3:名称	*/	上平联交叉的两根10甲平联斜杆-1/螺栓_29甲-12
                /*	3:类型	*/	基本杆件\螺栓_29甲.SLDPRT
                /*	3:位置	*/	-0.999098    -0.0424734    -2.43854e-017    0    0.0424734    -0.999098    2.65386e-017    0    -2.54906e-017    2.54789e-017    1    0    1.77636e-015    0.2    -0.039    1    
                /*	3:子节点数	*/	0

                /*	3:名称	*/	上平联交叉的两根10甲平联斜杆-1/螺栓_29甲-13
                /*	3:类型	*/	基本杆件\螺栓_29甲.SLDPRT
                /*	3:位置	*/	0.886481    -0.462766    3.9443e-031    0    0.462766    0.886481    9.86076e-032    0    0    0    1    0    -0.16    0.04    -0.031    1    
                /*	3:子节点数	*/	0

                /*	3:名称	*/	上平联交叉的两根10甲平联斜杆-1/螺栓_29甲-14
                /*	3:类型	*/	基本杆件\螺栓_29甲.SLDPRT
                /*	3:位置	*/	0.886481    -0.462766    3.9443e-031    0    0.462766    0.886481    9.86076e-032    0    0    0    1    0    0.16    0.04    -0.031    1    
                /*	3:子节点数	*/	0

                /*	3:名称	*/	上平联交叉的两根10甲平联斜杆-1/螺栓_29甲-2
                /*	3:类型	*/	基本杆件\螺栓_29甲.SLDPRT
                /*	3:位置	*/	-0.999098    -0.0424734    -1.97215e-031    0    0.0424734    -0.999098    1.97215e-031    0    5.91646e-031    0    1    0    -1.06581e-014    -1.13    -0.039    1    
                /*	3:子节点数	*/	0

                /*	3:名称	*/	上平联交叉的两根10甲平联斜杆-1/螺栓_29甲-3
                /*	3:类型	*/	基本杆件\螺栓_29甲.SLDPRT
                /*	3:位置	*/	-0.999098    -0.0424734    -1.97215e-031    0    0.0424734    -0.999098    1.97215e-031    0    5.91646e-031    0    1    0    8.88178e-015    1.13    -0.039    1    
                /*	3:子节点数	*/	0

                /*	3:名称	*/	上平联交叉的两根10甲平联斜杆-1/螺栓_29甲-4
                /*	3:类型	*/	基本杆件\螺栓_29甲.SLDPRT
                /*	3:位置	*/	-0.999098    -0.0424734    -1.97215e-031    0    0.0424734    -0.999098    -1.97215e-031    0    0    0    1    0    9.76996e-015    1.21    -0.039    1    
                /*	3:子节点数	*/	0

                /*	3:名称	*/	上平联交叉的两根10甲平联斜杆-1/螺栓_29甲-5
                /*	3:类型	*/	基本杆件\螺栓_29甲.SLDPRT
                /*	3:位置	*/	0.886481    -0.462766    3.9443e-031    0    0.462766    0.886481    0    0    0    0    1    0    1.17    0.04    -0.0285    1    
                /*	3:子节点数	*/	0

                /*	3:名称	*/	上平联交叉的两根10甲平联斜杆-1/螺栓_29甲-6
                /*	3:类型	*/	基本杆件\螺栓_29甲.SLDPRT
                /*	3:位置	*/	0.886481    -0.462766    3.9443e-031    0    0.462766    0.886481    0    0    0    0    1    0    1.09    0.04    -0.0285    1    
                /*	3:子节点数	*/	0

                /*	3:名称	*/	上平联交叉的两根10甲平联斜杆-1/螺栓_29甲-7
                /*	3:类型	*/	基本杆件\螺栓_29甲.SLDPRT
                /*	3:位置	*/	0.886481    -0.462766    3.9443e-031    0    0.462766    0.886481    0    0    0    0    1    0    -1.09    0.04    -0.0285    1    
                /*	3:子节点数	*/	0

                /*	3:名称	*/	上平联交叉的两根10甲平联斜杆-1/螺栓_29甲-8
                /*	3:类型	*/	基本杆件\螺栓_29甲.SLDPRT
                /*	3:位置	*/	0.886481    -0.462766    3.9443e-031    0    0.462766    0.886481    0    0    0    0    1    0    -1.17    0.04    -0.0285    1    
                /*	3:子节点数	*/	0

                /*	3:名称	*/	上平联交叉的两根10甲平联斜杆-1/螺栓_29甲-9
                /*	3:类型	*/	基本杆件\螺栓_29甲.SLDPRT
                /*	3:位置	*/	-0.999098    -0.0424734    -1.98698e-020    0    0.0424734    -0.999098    -1.34173e-020    0    -1.9282e-020    -1.42491e-020    1    0    8.88178e-016    0.04    -0.039    1    
                /*	3:子节点数	*/	0

                /*	3:名称	*/	上平联交叉的两根10甲平联斜杆-1/螺母_1-1
                /*	3:类型	*/	基本杆件\螺母_1.SLDPRT
                /*	3:位置	*/	0.844007    0.536332    -9.86076e-032    0    0.536332    -0.844007    7.88861e-031    0    0    1.97215e-031    -1    0    -9.76996e-015    -1.05    0.0535    1    
                /*	3:子节点数	*/	0

                /*	3:名称	*/	上平联交叉的两根10甲平联斜杆-1/螺母_1-10
                /*	3:类型	*/	基本杆件\螺母_1.SLDPRT
                /*	3:位置	*/	-0.0424734    0.999098    5.26081e-016    0    0.999098    0.0424734    1.05827e-015    0    1.03497e-015    5.70554e-016    -1    0    -8.88178e-016    -0.12    0.056    1    
                /*	3:子节点数	*/	0

                /*	3:名称	*/	上平联交叉的两根10甲平联斜杆-1/螺母_1-12
                /*	3:类型	*/	基本杆件\螺母_1.SLDPRT
                /*	3:位置	*/	-0.0424734    0.999098    5.26081e-016    0    0.999098    0.0424734    1.05827e-015    0    1.03497e-015    5.70554e-016    -1    0    1.77636e-015    0.2    0.056    1    
                /*	3:子节点数	*/	0

                /*	3:名称	*/	上平联交叉的两根10甲平联斜杆-1/螺母_1-13
                /*	3:类型	*/	基本杆件\螺母_1.SLDPRT
                /*	3:位置	*/	-0.999098    -0.0424734    1.01439e-016    0    -0.0424734    0.999098    -1.31381e-017    0    -6.74689e-017    -2.32133e-017    -1    0    0.16    0.04    0.064    1    
                /*	3:子节点数	*/	0

                /*	3:名称	*/	上平联交叉的两根10甲平联斜杆-1/螺母_1-14
                /*	3:类型	*/	基本杆件\螺母_1.SLDPRT
                /*	3:位置	*/	-0.999098    -0.0424734    1.01439e-016    0    -0.0424734    0.999098    -1.31381e-017    0    -6.74689e-017    -2.32133e-017    -1    0    -0.16    0.04    0.064    1    
                /*	3:子节点数	*/	0

                /*	3:名称	*/	上平联交叉的两根10甲平联斜杆-1/螺母_1-2
                /*	3:类型	*/	基本杆件\螺母_1.SLDPRT
                /*	3:位置	*/	0.844007    0.536332    2.95823e-031    0    0.536332    -0.844007    0    0    -1.97215e-031    -1.97215e-031    -1    0    -1.06581e-014    -1.13    0.0535    1    
                /*	3:子节点数	*/	0

                /*	3:名称	*/	上平联交叉的两根10甲平联斜杆-1/螺母_1-3
                /*	3:类型	*/	基本杆件\螺母_1.SLDPRT
                /*	3:位置	*/	0.844007    0.536332    2.95823e-031    0    0.536332    -0.844007    0    0    -1.97215e-031    -1.97215e-031    -1    0    8.88178e-015    1.13    0.0535    1    
                /*	3:子节点数	*/	0

                /*	3:名称	*/	上平联交叉的两根10甲平联斜杆-1/螺母_1-4
                /*	3:类型	*/	基本杆件\螺母_1.SLDPRT
                /*	3:位置	*/	0.844007    0.536332    -9.86076e-032    0    0.536332    -0.844007    7.88861e-031    0    0    1.97215e-031    -1    0    9.76996e-015    1.21    0.0535    1    
                /*	3:子节点数	*/	0

                /*	3:名称	*/	上平联交叉的两根10甲平联斜杆-1/螺母_1-5
                /*	3:类型	*/	基本杆件\螺母_1.SLDPRT
                /*	3:位置	*/	-0.999098    -0.0424734    -1.97215e-031    0    -0.0424734    0.999098    -3.9443e-031    0    0    1.97215e-031    -1    0    1.17    0.04    0.064    1    
                /*	3:子节点数	*/	0

                /*	3:名称	*/	上平联交叉的两根10甲平联斜杆-1/螺母_1-6
                /*	3:类型	*/	基本杆件\螺母_1.SLDPRT
                /*	3:位置	*/	-0.999098    -0.0424734    -1.97215e-031    0    -0.0424734    0.999098    -3.9443e-031    0    0    1.97215e-031    -1    0    1.09    0.04    0.064    1    
                /*	3:子节点数	*/	0

                /*	3:名称	*/	上平联交叉的两根10甲平联斜杆-1/螺母_1-7
                /*	3:类型	*/	基本杆件\螺母_1.SLDPRT
                /*	3:位置	*/	-0.999098    -0.0424734    -1.97215e-031    0    -0.0424734    0.999098    -3.9443e-031    0    0    1.97215e-031    -1    0    -1.09    0.04    0.064    1    
                /*	3:子节点数	*/	0

                /*	3:名称	*/	上平联交叉的两根10甲平联斜杆-1/螺母_1-8
                /*	3:类型	*/	基本杆件\螺母_1.SLDPRT
                /*	3:位置	*/	-0.999098    -0.0424734    -1.97215e-031    0    -0.0424734    0.999098    -3.9443e-031    0    0    1.97215e-031    -1    0    -1.17    0.04    0.064    1    
                /*	3:子节点数	*/	0

                /*	3:名称	*/	上平联交叉的两根10甲平联斜杆-1/螺母_1-9
                /*	3:类型	*/	基本杆件\螺母_1.SLDPRT
                /*	3:位置	*/	0.844007    0.536332    6.41219e-016    0    0.536332    -0.844007    2.88543e-017    0    5.56669e-016    3.19553e-016    -1    0    1.77636e-015    0.04    0.064    1    
                /*	3:子节点数	*/	0

        /*	2:名称	*/	上平联交叉的两根10甲平联斜杆-2
        /*	2:类型	*/	两片拆装式桁梁\上下平联组合\上平联交叉的两根10甲平联斜杆.SLDASM
        /*	2:位置	*/	0.707107    7.06542e-016    -0.707107    0    0.707107    -2.43364e-015    0.707107    0    -1.22125e-015    -1    -2.22045e-015    0    4.54748    1.71739    -0.0283023    1    
        /*	2:子节点数	*/	29

                /*	3:名称	*/	上平联交叉的两根10甲平联斜杆-2/平联斜杆_编号_10甲_原编号_10-1
                /*	3:类型	*/	基本杆件\平联斜杆_编号_10甲_原编号_10.SLDPRT
                /*	3:位置	*/	1    0    -1.97215e-031    0    0    1    -1.97215e-031    0    -1.97215e-031    1.97215e-031    1    0    0    0    0    1    
                /*	3:子节点数	*/	0

                /*	3:名称	*/	上平联交叉的两根10甲平联斜杆-2/平联斜杆_编号_10甲_原编号_10-2
                /*	3:类型	*/	基本杆件\平联斜杆_编号_10甲_原编号_10.SLDPRT
                /*	3:位置	*/	9.10383e-015    1    -4.39957e-017    0    1    -9.10383e-015    -1.8561e-017    0    -1.8561e-017    -4.39957e-017    -1    0    -0.04    0.04    -0.014    1    
                /*	3:子节点数	*/	0

                /*	3:名称	*/	上平联交叉的两根10甲平联斜杆-2/横联交叉填板_编号_253_原编号_103-1
                /*	3:类型	*/	基本杆件\横联交叉填板_编号_253_原编号_103.SLDPRT
                /*	3:位置	*/	-0.707107    -0.707107    4.42359e-017    0    0.707107    -0.707107    1.79826e-017    0    1.85639e-017    4.39951e-017    1    0    0    0.04    -0.014    1    
                /*	3:子节点数	*/	0

                /*	3:名称	*/	上平联交叉的两根10甲平联斜杆-2/螺栓_29甲-1
                /*	3:类型	*/	基本杆件\螺栓_29甲.SLDPRT
                /*	3:位置	*/	-0.999098    -0.0424734    0    0    0.0424734    -0.999098    5.91646e-031    0    -1.97215e-031    1.97215e-031    1    0    -1.02141e-014    -1.05    -0.039    1    
                /*	3:子节点数	*/	0

                /*	3:名称	*/	上平联交叉的两根10甲平联斜杆-2/螺栓_29甲-10
                /*	3:类型	*/	基本杆件\螺栓_29甲.SLDPRT
                /*	3:位置	*/	-0.999098    -0.0424734    -2.43854e-017    0    0.0424734    -0.999098    2.65386e-017    0    -2.54906e-017    2.54789e-017    1    0    -1.33227e-015    -0.12    -0.039    1    
                /*	3:子节点数	*/	0

                /*	3:名称	*/	上平联交叉的两根10甲平联斜杆-2/螺栓_29甲-12
                /*	3:类型	*/	基本杆件\螺栓_29甲.SLDPRT
                /*	3:位置	*/	-0.999098    -0.0424734    -2.43854e-017    0    0.0424734    -0.999098    2.65386e-017    0    -2.54906e-017    2.54789e-017    1    0    8.88178e-016    0.2    -0.039    1    
                /*	3:子节点数	*/	0

                /*	3:名称	*/	上平联交叉的两根10甲平联斜杆-2/螺栓_29甲-13
                /*	3:类型	*/	基本杆件\螺栓_29甲.SLDPRT
                /*	3:位置	*/	0.886481    -0.462766    3.9443e-031    0    0.462766    0.886481    -2.95823e-031    0    -1.97215e-031    1.97215e-031    1    0    -0.16    0.04    -0.031    1    
                /*	3:子节点数	*/	0

                /*	3:名称	*/	上平联交叉的两根10甲平联斜杆-2/螺栓_29甲-14
                /*	3:类型	*/	基本杆件\螺栓_29甲.SLDPRT
                /*	3:位置	*/	0.886481    -0.462766    3.9443e-031    0    0.462766    0.886481    -2.95823e-031    0    -1.97215e-031    1.97215e-031    1    0    0.16    0.04    -0.031    1    
                /*	3:子节点数	*/	0

                /*	3:名称	*/	上平联交叉的两根10甲平联斜杆-2/螺栓_29甲-2
                /*	3:类型	*/	基本杆件\螺栓_29甲.SLDPRT
                /*	3:位置	*/	-0.999098    -0.0424734    0    0    0.0424734    -0.999098    1.97215e-031    0    1.36079e-029    -5.91646e-030    1    0    -1.11022e-014    -1.13    -0.039    1    
                /*	3:子节点数	*/	0

                /*	3:名称	*/	上平联交叉的两根10甲平联斜杆-2/螺栓_29甲-3
                /*	3:类型	*/	基本杆件\螺栓_29甲.SLDPRT
                /*	3:位置	*/	-0.999098    -0.0424734    0    0    0.0424734    -0.999098    1.97215e-031    0    1.36079e-029    -5.91646e-030    1    0    7.99361e-015    1.13    -0.039    1    
                /*	3:子节点数	*/	0

                /*	3:名称	*/	上平联交叉的两根10甲平联斜杆-2/螺栓_29甲-4
                /*	3:类型	*/	基本杆件\螺栓_29甲.SLDPRT
                /*	3:位置	*/	-0.999098    -0.0424734    0    0    0.0424734    -0.999098    5.91646e-031    0    -1.97215e-031    1.97215e-031    1    0    8.43769e-015    1.21    -0.039    1    
                /*	3:子节点数	*/	0

                /*	3:名称	*/	上平联交叉的两根10甲平联斜杆-2/螺栓_29甲-5
                /*	3:类型	*/	基本杆件\螺栓_29甲.SLDPRT
                /*	3:位置	*/	0.886481    -0.462766    0    0    0.462766    0.886481    -4.93038e-031    0    1.38051e-029    -5.52203e-030    1    0    1.17    0.04    -0.0285    1    
                /*	3:子节点数	*/	0

                /*	3:名称	*/	上平联交叉的两根10甲平联斜杆-2/螺栓_29甲-6
                /*	3:类型	*/	基本杆件\螺栓_29甲.SLDPRT
                /*	3:位置	*/	0.886481    -0.462766    0    0    0.462766    0.886481    -4.93038e-031    0    1.38051e-029    -5.52203e-030    1    0    1.09    0.04    -0.0285    1    
                /*	3:子节点数	*/	0

                /*	3:名称	*/	上平联交叉的两根10甲平联斜杆-2/螺栓_29甲-7
                /*	3:类型	*/	基本杆件\螺栓_29甲.SLDPRT
                /*	3:位置	*/	0.886481    -0.462766    0    0    0.462766    0.886481    -4.93038e-031    0    1.38051e-029    -5.52203e-030    1    0    -1.09    0.04    -0.0285    1    
                /*	3:子节点数	*/	0

                /*	3:名称	*/	上平联交叉的两根10甲平联斜杆-2/螺栓_29甲-8
                /*	3:类型	*/	基本杆件\螺栓_29甲.SLDPRT
                /*	3:位置	*/	0.886481    -0.462766    0    0    0.462766    0.886481    -4.93038e-031    0    1.38051e-029    -5.52203e-030    1    0    -1.17    0.04    -0.0285    1    
                /*	3:子节点数	*/	0

                /*	3:名称	*/	上平联交叉的两根10甲平联斜杆-2/螺栓_29甲-9
                /*	3:类型	*/	基本杆件\螺栓_29甲.SLDPRT
                /*	3:位置	*/	-0.999098    -0.0424734    -1.98698e-020    0    0.0424734    -0.999098    -1.34173e-020    0    -1.9282e-020    -1.42491e-020    1    0    0    0.04    -0.039    1    
                /*	3:子节点数	*/	0

                /*	3:名称	*/	上平联交叉的两根10甲平联斜杆-2/螺母_1-1
                /*	3:类型	*/	基本杆件\螺母_1.SLDPRT
                /*	3:位置	*/	0.844007    0.536332    -1.97215e-031    0    0.536332    -0.844007    7.88861e-031    0    0    0    -1    0    -1.02141e-014    -1.05    0.0535    1    
                /*	3:子节点数	*/	0

                /*	3:名称	*/	上平联交叉的两根10甲平联斜杆-2/螺母_1-10
                /*	3:类型	*/	基本杆件\螺母_1.SLDPRT
                /*	3:位置	*/	-0.0424734    0.999098    5.26081e-016    0    0.999098    0.0424734    1.05827e-015    0    1.03497e-015    5.70554e-016    -1    0    -1.77636e-015    -0.12    0.056    1    
                /*	3:子节点数	*/	0

                /*	3:名称	*/	上平联交叉的两根10甲平联斜杆-2/螺母_1-12
                /*	3:类型	*/	基本杆件\螺母_1.SLDPRT
                /*	3:位置	*/	-0.0424734    0.999098    5.26081e-016    0    0.999098    0.0424734    1.05827e-015    0    1.03497e-015    5.70554e-016    -1    0    8.88178e-016    0.2    0.056    1    
                /*	3:子节点数	*/	0

                /*	3:名称	*/	上平联交叉的两根10甲平联斜杆-2/螺母_1-13
                /*	3:类型	*/	基本杆件\螺母_1.SLDPRT
                /*	3:位置	*/	-0.999098    -0.0424734    1.01439e-016    0    -0.0424734    0.999098    -1.31381e-017    0    -6.74689e-017    -2.32133e-017    -1    0    0.16    0.04    0.064    1    
                /*	3:子节点数	*/	0

                /*	3:名称	*/	上平联交叉的两根10甲平联斜杆-2/螺母_1-14
                /*	3:类型	*/	基本杆件\螺母_1.SLDPRT
                /*	3:位置	*/	-0.999098    -0.0424734    1.01439e-016    0    -0.0424734    0.999098    -1.31381e-017    0    -6.74689e-017    -2.32133e-017    -1    0    -0.16    0.04    0.064    1    
                /*	3:子节点数	*/	0

                /*	3:名称	*/	上平联交叉的两根10甲平联斜杆-2/螺母_1-2
                /*	3:类型	*/	基本杆件\螺母_1.SLDPRT
                /*	3:位置	*/	0.844007    0.536332    -3.9443e-031    0    0.536332    -0.844007    0    0    -1.36079e-029    5.71924e-030    -1    0    -1.06581e-014    -1.13    0.0535    1    
                /*	3:子节点数	*/	0

                /*	3:名称	*/	上平联交叉的两根10甲平联斜杆-2/螺母_1-3
                /*	3:类型	*/	基本杆件\螺母_1.SLDPRT
                /*	3:位置	*/	0.844007    0.536332    -3.9443e-031    0    0.536332    -0.844007    0    0    -1.36079e-029    5.71924e-030    -1    0    7.99361e-015    1.13    0.0535    1    
                /*	3:子节点数	*/	0

                /*	3:名称	*/	上平联交叉的两根10甲平联斜杆-2/螺母_1-4
                /*	3:类型	*/	基本杆件\螺母_1.SLDPRT
                /*	3:位置	*/	0.844007    0.536332    -1.97215e-031    0    0.536332    -0.844007    7.88861e-031    0    0    0    -1    0    8.88178e-015    1.21    0.0535    1    
                /*	3:子节点数	*/	0

                /*	3:名称	*/	上平联交叉的两根10甲平联斜杆-2/螺母_1-5
                /*	3:类型	*/	基本杆件\螺母_1.SLDPRT
                /*	3:位置	*/	-0.999098    -0.0424734    1.97215e-031    0    -0.0424734    0.999098    -1.97215e-031    0    -1.34106e-029    5.71924e-030    -1    0    1.17    0.04    0.064    1    
                /*	3:子节点数	*/	0

                /*	3:名称	*/	上平联交叉的两根10甲平联斜杆-2/螺母_1-6
                /*	3:类型	*/	基本杆件\螺母_1.SLDPRT
                /*	3:位置	*/	-0.999098    -0.0424734    1.97215e-031    0    -0.0424734    0.999098    -1.97215e-031    0    -1.34106e-029    5.71924e-030    -1    0    1.09    0.04    0.064    1    
                /*	3:子节点数	*/	0

                /*	3:名称	*/	上平联交叉的两根10甲平联斜杆-2/螺母_1-7
                /*	3:类型	*/	基本杆件\螺母_1.SLDPRT
                /*	3:位置	*/	-0.999098    -0.0424734    1.97215e-031    0    -0.0424734    0.999098    -1.97215e-031    0    -1.34106e-029    5.71924e-030    -1    0    -1.09    0.04    0.064    1    
                /*	3:子节点数	*/	0

                /*	3:名称	*/	上平联交叉的两根10甲平联斜杆-2/螺母_1-8
                /*	3:类型	*/	基本杆件\螺母_1.SLDPRT
                /*	3:位置	*/	-0.999098    -0.0424734    1.97215e-031    0    -0.0424734    0.999098    -1.97215e-031    0    -1.34106e-029    5.71924e-030    -1    0    -1.17    0.04    0.064    1    
                /*	3:子节点数	*/	0

                /*	3:名称	*/	上平联交叉的两根10甲平联斜杆-2/螺母_1-9
                /*	3:类型	*/	基本杆件\螺母_1.SLDPRT
                /*	3:位置	*/	0.844007    0.536332    6.41219e-016    0    0.536332    -0.844007    2.88543e-017    0    5.56669e-016    3.19553e-016    -1    0    1.77636e-015    0.04    0.064    1    
                /*	3:子节点数	*/	0

        /*	2:名称	*/	两片梁20.00米-1
        /*	2:类型	*/	两片拆装式桁梁\桥梁中部组合装配体\两片梁20.00米.SLDASM
        /*	2:位置	*/	1    0    0    0    0    1    0    0    0    0    1    0    -5.34183    -0.0929515    4.44089e-016    1    
        /*	2:子节点数	*/	24

                /*	3:名称	*/	两片梁20.00米-1/上弦502弦杆及四个8甲立杆的组合-1
                /*	3:类型	*/	两片拆装式桁梁\拼装单元\上弦502弦杆及四个8甲立杆的组合.SLDASM
                /*	3:位置	*/	1    0    0    0    0    1    0    0    0    0    1    0    -0.417432    2.07751    1.19053    1    
                /*	3:子节点数	*/	6

                        /*	4:名称	*/	两片梁20.00米-1/上弦502弦杆及四个8甲立杆的组合-1/上平联交叉的两根10甲平联斜杆-1
                        /*	4:类型	*/	两片拆装式桁梁\上下平联组合\上平联交叉的两根10甲平联斜杆.SLDASM
                        /*	4:位置	*/	0.707107    5.1028e-016    -0.707107    0    0.707107    5.1028e-016    0.707107    0    7.21645e-016    -1    -1.66293e-031    0    0.306745    -0.267171    -1.21883    1    
                        /*	4:子节点数	*/	29

                                /*	5:名称	*/	两片梁20.00米-1/上弦502弦杆及四个8甲立杆的组合-1/上平联交叉的两根10甲平联斜杆-1/平联斜杆_编号_10甲_原编号_10-1
                                /*	5:类型	*/	基本杆件\平联斜杆_编号_10甲_原编号_10.SLDPRT
                                /*	5:位置	*/	1    0    0    0    0    1    4.81696e-045    0    -7.96284e-032    -1.89792e-032    1    0    8.88178e-016    0    0    1    
                                /*	5:子节点数	*/	0

                                /*	5:名称	*/	两片梁20.00米-1/上弦502弦杆及四个8甲立杆的组合-1/上平联交叉的两根10甲平联斜杆-1/平联斜杆_编号_10甲_原编号_10-2
                                /*	5:类型	*/	基本杆件\平联斜杆_编号_10甲_原编号_10.SLDPRT
                                /*	5:位置	*/	9.15934e-015    1    -4.39957e-017    0    1    -9.15934e-015    -1.8561e-017    0    -1.8561e-017    -4.39957e-017    -1    0    -0.04    0.04    -0.014    1    
                                /*	5:子节点数	*/	0

                                /*	5:名称	*/	两片梁20.00米-1/上弦502弦杆及四个8甲立杆的组合-1/上平联交叉的两根10甲平联斜杆-1/横联交叉填板_编号_253_原编号_103-1
                                /*	5:类型	*/	基本杆件\横联交叉填板_编号_253_原编号_103.SLDPRT
                                /*	5:位置	*/	-0.707107    -0.707107    4.42359e-017    0    0.707107    -0.707107    1.79826e-017    0    1.85639e-017    4.39951e-017    1    0    8.88178e-016    0.04    -0.014    1    
                                /*	5:子节点数	*/	0

                                /*	5:名称	*/	两片梁20.00米-1/上弦502弦杆及四个8甲立杆的组合-1/上平联交叉的两根10甲平联斜杆-1/螺栓_29甲-1
                                /*	5:类型	*/	基本杆件\螺栓_29甲.SLDPRT
                                /*	5:位置	*/	-0.999098    -0.0424734    7.72217e-032    0    0.0424734    -0.999098    7.81116e-032    0    -7.96284e-032    -1.89792e-032    1    0    -9.32587e-015    -1.05    -0.039    1    
                                /*	5:子节点数	*/	0

                                /*	5:名称	*/	两片梁20.00米-1/上弦502弦杆及四个8甲立杆的组合-1/上平联交叉的两根10甲平联斜杆-1/螺栓_29甲-10
                                /*	5:类型	*/	基本杆件\螺栓_29甲.SLDPRT
                                /*	5:位置	*/	-0.999098    -0.0424734    -2.43854e-017    0    0.0424734    -0.999098    2.65386e-017    0    -2.54906e-017    2.54789e-017    1    0    -1.33227e-015    -0.12    -0.039    1    
                                /*	5:子节点数	*/	0

                                /*	5:名称	*/	两片梁20.00米-1/上弦502弦杆及四个8甲立杆的组合-1/上平联交叉的两根10甲平联斜杆-1/螺栓_29甲-12
                                /*	5:类型	*/	基本杆件\螺栓_29甲.SLDPRT
                                /*	5:位置	*/	-0.999098    -0.0424734    -2.43854e-017    0    0.0424734    -0.999098    2.65386e-017    0    -2.54906e-017    2.54789e-017    1    0    1.77636e-015    0.2    -0.039    1    
                                /*	5:子节点数	*/	0

                                /*	5:名称	*/	两片梁20.00米-1/上弦502弦杆及四个8甲立杆的组合-1/上平联交叉的两根10甲平联斜杆-1/螺栓_29甲-13
                                /*	5:类型	*/	基本杆件\螺栓_29甲.SLDPRT
                                /*	5:位置	*/	0.886481    -0.462766    2.50235e-032    0    0.462766    0.886481    -1.85523e-031    0    -7.96284e-032    -1.89792e-032    1    0    -0.16    0.04    -0.031    1    
                                /*	5:子节点数	*/	0

                                /*	5:名称	*/	两片梁20.00米-1/上弦502弦杆及四个8甲立杆的组合-1/上平联交叉的两根10甲平联斜杆-1/螺栓_29甲-14
                                /*	5:类型	*/	基本杆件\螺栓_29甲.SLDPRT
                                /*	5:位置	*/	0.886481    -0.462766    2.50235e-032    0    0.462766    0.886481    -1.85523e-031    0    -7.96284e-032    -1.89792e-032    1    0    0.16    0.04    -0.031    1    
                                /*	5:子节点数	*/	0

                                /*	5:名称	*/	两片梁20.00米-1/上弦502弦杆及四个8甲立杆的组合-1/上平联交叉的两根10甲平联斜杆-1/螺栓_29甲-2
                                /*	5:类型	*/	基本杆件\螺栓_29甲.SLDPRT
                                /*	5:位置	*/	-0.999098    -0.0424734    7.72217e-032    0    0.0424734    -0.999098    7.81116e-032    0    -4.88083e-031    7.83906e-031    1    0    -9.76996e-015    -1.13    -0.039    1    
                                /*	5:子节点数	*/	0

                                /*	5:名称	*/	两片梁20.00米-1/上弦502弦杆及四个8甲立杆的组合-1/上平联交叉的两根10甲平联斜杆-1/螺栓_29甲-3
                                /*	5:类型	*/	基本杆件\螺栓_29甲.SLDPRT
                                /*	5:位置	*/	-0.999098    -0.0424734    7.72217e-032    0    0.0424734    -0.999098    7.81116e-032    0    -4.88083e-031    7.83906e-031    1    0    8.43769e-015    1.13    -0.039    1    
                                /*	5:子节点数	*/	0

                                /*	5:名称	*/	两片梁20.00米-1/上弦502弦杆及四个8甲立杆的组合-1/上平联交叉的两根10甲平联斜杆-1/螺栓_29甲-4
                                /*	5:类型	*/	基本杆件\螺栓_29甲.SLDPRT
                                /*	5:位置	*/	-0.999098    -0.0424734    7.72217e-032    0    0.0424734    -0.999098    7.81116e-032    0    -7.96284e-032    -1.89792e-032    1    0    9.32587e-015    1.21    -0.039    1    
                                /*	5:子节点数	*/	0

                                /*	5:名称	*/	两片梁20.00米-1/上弦502弦杆及四个8甲立杆的组合-1/上平联交叉的两根10甲平联斜杆-1/螺栓_29甲-5
                                /*	5:类型	*/	基本杆件\螺栓_29甲.SLDPRT
                                /*	5:位置	*/	0.886481    -0.462766    -2.42803e-032    0    0.462766    0.886481    1.16923e-032    0    -4.70651e-031    6.67866e-031    1    0    1.17    0.04    -0.0285    1    
                                /*	5:子节点数	*/	0

                                /*	5:名称	*/	两片梁20.00米-1/上弦502弦杆及四个8甲立杆的组合-1/上平联交叉的两根10甲平联斜杆-1/螺栓_29甲-6
                                /*	5:类型	*/	基本杆件\螺栓_29甲.SLDPRT
                                /*	5:位置	*/	0.886481    -0.462766    -2.42803e-032    0    0.462766    0.886481    1.16923e-032    0    -4.70651e-031    6.67866e-031    1    0    1.09    0.04    -0.0285    1    
                                /*	5:子节点数	*/	0

                                /*	5:名称	*/	两片梁20.00米-1/上弦502弦杆及四个8甲立杆的组合-1/上平联交叉的两根10甲平联斜杆-1/螺栓_29甲-7
                                /*	5:类型	*/	基本杆件\螺栓_29甲.SLDPRT
                                /*	5:位置	*/	0.886481    -0.462766    -2.42803e-032    0    0.462766    0.886481    1.16923e-032    0    -4.70651e-031    6.67866e-031    1    0    -1.09    0.04    -0.0285    1    
                                /*	5:子节点数	*/	0

                                /*	5:名称	*/	两片梁20.00米-1/上弦502弦杆及四个8甲立杆的组合-1/上平联交叉的两根10甲平联斜杆-1/螺栓_29甲-8
                                /*	5:类型	*/	基本杆件\螺栓_29甲.SLDPRT
                                /*	5:位置	*/	0.886481    -0.462766    -2.42803e-032    0    0.462766    0.886481    1.16923e-032    0    -4.70651e-031    6.67866e-031    1    0    -1.17    0.04    -0.0285    1    
                                /*	5:子节点数	*/	0

                                /*	5:名称	*/	两片梁20.00米-1/上弦502弦杆及四个8甲立杆的组合-1/上平联交叉的两根10甲平联斜杆-1/螺栓_29甲-9
                                /*	5:类型	*/	基本杆件\螺栓_29甲.SLDPRT
                                /*	5:位置	*/	-0.999098    -0.0424734    -1.98698e-020    0    0.0424734    -0.999098    -1.34173e-020    0    -1.9282e-020    -1.42491e-020    1    0    8.88178e-016    0.04    -0.039    1    
                                /*	5:子节点数	*/	0

                                /*	5:名称	*/	两片梁20.00米-1/上弦502弦杆及四个8甲立杆的组合-1/上平联交叉的两根10甲平联斜杆-1/螺母_1-1
                                /*	5:类型	*/	基本杆件\螺母_1.SLDPRT
                                /*	5:位置	*/	0.844007    0.536332    -5.30881e-032    0    0.536332    -0.844007    3.43455e-032    0    4.06907e-031    -8.01337e-031    -1    0    -9.32587e-015    -1.05    0.0535    1    
                                /*	5:子节点数	*/	0

                                /*	5:名称	*/	两片梁20.00米-1/上弦502弦杆及四个8甲立杆的组合-1/上平联交叉的两根10甲平联斜杆-1/螺母_1-10
                                /*	5:类型	*/	基本杆件\螺母_1.SLDPRT
                                /*	5:位置	*/	-0.0424734    0.999098    5.26081e-016    0    0.999098    0.0424734    1.05827e-015    0    1.03497e-015    5.70554e-016    -1    0    -1.33227e-015    -0.12    0.056    1    
                                /*	5:子节点数	*/	0

                                /*	5:名称	*/	两片梁20.00米-1/上弦502弦杆及四个8甲立杆的组合-1/上平联交叉的两根10甲平联斜杆-1/螺母_1-12
                                /*	5:类型	*/	基本杆件\螺母_1.SLDPRT
                                /*	5:位置	*/	-0.0424734    0.999098    5.26081e-016    0    0.999098    0.0424734    1.05827e-015    0    1.03497e-015    5.70554e-016    -1    0    2.66454e-015    0.2    0.056    1    
                                /*	5:子节点数	*/	0

                                /*	5:名称	*/	两片梁20.00米-1/上弦502弦杆及四个8甲立杆的组合-1/上平联交叉的两根10甲平联斜杆-1/螺母_1-13
                                /*	5:类型	*/	基本杆件\螺母_1.SLDPRT
                                /*	5:位置	*/	-0.999098    -0.0424734    1.01439e-016    0    -0.0424734    0.999098    -1.31381e-017    0    -1.0079e-016    -1.74347e-017    -1    0    0.16    0.04    0.064    1    
                                /*	5:子节点数	*/	0

                                /*	5:名称	*/	两片梁20.00米-1/上弦502弦杆及四个8甲立杆的组合-1/上平联交叉的两根10甲平联斜杆-1/螺母_1-14
                                /*	5:类型	*/	基本杆件\螺母_1.SLDPRT
                                /*	5:位置	*/	-0.999098    -0.0424734    1.01439e-016    0    -0.0424734    0.999098    -1.31381e-017    0    -1.0079e-016    -1.74347e-017    -1    0    -0.16    0.04    0.064    1    
                                /*	5:子节点数	*/	0

                                /*	5:名称	*/	两片梁20.00米-1/上弦502弦杆及四个8甲立杆的组合-1/上平联交叉的两根10甲平联斜杆-1/螺母_1-2
                                /*	5:类型	*/	基本杆件\螺母_1.SLDPRT
                                /*	5:位置	*/	0.844007    0.536332    -5.30881e-032    0    0.536332    -0.844007    3.43455e-032    0    5.05514e-031    -8.01337e-031    -1    0    -9.76996e-015    -1.13    0.0535    1    
                                /*	5:子节点数	*/	0

                                /*	5:名称	*/	两片梁20.00米-1/上弦502弦杆及四个8甲立杆的组合-1/上平联交叉的两根10甲平联斜杆-1/螺母_1-3
                                /*	5:类型	*/	基本杆件\螺母_1.SLDPRT
                                /*	5:位置	*/	0.844007    0.536332    -5.30881e-032    0    0.536332    -0.844007    3.43455e-032    0    5.05514e-031    -8.01337e-031    -1    0    8.43769e-015    1.13    0.0535    1    
                                /*	5:子节点数	*/	0

                                /*	5:名称	*/	两片梁20.00米-1/上弦502弦杆及四个8甲立杆的组合-1/上平联交叉的两根10甲平联斜杆-1/螺母_1-4
                                /*	5:类型	*/	基本杆件\螺母_1.SLDPRT
                                /*	5:位置	*/	0.844007    0.536332    -5.30881e-032    0    0.536332    -0.844007    3.43455e-032    0    4.06907e-031    -8.01337e-031    -1    0    9.32587e-015    1.21    0.0535    1    
                                /*	5:子节点数	*/	0

                                /*	5:名称	*/	两片梁20.00米-1/上弦502弦杆及四个8甲立杆的组合-1/上平联交叉的两根10甲平联斜杆-1/螺母_1-5
                                /*	5:类型	*/	基本杆件\螺母_1.SLDPRT
                                /*	5:位置	*/	-0.999098    -0.0424734    7.72217e-032    0    -0.0424734    0.999098    -7.81116e-032    0    5.22946e-031    -8.18769e-031    -1    0    1.17    0.04    0.064    1    
                                /*	5:子节点数	*/	0

                                /*	5:名称	*/	两片梁20.00米-1/上弦502弦杆及四个8甲立杆的组合-1/上平联交叉的两根10甲平联斜杆-1/螺母_1-6
                                /*	5:类型	*/	基本杆件\螺母_1.SLDPRT
                                /*	5:位置	*/	-0.999098    -0.0424734    7.72217e-032    0    -0.0424734    0.999098    -7.81116e-032    0    5.22946e-031    -8.18769e-031    -1    0    1.09    0.04    0.064    1    
                                /*	5:子节点数	*/	0

                                /*	5:名称	*/	两片梁20.00米-1/上弦502弦杆及四个8甲立杆的组合-1/上平联交叉的两根10甲平联斜杆-1/螺母_1-7
                                /*	5:类型	*/	基本杆件\螺母_1.SLDPRT
                                /*	5:位置	*/	-0.999098    -0.0424734    7.72217e-032    0    -0.0424734    0.999098    -7.81116e-032    0    5.22946e-031    -8.18769e-031    -1    0    -1.09    0.04    0.064    1    
                                /*	5:子节点数	*/	0

                                /*	5:名称	*/	两片梁20.00米-1/上弦502弦杆及四个8甲立杆的组合-1/上平联交叉的两根10甲平联斜杆-1/螺母_1-8
                                /*	5:类型	*/	基本杆件\螺母_1.SLDPRT
                                /*	5:位置	*/	-0.999098    -0.0424734    7.72217e-032    0    -0.0424734    0.999098    -7.81116e-032    0    5.22946e-031    -8.18769e-031    -1    0    -1.17    0.04    0.064    1    
                                /*	5:子节点数	*/	0

                                /*	5:名称	*/	两片梁20.00米-1/上弦502弦杆及四个8甲立杆的组合-1/上平联交叉的两根10甲平联斜杆-1/螺母_1-9
                                /*	5:类型	*/	基本杆件\螺母_1.SLDPRT
                                /*	5:位置	*/	0.844007    0.536332    6.41219e-016    0    0.536332    -0.844007    2.88543e-017    0    5.56669e-016    3.19553e-016    -1    0    2.66454e-015    0.04    0.064    1    
                                /*	5:子节点数	*/	0

                        /*	4:名称	*/	两片梁20.00米-1/上弦502弦杆及四个8甲立杆的组合-1/上平联交叉的两根10甲平联斜杆-2
                        /*	4:类型	*/	两片拆装式桁梁\上下平联组合\上平联交叉的两根10甲平联斜杆.SLDASM
                        /*	4:位置	*/	-0.707107    -5.1028e-016    0.707107    0    -0.707107    -5.1028e-016    -0.707107    0    7.21645e-016    -1    -3.64848e-030    0    -1.63638    -0.267171    -1.16196    1    
                        /*	4:子节点数	*/	29

                                /*	5:名称	*/	两片梁20.00米-1/上弦502弦杆及四个8甲立杆的组合-1/上平联交叉的两根10甲平联斜杆-2/平联斜杆_编号_10甲_原编号_10-1
                                /*	5:类型	*/	基本杆件\平联斜杆_编号_10甲_原编号_10.SLDPRT
                                /*	5:位置	*/	1    0    -3.50325e-046    0    1.11022e-016    1    2.06692e-044    0    -1.14676e-031    1.60682e-032    1    0    0    -8.88178e-016    0    1    
                                /*	5:子节点数	*/	0

                                /*	5:名称	*/	两片梁20.00米-1/上弦502弦杆及四个8甲立杆的组合-1/上平联交叉的两根10甲平联斜杆-2/平联斜杆_编号_10甲_原编号_10-2
                                /*	5:类型	*/	基本杆件\平联斜杆_编号_10甲_原编号_10.SLDPRT
                                /*	5:位置	*/	9.15934e-015    1    -4.39957e-017    0    1    -9.15934e-015    -1.8561e-017    0    -1.85601e-017    -4.39973e-017    -1    0    -0.04    0.04    -0.014    1    
                                /*	5:子节点数	*/	0

                                /*	5:名称	*/	两片梁20.00米-1/上弦502弦杆及四个8甲立杆的组合-1/上平联交叉的两根10甲平联斜杆-2/横联交叉填板_编号_253_原编号_103-1
                                /*	5:类型	*/	基本杆件\横联交叉填板_编号_253_原编号_103.SLDPRT
                                /*	5:位置	*/	-0.707107    -0.707107    4.42359e-017    0    0.707107    -0.707107    1.79826e-017    0    1.85639e-017    4.39951e-017    1    0    8.88178e-016    0.04    -0.014    1    
                                /*	5:子节点数	*/	0

                                /*	5:名称	*/	两片梁20.00米-1/上弦502弦杆及四个8甲立杆的组合-1/上平联交叉的两根10甲平联斜杆-2/螺栓_29甲-1
                                /*	5:类型	*/	基本杆件\螺栓_29甲.SLDPRT
                                /*	5:位置	*/	-0.999098    -0.0424734    -1.06929e-031    0    0.0424734    -0.999098    -3.8727e-033    0    -1.14676e-031    1.60682e-032    1    0    -9.76996e-015    -1.05    -0.039    1    
                                /*	5:子节点数	*/	0

                                /*	5:名称	*/	两片梁20.00米-1/上弦502弦杆及四个8甲立杆的组合-1/上平联交叉的两根10甲平联斜杆-2/螺栓_29甲-10
                                /*	5:类型	*/	基本杆件\螺栓_29甲.SLDPRT
                                /*	5:位置	*/	-0.999098    -0.0424734    -2.43854e-017    0    0.0424734    -0.999098    2.65386e-017    0    -2.54906e-017    2.54789e-017    1    0    -8.88178e-016    -0.12    -0.039    1    
                                /*	5:子节点数	*/	0

                                /*	5:名称	*/	两片梁20.00米-1/上弦502弦杆及四个8甲立杆的组合-1/上平联交叉的两根10甲平联斜杆-2/螺栓_29甲-12
                                /*	5:类型	*/	基本杆件\螺栓_29甲.SLDPRT
                                /*	5:位置	*/	-0.999098    -0.0424734    -2.43854e-017    0    0.0424734    -0.999098    2.65386e-017    0    -2.54906e-017    2.54789e-017    1    0    2.66454e-015    0.2    -0.039    1    
                                /*	5:子节点数	*/	0

                                /*	5:名称	*/	两片梁20.00米-1/上弦502弦杆及四个8甲立杆的组合-1/上平联交叉的两根10甲平联斜杆-2/螺栓_29甲-13
                                /*	5:类型	*/	基本杆件\螺栓_29甲.SLDPRT
                                /*	5:位置	*/	0.886481    -0.462766    -2.27941e-032    0    0.462766    0.886481    -4.01462e-032    0    -1.14676e-031    1.60682e-032    1    0    -0.16    0.04    -0.031    1    
                                /*	5:子节点数	*/	0

                                /*	5:名称	*/	两片梁20.00米-1/上弦502弦杆及四个8甲立杆的组合-1/上平联交叉的两根10甲平联斜杆-2/螺栓_29甲-14
                                /*	5:类型	*/	基本杆件\螺栓_29甲.SLDPRT
                                /*	5:位置	*/	0.886481    -0.462766    -2.27941e-032    0    0.462766    0.886481    -4.01462e-032    0    -1.14676e-031    1.60682e-032    1    0    0.16    0.04    -0.031    1    
                                /*	5:子节点数	*/	0

                                /*	5:名称	*/	两片梁20.00米-1/上弦502弦杆及四个8甲立杆的组合-1/上平联交叉的两根10甲平联斜杆-2/螺栓_29甲-2
                                /*	5:类型	*/	基本杆件\螺栓_29甲.SLDPRT
                                /*	5:位置	*/	-0.999098    -0.0424734    -8.32187e-033    0    0.0424734    -0.999098    -3.8727e-033    0    -1.14676e-031    1.60682e-032    1    0    -9.76996e-015    -1.13    -0.039    1    
                                /*	5:子节点数	*/	0

                                /*	5:名称	*/	两片梁20.00米-1/上弦502弦杆及四个8甲立杆的组合-1/上平联交叉的两根10甲平联斜杆-2/螺栓_29甲-3
                                /*	5:类型	*/	基本杆件\螺栓_29甲.SLDPRT
                                /*	5:位置	*/	-0.999098    -0.0424734    -8.32187e-033    0    0.0424734    -0.999098    -3.8727e-033    0    -1.14676e-031    1.60682e-032    1    0    8.88178e-015    1.13    -0.039    1    
                                /*	5:子节点数	*/	0

                                /*	5:名称	*/	两片梁20.00米-1/上弦502弦杆及四个8甲立杆的组合-1/上平联交叉的两根10甲平联斜杆-2/螺栓_29甲-4
                                /*	5:类型	*/	基本杆件\螺栓_29甲.SLDPRT
                                /*	5:位置	*/	-0.999098    -0.0424734    -1.06929e-031    0    0.0424734    -0.999098    -3.8727e-033    0    -1.14676e-031    1.60682e-032    1    0    8.88178e-015    1.21    -0.039    1    
                                /*	5:子节点数	*/	0

                                /*	5:名称	*/	两片梁20.00米-1/上弦502弦杆及四个8甲立杆的组合-1/上平联交叉的两根10甲平联斜杆-2/螺栓_29甲-5
                                /*	5:类型	*/	基本杆件\螺栓_29甲.SLDPRT
                                /*	5:位置	*/	0.886481    -0.462766    7.58135e-032    0    0.462766    0.886481    -4.01462e-032    0    -1.14676e-031    1.60682e-032    1    0    1.17    0.04    -0.0285    1    
                                /*	5:子节点数	*/	0

                                /*	5:名称	*/	两片梁20.00米-1/上弦502弦杆及四个8甲立杆的组合-1/上平联交叉的两根10甲平联斜杆-2/螺栓_29甲-6
                                /*	5:类型	*/	基本杆件\螺栓_29甲.SLDPRT
                                /*	5:位置	*/	0.886481    -0.462766    7.58135e-032    0    0.462766    0.886481    -4.01462e-032    0    -1.14676e-031    1.60682e-032    1    0    1.09    0.04    -0.0285    1    
                                /*	5:子节点数	*/	0

                                /*	5:名称	*/	两片梁20.00米-1/上弦502弦杆及四个8甲立杆的组合-1/上平联交叉的两根10甲平联斜杆-2/螺栓_29甲-7
                                /*	5:类型	*/	基本杆件\螺栓_29甲.SLDPRT
                                /*	5:位置	*/	0.886481    -0.462766    7.58135e-032    0    0.462766    0.886481    -4.01462e-032    0    -1.14676e-031    1.60682e-032    1    0    -1.09    0.04    -0.0285    1    
                                /*	5:子节点数	*/	0

                                /*	5:名称	*/	两片梁20.00米-1/上弦502弦杆及四个8甲立杆的组合-1/上平联交叉的两根10甲平联斜杆-2/螺栓_29甲-8
                                /*	5:类型	*/	基本杆件\螺栓_29甲.SLDPRT
                                /*	5:位置	*/	0.886481    -0.462766    7.58135e-032    0    0.462766    0.886481    -4.01462e-032    0    -1.14676e-031    1.60682e-032    1    0    -1.17    0.04    -0.0285    1    
                                /*	5:子节点数	*/	0

                                /*	5:名称	*/	两片梁20.00米-1/上弦502弦杆及四个8甲立杆的组合-1/上平联交叉的两根10甲平联斜杆-2/螺栓_29甲-9
                                /*	5:类型	*/	基本杆件\螺栓_29甲.SLDPRT
