丙式渡轮拼组
丙式渡轮拼组.SLDASM
1.0	0.0	0.0	0.0	0.0	1.0	0.0	0.0	0.0	0.0	1.0	0.0	0.0	0.0	0.0	1.0
147
	M22螺母-1
	M22螺母.SLDPRT
	1.0	1.21719E-16	1.21719E-16	0.0	1.21719E-16	2.65107E-16	-1.0	0.0	-1.21719E-16	1.0	2.65107E-16	0.0	-52.7097	-9.68647	2.75886	1.0
	0

	M22螺母-2
	M22螺母.SLDPRT
	1.0	1.21719E-16	1.21719E-16	0.0	1.21719E-16	2.65107E-16	-1.0	0.0	-1.21719E-16	1.0	2.65107E-16	0.0	-52.7101	-9.68647	2.63886	1.0
	0

	垫圈M22-1
	垫圈M22.SLDPRT
	1.21719E-16	-1.0	-2.65107E-16	0.0	1.0	1.21719E-16	-2.65107E-16	0.0	2.65107E-16	-2.65107E-16	1.0	0.0	-52.7097	-9.70987	2.75886	1.0
	0

	M22螺母-3
	M22螺母.SLDPRT
	1.0	1.21719E-16	1.21719E-16	0.0	1.21719E-16	2.65107E-16	-1.0	0.0	-1.21719E-16	1.0	2.65107E-16	0.0	-52.6097	-9.68647	2.75858	1.0
	0

	防撞架（右）-1
	防撞架（右）.SLDASM
	1.0	0.0	0.0	0.0	0.0	1.0	0.0	0.0	0.0	0.0	1.0	0.0	-13.4004	-11.4129	3.98757	1.0
	37
		防撞架（右）-1/M22x80-1
		M22x80.SLDPRT
		-0.999996	2.02761E-16	0.00281366	0.0	-2.0276E-16	1.0	-1.44126E-13	0.0	-0.00281366	-1.44126E-13	-0.999996	0.0	-39.2203	2.74308	-5.03366	1.0
		0

		防撞架（右）-1/垫圈M22-669
		垫圈M22.SLDPRT
		0.999996	-2.02761E-16	-0.00281366	0.0	2.02762E-16	1.0	7.66995E-20	0.0	0.00281366	-6.47202E-19	0.999996	0.0	-39.2646	2.8924	-5.13996	1.0
		0

		防撞架（右）-1/M22x55-46
		M22x55.SLDPRT
		-0.999996	2.02761E-16	0.00281366	0.0	-2.0276E-16	1.0	-1.44126E-13	0.0	-0.00281366	-1.44126E-13	-0.999996	0.0	-39.2306	2.8924	-5.14006	1.0
		0

		防撞架（右）-1/跳板梁防撞架-1
		跳板梁防撞架.SLDASM
		-0.00281366	4.30631E-17	-0.999996	0.0	2.02882E-16	1.0	4.24925E-17	0.0	0.999996	-2.02761E-16	-0.00281366	0.0	-39.2596	2.33988	-5.04751	1.0
		6
			防撞架（右）-1/跳板梁防撞架-1/TF2-1
			TF2.SLDPRT
			-1.13191E-16	-1.46351E-16	-1.0	0.0	0.61191	0.790928	-1.84531E-16	0.0	0.790928	-0.61191	0.0	0.0	0.0892646	0.605579	0.0802763	1.0
			0

			防撞架（右）-1/跳板梁防撞架-1/TF6-1
			TF6.SLDPRT
			1.0	-2.77556E-17	4.33681E-19	0.0	0.0	1.34815E-32	1.0	0.0	-2.77556E-17	-1.0	-1.31204E-32	0.0	-0.0589542	0.353203	0.0152763	1.0
			0

			防撞架（右）-1/跳板梁防撞架-1/TF4-1
			TF4.SLDPRT
			1.0	0.0	0.0	0.0	0.0	1.0	-1.11704E-32	0.0	0.0	1.34815E-32	1.0	0.0	-0.138954	0.753203	-0.00472371	1.0
			0

			防撞架（右）-1/跳板梁防撞架-1/立柱TF1-1
			立柱TF1.SLDPRT
			1.0	0.0	0.0	0.0	0.0	1.0	-1.11704E-32	0.0	0.0	1.34815E-32	1.0	0.0	-0.0589542	-0.646797	7.10543E-15	1.0
			0

			防撞架（右）-1/跳板梁防撞架-1/TF5-1
			TF5.SLDPRT
			1.0	0.0	0.0	0.0	0.0	1.0	-1.11704E-32	0.0	0.0	1.34815E-32	1.0	0.0	1.64105	-0.646797	2.7629E-4	1.0
			0

			防撞架（右）-1/跳板梁防撞架-1/TF3-1
			TF3.SLDPRT
			1.0	5.15557E-18	9.1073E-18	0.0	-9.97466E-18	0.590439	0.807082	0.0	-1.30104E-18	-0.807082	0.590439	0.0	-0.138954	0.306849	0.103082	1.0
			0


		防撞架（右）-1/M22螺母-520
		M22螺母.SLDPRT
		0.00281366	2.02111E-16	0.999996	0.0	2.02192E-16	1.0	-2.02681E-16	0.0	-0.999996	2.02761E-16	0.00281366	0.0	-39.288	2.8924	-5.1399	1.0
		0

		防撞架（右）-1/M22x55-47
		M22x55.SLDPRT
		-0.999996	2.02761E-16	0.00281366	0.0	-2.0276E-16	1.0	-1.44126E-13	0.0	-0.00281366	-1.44126E-13	-0.999996	0.0	-39.2307	2.84957	-5.19542	1.0
		0

		防撞架（右）-1/垫圈M22-670
		垫圈M22.SLDPRT
		0.999996	-2.02761E-16	-0.00281366	0.0	2.02762E-16	1.0	7.66995E-20	0.0	0.00281366	-6.47202E-19	0.999996	0.0	-39.2647	2.84957	-5.19533	1.0
		0

		防撞架（右）-1/M22螺母-521
		M22螺母.SLDPRT
		0.00281366	2.02111E-16	0.999996	0.0	2.02192E-16	1.0	-2.02681E-16	0.0	-0.999996	2.02761E-16	0.00281366	0.0	-39.2881	2.84957	-5.19526	1.0
		0

		防撞架（右）-1/M22x55-48
		M22x55.SLDPRT
		-0.999996	2.02761E-16	0.00281366	0.0	-2.0276E-16	1.0	-1.44126E-13	0.0	-0.00281366	-1.44126E-13	-0.999996	0.0	-39.2345	1.8032	-6.5479	1.0
		0

		防撞架（右）-1/垫圈M22-671
		垫圈M22.SLDPRT
		0.999996	-2.02761E-16	-0.00281366	0.0	2.02762E-16	1.0	7.66995E-20	0.0	0.00281366	-6.47202E-19	0.999996	0.0	-39.2685	1.80276	-6.54834	1.0
		0

		防撞架（右）-1/垫圈M22-672
		垫圈M22.SLDPRT
		0.999996	-2.02761E-16	-0.00281366	0.0	2.02762E-16	1.0	7.66995E-20	0.0	0.00281366	-6.47202E-19	0.999996	0.0	-39.2687	1.75993	-6.6037	1.0
		0

		防撞架（右）-1/M22螺母-522
		M22螺母.SLDPRT
		0.00281366	2.02111E-16	0.999996	0.0	2.02192E-16	1.0	-2.02681E-16	0.0	-0.999996	2.02761E-16	0.00281366	0.0	-39.2919	1.80276	-6.54827	1.0
		0

		防撞架（右）-1/M22螺母-523
		M22螺母.SLDPRT
		0.00281366	2.02111E-16	0.999996	0.0	2.02192E-16	1.0	-2.02681E-16	0.0	-0.999996	2.02761E-16	0.00281366	0.0	-39.2921	1.75993	-6.60364	1.0
		0

		防撞架（右）-1/M22x55-49
		M22x55.SLDPRT
		-0.999996	2.02761E-16	0.00281366	0.0	-2.0276E-16	1.0	-1.44126E-13	0.0	-0.00281366	-1.44126E-13	-0.999996	0.0	-39.2347	1.76037	-6.60327	1.0
		0

		防撞架（右）-1/M22x55-1
		M22x55.SLDPRT
		-0.999996	2.02761E-16	0.00281366	0.0	-2.0276E-16	1.0	-1.44126E-13	0.0	-0.00281366	-1.44126E-13	-0.999996	0.0	-39.23	2.98808	-4.94363	1.0
		0

		防撞架（右）-1/垫圈M22-673
		垫圈M22.SLDPRT
		0.999996	-2.02761E-16	-0.00281366	0.0	2.02762E-16	1.0	7.66995E-20	0.0	0.00281366	-6.47202E-19	0.999996	0.0	-39.2746	2.98808	-4.94351	1.0
		0

		防撞架（右）-1/垫圈M22-674
		垫圈M22.SLDPRT
		0.999996	-2.02761E-16	-0.00281366	0.0	2.02762E-16	1.0	7.66995E-20	0.0	0.00281366	-6.47202E-19	0.999996	0.0	-39.2748	2.74308	-5.03351	1.0
		0

		防撞架（右）-1/M22螺母-524
		M22螺母.SLDPRT
		0.00281366	2.02111E-16	0.999996	0.0	2.02192E-16	1.0	-2.02681E-16	0.0	-0.999996	2.02761E-16	0.00281366	0.0	-39.298	2.98808	-4.94344	1.0
		0

		防撞架（右）-1/M22螺母-525
		M22螺母.SLDPRT
		0.00281366	2.02111E-16	0.999996	0.0	2.02192E-16	1.0	-2.02681E-16	0.0	-0.999996	2.02761E-16	0.00281366	0.0	-39.2982	2.74308	-5.03344	1.0
		0

		防撞架（右）-1/垫圈M22-676
		垫圈M22.SLDPRT
		0.999996	-2.02761E-16	-0.00281366	0.0	2.02762E-16	1.0	7.66995E-20	0.0	0.00281366	-6.47202E-19	0.999996	0.0	-39.2748	2.64308	-5.03351	1.0
		0

		防撞架（右）-1/垫圈M22-675
		垫圈M22.SLDPRT
		0.999996	-2.02761E-16	-0.00281366	0.0	2.02762E-16	1.0	7.66995E-20	0.0	0.00281366	-6.47202E-19	0.999996	0.0	-39.2746	2.74308	-4.94351	1.0
		0

		防撞架（右）-1/垫圈M22-677
		垫圈M22.SLDPRT
		0.999996	-2.02761E-16	-0.00281366	0.0	2.02762E-16	1.0	7.66995E-20	0.0	0.00281366	-6.47202E-19	0.999996	0.0	-39.2746	2.64308	-4.94351	1.0
		0

		防撞架（右）-1/M22螺母-526
		M22螺母.SLDPRT
		0.00281366	2.02111E-16	0.999996	0.0	2.02192E-16	1.0	-2.02681E-16	0.0	-0.999996	2.02761E-16	0.00281366	0.0	-39.298	2.74308	-4.94344	1.0
		0

		防撞架（右）-1/M22螺母-527
		M22螺母.SLDPRT
		0.00281366	2.02111E-16	0.999996	0.0	2.02192E-16	1.0	-2.02681E-16	0.0	-0.999996	2.02761E-16	0.00281366	0.0	-39.2982	2.64308	-5.03344	1.0
		0

		防撞架（右）-1/M22螺母-528
		M22螺母.SLDPRT
		0.00281366	2.02111E-16	0.999996	0.0	2.02192E-16	1.0	-2.02681E-16	0.0	-0.999996	2.02761E-16	0.00281366	0.0	-39.298	2.64308	-4.94344	1.0
		0

		防撞架（右）-1/M22x80-2
		M22x80.SLDPRT
		-0.999996	2.02761E-16	0.00281366	0.0	-2.0276E-16	1.0	-1.44126E-13	0.0	-0.00281366	-1.44126E-13	-0.999996	0.0	-39.22	2.74308	-4.94366	1.0
		0

		防撞架（右）-1/M22x80-3
		M22x80.SLDPRT
		-0.999996	2.02761E-16	0.00281366	0.0	-2.0276E-16	1.0	-1.44126E-13	0.0	-0.00281366	-1.44126E-13	-0.999996	0.0	-39.2203	2.64308	-5.03366	1.0
		0

		防撞架（右）-1/M22x80-4
		M22x80.SLDPRT
		-0.999996	2.02761E-16	0.00281366	0.0	-2.0276E-16	1.0	-1.44126E-13	0.0	-0.00281366	-1.44126E-13	-0.999996	0.0	-39.22	2.64308	-4.94366	1.0
		0

		防撞架（右）-1/垫圈M22-678
		垫圈M22.SLDPRT
		0.999996	-2.02761E-16	-0.00281366	0.0	2.02762E-16	1.0	7.66995E-20	0.0	0.00281366	-6.47202E-19	0.999996	0.0	-39.2746	3.05808	-4.94351	1.0
		0

		防撞架（右）-1/垫圈M22-679
		垫圈M22.SLDPRT
		0.999996	-2.02761E-16	-0.00281366	0.0	2.02762E-16	1.0	7.66995E-20	0.0	0.00281366	-6.47202E-19	0.999996	0.0	-39.2748	2.98808	-5.03351	1.0
		0

		防撞架（右）-1/M22螺母-529
		M22螺母.SLDPRT
		0.00281366	2.02111E-16	0.999996	0.0	2.02192E-16	1.0	-2.02681E-16	0.0	-0.999996	2.02761E-16	0.00281366	0.0	-39.298	3.05808	-4.94344	1.0
		0

		防撞架（右）-1/垫圈M22-680
		垫圈M22.SLDPRT
		0.999996	-2.02761E-16	-0.00281366	0.0	2.02762E-16	1.0	7.66995E-20	0.0	0.00281366	-6.47202E-19	0.999996	0.0	-39.2748	3.05808	-5.03351	1.0
		0

		防撞架（右）-1/M22螺母-530
		M22螺母.SLDPRT
		0.00281366	2.02111E-16	0.999996	0.0	2.02192E-16	1.0	-2.02681E-16	0.0	-0.999996	2.02761E-16	0.00281366	0.0	-39.2982	2.98808	-5.03344	1.0
		0

		防撞架（右）-1/M22螺母-531
		M22螺母.SLDPRT
		0.00281366	2.02111E-16	0.999996	0.0	2.02192E-16	1.0	-2.02681E-16	0.0	-0.999996	2.02761E-16	0.00281366	0.0	-39.2982	3.05808	-5.03344	1.0
		0

		防撞架（右）-1/M22x55-3
		M22x55.SLDPRT
		-0.999996	2.02761E-16	0.00281366	0.0	-2.0276E-16	1.0	-1.44126E-13	0.0	-0.00281366	-1.44126E-13	-0.999996	0.0	-39.23	3.05808	-4.94363	1.0
		0

		防撞架（右）-1/M22x55-4
		M22x55.SLDPRT
		-0.999996	2.02761E-16	0.00281366	0.0	-2.0276E-16	1.0	-1.44126E-13	0.0	-0.00281366	-1.44126E-13	-0.999996	0.0	-39.2303	2.98808	-5.03363	1.0
		0

		防撞架（右）-1/M22x55-5
		M22x55.SLDPRT
		-0.999996	2.02761E-16	0.00281366	0.0	-2.0276E-16	1.0	-1.44126E-13	0.0	-0.00281366	-1.44126E-13	-0.999996	0.0	-39.2303	3.05808	-5.03363	1.0
		0


	防撞架（左）-3
	防撞架（左）.SLDASM
	1.0	0.0	0.0	0.0	0.0	1.0	0.0	0.0	0.0	0.0	1.0	0.0	-13.4059	-11.4129	3.98757	1.0
	43
		防撞架（左）-3/跳板梁防撞架1-1
		跳板梁防撞架1.SLDASM
		-0.00281366	1.54085E-16	-0.999996	0.0	4.33544E-19	1.0	1.54085E-16	0.0	0.999996	3.58704E-32	-0.00281366	0.0	-39.2596	2.33988	-5.04751	1.0
		6
			防撞架（左）-3/跳板梁防撞架1-1/TF5-2
			TF5.SLDPRT
			-1.0	0.0	0.0	0.0	-1.11022E-16	1.0	-9.62965E-35	0.0	0.0	0.0	-1.0	0.0	-3.75835	-0.646797	-2.7629E-4	1.0
			0

			防撞架（左）-3/跳板梁防撞架1-1/TF2-2
			TF2.SLDPRT
			1.12757E-16	-1.46665E-16	-1.0	0.0	-0.609707	0.792627	-1.84965E-16	0.0	0.792627	0.609707	0.0	0.0	-3.72887	-0.565068	0.0797237	1.0
			0

			防撞架（左）-3/跳板梁防撞架1-1/TF4-2
			TF4.SLDPRT
			-1.0	1.55431E-15	0.0	0.0	1.55431E-15	1.0	0.0	0.0	4.33681E-19	-4.81482E-35	-1.0	0.0	-1.97895	0.753203	0.00472371	1.0
			0

			防撞架（左）-3/跳板梁防撞架1-1/立柱TF1-1
			立柱TF1.SLDPRT
			1.0	0.0	0.0	0.0	0.0	1.0	-4.81482E-35	0.0	0.0	0.0	1.0	0.0	-2.05895	-0.646797	0.0	1.0
			0

			防撞架（左）-3/跳板梁防撞架1-1/TF3-2
			TF3.SLDPRT
			1.0	7.57329E-17	-1.49186E-16	0.0	7.58942E-17	0.590715	0.80688	0.0	1.49403E-16	-0.80688	0.590715	0.0	-2.13895	0.306853	0.103064	1.0
			0

			防撞架（左）-3/跳板梁防撞架1-1/TF6-2
			TF6.SLDPRT
			1.0	-4.996E-16	4.33681E-19	0.0	0.0	0.0	1.0	0.0	-4.996E-16	-1.0	-1.92593E-34	0.0	-2.05895	0.353203	0.0152763	1.0
			0


		防撞架（左）-3/M22x55-7
		M22x55.SLDPRT
		-0.999996	-3.69779E-31	0.00281366	0.0	1.46371E-36	1.0	1.31423E-28	0.0	-0.00281366	1.31423E-28	-0.999996	0.0	-39.2207	1.80276	-1.42944	1.0
		0

		防撞架（左）-3/垫圈M22-621
		垫圈M22.SLDPRT
		0.999996	-1.91076E-19	-0.00281366	0.0	1.91065E-19	1.0	-4.1983E-21	0.0	0.00281366	3.66069E-21	0.999996	0.0	-39.2545	1.76445	-1.37077	1.0
		0

		防撞架（左）-3/垫圈M22-619
		垫圈M22.SLDPRT
		0.999996	3.58704E-32	-0.00281366	0.0	-7.17407E-32	1.0	-1.27485E-29	0.0	0.00281366	1.27487E-29	0.999996	0.0	-39.2547	1.80276	-1.42935	1.0
		0

		防撞架（左）-3/M22x55-6
		M22x55.SLDPRT
		-0.999996	-3.69779E-31	0.00281366	0.0	1.46371E-36	1.0	1.31423E-28	0.0	-0.00281366	1.31423E-28	-0.999996	0.0	-39.2205	1.76445	-1.37086	1.0
		0

		防撞架（左）-3/M22螺母-472
		M22螺母.SLDPRT
		0.00281366	-3.58706E-32	0.999996	0.0	-3.57694E-32	1.0	3.59714E-32	0.0	-0.999996	-3.58704E-32	0.00281366	0.0	-39.2781	1.80276	-1.42928	1.0
		0

		防撞架（左）-3/M22螺母-473
		M22螺母.SLDPRT
		0.00281366	1.91077E-19	0.999996	0.0	1.90538E-19	1.0	-1.91614E-19	0.0	-0.999996	1.91076E-19	0.00281366	0.0	-39.2779	1.76445	-1.3707	1.0
		0

		防撞架（左）-3/M22x55-8
		M22x55.SLDPRT
		-0.999996	-3.58704E-32	0.00281366	0.0	1.41987E-37	1.0	1.27487E-29	0.0	-0.00281366	1.27487E-29	-0.999996	0.0	-39.2244	3.05808	-2.94364	1.0
		0

		防撞架（左）-3/垫圈M22-622
		垫圈M22.SLDPRT
		0.999996	3.58704E-32	-0.00281366	0.0	-7.17407E-32	1.0	-1.27485E-29	0.0	0.00281366	1.27487E-29	0.999996	0.0	-39.2689	3.05808	-2.94352	1.0
		0

		防撞架（左）-3/M22螺母-474
		M22螺母.SLDPRT
		0.00281366	-3.58706E-32	0.999996	0.0	-3.57694E-32	1.0	3.59714E-32	0.0	-0.999996	-3.58704E-32	0.00281366	0.0	-39.2923	3.05808	-2.94345	1.0
		0

		防撞架（左）-3/垫圈M22-624
		垫圈M22.SLDPRT
		0.999996	3.58704E-32	-0.00281366	0.0	-7.17407E-32	1.0	-1.27485E-29	0.0	0.00281366	1.27487E-29	0.999996	0.0	-39.2692	3.05808	-3.03352	1.0
		0

		防撞架（左）-3/垫圈M22-623
		垫圈M22.SLDPRT
		0.999996	3.58704E-32	-0.00281366	0.0	-7.17407E-32	1.0	-1.27485E-29	0.0	0.00281366	1.27487E-29	0.999996	0.0	-39.2689	2.98808	-2.94352	1.0
		0

		防撞架（左）-3/垫圈M22-625
		垫圈M22.SLDPRT
		0.999996	3.58704E-32	-0.00281366	0.0	-7.17407E-32	1.0	-1.27485E-29	0.0	0.00281366	1.27487E-29	0.999996	0.0	-39.2692	2.98808	-3.03352	1.0
		0

		防撞架（左）-3/M22螺母-475
		M22螺母.SLDPRT
		0.00281366	-3.58706E-32	0.999996	0.0	-3.57694E-32	1.0	3.59714E-32	0.0	-0.999996	-3.58704E-32	0.00281366	0.0	-39.2923	2.98808	-2.94345	1.0
		0

		防撞架（左）-3/M22螺母-476
		M22螺母.SLDPRT
		0.00281366	-3.58706E-32	0.999996	0.0	-3.57694E-32	1.0	3.59714E-32	0.0	-0.999996	-3.58704E-32	0.00281366	0.0	-39.2926	3.05808	-3.03345	1.0
		0

		防撞架（左）-3/M22螺母-477
		M22螺母.SLDPRT
		0.00281366	-3.58706E-32	0.999996	0.0	-3.57694E-32	1.0	3.59714E-32	0.0	-0.999996	-3.58704E-32	0.00281366	0.0	-39.2926	2.98808	-3.03345	1.0
		0

		防撞架（左）-3/M22x55-9
		M22x55.SLDPRT
		-0.999996	-3.58704E-32	0.00281366	0.0	1.41987E-37	1.0	1.27487E-29	0.0	-0.00281366	1.27487E-29	-0.999996	0.0	-39.2244	2.98808	-2.94364	1.0
		0

		防撞架（左）-3/M22x55-17
		M22x55.SLDPRT
		-0.00281366	3.39123E-16	-0.999996	0.0	-3.39036E-16	1.0	3.40078E-16	0.0	0.999996	3.39991E-16	-0.00281366	0.0	-39.1226	2.53717	-2.95993	1.0
		0

		防撞架（左）-3/M22x55-10
		M22x55.SLDPRT
		-0.999996	-3.58704E-32	0.00281366	0.0	1.41987E-37	1.0	1.27487E-29	0.0	-0.00281366	1.27487E-29	-0.999996	0.0	-39.2246	3.05808	-3.03364	1.0
		0

		防撞架（左）-3/M22x55-11
		M22x55.SLDPRT
		-0.999996	-3.58704E-32	0.00281366	0.0	1.41987E-37	1.0	1.27487E-29	0.0	-0.00281366	1.27487E-29	-0.999996	0.0	-39.2246	2.98808	-3.03364	1.0
		0

		防撞架（左）-3/M22x55-12
		M22x55.SLDPRT
		-0.999996	-3.69779E-31	0.00281366	0.0	1.46371E-36	1.0	1.31423E-28	0.0	-0.00281366	1.31423E-28	-0.999996	0.0	-39.2246	2.8924	-2.83722	1.0
		0

		防撞架（左）-3/M22x55-13
		M22x55.SLDPRT
		-0.999996	-3.69779E-31	0.00281366	0.0	1.46371E-36	1.0	1.31423E-28	0.0	-0.00281366	1.31423E-28	-0.999996	0.0	-39.2245	2.84972	-2.78173	1.0
		0

		防撞架（左）-3/垫圈M22-626
		垫圈M22.SLDPRT
		0.999996	3.69779E-31	-0.00281366	0.0	-7.39556E-31	1.0	-1.31421E-28	0.0	0.00281366	1.31423E-28	0.999996	0.0	-39.2586	2.8924	-2.83712	1.0
		0

		防撞架（左）-3/M22螺母-478
		M22螺母.SLDPRT
		0.00281366	-3.58706E-32	0.999996	0.0	-3.57694E-32	1.0	3.59714E-32	0.0	-0.999996	-3.58704E-32	0.00281366	0.0	-39.2819	2.84966	-2.78149	1.0
		0

		防撞架（左）-3/垫圈M22-627
		垫圈M22.SLDPRT
		0.999996	3.58704E-32	-0.00281366	0.0	-7.17407E-32	1.0	-1.27485E-29	0.0	0.00281366	1.27487E-29	0.999996	0.0	-39.2585	2.84966	-2.78156	1.0
		0

		防撞架（左）-3/M22螺母-479
		M22螺母.SLDPRT
		0.00281366	-3.6978E-31	0.999996	0.0	-3.68737E-31	1.0	3.70819E-31	0.0	-0.999996	-3.69779E-31	0.00281366	0.0	-39.282	2.8924	-2.83705	1.0
		0

		防撞架（左）-3/M22x80-386
		M22x80.SLDPRT
		-0.999996	-3.58704E-32	0.00281366	0.0	1.41987E-37	1.0	1.27487E-29	0.0	-0.00281366	1.27487E-29	-0.999996	0.0	-39.2144	2.74308	-2.94367	1.0
		0

		防撞架（左）-3/垫圈M22-628
		垫圈M22.SLDPRT
		0.999996	3.58704E-32	-0.00281366	0.0	-7.17407E-32	1.0	-1.27485E-29	0.0	0.00281366	1.27487E-29	0.999996	0.0	-39.2689	2.74308	-2.94352	1.0
		0

		防撞架（左）-3/M22螺母-480
		M22螺母.SLDPRT
		0.00281366	-3.58706E-32	0.999996	0.0	-3.57694E-32	1.0	3.59714E-32	0.0	-0.999996	-3.58704E-32	0.00281366	0.0	-39.2923	2.74308	-2.94345	1.0
		0

		防撞架（左）-3/垫圈M22-629
		垫圈M22.SLDPRT
		0.999996	3.58704E-32	-0.00281366	0.0	-7.17407E-32	1.0	-1.27485E-29	0.0	0.00281366	1.27487E-29	0.999996	0.0	-39.2689	2.64308	-2.94352	1.0
		0

		防撞架（左）-3/垫圈M22-631
		垫圈M22.SLDPRT
		0.999996	3.58704E-32	-0.00281366	0.0	-7.17407E-32	1.0	-1.27485E-29	0.0	0.00281366	1.27487E-29	0.999996	0.0	-39.2692	2.64308	-3.03352	1.0
		0

		防撞架（左）-3/垫圈M22-630
		垫圈M22.SLDPRT
		0.999996	3.58704E-32	-0.00281366	0.0	-7.17407E-32	1.0	-1.27485E-29	0.0	0.00281366	1.27487E-29	0.999996	0.0	-39.2692	2.74308	-3.03352	1.0
		0

		防撞架（左）-3/M22螺母-481
		M22螺母.SLDPRT
		0.00281366	-3.58706E-32	0.999996	0.0	-3.57694E-32	1.0	3.59714E-32	0.0	-0.999996	-3.58704E-32	0.00281366	0.0	-39.2923	2.64308	-2.94345	1.0
		0

		防撞架（左）-3/M22螺母-482
		M22螺母.SLDPRT
		0.00281366	-3.58706E-32	0.999996	0.0	-3.57694E-32	1.0	3.59714E-32	0.0	-0.999996	-3.58704E-32	0.00281366	0.0	-39.2926	2.74308	-3.03345	1.0
		0

		防撞架（左）-3/M22螺母-483
		M22螺母.SLDPRT
		0.00281366	-3.58706E-32	0.999996	0.0	-3.57694E-32	1.0	3.59714E-32	0.0	-0.999996	-3.58704E-32	0.00281366	0.0	-39.2926	2.64308	-3.03345	1.0
		0

		防撞架（左）-3/M22x80-387
		M22x80.SLDPRT
		-0.999996	-3.58704E-32	0.00281366	0.0	1.41987E-37	1.0	1.27487E-29	0.0	-0.00281366	1.27487E-29	-0.999996	0.0	-39.2144	2.64308	-2.94367	1.0
		0

		防撞架（左）-3/M22x80-388
		M22x80.SLDPRT
		-0.999996	-3.58704E-32	0.00281366	0.0	1.41987E-37	1.0	1.27487E-29	0.0	-0.00281366	1.27487E-29	-0.999996	0.0	-39.2146	2.74308	-3.03367	1.0
		0

		防撞架（左）-3/M22x80-389
		M22x80.SLDPRT
		-0.999996	-3.58704E-32	0.00281366	0.0	1.41987E-37	1.0	1.27487E-29	0.0	-0.00281366	1.27487E-29	-0.999996	0.0	-39.2146	2.64308	-3.03367	1.0
		0

		防撞架（左）-3/M22x55-16
		M22x55.SLDPRT
		-0.00281366	3.39123E-16	-0.999996	0.0	-3.39036E-16	1.0	3.40078E-16	0.0	0.999996	3.39991E-16	-0.00281366	0.0	-39.1613	2.59172	-2.95983	1.0
		0

		防撞架（左）-3/垫圈M22-635
		垫圈M22.SLDPRT
		0.00281366	3.45515E-16	0.999996	0.0	-3.4562E-16	1.0	-3.44544E-16	0.0	-0.999996	-3.44649E-16	0.00281366	0.0	-39.1623	2.59486	-2.99382	1.0
		0

		防撞架（左）-3/M22螺母-486
		M22螺母.SLDPRT
		-0.999996	-2.45598E-13	0.00281366	0.0	-2.45598E-13	1.0	3.45515E-16	0.0	-0.00281366	-3.45515E-16	-0.999996	0.0	-39.1624	2.59486	-3.01722	1.0
		0

		防撞架（左）-3/垫圈M22-636
		垫圈M22.SLDPRT
		0.00281366	3.45515E-16	0.999996	0.0	-3.4562E-16	1.0	-3.44544E-16	0.0	-0.999996	-3.44649E-16	0.00281366	0.0	-39.1227	2.53743	-2.99393	1.0
		0

		防撞架（左）-3/M22螺母-487
		M22螺母.SLDPRT
		-0.999996	-2.45598E-13	0.00281366	0.0	-2.45598E-13	1.0	3.45515E-16	0.0	-0.00281366	-3.45515E-16	-0.999996	0.0	-39.1228	2.53743	-3.01733	1.0
		0


	渡轮安装跳板梁-1
	渡轮安装跳板梁.SLDASM
	1.0	0.0	0.0	0.0	0.0	1.0	0.0	0.0	0.0	0.0	1.0	0.0	-18.5808	1.60149	0.0	1.0
	92
		渡轮安装跳板梁-1/M36螺母-4
		M36螺母.SLDPRT
		0.0	0.0	-1.0	0.0	0.0	1.0	0.0	0.0	1.0	0.0	0.0	0.0	-27.913	-9.67048	0.667888	1.0
		0

		渡轮安装跳板梁-1/M36螺母-3
		M36螺母.SLDPRT
		0.0	0.0	-1.0	0.0	0.0	1.0	0.0	0.0	1.0	0.0	0.0	0.0	-27.913	-9.52048	0.467888	1.0
		0

		渡轮安装跳板梁-1/法兰连接螺栓-4
		法兰连接螺栓.SLDPRT
		1.0	0.0	0.0	0.0	0.0	-0.505906	-0.862589	0.0	0.0	0.862589	-0.505906	0.0	-27.975	-9.51136	0.461373	1.0
		0

		渡轮安装跳板梁-1/M36螺母-2
		M36螺母.SLDPRT
		0.0	0.0	-1.0	0.0	0.0	1.0	0.0	0.0	1.0	0.0	0.0	0.0	-27.913	-9.52048	1.04789	1.0
		0

		渡轮安装跳板梁-1/法兰连接螺栓-3
		法兰连接螺栓.SLDPRT
		1.0	0.0	0.0	0.0	0.0	-0.843348	0.537368	0.0	0.0	-0.537368	-0.843348	0.0	-27.975	-9.51136	1.04137	1.0
		0

		渡轮安装跳板梁-1/法兰连接螺栓-2
		法兰连接螺栓.SLDPRT
		1.0	0.0	0.0	0.0	0.0	-0.298979	-0.95426	0.0	0.0	0.95426	-0.298979	0.0	-27.975	-9.66136	0.661373	1.0
		0

		渡轮安装跳板梁-1/M36螺母-1
		M36螺母.SLDPRT
		0.0	0.0	-1.0	0.0	0.0	1.0	0.0	0.0	1.0	0.0	0.0	0.0	-27.913	-9.67048	0.847888	1.0
		0

		渡轮安装跳板梁-1/法兰连接螺栓-1
		法兰连接螺栓.SLDPRT
		1.0	0.0	0.0	0.0	0.0	-0.420476	0.907304	0.0	0.0	-0.907304	-0.420476	0.0	-27.975	-9.66136	0.841373	1.0
		0

		渡轮安装跳板梁-1/双耳铰接头-1
		双耳铰接头.SLDPRT
		0.0	0.0	1.0	0.0	0.0	1.0	0.0	0.0	-1.0	0.0	0.0	0.0	-27.929	-10.1914	0.710373	1.0
		0

		渡轮安装跳板梁-1/渡轮安装起吊架-1
		渡轮安装起吊架.SLDASM
		1.0	0.0	0.0	0.0	0.0	1.0	0.0	0.0	0.0	0.0	1.0	0.0	0.935356	-7.88513	-0.00112679	1.0
		86
			渡轮安装跳板梁-1/渡轮安装起吊架-1/M22x55-2
			M22x55.SLDPRT
			3.60706E-17	1.0	1.92486E-17	0.0	0.769108	-4.00444E-17	0.639119	0.0	0.639119	-8.24916E-18	-0.769108	0.0	-34.3643	-3.46776	5.34	1.0
			0

			渡轮安装跳板梁-1/渡轮安装起吊架-1/M22x55-1
			M22x55.SLDPRT
			3.60706E-17	1.0	1.92486E-17	0.0	0.769108	-4.00444E-17	0.639119	0.0	0.639119	-8.24916E-18	-0.769108	0.0	-34.1643	-3.46776	5.34	1.0
			0

			渡轮安装跳板梁-1/渡轮安装起吊架-1/跳板梁起吊架-1
			跳板梁起吊架.SLDASM
			0.999996	-5.49099E-20	0.00286033	0.0	5.5205E-20	1.0	-1.03095E-19	0.0	-0.00286033	1.03253E-19	0.999996	0.0	4.23096	-5.12931	4.10079	1.0
			52
				渡轮安装跳板梁-1/渡轮安装起吊架-1/跳板梁起吊架-1/滑轮-3
				滑轮.SLDASM
				0.0381864	0.990482	-0.132237	0.0	-0.9734	0.00695381	-0.229005	0.0	-0.225906	0.137465	0.964401	0.0	-40.9566	2.98421	-1.59267	1.0
				4
					渡轮安装跳板梁-1/渡轮安装起吊架-1/跳板梁起吊架-1/滑轮-3/拉环新-3
					拉环新.SLDPRT
					0.905228	-0.0628856	0.420247	0.0	0.423173	0.223156	-0.878138	0.0	-0.0385583	0.972752	0.228618	0.0	-0.00598774	-0.110325	0.288347	1.0
					0

					渡轮安装跳板梁-1/渡轮安装起吊架-1/跳板梁起吊架-1/滑轮-3/滑轮轴1-1
					滑轮轴1.SLDPRT
					0.99111	-0.0155925	0.132129	0.0	-0.0155925	0.972652	0.231743	0.0	-0.132129	-0.231743	0.963762	0.0	0.55872	-0.10838	0.312003	1.0
					0

					渡轮安装跳板梁-1/渡轮安装起吊架-1/跳板梁起吊架-1/滑轮-3/滑轮-1
					滑轮.SLDPRT
					-0.208982	0.956945	0.201453	0.0	-0.968952	-0.174791	-0.174871	0.0	-0.132129	-0.231743	0.963762	0.0	0.548847	-0.125698	0.384021	1.0
					0

					渡轮安装跳板梁-1/渡轮安装起吊架-1/跳板梁起吊架-1/滑轮-3/配件-1
					配件.SLDPRT
					0.990482	0.00695381	0.137465	0.0	-0.0385583	0.972752	0.228618	0.0	-0.132129	-0.231743	0.963762	0.0	0.0642446	-0.171791	0.260092	1.0
					0


				渡轮安装跳板梁-1/渡轮安装起吊架-1/跳板梁起吊架-1/滑轮-1
				滑轮.SLDPRT
				0.45007	-0.892993	2.1684E-19	0.0	0.892993	0.45007	4.33681E-19	0.0	-4.33681E-19	0.0	1.0	0.0	-40.8548	5.39909	-1.26734	1.0
				0

				渡轮安装跳板梁-1/渡轮安装起吊架-1/跳板梁起吊架-1/立柱1-1
				立柱1.SLDPRT
				3.90313E-18	-6.33372E-18	1.0	0.0	0.842101	0.53932	0.0	0.0	-0.53932	0.842101	7.58942E-18	0.0	-40.8198	5.11273	-1.38294	1.0
				0

				渡轮安装跳板梁-1/渡轮安装起吊架-1/跳板梁起吊架-1/起吊架零件3-1
				起吊架零件3.SLDPRT
				1.0	-5.97151E-36	4.33681E-19	0.0	6.11257E-36	1.0	-1.20371E-35	0.0	-4.33681E-19	0.0	1.0	0.0	-38.6338	1.69308	-1.1974	1.0
				0

				渡轮安装跳板梁-1/渡轮安装起吊架-1/跳板梁起吊架-1/起吊架零件4-1
				起吊架零件4.SLDPRT
				1.0	-5.58383E-12	4.33681E-19	0.0	5.58383E-12	1.0	-3.15544E-30	0.0	-4.33681E-19	0.0	1.0	0.0	-36.4288	1.69308	-1.19673	1.0
				0

				渡轮安装跳板梁-1/渡轮安装起吊架-1/跳板梁起吊架-1/TF7-1
				TF7.SLDPRT
				0.00281366	-4.32092E-17	0.999996	0.0	1.22474E-16	1.0	4.29427E-17	0.0	-0.999996	2.48817E-16	0.00281366	0.0	-38.5839	1.69308	-6.59215	1.0
				0

				渡轮安装跳板梁-1/渡轮安装起吊架-1/跳板梁起吊架-1/拉环新-3
				拉环新.SLDPRT
				-0.172331	-0.985039	-1.0842E-19	0.0	0.985039	-0.172331	4.33681E-19	0.0	-4.33681E-19	0.0	1.0	0.0	-40.7575	5.10104	-1.26594	1.0
				0

				渡轮安装跳板梁-1/渡轮安装起吊架-1/跳板梁起吊架-1/拉环新-2
				拉环新.SLDPRT
				0.437676	-0.683394	-0.584305	0.0	0.315127	-0.492044	0.811534	0.0	-0.842101	-0.53932	1.93855E-16	0.0	-40.7026	5.13001	-1.3542	1.0
				0

				渡轮安装跳板梁-1/渡轮安装起吊架-1/跳板梁起吊架-1/拉环新-1
				拉环新.SLDPRT
				0.50143	-0.78294	0.368201	0.0	-0.198578	0.310062	0.929746	0.0	-0.842101	-0.53932	4.36283E-16	0.0	-40.7026	5.13001	-1.20665	1.0
				0

				渡轮安装跳板梁-1/渡轮安装起吊架-1/跳板梁起吊架-1/TF7-2
				TF7.SLDPRT
				0.00281366	-1.53944E-16	0.999996	0.0	-8.07354E-18	1.0	1.54262E-16	0.0	-0.999996	1.17862E-16	0.00281366	0.0	-38.5763	1.69308	-3.89495	1.0
				0

				渡轮安装跳板梁-1/渡轮安装起吊架-1/跳板梁起吊架-1/斜撑-1
				斜撑.SLDPRT
				0.622102	0.782936	2.1684E-19	0.0	-0.782936	0.622102	-4.33681E-19	0.0	-4.33681E-19	0.0	1.0	0.0	-36.414	1.84528	-1.27873	1.0
				0

				渡轮安装跳板梁-1/渡轮安装起吊架-1/跳板梁起吊架-1/滑轮轴-1
				滑轮轴.SLDPRT
				0.995705	-0.0925871	8.67362E-19	0.0	0.0925871	0.995705	0.0	0.0	-4.33681E-19	0.0	1.0	0.0	-40.8548	5.39909	-1.35944	1.0
				0

				渡轮安装跳板梁-1/渡轮安装起吊架-1/跳板梁起吊架-1/吊环-2
				吊环.SLDPRT
				4.33681E-19	0.0	-1.0	0.0	0.875154	0.483845	0.0	0.0	0.483845	-0.875154	2.1684E-19	0.0	-36.0793	1.83613	-1.34736	1.0
				0

				渡轮安装跳板梁-1/渡轮安装起吊架-1/跳板梁起吊架-1/吊环-1
				吊环.SLDPRT
				0.999996	-1.1543E-16	-0.00281366	0.0	-3.57332E-5	0.999919	-0.0126999	0.0	0.00281343	0.0126999	0.999915	0.0	-40.8353	2.89764	-1.28272	1.0
				0

				渡轮安装跳板梁-1/渡轮安装起吊架-1/跳板梁起吊架-1/滑轮-5
				滑轮.SLDASM
				0.0381864	0.990482	-0.132237	0.0	-0.9734	0.00695381	-0.229005	0.0	-0.225906	0.137465	0.964401	0.0	-40.9718	2.98421	-6.99265	1.0
				4
					渡轮安装跳板梁-1/渡轮安装起吊架-1/跳板梁起吊架-1/滑轮-5/拉环新-3
					拉环新.SLDPRT
					0.905228	-0.0628856	0.420247	0.0	0.423173	0.223156	-0.878138	0.0	-0.0385583	0.972752	0.228618	0.0	-0.00598774	-0.110325	0.288347	1.0
					0

					渡轮安装跳板梁-1/渡轮安装起吊架-1/跳板梁起吊架-1/滑轮-5/滑轮轴1-1
					滑轮轴1.SLDPRT
					0.99111	-0.0155925	0.132129	0.0	-0.0155925	0.972652	0.231743	0.0	-0.132129	-0.231743	0.963762	0.0	0.55872	-0.10838	0.312003	1.0
					0

					渡轮安装跳板梁-1/渡轮安装起吊架-1/跳板梁起吊架-1/滑轮-5/滑轮-1
					滑轮.SLDPRT
					-0.208982	0.956945	0.201453	0.0	-0.968952	-0.174791	-0.174871	0.0	-0.132129	-0.231743	0.963762	0.0	0.548847	-0.125698	0.384021	1.0
					0

					渡轮安装跳板梁-1/渡轮安装起吊架-1/跳板梁起吊架-1/滑轮-5/配件-1
					配件.SLDPRT
					0.990482	0.00695381	0.137465	0.0	-0.0385583	0.972752	0.228618	0.0	-0.132129	-0.231743	0.963762	0.0	0.0642446	-0.171791	0.260092	1.0
					0


				渡轮安装跳板梁-1/渡轮安装起吊架-1/跳板梁起吊架-1/钢丝绳2-1
				钢丝绳2.SLDPRT
				1.11456E-16	1.66533E-16	-1.0	0.0	0.562953	0.826489	2.00577E-16	0.0	0.826489	-0.562953	-1.73472E-18	0.0	-40.9006	5.52224	-1.2886	1.0
				0

				渡轮安装跳板梁-1/渡轮安装起吊架-1/跳板梁起吊架-1/滑轮1-1
				滑轮1.SLDASM
				0.923591	0.359891	-0.132129	0.0	-0.381795	0.894722	-0.231743	0.0	0.034817	0.264482	0.963762	0.0	-36.1451	1.88123	-1.59716	1.0
				3
					渡轮安装跳板梁-1/渡轮安装起吊架-1/跳板梁起吊架-1/滑轮1-1/配件-1
					配件.SLDPRT
					0.990482	0.00695381	0.137465	0.0	-0.0385583	0.972752	0.228618	0.0	-0.132129	-0.231743	0.963762	0.0	0.0642446	-0.171791	0.260092	1.0
					0

					渡轮安装跳板梁-1/渡轮安装起吊架-1/跳板梁起吊架-1/滑轮1-1/滑轮轴1-1
					滑轮轴1.SLDPRT
					0.983086	0.0937611	0.157324	0.0	-0.126822	0.968248	0.215434	0.0	-0.132129	-0.231743	0.963762	0.0	0.557399	-0.110698	0.321641	1.0
					0

					渡轮安装跳板梁-1/渡轮安装起吊架-1/跳板梁起吊架-1/滑轮1-1/滑轮-1
					滑轮.SLDPRT
					-0.208982	0.956945	0.201453	0.0	-0.968952	-0.174791	-0.174871	0.0	-0.132129	-0.231743	0.963762	0.0	0.548847	-0.125698	0.384021	1.0
					0


				渡轮安装跳板梁-1/渡轮安装起吊架-1/跳板梁起吊架-1/起吊架钢丝绳1-1
				起吊架钢丝绳1.SLDPRT
				0.99005	-2.83235E-23	0.140719	0.0	0.140719	1.95328E-22	-0.99005	0.0	5.55327E-25	1.0	1.9737E-22	0.0	-40.6889	3.62782	-1.27076	1.0
				0

				渡轮安装跳板梁-1/渡轮安装起吊架-1/跳板梁起吊架-1/拉环新-4
				拉环新.SLDPRT
				0.50143	-0.78294	0.368201	0.0	-0.198578	0.310062	0.929746	0.0	-0.842101	-0.53932	4.36283E-16	0.0	-40.7178	5.13001	-6.60663	1.0
				0

				渡轮安装跳板梁-1/渡轮安装起吊架-1/跳板梁起吊架-1/滑轮轴-3
				滑轮轴.SLDPRT
				0.995705	-0.0925871	8.67362E-19	0.0	0.0925871	0.995705	0.0	0.0	-4.33681E-19	0.0	1.0	0.0	-40.87	5.39909	-6.75941	1.0
				0

				渡轮安装跳板梁-1/渡轮安装起吊架-1/跳板梁起吊架-1/起吊架零件3-3
				起吊架零件3.SLDPRT
				1.0	-5.97151E-36	4.33681E-19	0.0	6.11257E-36	1.0	-1.20371E-35	0.0	-4.33681E-19	0.0	1.0	0.0	-38.649	1.69308	-6.59737	1.0
				0

				渡轮安装跳板梁-1/渡轮安装起吊架-1/跳板梁起吊架-1/起吊架钢丝绳1-2
				起吊架钢丝绳1.SLDPRT
				0.99005	-2.83235E-23	0.140719	0.0	0.140719	1.95328E-22	-0.99005	0.0	5.55327E-25	1.0	1.9737E-22	0.0	-40.7041	3.62782	-6.67074	1.0
				0

				渡轮安装跳板梁-1/渡轮安装起吊架-1/跳板梁起吊架-1/拉环新-5
				拉环新.SLDPRT
				-0.172331	-0.985039	-1.0842E-19	0.0	0.985039	-0.172331	4.33681E-19	0.0	-4.33681E-19	0.0	1.0	0.0	-40.7727	5.10104	-6.66591	1.0
				0

				渡轮安装跳板梁-1/渡轮安装起吊架-1/跳板梁起吊架-1/吊环-3
				吊环.SLDPRT
				4.33681E-19	0.0	-1.0	0.0	0.875154	0.483845	0.0	0.0	0.483845	-0.875154	2.1684E-19	0.0	-36.0945	1.83613	-6.74734	1.0
				0

				渡轮安装跳板梁-1/渡轮安装起吊架-1/跳板梁起吊架-1/立柱1-3
				立柱1.SLDPRT
				3.90313E-18	-6.33372E-18	1.0	0.0	0.842101	0.53932	0.0	0.0	-0.53932	0.842101	7.58942E-18	0.0	-40.835	5.11273	-6.78291	1.0
				0

				渡轮安装跳板梁-1/渡轮安装起吊架-1/跳板梁起吊架-1/起吊架零件4-3
				起吊架零件4.SLDPRT
				1.0	-5.58383E-12	4.33681E-19	0.0	5.58383E-12	1.0	-3.15544E-30	0.0	-4.33681E-19	0.0	1.0	0.0	-36.444	1.69308	-6.5967	1.0
				0

				渡轮安装跳板梁-1/渡轮安装起吊架-1/跳板梁起吊架-1/斜撑-3
				斜撑.SLDPRT
				0.622102	0.782936	2.1684E-19	0.0	-0.782936	0.622102	-4.33681E-19	0.0	-4.33681E-19	0.0	1.0	0.0	-36.4291	1.84528	-6.6787	1.0
				0

				渡轮安装跳板梁-1/渡轮安装起吊架-1/跳板梁起吊架-1/钢丝绳2-2
				钢丝绳2.SLDPRT
				1.11456E-16	1.66533E-16	-1.0	0.0	0.562953	0.826489	2.00577E-16	0.0	0.826489	-0.562953	-1.73472E-18	0.0	-40.9158	5.52224	-6.68858	1.0
				0

				渡轮安装跳板梁-1/渡轮安装起吊架-1/跳板梁起吊架-1/吊环-4
				吊环.SLDPRT
				0.999996	9.60377E-17	-0.00281366	0.0	-1.63654E-4	0.998307	-0.0581641	0.0	0.00280889	0.0581643	0.998303	0.0	-40.8367	2.90024	-6.68552	1.0
				0

				渡轮安装跳板梁-1/渡轮安装起吊架-1/跳板梁起吊架-1/滑轮1-2
				滑轮1.SLDASM
				0.923591	0.359891	-0.132129	0.0	-0.381795	0.894722	-0.231743	0.0	0.034817	0.264482	0.963762	0.0	-36.1603	1.88123	-6.99714	1.0
				3
					渡轮安装跳板梁-1/渡轮安装起吊架-1/跳板梁起吊架-1/滑轮1-2/配件-1
					配件.SLDPRT
					0.990482	0.00695381	0.137465	0.0	-0.0385583	0.972752	0.228618	0.0	-0.132129	-0.231743	0.963762	0.0	0.0642446	-0.171791	0.260092	1.0
					0

					渡轮安装跳板梁-1/渡轮安装起吊架-1/跳板梁起吊架-1/滑轮1-2/滑轮轴1-1
					滑轮轴1.SLDPRT
					0.983086	0.0937611	0.157324	0.0	-0.126822	0.968248	0.215434	0.0	-0.132129	-0.231743	0.963762	0.0	0.557399	-0.110698	0.321641	1.0
					0

					渡轮安装跳板梁-1/渡轮安装起吊架-1/跳板梁起吊架-1/滑轮1-2/滑轮-1
					滑轮.SLDPRT
					-0.208982	0.956945	0.201453	0.0	-0.968952	-0.174791	-0.174871	0.0	-0.132129	-0.231743	0.963762	0.0	0.548847	-0.125698	0.384021	1.0
					0


				渡轮安装跳板梁-1/渡轮安装起吊架-1/跳板梁起吊架-1/吊环-5
				吊环.SLDPRT
				-0.889309	-0.390974	0.23721	0.0	0.261677	-0.86046	-0.437189	0.0	0.375039	-0.326723	0.867524	0.0	-38.6792	1.99294	-2.23076	1.0
				0

				渡轮安装跳板梁-1/渡轮安装起吊架-1/跳板梁起吊架-1/钢丝绳3800-1
				钢丝绳3800.SLDPRT
				0.538634	-0.811652	-0.226041	0.0	-0.120608	0.191245	-0.974104	0.0	0.833863	0.551948	0.00511942	0.0	-40.4837	4.83057	-1.43997	1.0
				0

				渡轮安装跳板梁-1/渡轮安装起吊架-1/跳板梁起吊架-1/滑轮-6
				滑轮.SLDPRT
				0.45007	-0.892993	2.1684E-19	0.0	0.892993	0.45007	4.33681E-19	0.0	-4.33681E-19	0.0	1.0	0.0	-40.87	5.39909	-6.66732	1.0
				0

				渡轮安装跳板梁-1/渡轮安装起吊架-1/跳板梁起吊架-1/吊环-6
				吊环.SLDPRT
				0.00281366	-4.32E-17	0.999996	0.0	-0.272553	0.96214	7.66874E-4	0.0	-0.962137	-0.272554	0.00270713	0.0	-38.573	1.83894	-2.23097	1.0
				0

				渡轮安装跳板梁-1/渡轮安装起吊架-1/跳板梁起吊架-1/钢丝绳4400-1
				钢丝绳4400.SLDPRT
				0.455729	-0.682119	0.57186	0.0	-0.307592	0.482193	0.820291	0.0	-0.835283	-0.54973	0.00993529	0.0	-40.5174	4.88703	-0.980253	1.0
				0

				渡轮安装跳板梁-1/渡轮安装起吊架-1/跳板梁起吊架-1/吊环-9
				吊环.SLDPRT
				1.0	-5.97151E-36	4.33681E-19	0.0	6.11257E-36	1.0	-1.20371E-35	0.0	-4.33681E-19	0.0	1.0	0.0	-38.5244	1.96427	1.3771	1.0
				0

				渡轮安装跳板梁-1/渡轮安装起吊架-1/跳板梁起吊架-1/吊环-8
				吊环.SLDPRT
				0.00281366	2.00252E-16	0.999996	0.0	-0.279337	0.960193	7.85962E-4	0.0	-0.960189	-0.279338	0.00270165	0.0	-38.509	1.81208	1.43307	1.0
				0

				渡轮安装跳板梁-1/渡轮安装起吊架-1/跳板梁起吊架-1/TQ7-1
				TQ7.SLDPRT
				-0.00281366	1.935E-17	-0.999996	0.0	-3.60706E-17	-1.0	-1.92486E-17	0.0	-0.999996	3.60163E-17	0.00281366	0.0	-38.3415	1.72001	1.36584	1.0
				0

				渡轮安装跳板梁-1/渡轮安装起吊架-1/跳板梁起吊架-1/TQ7-2
				TQ7.SLDPRT
				0.00281366	5.88691E-19	0.999996	0.0	2.89839E-23	-1.0	5.88693E-19	0.0	0.999996	-1.6274E-21	-0.00281366	0.0	-38.6717	1.72001	-9.34717	1.0
				0

				渡轮安装跳板梁-1/渡轮安装起吊架-1/跳板梁起吊架-1/钢丝绳4400-2
				钢丝绳4400.SLDPRT
				0.461262	-0.691703	-0.555684	0.0	-0.303168	0.465726	-0.831378	0.0	0.833863	0.551948	0.00511942	0.0	-40.5187	4.86141	-6.92843	1.0
				0

				渡轮安装跳板梁-1/渡轮安装起吊架-1/跳板梁起吊架-1/拉环新-7
				拉环新.SLDPRT
				0.437676	-0.683394	-0.584305	0.0	0.315127	-0.492044	0.811534	0.0	-0.842101	-0.53932	1.93855E-16	0.0	-40.7178	5.13001	-6.75418	1.0
				0

				渡轮安装跳板梁-1/渡轮安装起吊架-1/跳板梁起吊架-1/吊环-12
				吊环.SLDPRT
				0.00281366	-4.16181E-17	0.999996	0.0	-0.356352	0.934351	0.00100266	0.0	-0.934347	-0.356354	0.00262894	0.0	-38.5883	1.83718	-5.6576	1.0
				0

				渡轮安装跳板梁-1/渡轮安装起吊架-1/跳板梁起吊架-1/吊环-11
				吊环.SLDPRT
				0.92746	0.214181	-0.306504	0.0	-0.0754514	0.910034	0.40761	0.0	0.366231	-0.354916	0.86018	0.0	-38.5246	1.95131	-9.29127	1.0
				0

				渡轮安装跳板梁-1/渡轮安装起吊架-1/跳板梁起吊架-1/吊环-10
				吊环.SLDPRT
				0.00281366	-1.55543E-16	0.999996	0.0	-0.399329	0.916807	0.00112358	0.0	-0.916804	-0.39933	0.00257958	0.0	-38.5468	1.80933	-9.27902	1.0
				0

				渡轮安装跳板梁-1/渡轮安装起吊架-1/跳板梁起吊架-1/钢丝绳2000-1
				钢丝绳2000.SLDPRT
				1.0	-5.55327E-25	4.33681E-19	0.0	-4.33681E-19	1.22464E-16	1.0	0.0	-5.55327E-25	-1.0	1.22464E-16	0.0	-41.05	5.46069	-6.68673	1.0
				0

				渡轮安装跳板梁-1/渡轮安装起吊架-1/跳板梁起吊架-1/钢丝绳3800-2
				钢丝绳3800.SLDPRT
				0.539462	-0.815924	0.207963	0.0	-0.106217	0.179068	0.978086	0.0	-0.835283	-0.54973	0.00993529	0.0	-40.5095	4.85381	-6.47768	1.0
				0

				渡轮安装跳板梁-1/渡轮安装起吊架-1/跳板梁起吊架-1/吊环-13
				吊环.SLDPRT
				1.0	-5.97151E-36	4.33681E-19	0.0	6.11257E-36	1.0	-1.20371E-35	0.0	-4.33681E-19	0.0	1.0	0.0	-38.5749	1.93663	-5.74838	1.0
				0

				渡轮安装跳板梁-1/渡轮安装起吊架-1/跳板梁起吊架-1/起吊架插销-2
				起吊架插销.SLDPRT
				1.0	-5.97151E-36	4.33681E-19	0.0	6.11257E-36	1.0	-1.20371E-35	0.0	-4.33681E-19	0.0	1.0	0.0	-38.5345	1.75292	-6.72537	1.0
				0

				渡轮安装跳板梁-1/渡轮安装起吊架-1/跳板梁起吊架-1/起吊架插销-1
				起吊架插销.SLDPRT
				-0.923728	-0.383049	0.0	0.0	-0.383049	0.923728	0.0	0.0	4.33681E-19	0.0	-1.0	0.0	-38.5193	1.75292	-1.2554	1.0
				0

				渡轮安装跳板梁-1/渡轮安装起吊架-1/跳板梁起吊架-1/钢丝绳2000-2
				钢丝绳2000.SLDPRT
				1.0	-5.55327E-25	4.33681E-19	0.0	-4.33681E-19	1.22464E-16	1.0	0.0	-5.55327E-25	-1.0	1.22464E-16	0.0	-41.0348	5.46069	-1.28476	1.0
				0

				渡轮安装跳板梁-1/渡轮安装起吊架-1/跳板梁起吊架-1/起吊架插销-4
				起吊架插销.SLDPRT
				1.0	-5.97151E-36	4.33681E-19	0.0	6.11257E-36	1.0	-1.20371E-35	0.0	-4.33681E-19	0.0	1.0	0.0	-36.376	1.80308	-6.7317	1.0
				0

				渡轮安装跳板梁-1/渡轮安装起吊架-1/跳板梁起吊架-1/起吊架插销-3
				起吊架插销.SLDPRT
				-0.923728	-0.383049	0.0	0.0	-0.383049	0.923728	0.0	0.0	4.33681E-19	0.0	-1.0	0.0	-36.3608	1.80308	-1.25173	1.0
				0


			渡轮安装跳板梁-1/渡轮安装起吊架-1/渡轮安装侧压操舵装置-1
			渡轮安装侧压操舵装置.SLDASM
			1.0	0.0	0.0	0.0	0.0	1.0	0.0	0.0	0.0	0.0	1.0	0.0	14.6799	-3.20222	5.68434E-14	1.0
			52
				渡轮安装跳板梁-1/渡轮安装起吊架-1/渡轮安装侧压操舵装置-1/M36螺母-3
				M36螺母.SLDPRT
				1.00328E-46	-0.924225	-0.381849	0.0	-2.42834E-46	-0.381849	0.924225	0.0	-1.0	7.77877E-62	-2.62743E-46	0.0	29.3998	1.0005	0.656553	1.0
				0

				渡轮安装跳板梁-1/渡轮安装起吊架-1/渡轮安装侧压操舵装置-1/M36螺栓-3
				M36螺栓.SLDPRT
				1.0	0.0	0.0	0.0	0.0	1.0	0.0	0.0	0.0	0.0	1.0	0.0	29.3098	0.990992	0.6625	1.0
				0

				渡轮安装跳板梁-1/渡轮安装起吊架-1/渡轮安装侧压操舵装置-1/M36螺母-2
				M36螺母.SLDPRT
				1.00328E-46	-0.924225	-0.381849	0.0	-2.42834E-46	-0.381849	0.924225	0.0	-1.0	7.77877E-62	-2.62743E-46	0.0	29.3998	0.710497	0.836553	1.0
				0

				渡轮安装跳板梁-1/渡轮安装起吊架-1/渡轮安装侧压操舵装置-1/M36螺栓-2
				M36螺栓.SLDPRT
				1.0	0.0	0.0	0.0	0.0	1.0	0.0	0.0	0.0	0.0	1.0	0.0	29.3098	0.700992	0.8425	1.0
				0

				渡轮安装跳板梁-1/渡轮安装起吊架-1/渡轮安装侧压操舵装置-1/M36螺栓-1
				M36螺栓.SLDPRT
				1.0	0.0	0.0	0.0	0.0	1.0	0.0	0.0	0.0	0.0	1.0	0.0	29.3098	0.990992	0.8425	1.0
				0

				渡轮安装跳板梁-1/渡轮安装起吊架-1/渡轮安装侧压操舵装置-1/M36螺母-4
				M36螺母.SLDPRT
				1.00328E-46	-0.924225	-0.381849	0.0	-2.42834E-46	-0.381849	0.924225	0.0	-1.0	7.77877E-62	-2.62743E-46	0.0	29.3998	0.710497	0.656553	1.0
				0

				渡轮安装跳板梁-1/渡轮安装起吊架-1/渡轮安装侧压操舵装置-1/M36螺栓-4
				M36螺栓.SLDPRT
				1.0	0.0	0.0	0.0	0.0	1.0	0.0	0.0	0.0	0.0	1.0	0.0	29.3098	0.700992	0.6625	1.0
				0

				渡轮安装跳板梁-1/渡轮安装起吊架-1/渡轮安装侧压操舵装置-1/M36螺母-1
				M36螺母.SLDPRT
				1.00328E-46	-0.924225	-0.381849	0.0	-2.42834E-46	-0.381849	0.924225	0.0	-1.0	7.77877E-62	-2.62743E-46	0.0	29.3998	1.0005	0.836553	1.0
				0

				渡轮安装跳板梁-1/渡轮安装起吊架-1/渡轮安装侧压操舵装置-1/T型车挡及支撑-1
				T型车挡及支撑.SLDASM
				-1.97215E-31	5.55112E-17	-1.0	0.0	0.0	1.0	5.55112E-17	0.0	1.0	1.09476E-47	-1.97215E-31	0.0	29.414	2.04629	-0.231036	1.0
				15
					渡轮安装跳板梁-1/渡轮安装起吊架-1/渡轮安装侧压操舵装置-1/T型车挡及支撑-1/T型车档-1
					T型车档.SLDPRT
					1.0	0.0	0.0	0.0	0.0	1.0	0.0	0.0	0.0	0.0	1.0	0.0	0.306024	-0.450397	-0.715722	1.0
					0

					渡轮安装跳板梁-1/渡轮安装起吊架-1/渡轮安装侧压操舵装置-1/T型车挡及支撑-1/M36螺栓-1
					M36螺栓.SLDPRT
					0.0	1.0	0.0	0.0	-1.0	0.0	0.0	0.0	0.0	0.0	1.0	0.0	0.381024	-0.499997	0.980278	1.0
					0

					渡轮安装跳板梁-1/渡轮安装起吊架-1/渡轮安装侧压操舵装置-1/T型车挡及支撑-1/M36螺母-1
					M36螺母.SLDPRT
					1.0	0.0	0.0	0.0	0.0	0.0	1.0	0.0	0.0	-1.0	0.0	0.0	0.37451	-0.418397	0.971152	1.0
					0

					渡轮安装跳板梁-1/渡轮安装起吊架-1/渡轮安装侧压操舵装置-1/T型车挡及支撑-1/T型车挡支撑-1
					T型车挡支撑.SLDPRT
					-1.0	0.0	-1.97215E-31	0.0	0.0	1.0	0.0	0.0	1.97215E-31	4.31808E-78	-1.0	0.0	0.62564	-1.02669	-0.0462188	1.0
					0

					渡轮安装跳板梁-1/渡轮安装起吊架-1/渡轮安装侧压操舵装置-1/T型车挡及支撑-1/M36螺栓-3
					M36螺栓.SLDPRT
					0.0	1.0	0.0	0.0	-1.0	0.0	0.0	0.0	0.0	0.0	1.0	0.0	0.661024	-0.499997	0.740278	1.0
					0

					渡轮安装跳板梁-1/渡轮安装起吊架-1/渡轮安装侧压操舵装置-1/T型车挡及支撑-1/M36螺栓-2
					M36螺栓.SLDPRT
					0.0	1.0	0.0	0.0	-1.0	0.0	0.0	0.0	0.0	0.0	1.0	0.0	0.661024	-0.499997	0.980278	1.0
					0

					渡轮安装跳板梁-1/渡轮安装起吊架-1/渡轮安装侧压操舵装置-1/T型车挡及支撑-1/M36螺母-2
					M36螺母.SLDPRT
					0.837169	-6.16298E-33	0.546944	0.0	0.546944	0.0	-0.837169	0.0	6.16298E-33	1.0	1.21543E-63	0.0	0.65058	-0.450397	0.984354	1.0
					0

					渡轮安装跳板梁-1/渡轮安装起吊架-1/渡轮安装侧压操舵装置-1/T型车挡及支撑-1/M36螺栓-4
					M36螺栓.SLDPRT
					0.0	1.0	0.0	0.0	-1.0	0.0	0.0	0.0	0.0	0.0	1.0	0.0	0.381024	-0.499997	0.740278	1.0
					0

					渡轮安装跳板梁-1/渡轮安装起吊架-1/渡轮安装侧压操舵装置-1/T型车挡及支撑-1/M36螺母-3
					M36螺母.SLDPRT
					0.837169	-6.16298E-33	0.546944	0.0	0.546944	0.0	-0.837169	0.0	6.16298E-33	1.0	1.21543E-63	0.0	0.65058	-0.450397	0.744354	1.0
					0

					渡轮安装跳板梁-1/渡轮安装起吊架-1/渡轮安装侧压操舵装置-1/T型车挡及支撑-1/M36螺母-5
					M36螺母.SLDPRT
					0.837169	-6.16298E-33	0.546944	0.0	0.546944	0.0	-0.837169	0.0	6.16298E-33	1.0	1.21543E-63	0.0	-0.85442	-0.450397	0.984354	1.0
					0

					渡轮安装跳板梁-1/渡轮安装起吊架-1/渡轮安装侧压操舵装置-1/T型车挡及支撑-1/M36螺栓-5
					M36螺栓.SLDPRT
					0.0	1.0	0.0	0.0	-1.0	0.0	0.0	0.0	0.0	0.0	1.0	0.0	-0.843976	-0.499997	0.980278	1.0
					0

					渡轮安装跳板梁-1/渡轮安装起吊架-1/渡轮安装侧压操舵装置-1/T型车挡及支撑-1/M36螺母-4
					M36螺母.SLDPRT
					1.0	0.0	0.0	0.0	0.0	0.0	1.0	0.0	0.0	-1.0	0.0	0.0	0.37451	-0.418397	0.731152	1.0
					0

					渡轮安装跳板梁-1/渡轮安装起吊架-1/渡轮安装侧压操舵装置-1/T型车挡及支撑-1/T型车挡支撑-2
					T型车挡支撑.SLDPRT
					-1.0	0.0	-1.97215E-31	0.0	0.0	1.0	0.0	0.0	1.97215E-31	4.31808E-78	-1.0	0.0	-0.87936	-1.02669	-0.0462188	1.0
					0

					渡轮安装跳板梁-1/渡轮安装起吊架-1/渡轮安装侧压操舵装置-1/T型车挡及支撑-1/M36螺母-6
					M36螺母.SLDPRT
					1.0	0.0	0.0	0.0	0.0	0.0	1.0	0.0	0.0	-1.0	0.0	0.0	-1.13049	-0.418397	0.971152	1.0
					0

					渡轮安装跳板梁-1/渡轮安装起吊架-1/渡轮安装侧压操舵装置-1/T型车挡及支撑-1/M36螺栓-6
					M36螺栓.SLDPRT
					0.0	1.0	0.0	0.0	-1.0	0.0	0.0	0.0	0.0	0.0	1.0	0.0	-1.12398	-0.499997	0.980278	1.0
					0


				渡轮安装跳板梁-1/渡轮安装起吊架-1/渡轮安装侧压操舵装置-1/渡轮安装第九节标准梁节-1
				渡轮安装第九节标准梁节.SLDASM
				1.0	0.0	0.0	0.0	0.0	1.0	0.0	0.0	0.0	0.0	1.0	0.0	-3.03381	-1.93827	1.7053E-13	1.0
				190
					渡轮安装跳板梁-1/渡轮安装起吊架-1/渡轮安装侧压操舵装置-1/渡轮安装第九节标准梁节-1/垫圈M22-2
					垫圈M22.SLDPRT
					0.0	-1.0	0.0	0.0	1.0	0.0	0.0	0.0	0.0	0.0	1.0	0.0	28.4396	2.04626	1.05	1.0
					0

					渡轮安装跳板梁-1/渡轮安装起吊架-1/渡轮安装侧压操舵装置-1/渡轮安装第九节标准梁节-1/垫圈M22-1
					垫圈M22.SLDPRT
					0.0	-1.0	0.0	0.0	1.0	0.0	0.0	0.0	0.0	0.0	1.0	0.0	28.2396	2.04626	1.05	1.0
					0

					渡轮安装跳板梁-1/渡轮安装起吊架-1/渡轮安装侧压操舵装置-1/渡轮安装第九节标准梁节-1/M22螺母-2
					M22螺母.SLDPRT
					1.0	0.0	0.0	0.0	0.0	0.0	-1.0	0.0	0.0	1.0	0.0	0.0	28.2396	2.06966	1.05	1.0
					0

					渡轮安装跳板梁-1/渡轮安装起吊架-1/渡轮安装侧压操舵装置-1/渡轮安装第九节标准梁节-1/L4-2
					L4.SLDPRT
					-3.40006E-15	0.0	1.0	0.0	0.0	1.0	0.0	0.0	-1.0	0.0	-3.40006E-15	0.0	28.4746	2.04626	0.924	1.0
					0

					渡轮安装跳板梁-1/渡轮安装起吊架-1/渡轮安装侧压操舵装置-1/渡轮安装第九节标准梁节-1/下连接板-2
					下连接板.SLDPRT
					1.0	-2.61359E-20	8.88178E-16	0.0	8.88178E-16	1.26015E-18	-1.0	0.0	2.61359E-20	1.0	1.26015E-18	0.0	24.2896	1.96826	0.9	1.0
					0

					渡轮安装跳板梁-1/渡轮安装起吊架-1/渡轮安装侧压操舵装置-1/渡轮安装第九节标准梁节-1/下连接板-1
					下连接板.SLDPRT
					1.0	-1.11911E-17	4.56579E-15	0.0	4.56579E-15	3.9824E-19	-1.0	0.0	1.11911E-17	1.0	3.9824E-19	0.0	24.2896	2.02826	0.9	1.0
					0

					渡轮安装跳板梁-1/渡轮安装起吊架-1/渡轮安装侧压操舵装置-1/渡轮安装第九节标准梁节-1/M22x80-1
					M22x80.SLDPRT
					0.0	1.0	0.0	0.0	-1.0	0.0	0.0	0.0	0.0	0.0	1.0	0.0	28.2396	1.98026	1.05	1.0
					0

					渡轮安装跳板梁-1/渡轮安装起吊架-1/渡轮安装侧压操舵装置-1/渡轮安装第九节标准梁节-1/M22螺母-3
					M22螺母.SLDPRT
					1.0	0.0	0.0	0.0	0.0	0.0	-1.0	0.0	0.0	1.0	0.0	0.0	28.4396	2.06966	1.05	1.0
					0

					渡轮安装跳板梁-1/渡轮安装起吊架-1/渡轮安装侧压操舵装置-1/渡轮安装第九节标准梁节-1/标准梁节-1
					标准梁节.SLDASM
					1.0	0.0	0.0	0.0	0.0	1.0	0.0	0.0	0.0	0.0	1.0	0.0	27.9322	2.11676	1.64313E-14	1.0
					3
						渡轮安装跳板梁-1/渡轮安装起吊架-1/渡轮安装侧压操舵装置-1/渡轮安装第九节标准梁节-1/标准梁节-1/钢轨-2
						钢轨.SLDPRT
						1.0	0.0	0.0	0.0	0.0	1.0	0.0	0.0	0.0	0.0	1.0	0.0	-3.64255	1.5415	0.7525	1.0
						0

						渡轮安装跳板梁-1/渡轮安装起吊架-1/渡轮安装侧压操舵装置-1/渡轮安装第九节标准梁节-1/标准梁节-1/钢轨-1
						钢轨.SLDPRT
						1.0	0.0	0.0	0.0	0.0	1.0	0.0	0.0	0.0	0.0	1.0	0.0	-3.64255	1.5415	-0.7525	1.0
						0

						渡轮安装跳板梁-1/渡轮安装起吊架-1/渡轮安装侧压操舵装置-1/渡轮安装第九节标准梁节-1/标准梁节-1/标准梁节-1
						标准梁节.SLDPRT
						1.0	0.0	0.0	0.0	0.0	1.0	0.0	0.0	0.0	0.0	1.0	0.0	-3.64255	-0.112497	0.9825	1.0
						0


					渡轮安装跳板梁-1/渡轮安装起吊架-1/渡轮安装侧压操舵装置-1/渡轮安装第九节标准梁节-1/渡轮安装第八节标准梁节-1
					渡轮安装第八节标准梁节.SLDASM
					1.0	0.0	0.0	0.0	0.0	1.0	0.0	0.0	0.0	0.0	1.0	0.0	12.9106	0.33709	-1.13687E-13	1.0
					206
						渡轮安装跳板梁-1/渡轮安装起吊架-1/渡轮安装侧压操舵装置-1/渡轮安装第九节标准梁节-1/渡轮安装第八节标准梁节-1/M22螺母-1
						M22螺母.SLDPRT
						1.0	0.0	0.0	0.0	0.0	0.0	-1.0	0.0	0.0	1.0	0.0	0.0	4.82908	1.73257	1.05	1.0
						0

						渡轮安装跳板梁-1/渡轮安装起吊架-1/渡轮安装侧压操舵装置-1/渡轮安装第九节标准梁节-1/渡轮安装第八节标准梁节-1/垫圈M22-2
						垫圈M22.SLDPRT
						0.0	-1.0	0.0	0.0	1.0	0.0	0.0	0.0	0.0	0.0	1.0	0.0	4.82908	1.70917	1.05	1.0
						0

						渡轮安装跳板梁-1/渡轮安装起吊架-1/渡轮安装侧压操舵装置-1/渡轮安装第九节标准梁节-1/渡轮安装第八节标准梁节-1/M22螺母-2
						M22螺母.SLDPRT
						1.0	0.0	0.0	0.0	0.0	0.0	-1.0	0.0	0.0	1.0	0.0	0.0	5.02908	1.73257	1.05	1.0
						0

						渡轮安装跳板梁-1/渡轮安装起吊架-1/渡轮安装侧压操舵装置-1/渡轮安装第九节标准梁节-1/渡轮安装第八节标准梁节-1/垫圈M22-4
						垫圈M22.SLDPRT
						0.0	-1.0	0.0	0.0	1.0	0.0	0.0	0.0	0.0	0.0	1.0	0.0	9.32908	1.70917	1.05	1.0
						0

						渡轮安装跳板梁-1/渡轮安装起吊架-1/渡轮安装侧压操舵装置-1/渡轮安装第九节标准梁节-1/渡轮安装第八节标准梁节-1/M22螺母-3
						M22螺母.SLDPRT
