/*	1:name	*/	24.0米桥梁
/*	1:type	*/	24.0米桥梁.SLDASM
/*	1:location	*/	1.0	0.0	0.0	0.0	0.0	1.0	0.0	0.0	0.0	0.0	1.0	0.0	0.0	0.0	0.0	1.0
/*	1:child_number	*/	7
	/*	2:name	*/	没有钢枕的24.0米桥梁-1
	/*	2:type	*/	没有钢枕的桥梁\没有钢枕的24.0米桥梁.SLDASM
	/*	2:location	*/	1.0	0.0	0.0	0.0	0.0	1.0	0.0	0.0	0.0	0.0	1.0	0.0	-2.67056	0.400175	1.99307E-12	1.0
	/*	2:child_number	*/	11
		/*	3:name	*/	没有钢枕的24.0米桥梁-1/端构架上的槽钢和U型螺栓-1
		/*	3:type	*/	U型螺栓单元\端构架上的槽钢和U型螺栓.SLDASM
		/*	3:location	*/	1.83664E-16	8.87831E-15	-1.0	0.0	0.0199798	0.9998	8.88178E-15	0.0	0.9998	-0.0199798	6.03034E-18	0.0	10.1056	-1.21256	2.15	1.0
		/*	3:child_number	*/	30
			/*	4:name	*/	没有钢枕的24.0米桥梁-1/端构架上的槽钢和U型螺栓-1/三号U型螺栓单元-6
			/*	4:type	*/	U型螺栓单元\三号U型螺栓单元.SLDASM
			/*	4:location	*/	0.802632	0.596475	1.91836E-18	0.0	-0.596475	0.802632	-2.51874E-18	0.0	1.59762E-32	2.20737E-18	1.0	0.0	3.01124	0.046246	0.0425	1.0
			/*	4:child_number	*/	4
				/*	5:name	*/	没有钢枕的24.0米桥梁-1/端构架上的槽钢和U型螺栓-1/三号U型螺栓单元-6/螺母-2
				/*	5:type	*/	基本杆件\螺母.SLDPRT
				/*	5:location	*/	1.0	-2.85687E-17	2.0079E-18	0.0	-8.10441E-18	1.0	-2.58529E-18	0.0	-3.79662E-19	2.2383E-18	1.0	0.0	-0.0139816	-0.0609324	0.0215	1.0
				/*	5:child_number	*/	0
				/*	5:name	*/	没有钢枕的24.0米桥梁-1/端构架上的槽钢和U型螺栓-1/三号U型螺栓单元-6/螺母-1
				/*	5:type	*/	基本杆件\螺母.SLDPRT
				/*	5:location	*/	1.0	-2.85687E-17	2.0079E-18	0.0	-8.10441E-18	1.0	-2.58529E-18	0.0	-3.79662E-19	2.2383E-18	1.0	0.0	-0.0139816	0.0910676	0.0215	1.0
				/*	5:child_number	*/	0
				/*	5:name	*/	没有钢枕的24.0米桥梁-1/端构架上的槽钢和U型螺栓-1/三号U型螺栓单元-6/三号U型螺栓垫片-1
				/*	5:type	*/	基本杆件\三号U型螺栓垫片.SLDPRT
				/*	5:location	*/	-8.10441E-18	1.0	-2.58529E-18	0.0	-1.0	2.85687E-17	-2.0079E-18	0.0	-3.79662E-19	2.2383E-18	1.0	0.0	0.0160184	-0.0909324	0.0055	1.0
				/*	5:child_number	*/	0
				/*	5:name	*/	没有钢枕的24.0米桥梁-1/端构架上的槽钢和U型螺栓-1/三号U型螺栓单元-6/三号U型螺栓-1
				/*	5:type	*/	基本杆件\三号U型螺栓.SLDPRT
				/*	5:location	*/	1.0	-2.85687E-17	2.0079E-18	0.0	-8.10441E-18	1.0	-2.58529E-18	0.0	-3.79662E-19	2.2383E-18	1.0	0.0	-0.0139816	-0.0609324	-0.1555	1.0
				/*	5:child_number	*/	0
			/*	4:name	*/	没有钢枕的24.0米桥梁-1/端构架上的槽钢和U型螺栓-1/三号U型螺栓单元-4
			/*	4:type	*/	U型螺栓单元\三号U型螺栓单元.SLDASM
			/*	4:location	*/	0.802632	0.596475	1.91836E-18	0.0	-0.596475	0.802632	-2.51874E-18	0.0	1.59762E-32	2.20737E-18	1.0	0.0	1.81124	0.046246	0.0425	1.0
			/*	4:child_number	*/	4
				/*	5:name	*/	没有钢枕的24.0米桥梁-1/端构架上的槽钢和U型螺栓-1/三号U型螺栓单元-4/螺母-2
				/*	5:type	*/	基本杆件\螺母.SLDPRT
				/*	5:location	*/	1.0	-2.85687E-17	2.0079E-18	0.0	-8.10441E-18	1.0	-2.58529E-18	0.0	-3.79662E-19	2.2383E-18	1.0	0.0	-0.0139816	-0.0609324	0.0215	1.0
				/*	5:child_number	*/	0
				/*	5:name	*/	没有钢枕的24.0米桥梁-1/端构架上的槽钢和U型螺栓-1/三号U型螺栓单元-4/螺母-1
				/*	5:type	*/	基本杆件\螺母.SLDPRT
				/*	5:location	*/	1.0	-2.85687E-17	2.0079E-18	0.0	-8.10441E-18	1.0	-2.58529E-18	0.0	-3.79662E-19	2.2383E-18	1.0	0.0	-0.0139816	0.0910676	0.0215	1.0
				/*	5:child_number	*/	0
				/*	5:name	*/	没有钢枕的24.0米桥梁-1/端构架上的槽钢和U型螺栓-1/三号U型螺栓单元-4/三号U型螺栓垫片-1
				/*	5:type	*/	基本杆件\三号U型螺栓垫片.SLDPRT
				/*	5:location	*/	-8.10441E-18	1.0	-2.58529E-18	0.0	-1.0	2.85687E-17	-2.0079E-18	0.0	-3.79662E-19	2.2383E-18	1.0	0.0	0.0160184	-0.0909324	0.0055	1.0
				/*	5:child_number	*/	0
				/*	5:name	*/	没有钢枕的24.0米桥梁-1/端构架上的槽钢和U型螺栓-1/三号U型螺栓单元-4/三号U型螺栓-1
				/*	5:type	*/	基本杆件\三号U型螺栓.SLDPRT
				/*	5:location	*/	1.0	-2.85687E-17	2.0079E-18	0.0	-8.10441E-18	1.0	-2.58529E-18	0.0	-3.79662E-19	2.2383E-18	1.0	0.0	-0.0139816	-0.0609324	-0.1555	1.0
				/*	5:child_number	*/	0
			/*	4:name	*/	没有钢枕的24.0米桥梁-1/端构架上的槽钢和U型螺栓-1/三号U型螺栓单元-5
			/*	4:type	*/	U型螺栓单元\三号U型螺栓单元.SLDASM
			/*	4:location	*/	0.802632	0.596475	1.91836E-18	0.0	-0.596475	0.802632	-2.51874E-18	0.0	1.59762E-32	2.20737E-18	1.0	0.0	2.41124	0.046246	0.0425	1.0
			/*	4:child_number	*/	4
				/*	5:name	*/	没有钢枕的24.0米桥梁-1/端构架上的槽钢和U型螺栓-1/三号U型螺栓单元-5/螺母-2
				/*	5:type	*/	基本杆件\螺母.SLDPRT
				/*	5:location	*/	1.0	-2.85687E-17	2.0079E-18	0.0	-8.10441E-18	1.0	-2.58529E-18	0.0	-3.79662E-19	2.2383E-18	1.0	0.0	-0.0139816	-0.0609324	0.0215	1.0
				/*	5:child_number	*/	0
				/*	5:name	*/	没有钢枕的24.0米桥梁-1/端构架上的槽钢和U型螺栓-1/三号U型螺栓单元-5/螺母-1
				/*	5:type	*/	基本杆件\螺母.SLDPRT
				/*	5:location	*/	1.0	-2.85687E-17	2.0079E-18	0.0	-8.10441E-18	1.0	-2.58529E-18	0.0	-3.79662E-19	2.2383E-18	1.0	0.0	-0.0139816	0.0910676	0.0215	1.0
				/*	5:child_number	*/	0
				/*	5:name	*/	没有钢枕的24.0米桥梁-1/端构架上的槽钢和U型螺栓-1/三号U型螺栓单元-5/三号U型螺栓垫片-1
				/*	5:type	*/	基本杆件\三号U型螺栓垫片.SLDPRT
				/*	5:location	*/	-8.10441E-18	1.0	-2.58529E-18	0.0	-1.0	2.85687E-17	-2.0079E-18	0.0	-3.79662E-19	2.2383E-18	1.0	0.0	0.0160184	-0.0909324	0.0055	1.0
				/*	5:child_number	*/	0
				/*	5:name	*/	没有钢枕的24.0米桥梁-1/端构架上的槽钢和U型螺栓-1/三号U型螺栓单元-5/三号U型螺栓-1
				/*	5:type	*/	基本杆件\三号U型螺栓.SLDPRT
				/*	5:location	*/	1.0	-2.85687E-17	2.0079E-18	0.0	-8.10441E-18	1.0	-2.58529E-18	0.0	-3.79662E-19	2.2383E-18	1.0	0.0	-0.0139816	-0.0609324	-0.1555	1.0
				/*	5:child_number	*/	0
			/*	4:name	*/	没有钢枕的24.0米桥梁-1/端构架上的槽钢和U型螺栓-1/联结系槽钢-1
			/*	4:type	*/	基本杆件\联结系槽钢.SLDPRT
			/*	4:location	*/	1.0	-3.9443E-31	3.25106E-32	0.0	3.9443E-31	1.0	-1.26039E-18	0.0	1.59762E-32	2.20737E-18	1.0	0.0	0.0	-1.11022E-16	0.0	1.0
			/*	4:child_number	*/	0
			/*	4:name	*/	没有钢枕的24.0米桥梁-1/端构架上的槽钢和U型螺栓-1/三号U型螺栓单元-1
			/*	4:type	*/	U型螺栓单元\三号U型螺栓单元.SLDASM
			/*	4:location	*/	0.802632	0.596475	1.91836E-18	0.0	-0.596475	0.802632	-2.51874E-18	0.0	1.59762E-32	2.20737E-18	1.0	0.0	0.144542	0.046246	0.0425	1.0
			/*	4:child_number	*/	4
				/*	5:name	*/	没有钢枕的24.0米桥梁-1/端构架上的槽钢和U型螺栓-1/三号U型螺栓单元-1/螺母-2
				/*	5:type	*/	基本杆件\螺母.SLDPRT
				/*	5:location	*/	1.0	-2.85687E-17	2.0079E-18	0.0	-8.10441E-18	1.0	-2.58529E-18	0.0	-3.79662E-19	2.2383E-18	1.0	0.0	-0.0139816	-0.0609324	0.0215	1.0
				/*	5:child_number	*/	0
				/*	5:name	*/	没有钢枕的24.0米桥梁-1/端构架上的槽钢和U型螺栓-1/三号U型螺栓单元-1/螺母-1
				/*	5:type	*/	基本杆件\螺母.SLDPRT
				/*	5:location	*/	1.0	-2.85687E-17	2.0079E-18	0.0	-8.10441E-18	1.0	-2.58529E-18	0.0	-3.79662E-19	2.2383E-18	1.0	0.0	-0.0139816	0.0910676	0.0215	1.0
				/*	5:child_number	*/	0
				/*	5:name	*/	没有钢枕的24.0米桥梁-1/端构架上的槽钢和U型螺栓-1/三号U型螺栓单元-1/三号U型螺栓垫片-1
				/*	5:type	*/	基本杆件\三号U型螺栓垫片.SLDPRT
				/*	5:location	*/	-8.10441E-18	1.0	-2.58529E-18	0.0	-1.0	2.85687E-17	-2.0079E-18	0.0	-3.79662E-19	2.2383E-18	1.0	0.0	0.0160184	-0.0909324	0.0055	1.0
				/*	5:child_number	*/	0
				/*	5:name	*/	没有钢枕的24.0米桥梁-1/端构架上的槽钢和U型螺栓-1/三号U型螺栓单元-1/三号U型螺栓-1
				/*	5:type	*/	基本杆件\三号U型螺栓.SLDPRT
				/*	5:location	*/	1.0	-2.85687E-17	2.0079E-18	0.0	-8.10441E-18	1.0	-2.58529E-18	0.0	-3.79662E-19	2.2383E-18	1.0	0.0	-0.0139816	-0.0609324	-0.1555	1.0
				/*	5:child_number	*/	0
			/*	4:name	*/	没有钢枕的24.0米桥梁-1/端构架上的槽钢和U型螺栓-1/三号U型螺栓单元-7
			/*	4:type	*/	U型螺栓单元\三号U型螺栓单元.SLDASM
			/*	4:location	*/	0.802632	0.596475	1.91836E-18	0.0	-0.596475	0.802632	-2.51874E-18	0.0	1.59762E-32	2.20737E-18	1.0	0.0	3.61124	0.046246	0.0425	1.0
			/*	4:child_number	*/	4
				/*	5:name	*/	没有钢枕的24.0米桥梁-1/端构架上的槽钢和U型螺栓-1/三号U型螺栓单元-7/螺母-2
				/*	5:type	*/	基本杆件\螺母.SLDPRT
				/*	5:location	*/	1.0	-2.85687E-17	2.0079E-18	0.0	-8.10441E-18	1.0	-2.58529E-18	0.0	-3.79662E-19	2.2383E-18	1.0	0.0	-0.0139816	-0.0609324	0.0215	1.0
				/*	5:child_number	*/	0
				/*	5:name	*/	没有钢枕的24.0米桥梁-1/端构架上的槽钢和U型螺栓-1/三号U型螺栓单元-7/螺母-1
				/*	5:type	*/	基本杆件\螺母.SLDPRT
				/*	5:location	*/	1.0	-2.85687E-17	2.0079E-18	0.0	-8.10441E-18	1.0	-2.58529E-18	0.0	-3.79662E-19	2.2383E-18	1.0	0.0	-0.0139816	0.0910676	0.0215	1.0
				/*	5:child_number	*/	0
				/*	5:name	*/	没有钢枕的24.0米桥梁-1/端构架上的槽钢和U型螺栓-1/三号U型螺栓单元-7/三号U型螺栓垫片-1
				/*	5:type	*/	基本杆件\三号U型螺栓垫片.SLDPRT
				/*	5:location	*/	-8.10441E-18	1.0	-2.58529E-18	0.0	-1.0	2.85687E-17	-2.0079E-18	0.0	-3.79662E-19	2.2383E-18	1.0	0.0	0.0160184	-0.0909324	0.0055	1.0
				/*	5:child_number	*/	0
				/*	5:name	*/	没有钢枕的24.0米桥梁-1/端构架上的槽钢和U型螺栓-1/三号U型螺栓单元-7/三号U型螺栓-1
				/*	5:type	*/	基本杆件\三号U型螺栓.SLDPRT
				/*	5:location	*/	1.0	-2.85687E-17	2.0079E-18	0.0	-8.10441E-18	1.0	-2.58529E-18	0.0	-3.79662E-19	2.2383E-18	1.0	0.0	-0.0139816	-0.0609324	-0.1555	1.0
				/*	5:child_number	*/	0
			/*	4:name	*/	没有钢枕的24.0米桥梁-1/端构架上的槽钢和U型螺栓-1/三号U型螺栓单元-3
			/*	4:type	*/	U型螺栓单元\三号U型螺栓单元.SLDASM
			/*	4:location	*/	0.802632	0.596475	1.91836E-18	0.0	-0.596475	0.802632	-2.51874E-18	0.0	1.59762E-32	2.20737E-18	1.0	0.0	1.21124	0.046246	0.0425	1.0
			/*	4:child_number	*/	4
				/*	5:name	*/	没有钢枕的24.0米桥梁-1/端构架上的槽钢和U型螺栓-1/三号U型螺栓单元-3/螺母-2
				/*	5:type	*/	基本杆件\螺母.SLDPRT
				/*	5:location	*/	1.0	-2.85687E-17	2.0079E-18	0.0	-8.10441E-18	1.0	-2.58529E-18	0.0	-3.79662E-19	2.2383E-18	1.0	0.0	-0.0139816	-0.0609324	0.0215	1.0
				/*	5:child_number	*/	0
				/*	5:name	*/	没有钢枕的24.0米桥梁-1/端构架上的槽钢和U型螺栓-1/三号U型螺栓单元-3/螺母-1
				/*	5:type	*/	基本杆件\螺母.SLDPRT
				/*	5:location	*/	1.0	-2.85687E-17	2.0079E-18	0.0	-8.10441E-18	1.0	-2.58529E-18	0.0	-3.79662E-19	2.2383E-18	1.0	0.0	-0.0139816	0.0910676	0.0215	1.0
				/*	5:child_number	*/	0
				/*	5:name	*/	没有钢枕的24.0米桥梁-1/端构架上的槽钢和U型螺栓-1/三号U型螺栓单元-3/三号U型螺栓垫片-1
				/*	5:type	*/	基本杆件\三号U型螺栓垫片.SLDPRT
				/*	5:location	*/	-8.10441E-18	1.0	-2.58529E-18	0.0	-1.0	2.85687E-17	-2.0079E-18	0.0	-3.79662E-19	2.2383E-18	1.0	0.0	0.0160184	-0.0909324	0.0055	1.0
				/*	5:child_number	*/	0
				/*	5:name	*/	没有钢枕的24.0米桥梁-1/端构架上的槽钢和U型螺栓-1/三号U型螺栓单元-3/三号U型螺栓-1
				/*	5:type	*/	基本杆件\三号U型螺栓.SLDPRT
				/*	5:location	*/	1.0	-2.85687E-17	2.0079E-18	0.0	-8.10441E-18	1.0	-2.58529E-18	0.0	-3.79662E-19	2.2383E-18	1.0	0.0	-0.0139816	-0.0609324	-0.1555	1.0
				/*	5:child_number	*/	0
			/*	4:name	*/	没有钢枕的24.0米桥梁-1/端构架上的槽钢和U型螺栓-1/三号U型螺栓单元-2
			/*	4:type	*/	U型螺栓单元\三号U型螺栓单元.SLDASM
			/*	4:location	*/	0.802632	0.596475	1.91836E-18	0.0	-0.596475	0.802632	-2.51874E-18	0.0	1.59762E-32	2.20737E-18	1.0	0.0	0.611242	0.046246	0.0425	1.0
			/*	4:child_number	*/	4
				/*	5:name	*/	没有钢枕的24.0米桥梁-1/端构架上的槽钢和U型螺栓-1/三号U型螺栓单元-2/螺母-2
				/*	5:type	*/	基本杆件\螺母.SLDPRT
				/*	5:location	*/	1.0	-2.85687E-17	2.0079E-18	0.0	-8.10441E-18	1.0	-2.58529E-18	0.0	-3.79662E-19	2.2383E-18	1.0	0.0	-0.0139816	-0.0609324	0.0215	1.0
				/*	5:child_number	*/	0
				/*	5:name	*/	没有钢枕的24.0米桥梁-1/端构架上的槽钢和U型螺栓-1/三号U型螺栓单元-2/螺母-1
				/*	5:type	*/	基本杆件\螺母.SLDPRT
				/*	5:location	*/	1.0	-2.85687E-17	2.0079E-18	0.0	-8.10441E-18	1.0	-2.58529E-18	0.0	-3.79662E-19	2.2383E-18	1.0	0.0	-0.0139816	0.0910676	0.0215	1.0
				/*	5:child_number	*/	0
				/*	5:name	*/	没有钢枕的24.0米桥梁-1/端构架上的槽钢和U型螺栓-1/三号U型螺栓单元-2/三号U型螺栓垫片-1
				/*	5:type	*/	基本杆件\三号U型螺栓垫片.SLDPRT
				/*	5:location	*/	-8.10441E-18	1.0	-2.58529E-18	0.0	-1.0	2.85687E-17	-2.0079E-18	0.0	-3.79662E-19	2.2383E-18	1.0	0.0	0.0160184	-0.0909324	0.0055	1.0
				/*	5:child_number	*/	0
				/*	5:name	*/	没有钢枕的24.0米桥梁-1/端构架上的槽钢和U型螺栓-1/三号U型螺栓单元-2/三号U型螺栓-1
				/*	5:type	*/	基本杆件\三号U型螺栓.SLDPRT
				/*	5:location	*/	1.0	-2.85687E-17	2.0079E-18	0.0	-8.10441E-18	1.0	-2.58529E-18	0.0	-3.79662E-19	2.2383E-18	1.0	0.0	-0.0139816	-0.0609324	-0.1555	1.0
				/*	5:child_number	*/	0
			/*	4:name	*/	没有钢枕的24.0米桥梁-1/端构架上的槽钢和U型螺栓-1/三号U型螺栓单元-10
			/*	4:type	*/	U型螺栓单元\三号U型螺栓单元.SLDASM
			/*	4:location	*/	0.802632	0.596475	1.91836E-18	0.0	-0.596475	0.802632	-2.51874E-18	0.0	1.59762E-32	2.20737E-18	1.0	0.0	1.34454	0.046246	0.0425	1.0
			/*	4:child_number	*/	4
				/*	5:name	*/	没有钢枕的24.0米桥梁-1/端构架上的槽钢和U型螺栓-1/三号U型螺栓单元-10/螺母-2
				/*	5:type	*/	基本杆件\螺母.SLDPRT
				/*	5:location	*/	1.0	-2.85687E-17	2.0079E-18	0.0	-8.10441E-18	1.0	-2.58529E-18	0.0	-3.79662E-19	2.2383E-18	1.0	0.0	-0.0139816	-0.0609324	0.0215	1.0
				/*	5:child_number	*/	0
				/*	5:name	*/	没有钢枕的24.0米桥梁-1/端构架上的槽钢和U型螺栓-1/三号U型螺栓单元-10/螺母-1
				/*	5:type	*/	基本杆件\螺母.SLDPRT
				/*	5:location	*/	1.0	-2.85687E-17	2.0079E-18	0.0	-8.10441E-18	1.0	-2.58529E-18	0.0	-3.79662E-19	2.2383E-18	1.0	0.0	-0.0139816	0.0910676	0.0215	1.0
				/*	5:child_number	*/	0
				/*	5:name	*/	没有钢枕的24.0米桥梁-1/端构架上的槽钢和U型螺栓-1/三号U型螺栓单元-10/三号U型螺栓垫片-1
				/*	5:type	*/	基本杆件\三号U型螺栓垫片.SLDPRT
				/*	5:location	*/	-8.10441E-18	1.0	-2.58529E-18	0.0	-1.0	2.85687E-17	-2.0079E-18	0.0	-3.79662E-19	2.2383E-18	1.0	0.0	0.0160184	-0.0909324	0.0055	1.0
				/*	5:child_number	*/	0
				/*	5:name	*/	没有钢枕的24.0米桥梁-1/端构架上的槽钢和U型螺栓-1/三号U型螺栓单元-10/三号U型螺栓-1
				/*	5:type	*/	基本杆件\三号U型螺栓.SLDPRT
				/*	5:location	*/	1.0	-2.85687E-17	2.0079E-18	0.0	-8.10441E-18	1.0	-2.58529E-18	0.0	-3.79662E-19	2.2383E-18	1.0	0.0	-0.0139816	-0.0609324	-0.1555	1.0
				/*	5:child_number	*/	0
			/*	4:name	*/	没有钢枕的24.0米桥梁-1/端构架上的槽钢和U型螺栓-1/三号U型螺栓单元-11
			/*	4:type	*/	U型螺栓单元\三号U型螺栓单元.SLDASM
			/*	4:location	*/	0.802632	0.596475	1.91836E-18	0.0	-0.596475	0.802632	-2.51874E-18	0.0	1.59762E-32	2.20737E-18	1.0	0.0	1.94454	0.046246	0.0425	1.0
			/*	4:child_number	*/	4
				/*	5:name	*/	没有钢枕的24.0米桥梁-1/端构架上的槽钢和U型螺栓-1/三号U型螺栓单元-11/螺母-2
				/*	5:type	*/	基本杆件\螺母.SLDPRT
				/*	5:location	*/	1.0	-2.85687E-17	2.0079E-18	0.0	-8.10441E-18	1.0	-2.58529E-18	0.0	-3.79662E-19	2.2383E-18	1.0	0.0	-0.0139816	-0.0609324	0.0215	1.0
				/*	5:child_number	*/	0
				/*	5:name	*/	没有钢枕的24.0米桥梁-1/端构架上的槽钢和U型螺栓-1/三号U型螺栓单元-11/螺母-1
				/*	5:type	*/	基本杆件\螺母.SLDPRT
				/*	5:location	*/	1.0	-2.85687E-17	2.0079E-18	0.0	-8.10441E-18	1.0	-2.58529E-18	0.0	-3.79662E-19	2.2383E-18	1.0	0.0	-0.0139816	0.0910676	0.0215	1.0
				/*	5:child_number	*/	0
				/*	5:name	*/	没有钢枕的24.0米桥梁-1/端构架上的槽钢和U型螺栓-1/三号U型螺栓单元-11/三号U型螺栓垫片-1
				/*	5:type	*/	基本杆件\三号U型螺栓垫片.SLDPRT
				/*	5:location	*/	-8.10441E-18	1.0	-2.58529E-18	0.0	-1.0	2.85687E-17	-2.0079E-18	0.0	-3.79662E-19	2.2383E-18	1.0	0.0	0.0160184	-0.0909324	0.0055	1.0
				/*	5:child_number	*/	0
				/*	5:name	*/	没有钢枕的24.0米桥梁-1/端构架上的槽钢和U型螺栓-1/三号U型螺栓单元-11/三号U型螺栓-1
				/*	5:type	*/	基本杆件\三号U型螺栓.SLDPRT
				/*	5:location	*/	1.0	-2.85687E-17	2.0079E-18	0.0	-8.10441E-18	1.0	-2.58529E-18	0.0	-3.79662E-19	2.2383E-18	1.0	0.0	-0.0139816	-0.0609324	-0.1555	1.0
				/*	5:child_number	*/	0
			/*	4:name	*/	没有钢枕的24.0米桥梁-1/端构架上的槽钢和U型螺栓-1/三号U型螺栓单元-17
			/*	4:type	*/	U型螺栓单元\三号U型螺栓单元.SLDASM
			/*	4:location	*/	0.802632	0.596475	1.91836E-18	0.0	-0.596475	0.802632	-2.51874E-18	0.0	1.59762E-32	2.20737E-18	1.0	0.0	1.21124	0.596246	0.0425	1.0
			/*	4:child_number	*/	4
				/*	5:name	*/	没有钢枕的24.0米桥梁-1/端构架上的槽钢和U型螺栓-1/三号U型螺栓单元-17/螺母-2
				/*	5:type	*/	基本杆件\螺母.SLDPRT
				/*	5:location	*/	1.0	-2.85687E-17	2.0079E-18	0.0	-8.10441E-18	1.0	-2.58529E-18	0.0	-3.79662E-19	2.2383E-18	1.0	0.0	-0.0139816	-0.0609324	0.0215	1.0
				/*	5:child_number	*/	0
				/*	5:name	*/	没有钢枕的24.0米桥梁-1/端构架上的槽钢和U型螺栓-1/三号U型螺栓单元-17/螺母-1
				/*	5:type	*/	基本杆件\螺母.SLDPRT
				/*	5:location	*/	1.0	-2.85687E-17	2.0079E-18	0.0	-8.10441E-18	1.0	-2.58529E-18	0.0	-3.79662E-19	2.2383E-18	1.0	0.0	-0.0139816	0.0910676	0.0215	1.0
				/*	5:child_number	*/	0
				/*	5:name	*/	没有钢枕的24.0米桥梁-1/端构架上的槽钢和U型螺栓-1/三号U型螺栓单元-17/三号U型螺栓垫片-1
				/*	5:type	*/	基本杆件\三号U型螺栓垫片.SLDPRT
				/*	5:location	*/	-8.10441E-18	1.0	-2.58529E-18	0.0	-1.0	2.85687E-17	-2.0079E-18	0.0	-3.79662E-19	2.2383E-18	1.0	0.0	0.0160184	-0.0909324	0.0055	1.0
				/*	5:child_number	*/	0
				/*	5:name	*/	没有钢枕的24.0米桥梁-1/端构架上的槽钢和U型螺栓-1/三号U型螺栓单元-17/三号U型螺栓-1
				/*	5:type	*/	基本杆件\三号U型螺栓.SLDPRT
				/*	5:location	*/	1.0	-2.85687E-17	2.0079E-18	0.0	-8.10441E-18	1.0	-2.58529E-18	0.0	-3.79662E-19	2.2383E-18	1.0	0.0	-0.0139816	-0.0609324	-0.1555	1.0
				/*	5:child_number	*/	0
			/*	4:name	*/	没有钢枕的24.0米桥梁-1/端构架上的槽钢和U型螺栓-1/三号U型螺栓单元-15
			/*	4:type	*/	U型螺栓单元\三号U型螺栓单元.SLDASM
			/*	4:location	*/	0.802632	0.596475	1.91836E-18	0.0	-0.596475	0.802632	-2.51874E-18	0.0	1.59762E-32	2.20737E-18	1.0	0.0	0.611242	0.596246	0.0425	1.0
			/*	4:child_number	*/	4
				/*	5:name	*/	没有钢枕的24.0米桥梁-1/端构架上的槽钢和U型螺栓-1/三号U型螺栓单元-15/螺母-2
				/*	5:type	*/	基本杆件\螺母.SLDPRT
				/*	5:location	*/	1.0	-2.85687E-17	2.0079E-18	0.0	-8.10441E-18	1.0	-2.58529E-18	0.0	-3.79662E-19	2.2383E-18	1.0	0.0	-0.0139816	-0.0609324	0.0215	1.0
				/*	5:child_number	*/	0
				/*	5:name	*/	没有钢枕的24.0米桥梁-1/端构架上的槽钢和U型螺栓-1/三号U型螺栓单元-15/螺母-1
				/*	5:type	*/	基本杆件\螺母.SLDPRT
				/*	5:location	*/	1.0	-2.85687E-17	2.0079E-18	0.0	-8.10441E-18	1.0	-2.58529E-18	0.0	-3.79662E-19	2.2383E-18	1.0	0.0	-0.0139816	0.0910676	0.0215	1.0
				/*	5:child_number	*/	0
				/*	5:name	*/	没有钢枕的24.0米桥梁-1/端构架上的槽钢和U型螺栓-1/三号U型螺栓单元-15/三号U型螺栓垫片-1
				/*	5:type	*/	基本杆件\三号U型螺栓垫片.SLDPRT
				/*	5:location	*/	-8.10441E-18	1.0	-2.58529E-18	0.0	-1.0	2.85687E-17	-2.0079E-18	0.0	-3.79662E-19	2.2383E-18	1.0	0.0	0.0160184	-0.0909324	0.0055	1.0
				/*	5:child_number	*/	0
				/*	5:name	*/	没有钢枕的24.0米桥梁-1/端构架上的槽钢和U型螺栓-1/三号U型螺栓单元-15/三号U型螺栓-1
				/*	5:type	*/	基本杆件\三号U型螺栓.SLDPRT
				/*	5:location	*/	1.0	-2.85687E-17	2.0079E-18	0.0	-8.10441E-18	1.0	-2.58529E-18	0.0	-3.79662E-19	2.2383E-18	1.0	0.0	-0.0139816	-0.0609324	-0.1555	1.0
				/*	5:child_number	*/	0
			/*	4:name	*/	没有钢枕的24.0米桥梁-1/端构架上的槽钢和U型螺栓-1/三号U型螺栓单元-14
			/*	4:type	*/	U型螺栓单元\三号U型螺栓单元.SLDASM
			/*	4:location	*/	0.802632	0.596475	1.91836E-18	0.0	-0.596475	0.802632	-2.51874E-18	0.0	1.59762E-32	2.20737E-18	1.0	0.0	3.74454	0.046246	0.0425	1.0
			/*	4:child_number	*/	4
				/*	5:name	*/	没有钢枕的24.0米桥梁-1/端构架上的槽钢和U型螺栓-1/三号U型螺栓单元-14/螺母-2
				/*	5:type	*/	基本杆件\螺母.SLDPRT
				/*	5:location	*/	1.0	-2.85687E-17	2.0079E-18	0.0	-8.10441E-18	1.0	-2.58529E-18	0.0	-3.79662E-19	2.2383E-18	1.0	0.0	-0.0139816	-0.0609324	0.0215	1.0
				/*	5:child_number	*/	0
				/*	5:name	*/	没有钢枕的24.0米桥梁-1/端构架上的槽钢和U型螺栓-1/三号U型螺栓单元-14/螺母-1
				/*	5:type	*/	基本杆件\螺母.SLDPRT
				/*	5:location	*/	1.0	-2.85687E-17	2.0079E-18	0.0	-8.10441E-18	1.0	-2.58529E-18	0.0	-3.79662E-19	2.2383E-18	1.0	0.0	-0.0139816	0.0910676	0.0215	1.0
				/*	5:child_number	*/	0
				/*	5:name	*/	没有钢枕的24.0米桥梁-1/端构架上的槽钢和U型螺栓-1/三号U型螺栓单元-14/三号U型螺栓垫片-1
				/*	5:type	*/	基本杆件\三号U型螺栓垫片.SLDPRT
				/*	5:location	*/	-8.10441E-18	1.0	-2.58529E-18	0.0	-1.0	2.85687E-17	-2.0079E-18	0.0	-3.79662E-19	2.2383E-18	1.0	0.0	0.0160184	-0.0909324	0.0055	1.0
				/*	5:child_number	*/	0
				/*	5:name	*/	没有钢枕的24.0米桥梁-1/端构架上的槽钢和U型螺栓-1/三号U型螺栓单元-14/三号U型螺栓-1
				/*	5:type	*/	基本杆件\三号U型螺栓.SLDPRT
				/*	5:location	*/	1.0	-2.85687E-17	2.0079E-18	0.0	-8.10441E-18	1.0	-2.58529E-18	0.0	-3.79662E-19	2.2383E-18	1.0	0.0	-0.0139816	-0.0609324	-0.1555	1.0
				/*	5:child_number	*/	0
			/*	4:name	*/	没有钢枕的24.0米桥梁-1/端构架上的槽钢和U型螺栓-1/三号U型螺栓单元-8
			/*	4:type	*/	U型螺栓单元\三号U型螺栓单元.SLDASM
			/*	4:location	*/	0.802632	0.596475	1.91836E-18	0.0	-0.596475	0.802632	-2.51874E-18	0.0	1.59762E-32	2.20737E-18	1.0	0.0	4.21124	0.046246	0.0425	1.0
			/*	4:child_number	*/	4
				/*	5:name	*/	没有钢枕的24.0米桥梁-1/端构架上的槽钢和U型螺栓-1/三号U型螺栓单元-8/螺母-2
				/*	5:type	*/	基本杆件\螺母.SLDPRT
				/*	5:location	*/	1.0	-2.85687E-17	2.0079E-18	0.0	-8.10441E-18	1.0	-2.58529E-18	0.0	-3.79662E-19	2.2383E-18	1.0	0.0	-0.0139816	-0.0609324	0.0215	1.0
				/*	5:child_number	*/	0
				/*	5:name	*/	没有钢枕的24.0米桥梁-1/端构架上的槽钢和U型螺栓-1/三号U型螺栓单元-8/螺母-1
				/*	5:type	*/	基本杆件\螺母.SLDPRT
				/*	5:location	*/	1.0	-2.85687E-17	2.0079E-18	0.0	-8.10441E-18	1.0	-2.58529E-18	0.0	-3.79662E-19	2.2383E-18	1.0	0.0	-0.0139816	0.0910676	0.0215	1.0
				/*	5:child_number	*/	0
				/*	5:name	*/	没有钢枕的24.0米桥梁-1/端构架上的槽钢和U型螺栓-1/三号U型螺栓单元-8/三号U型螺栓垫片-1
				/*	5:type	*/	基本杆件\三号U型螺栓垫片.SLDPRT
				/*	5:location	*/	-8.10441E-18	1.0	-2.58529E-18	0.0	-1.0	2.85687E-17	-2.0079E-18	0.0	-3.79662E-19	2.2383E-18	1.0	0.0	0.0160184	-0.0909324	0.0055	1.0
				/*	5:child_number	*/	0
				/*	5:name	*/	没有钢枕的24.0米桥梁-1/端构架上的槽钢和U型螺栓-1/三号U型螺栓单元-8/三号U型螺栓-1
				/*	5:type	*/	基本杆件\三号U型螺栓.SLDPRT
				/*	5:location	*/	1.0	-2.85687E-17	2.0079E-18	0.0	-8.10441E-18	1.0	-2.58529E-18	0.0	-3.79662E-19	2.2383E-18	1.0	0.0	-0.0139816	-0.0609324	-0.1555	1.0
				/*	5:child_number	*/	0
			/*	4:name	*/	没有钢枕的24.0米桥梁-1/端构架上的槽钢和U型螺栓-1/三号U型螺栓单元-9
			/*	4:type	*/	U型螺栓单元\三号U型螺栓单元.SLDASM
			/*	4:location	*/	0.802632	0.596475	1.91836E-18	0.0	-0.596475	0.802632	-2.51874E-18	0.0	1.59762E-32	2.20737E-18	1.0	0.0	0.744542	0.046246	0.0425	1.0
			/*	4:child_number	*/	4
				/*	5:name	*/	没有钢枕的24.0米桥梁-1/端构架上的槽钢和U型螺栓-1/三号U型螺栓单元-9/螺母-2
				/*	5:type	*/	基本杆件\螺母.SLDPRT
				/*	5:location	*/	1.0	-2.85687E-17	2.0079E-18	0.0	-8.10441E-18	1.0	-2.58529E-18	0.0	-3.79662E-19	2.2383E-18	1.0	0.0	-0.0139816	-0.0609324	0.0215	1.0
				/*	5:child_number	*/	0
				/*	5:name	*/	没有钢枕的24.0米桥梁-1/端构架上的槽钢和U型螺栓-1/三号U型螺栓单元-9/螺母-1
				/*	5:type	*/	基本杆件\螺母.SLDPRT
				/*	5:location	*/	1.0	-2.85687E-17	2.0079E-18	0.0	-8.10441E-18	1.0	-2.58529E-18	0.0	-3.79662E-19	2.2383E-18	1.0	0.0	-0.0139816	0.0910676	0.0215	1.0
				/*	5:child_number	*/	0
				/*	5:name	*/	没有钢枕的24.0米桥梁-1/端构架上的槽钢和U型螺栓-1/三号U型螺栓单元-9/三号U型螺栓垫片-1
				/*	5:type	*/	基本杆件\三号U型螺栓垫片.SLDPRT
				/*	5:location	*/	-8.10441E-18	1.0	-2.58529E-18	0.0	-1.0	2.85687E-17	-2.0079E-18	0.0	-3.79662E-19	2.2383E-18	1.0	0.0	0.0160184	-0.0909324	0.0055	1.0
				/*	5:child_number	*/	0
				/*	5:name	*/	没有钢枕的24.0米桥梁-1/端构架上的槽钢和U型螺栓-1/三号U型螺栓单元-9/三号U型螺栓-1
				/*	5:type	*/	基本杆件\三号U型螺栓.SLDPRT
				/*	5:location	*/	1.0	-2.85687E-17	2.0079E-18	0.0	-8.10441E-18	1.0	-2.58529E-18	0.0	-3.79662E-19	2.2383E-18	1.0	0.0	-0.0139816	-0.0609324	-0.1555	1.0
				/*	5:child_number	*/	0
			/*	4:name	*/	没有钢枕的24.0米桥梁-1/端构架上的槽钢和U型螺栓-1/三号U型螺栓单元-13
			/*	4:type	*/	U型螺栓单元\三号U型螺栓单元.SLDASM
			/*	4:location	*/	0.802632	0.596475	1.91836E-18	0.0	-0.596475	0.802632	-2.51874E-18	0.0	1.59762E-32	2.20737E-18	1.0	0.0	3.14454	0.046246	0.0425	1.0
			/*	4:child_number	*/	4
				/*	5:name	*/	没有钢枕的24.0米桥梁-1/端构架上的槽钢和U型螺栓-1/三号U型螺栓单元-13/螺母-2
				/*	5:type	*/	基本杆件\螺母.SLDPRT
				/*	5:location	*/	1.0	-2.85687E-17	2.0079E-18	0.0	-8.10441E-18	1.0	-2.58529E-18	0.0	-3.79662E-19	2.2383E-18	1.0	0.0	-0.0139816	-0.0609324	0.0215	1.0
				/*	5:child_number	*/	0
				/*	5:name	*/	没有钢枕的24.0米桥梁-1/端构架上的槽钢和U型螺栓-1/三号U型螺栓单元-13/螺母-1
				/*	5:type	*/	基本杆件\螺母.SLDPRT
				/*	5:location	*/	1.0	-2.85687E-17	2.0079E-18	0.0	-8.10441E-18	1.0	-2.58529E-18	0.0	-3.79662E-19	2.2383E-18	1.0	0.0	-0.0139816	0.0910676	0.0215	1.0
				/*	5:child_number	*/	0
				/*	5:name	*/	没有钢枕的24.0米桥梁-1/端构架上的槽钢和U型螺栓-1/三号U型螺栓单元-13/三号U型螺栓垫片-1
				/*	5:type	*/	基本杆件\三号U型螺栓垫片.SLDPRT
				/*	5:location	*/	-8.10441E-18	1.0	-2.58529E-18	0.0	-1.0	2.85687E-17	-2.0079E-18	0.0	-3.79662E-19	2.2383E-18	1.0	0.0	0.0160184	-0.0909324	0.0055	1.0
				/*	5:child_number	*/	0
				/*	5:name	*/	没有钢枕的24.0米桥梁-1/端构架上的槽钢和U型螺栓-1/三号U型螺栓单元-13/三号U型螺栓-1
				/*	5:type	*/	基本杆件\三号U型螺栓.SLDPRT
				/*	5:location	*/	1.0	-2.85687E-17	2.0079E-18	0.0	-8.10441E-18	1.0	-2.58529E-18	0.0	-3.79662E-19	2.2383E-18	1.0	0.0	-0.0139816	-0.0609324	-0.1555	1.0
				/*	5:child_number	*/	0
			/*	4:name	*/	没有钢枕的24.0米桥梁-1/端构架上的槽钢和U型螺栓-1/三号U型螺栓单元-16
			/*	4:type	*/	U型螺栓单元\三号U型螺栓单元.SLDASM
			/*	4:location	*/	0.802632	0.596475	1.91836E-18	0.0	-0.596475	0.802632	-2.51874E-18	0.0	1.59762E-32	2.20737E-18	1.0	0.0	0.144542	0.596246	0.0425	1.0
			/*	4:child_number	*/	4
				/*	5:name	*/	没有钢枕的24.0米桥梁-1/端构架上的槽钢和U型螺栓-1/三号U型螺栓单元-16/螺母-2
				/*	5:type	*/	基本杆件\螺母.SLDPRT
				/*	5:location	*/	1.0	-2.85687E-17	2.0079E-18	0.0	-8.10441E-18	1.0	-2.58529E-18	0.0	-3.79662E-19	2.2383E-18	1.0	0.0	-0.0139816	-0.0609324	0.0215	1.0
				/*	5:child_number	*/	0
				/*	5:name	*/	没有钢枕的24.0米桥梁-1/端构架上的槽钢和U型螺栓-1/三号U型螺栓单元-16/螺母-1
				/*	5:type	*/	基本杆件\螺母.SLDPRT
				/*	5:location	*/	1.0	-2.85687E-17	2.0079E-18	0.0	-8.10441E-18	1.0	-2.58529E-18	0.0	-3.79662E-19	2.2383E-18	1.0	0.0	-0.0139816	0.0910676	0.0215	1.0
				/*	5:child_number	*/	0
				/*	5:name	*/	没有钢枕的24.0米桥梁-1/端构架上的槽钢和U型螺栓-1/三号U型螺栓单元-16/三号U型螺栓垫片-1
				/*	5:type	*/	基本杆件\三号U型螺栓垫片.SLDPRT
				/*	5:location	*/	-8.10441E-18	1.0	-2.58529E-18	0.0	-1.0	2.85687E-17	-2.0079E-18	0.0	-3.79662E-19	2.2383E-18	1.0	0.0	0.0160184	-0.0909324	0.0055	1.0
				/*	5:child_number	*/	0
				/*	5:name	*/	没有钢枕的24.0米桥梁-1/端构架上的槽钢和U型螺栓-1/三号U型螺栓单元-16/三号U型螺栓-1
				/*	5:type	*/	基本杆件\三号U型螺栓.SLDPRT
				/*	5:location	*/	1.0	-2.85687E-17	2.0079E-18	0.0	-8.10441E-18	1.0	-2.58529E-18	0.0	-3.79662E-19	2.2383E-18	1.0	0.0	-0.0139816	-0.0609324	-0.1555	1.0
				/*	5:child_number	*/	0
			/*	4:name	*/	没有钢枕的24.0米桥梁-1/端构架上的槽钢和U型螺栓-1/三号U型螺栓单元-12
			/*	4:type	*/	U型螺栓单元\三号U型螺栓单元.SLDASM
			/*	4:location	*/	0.802632	0.596475	1.91836E-18	0.0	-0.596475	0.802632	-2.51874E-18	0.0	1.59762E-32	2.20737E-18	1.0	0.0	2.54454	0.046246	0.0425	1.0
			/*	4:child_number	*/	4
				/*	5:name	*/	没有钢枕的24.0米桥梁-1/端构架上的槽钢和U型螺栓-1/三号U型螺栓单元-12/螺母-2
				/*	5:type	*/	基本杆件\螺母.SLDPRT
				/*	5:location	*/	1.0	-2.85687E-17	2.0079E-18	0.0	-8.10441E-18	1.0	-2.58529E-18	0.0	-3.79662E-19	2.2383E-18	1.0	0.0	-0.0139816	-0.0609324	0.0215	1.0
				/*	5:child_number	*/	0
				/*	5:name	*/	没有钢枕的24.0米桥梁-1/端构架上的槽钢和U型螺栓-1/三号U型螺栓单元-12/螺母-1
				/*	5:type	*/	基本杆件\螺母.SLDPRT
				/*	5:location	*/	1.0	-2.85687E-17	2.0079E-18	0.0	-8.10441E-18	1.0	-2.58529E-18	0.0	-3.79662E-19	2.2383E-18	1.0	0.0	-0.0139816	0.0910676	0.0215	1.0
				/*	5:child_number	*/	0
				/*	5:name	*/	没有钢枕的24.0米桥梁-1/端构架上的槽钢和U型螺栓-1/三号U型螺栓单元-12/三号U型螺栓垫片-1
				/*	5:type	*/	基本杆件\三号U型螺栓垫片.SLDPRT
				/*	5:location	*/	-8.10441E-18	1.0	-2.58529E-18	0.0	-1.0	2.85687E-17	-2.0079E-18	0.0	-3.79662E-19	2.2383E-18	1.0	0.0	0.0160184	-0.0909324	0.0055	1.0
				/*	5:child_number	*/	0
				/*	5:name	*/	没有钢枕的24.0米桥梁-1/端构架上的槽钢和U型螺栓-1/三号U型螺栓单元-12/三号U型螺栓-1
				/*	5:type	*/	基本杆件\三号U型螺栓.SLDPRT
				/*	5:location	*/	1.0	-2.85687E-17	2.0079E-18	0.0	-8.10441E-18	1.0	-2.58529E-18	0.0	-3.79662E-19	2.2383E-18	1.0	0.0	-0.0139816	-0.0609324	-0.1555	1.0
				/*	5:child_number	*/	0
			/*	4:name	*/	没有钢枕的24.0米桥梁-1/端构架上的槽钢和U型螺栓-1/三号U型螺栓单元-28
			/*	4:type	*/	U型螺栓单元\三号U型螺栓单元.SLDASM
			/*	4:location	*/	0.802632	0.596475	1.91836E-18	0.0	-0.596475	0.802632	-2.51874E-18	0.0	1.59762E-32	2.20737E-18	1.0	0.0	3.74454	0.596246	0.0425	1.0
			/*	4:child_number	*/	4
				/*	5:name	*/	没有钢枕的24.0米桥梁-1/端构架上的槽钢和U型螺栓-1/三号U型螺栓单元-28/螺母-2
				/*	5:type	*/	基本杆件\螺母.SLDPRT
				/*	5:location	*/	1.0	-2.85687E-17	2.0079E-18	0.0	-8.10441E-18	1.0	-2.58529E-18	0.0	-3.79662E-19	2.2383E-18	1.0	0.0	-0.0139816	-0.0609324	0.0215	1.0
				/*	5:child_number	*/	0
				/*	5:name	*/	没有钢枕的24.0米桥梁-1/端构架上的槽钢和U型螺栓-1/三号U型螺栓单元-28/螺母-1
				/*	5:type	*/	基本杆件\螺母.SLDPRT
				/*	5:location	*/	1.0	-2.85687E-17	2.0079E-18	0.0	-8.10441E-18	1.0	-2.58529E-18	0.0	-3.79662E-19	2.2383E-18	1.0	0.0	-0.0139816	0.0910676	0.0215	1.0
				/*	5:child_number	*/	0
				/*	5:name	*/	没有钢枕的24.0米桥梁-1/端构架上的槽钢和U型螺栓-1/三号U型螺栓单元-28/三号U型螺栓垫片-1
				/*	5:type	*/	基本杆件\三号U型螺栓垫片.SLDPRT
				/*	5:location	*/	-8.10441E-18	1.0	-2.58529E-18	0.0	-1.0	2.85687E-17	-2.0079E-18	0.0	-3.79662E-19	2.2383E-18	1.0	0.0	0.0160184	-0.0909324	0.0055	1.0
				/*	5:child_number	*/	0
				/*	5:name	*/	没有钢枕的24.0米桥梁-1/端构架上的槽钢和U型螺栓-1/三号U型螺栓单元-28/三号U型螺栓-1
				/*	5:type	*/	基本杆件\三号U型螺栓.SLDPRT
				/*	5:location	*/	1.0	-2.85687E-17	2.0079E-18	0.0	-8.10441E-18	1.0	-2.58529E-18	0.0	-3.79662E-19	2.2383E-18	1.0	0.0	-0.0139816	-0.0609324	-0.1555	1.0
				/*	5:child_number	*/	0
			/*	4:name	*/	没有钢枕的24.0米桥梁-1/端构架上的槽钢和U型螺栓-1/三号U型螺栓单元-27
			/*	4:type	*/	U型螺栓单元\三号U型螺栓单元.SLDASM
			/*	4:location	*/	0.802632	0.596475	1.91836E-18	0.0	-0.596475	0.802632	-2.51874E-18	0.0	1.59762E-32	2.20737E-18	1.0	0.0	3.14454	0.596246	0.0425	1.0
			/*	4:child_number	*/	4
				/*	5:name	*/	没有钢枕的24.0米桥梁-1/端构架上的槽钢和U型螺栓-1/三号U型螺栓单元-27/螺母-2
				/*	5:type	*/	基本杆件\螺母.SLDPRT
				/*	5:location	*/	1.0	-2.85687E-17	2.0079E-18	0.0	-8.10441E-18	1.0	-2.58529E-18	0.0	-3.79662E-19	2.2383E-18	1.0	0.0	-0.0139816	-0.0609324	0.0215	1.0
				/*	5:child_number	*/	0
				/*	5:name	*/	没有钢枕的24.0米桥梁-1/端构架上的槽钢和U型螺栓-1/三号U型螺栓单元-27/螺母-1
				/*	5:type	*/	基本杆件\螺母.SLDPRT
				/*	5:location	*/	1.0	-2.85687E-17	2.0079E-18	0.0	-8.10441E-18	1.0	-2.58529E-18	0.0	-3.79662E-19	2.2383E-18	1.0	0.0	-0.0139816	0.0910676	0.0215	1.0
				/*	5:child_number	*/	0
				/*	5:name	*/	没有钢枕的24.0米桥梁-1/端构架上的槽钢和U型螺栓-1/三号U型螺栓单元-27/三号U型螺栓垫片-1
				/*	5:type	*/	基本杆件\三号U型螺栓垫片.SLDPRT
				/*	5:location	*/	-8.10441E-18	1.0	-2.58529E-18	0.0	-1.0	2.85687E-17	-2.0079E-18	0.0	-3.79662E-19	2.2383E-18	1.0	0.0	0.0160184	-0.0909324	0.0055	1.0
				/*	5:child_number	*/	0
				/*	5:name	*/	没有钢枕的24.0米桥梁-1/端构架上的槽钢和U型螺栓-1/三号U型螺栓单元-27/三号U型螺栓-1
				/*	5:type	*/	基本杆件\三号U型螺栓.SLDPRT
				/*	5:location	*/	1.0	-2.85687E-17	2.0079E-18	0.0	-8.10441E-18	1.0	-2.58529E-18	0.0	-3.79662E-19	2.2383E-18	1.0	0.0	-0.0139816	-0.0609324	-0.1555	1.0
				/*	5:child_number	*/	0
			/*	4:name	*/	没有钢枕的24.0米桥梁-1/端构架上的槽钢和U型螺栓-1/三号U型螺栓单元-20
			/*	4:type	*/	U型螺栓单元\三号U型螺栓单元.SLDASM
			/*	4:location	*/	0.802632	0.596475	1.91836E-18	0.0	-0.596475	0.802632	-2.51874E-18	0.0	1.59762E-32	2.20737E-18	1.0	0.0	3.01124	0.596246	0.0425	1.0
			/*	4:child_number	*/	4
				/*	5:name	*/	没有钢枕的24.0米桥梁-1/端构架上的槽钢和U型螺栓-1/三号U型螺栓单元-20/螺母-2
				/*	5:type	*/	基本杆件\螺母.SLDPRT
				/*	5:location	*/	1.0	-2.85687E-17	2.0079E-18	0.0	-8.10441E-18	1.0	-2.58529E-18	0.0	-3.79662E-19	2.2383E-18	1.0	0.0	-0.0139816	-0.0609324	0.0215	1.0
				/*	5:child_number	*/	0
				/*	5:name	*/	没有钢枕的24.0米桥梁-1/端构架上的槽钢和U型螺栓-1/三号U型螺栓单元-20/螺母-1
				/*	5:type	*/	基本杆件\螺母.SLDPRT
				/*	5:location	*/	1.0	-2.85687E-17	2.0079E-18	0.0	-8.10441E-18	1.0	-2.58529E-18	0.0	-3.79662E-19	2.2383E-18	1.0	0.0	-0.0139816	0.0910676	0.0215	1.0
				/*	5:child_number	*/	0
				/*	5:name	*/	没有钢枕的24.0米桥梁-1/端构架上的槽钢和U型螺栓-1/三号U型螺栓单元-20/三号U型螺栓垫片-1
				/*	5:type	*/	基本杆件\三号U型螺栓垫片.SLDPRT
				/*	5:location	*/	-8.10441E-18	1.0	-2.58529E-18	0.0	-1.0	2.85687E-17	-2.0079E-18	0.0	-3.79662E-19	2.2383E-18	1.0	0.0	0.0160184	-0.0909324	0.0055	1.0
				/*	5:child_number	*/	0
				/*	5:name	*/	没有钢枕的24.0米桥梁-1/端构架上的槽钢和U型螺栓-1/三号U型螺栓单元-20/三号U型螺栓-1
				/*	5:type	*/	基本杆件\三号U型螺栓.SLDPRT
				/*	5:location	*/	1.0	-2.85687E-17	2.0079E-18	0.0	-8.10441E-18	1.0	-2.58529E-18	0.0	-3.79662E-19	2.2383E-18	1.0	0.0	-0.0139816	-0.0609324	-0.1555	1.0
				/*	5:child_number	*/	0
			/*	4:name	*/	没有钢枕的24.0米桥梁-1/端构架上的槽钢和U型螺栓-1/三号U型螺栓单元-19
			/*	4:type	*/	U型螺栓单元\三号U型螺栓单元.SLDASM
			/*	4:location	*/	0.802632	0.596475	1.91836E-18	0.0	-0.596475	0.802632	-2.51874E-18	0.0	1.59762E-32	2.20737E-18	1.0	0.0	2.41124	0.596246	0.0425	1.0
			/*	4:child_number	*/	4
				/*	5:name	*/	没有钢枕的24.0米桥梁-1/端构架上的槽钢和U型螺栓-1/三号U型螺栓单元-19/螺母-2
				/*	5:type	*/	基本杆件\螺母.SLDPRT
				/*	5:location	*/	1.0	-2.85687E-17	2.0079E-18	0.0	-8.10441E-18	1.0	-2.58529E-18	0.0	-3.79662E-19	2.2383E-18	1.0	0.0	-0.0139816	-0.0609324	0.0215	1.0
				/*	5:child_number	*/	0
				/*	5:name	*/	没有钢枕的24.0米桥梁-1/端构架上的槽钢和U型螺栓-1/三号U型螺栓单元-19/螺母-1
				/*	5:type	*/	基本杆件\螺母.SLDPRT
				/*	5:location	*/	1.0	-2.85687E-17	2.0079E-18	0.0	-8.10441E-18	1.0	-2.58529E-18	0.0	-3.79662E-19	2.2383E-18	1.0	0.0	-0.0139816	0.0910676	0.0215	1.0
				/*	5:child_number	*/	0
				/*	5:name	*/	没有钢枕的24.0米桥梁-1/端构架上的槽钢和U型螺栓-1/三号U型螺栓单元-19/三号U型螺栓垫片-1
				/*	5:type	*/	基本杆件\三号U型螺栓垫片.SLDPRT
				/*	5:location	*/	-8.10441E-18	1.0	-2.58529E-18	0.0	-1.0	2.85687E-17	-2.0079E-18	0.0	-3.79662E-19	2.2383E-18	1.0	0.0	0.0160184	-0.0909324	0.0055	1.0
				/*	5:child_number	*/	0
				/*	5:name	*/	没有钢枕的24.0米桥梁-1/端构架上的槽钢和U型螺栓-1/三号U型螺栓单元-19/三号U型螺栓-1
				/*	5:type	*/	基本杆件\三号U型螺栓.SLDPRT
				/*	5:location	*/	1.0	-2.85687E-17	2.0079E-18	0.0	-8.10441E-18	1.0	-2.58529E-18	0.0	-3.79662E-19	2.2383E-18	1.0	0.0	-0.0139816	-0.0609324	-0.1555	1.0
				/*	5:child_number	*/	0
			/*	4:name	*/	没有钢枕的24.0米桥梁-1/端构架上的槽钢和U型螺栓-1/联结系槽钢-2
			/*	4:type	*/	基本杆件\联结系槽钢.SLDPRT
			/*	4:location	*/	1.0	-3.9443E-31	3.25106E-32	0.0	3.9443E-31	1.0	-1.26039E-18	0.0	1.59762E-32	2.20737E-18	1.0	0.0	4.88498E-15	0.55	0.0	1.0
			/*	4:child_number	*/	0
			/*	4:name	*/	没有钢枕的24.0米桥梁-1/端构架上的槽钢和U型螺栓-1/三号U型螺栓单元-26
			/*	4:type	*/	U型螺栓单元\三号U型螺栓单元.SLDASM
			/*	4:location	*/	0.802632	0.596475	1.91836E-18	0.0	-0.596475	0.802632	-2.51874E-18	0.0	1.59762E-32	2.20737E-18	1.0	0.0	2.54454	0.596246	0.0425	1.0
			/*	4:child_number	*/	4
				/*	5:name	*/	没有钢枕的24.0米桥梁-1/端构架上的槽钢和U型螺栓-1/三号U型螺栓单元-26/螺母-2
				/*	5:type	*/	基本杆件\螺母.SLDPRT
				/*	5:location	*/	1.0	-2.85687E-17	2.0079E-18	0.0	-8.10441E-18	1.0	-2.58529E-18	0.0	-3.79662E-19	2.2383E-18	1.0	0.0	-0.0139816	-0.0609324	0.0215	1.0
				/*	5:child_number	*/	0
				/*	5:name	*/	没有钢枕的24.0米桥梁-1/端构架上的槽钢和U型螺栓-1/三号U型螺栓单元-26/螺母-1
				/*	5:type	*/	基本杆件\螺母.SLDPRT
				/*	5:location	*/	1.0	-2.85687E-17	2.0079E-18	0.0	-8.10441E-18	1.0	-2.58529E-18	0.0	-3.79662E-19	2.2383E-18	1.0	0.0	-0.0139816	0.0910676	0.0215	1.0
				/*	5:child_number	*/	0
				/*	5:name	*/	没有钢枕的24.0米桥梁-1/端构架上的槽钢和U型螺栓-1/三号U型螺栓单元-26/三号U型螺栓垫片-1
				/*	5:type	*/	基本杆件\三号U型螺栓垫片.SLDPRT
				/*	5:location	*/	-8.10441E-18	1.0	-2.58529E-18	0.0	-1.0	2.85687E-17	-2.0079E-18	0.0	-3.79662E-19	2.2383E-18	1.0	0.0	0.0160184	-0.0909324	0.0055	1.0
				/*	5:child_number	*/	0
				/*	5:name	*/	没有钢枕的24.0米桥梁-1/端构架上的槽钢和U型螺栓-1/三号U型螺栓单元-26/三号U型螺栓-1
				/*	5:type	*/	基本杆件\三号U型螺栓.SLDPRT
				/*	5:location	*/	1.0	-2.85687E-17	2.0079E-18	0.0	-8.10441E-18	1.0	-2.58529E-18	0.0	-3.79662E-19	2.2383E-18	1.0	0.0	-0.0139816	-0.0609324	-0.1555	1.0
				/*	5:child_number	*/	0
			/*	4:name	*/	没有钢枕的24.0米桥梁-1/端构架上的槽钢和U型螺栓-1/三号U型螺栓单元-25
			/*	4:type	*/	U型螺栓单元\三号U型螺栓单元.SLDASM
			/*	4:location	*/	0.802632	0.596475	1.91836E-18	0.0	-0.596475	0.802632	-2.51874E-18	0.0	1.59762E-32	2.20737E-18	1.0	0.0	1.94454	0.596246	0.0425	1.0
			/*	4:child_number	*/	4
				/*	5:name	*/	没有钢枕的24.0米桥梁-1/端构架上的槽钢和U型螺栓-1/三号U型螺栓单元-25/螺母-2
				/*	5:type	*/	基本杆件\螺母.SLDPRT
				/*	5:location	*/	1.0	-2.85687E-17	2.0079E-18	0.0	-8.10441E-18	1.0	-2.58529E-18	0.0	-3.79662E-19	2.2383E-18	1.0	0.0	-0.0139816	-0.0609324	0.0215	1.0
				/*	5:child_number	*/	0
				/*	5:name	*/	没有钢枕的24.0米桥梁-1/端构架上的槽钢和U型螺栓-1/三号U型螺栓单元-25/螺母-1
				/*	5:type	*/	基本杆件\螺母.SLDPRT
				/*	5:location	*/	1.0	-2.85687E-17	2.0079E-18	0.0	-8.10441E-18	1.0	-2.58529E-18	0.0	-3.79662E-19	2.2383E-18	1.0	0.0	-0.0139816	0.0910676	0.0215	1.0
				/*	5:child_number	*/	0
				/*	5:name	*/	没有钢枕的24.0米桥梁-1/端构架上的槽钢和U型螺栓-1/三号U型螺栓单元-25/三号U型螺栓垫片-1
				/*	5:type	*/	基本杆件\三号U型螺栓垫片.SLDPRT
				/*	5:location	*/	-8.10441E-18	1.0	-2.58529E-18	0.0	-1.0	2.85687E-17	-2.0079E-18	0.0	-3.79662E-19	2.2383E-18	1.0	0.0	0.0160184	-0.0909324	0.0055	1.0
				/*	5:child_number	*/	0
				/*	5:name	*/	没有钢枕的24.0米桥梁-1/端构架上的槽钢和U型螺栓-1/三号U型螺栓单元-25/三号U型螺栓-1
				/*	5:type	*/	基本杆件\三号U型螺栓.SLDPRT
				/*	5:location	*/	1.0	-2.85687E-17	2.0079E-18	0.0	-8.10441E-18	1.0	-2.58529E-18	0.0	-3.79662E-19	2.2383E-18	1.0	0.0	-0.0139816	-0.0609324	-0.1555	1.0
				/*	5:child_number	*/	0
			/*	4:name	*/	没有钢枕的24.0米桥梁-1/端构架上的槽钢和U型螺栓-1/三号U型螺栓单元-24
			/*	4:type	*/	U型螺栓单元\三号U型螺栓单元.SLDASM
			/*	4:location	*/	0.802632	0.596475	1.91836E-18	0.0	-0.596475	0.802632	-2.51874E-18	0.0	1.59762E-32	2.20737E-18	1.0	0.0	1.34454	0.596246	0.0425	1.0
			/*	4:child_number	*/	4
				/*	5:name	*/	没有钢枕的24.0米桥梁-1/端构架上的槽钢和U型螺栓-1/三号U型螺栓单元-24/螺母-2
				/*	5:type	*/	基本杆件\螺母.SLDPRT
				/*	5:location	*/	1.0	-2.85687E-17	2.0079E-18	0.0	-8.10441E-18	1.0	-2.58529E-18	0.0	-3.79662E-19	2.2383E-18	1.0	0.0	-0.0139816	-0.0609324	0.0215	1.0
				/*	5:child_number	*/	0
				/*	5:name	*/	没有钢枕的24.0米桥梁-1/端构架上的槽钢和U型螺栓-1/三号U型螺栓单元-24/螺母-1
				/*	5:type	*/	基本杆件\螺母.SLDPRT
				/*	5:location	*/	1.0	-2.85687E-17	2.0079E-18	0.0	-8.10441E-18	1.0	-2.58529E-18	0.0	-3.79662E-19	2.2383E-18	1.0	0.0	-0.0139816	0.0910676	0.0215	1.0
				/*	5:child_number	*/	0
				/*	5:name	*/	没有钢枕的24.0米桥梁-1/端构架上的槽钢和U型螺栓-1/三号U型螺栓单元-24/三号U型螺栓垫片-1
				/*	5:type	*/	基本杆件\三号U型螺栓垫片.SLDPRT
				/*	5:location	*/	-8.10441E-18	1.0	-2.58529E-18	0.0	-1.0	2.85687E-17	-2.0079E-18	0.0	-3.79662E-19	2.2383E-18	1.0	0.0	0.0160184	-0.0909324	0.0055	1.0
				/*	5:child_number	*/	0
				/*	5:name	*/	没有钢枕的24.0米桥梁-1/端构架上的槽钢和U型螺栓-1/三号U型螺栓单元-24/三号U型螺栓-1
				/*	5:type	*/	基本杆件\三号U型螺栓.SLDPRT
				/*	5:location	*/	1.0	-2.85687E-17	2.0079E-18	0.0	-8.10441E-18	1.0	-2.58529E-18	0.0	-3.79662E-19	2.2383E-18	1.0	0.0	-0.0139816	-0.0609324	-0.1555	1.0
				/*	5:child_number	*/	0
			/*	4:name	*/	没有钢枕的24.0米桥梁-1/端构架上的槽钢和U型螺栓-1/三号U型螺栓单元-23
			/*	4:type	*/	U型螺栓单元\三号U型螺栓单元.SLDASM
			/*	4:location	*/	0.802632	0.596475	1.91836E-18	0.0	-0.596475	0.802632	-2.51874E-18	0.0	1.59762E-32	2.20737E-18	1.0	0.0	0.744542	0.596246	0.0425	1.0
			/*	4:child_number	*/	4
				/*	5:name	*/	没有钢枕的24.0米桥梁-1/端构架上的槽钢和U型螺栓-1/三号U型螺栓单元-23/螺母-2
				/*	5:type	*/	基本杆件\螺母.SLDPRT
				/*	5:location	*/	1.0	-2.85687E-17	2.0079E-18	0.0	-8.10441E-18	1.0	-2.58529E-18	0.0	-3.79662E-19	2.2383E-18	1.0	0.0	-0.0139816	-0.0609324	0.0215	1.0
				/*	5:child_number	*/	0
				/*	5:name	*/	没有钢枕的24.0米桥梁-1/端构架上的槽钢和U型螺栓-1/三号U型螺栓单元-23/螺母-1
				/*	5:type	*/	基本杆件\螺母.SLDPRT
				/*	5:location	*/	1.0	-2.85687E-17	2.0079E-18	0.0	-8.10441E-18	1.0	-2.58529E-18	0.0	-3.79662E-19	2.2383E-18	1.0	0.0	-0.0139816	0.0910676	0.0215	1.0
				/*	5:child_number	*/	0
				/*	5:name	*/	没有钢枕的24.0米桥梁-1/端构架上的槽钢和U型螺栓-1/三号U型螺栓单元-23/三号U型螺栓垫片-1
				/*	5:type	*/	基本杆件\三号U型螺栓垫片.SLDPRT
				/*	5:location	*/	-8.10441E-18	1.0	-2.58529E-18	0.0	-1.0	2.85687E-17	-2.0079E-18	0.0	-3.79662E-19	2.2383E-18	1.0	0.0	0.0160184	-0.0909324	0.0055	1.0
				/*	5:child_number	*/	0
				/*	5:name	*/	没有钢枕的24.0米桥梁-1/端构架上的槽钢和U型螺栓-1/三号U型螺栓单元-23/三号U型螺栓-1
				/*	5:type	*/	基本杆件\三号U型螺栓.SLDPRT
				/*	5:location	*/	1.0	-2.85687E-17	2.0079E-18	0.0	-8.10441E-18	1.0	-2.58529E-18	0.0	-3.79662E-19	2.2383E-18	1.0	0.0	-0.0139816	-0.0609324	-0.1555	1.0
				/*	5:child_number	*/	0
			/*	4:name	*/	没有钢枕的24.0米桥梁-1/端构架上的槽钢和U型螺栓-1/三号U型螺栓单元-18
			/*	4:type	*/	U型螺栓单元\三号U型螺栓单元.SLDASM
			/*	4:location	*/	0.802632	0.596475	1.91836E-18	0.0	-0.596475	0.802632	-2.51874E-18	0.0	1.59762E-32	2.20737E-18	1.0	0.0	1.81124	0.596246	0.0425	1.0
			/*	4:child_number	*/	4
				/*	5:name	*/	没有钢枕的24.0米桥梁-1/端构架上的槽钢和U型螺栓-1/三号U型螺栓单元-18/螺母-2
				/*	5:type	*/	基本杆件\螺母.SLDPRT
				/*	5:location	*/	1.0	-2.85687E-17	2.0079E-18	0.0	-8.10441E-18	1.0	-2.58529E-18	0.0	-3.79662E-19	2.2383E-18	1.0	0.0	-0.0139816	-0.0609324	0.0215	1.0
				/*	5:child_number	*/	0
				/*	5:name	*/	没有钢枕的24.0米桥梁-1/端构架上的槽钢和U型螺栓-1/三号U型螺栓单元-18/螺母-1
				/*	5:type	*/	基本杆件\螺母.SLDPRT
				/*	5:location	*/	1.0	-2.85687E-17	2.0079E-18	0.0	-8.10441E-18	1.0	-2.58529E-18	0.0	-3.79662E-19	2.2383E-18	1.0	0.0	-0.0139816	0.0910676	0.0215	1.0
				/*	5:child_number	*/	0
				/*	5:name	*/	没有钢枕的24.0米桥梁-1/端构架上的槽钢和U型螺栓-1/三号U型螺栓单元-18/三号U型螺栓垫片-1
				/*	5:type	*/	基本杆件\三号U型螺栓垫片.SLDPRT
				/*	5:location	*/	-8.10441E-18	1.0	-2.58529E-18	0.0	-1.0	2.85687E-17	-2.0079E-18	0.0	-3.79662E-19	2.2383E-18	1.0	0.0	0.0160184	-0.0909324	0.0055	1.0
				/*	5:child_number	*/	0
				/*	5:name	*/	没有钢枕的24.0米桥梁-1/端构架上的槽钢和U型螺栓-1/三号U型螺栓单元-18/三号U型螺栓-1
				/*	5:type	*/	基本杆件\三号U型螺栓.SLDPRT
				/*	5:location	*/	1.0	-2.85687E-17	2.0079E-18	0.0	-8.10441E-18	1.0	-2.58529E-18	0.0	-3.79662E-19	2.2383E-18	1.0	0.0	-0.0139816	-0.0609324	-0.1555	1.0
				/*	5:child_number	*/	0
			/*	4:name	*/	没有钢枕的24.0米桥梁-1/端构架上的槽钢和U型螺栓-1/三号U型螺栓单元-22
			/*	4:type	*/	U型螺栓单元\三号U型螺栓单元.SLDASM
			/*	4:location	*/	0.802632	0.596475	1.91836E-18	0.0	-0.596475	0.802632	-2.51874E-18	0.0	1.59762E-32	2.20737E-18	1.0	0.0	4.21124	0.596246	0.0425	1.0
			/*	4:child_number	*/	4
				/*	5:name	*/	没有钢枕的24.0米桥梁-1/端构架上的槽钢和U型螺栓-1/三号U型螺栓单元-22/螺母-2
				/*	5:type	*/	基本杆件\螺母.SLDPRT
				/*	5:location	*/	1.0	-2.85687E-17	2.0079E-18	0.0	-8.10441E-18	1.0	-2.58529E-18	0.0	-3.79662E-19	2.2383E-18	1.0	0.0	-0.0139816	-0.0609324	0.0215	1.0
				/*	5:child_number	*/	0
				/*	5:name	*/	没有钢枕的24.0米桥梁-1/端构架上的槽钢和U型螺栓-1/三号U型螺栓单元-22/螺母-1
				/*	5:type	*/	基本杆件\螺母.SLDPRT
				/*	5:location	*/	1.0	-2.85687E-17	2.0079E-18	0.0	-8.10441E-18	1.0	-2.58529E-18	0.0	-3.79662E-19	2.2383E-18	1.0	0.0	-0.0139816	0.0910676	0.0215	1.0
				/*	5:child_number	*/	0
				/*	5:name	*/	没有钢枕的24.0米桥梁-1/端构架上的槽钢和U型螺栓-1/三号U型螺栓单元-22/三号U型螺栓垫片-1
				/*	5:type	*/	基本杆件\三号U型螺栓垫片.SLDPRT
				/*	5:location	*/	-8.10441E-18	1.0	-2.58529E-18	0.0	-1.0	2.85687E-17	-2.0079E-18	0.0	-3.79662E-19	2.2383E-18	1.0	0.0	0.0160184	-0.0909324	0.0055	1.0
				/*	5:child_number	*/	0
				/*	5:name	*/	没有钢枕的24.0米桥梁-1/端构架上的槽钢和U型螺栓-1/三号U型螺栓单元-22/三号U型螺栓-1
				/*	5:type	*/	基本杆件\三号U型螺栓.SLDPRT
				/*	5:location	*/	1.0	-2.85687E-17	2.0079E-18	0.0	-8.10441E-18	1.0	-2.58529E-18	0.0	-3.79662E-19	2.2383E-18	1.0	0.0	-0.0139816	-0.0609324	-0.1555	1.0
				/*	5:child_number	*/	0
			/*	4:name	*/	没有钢枕的24.0米桥梁-1/端构架上的槽钢和U型螺栓-1/三号U型螺栓单元-21
			/*	4:type	*/	U型螺栓单元\三号U型螺栓单元.SLDASM
			/*	4:location	*/	0.802632	0.596475	1.91836E-18	0.0	-0.596475	0.802632	-2.51874E-18	0.0	1.59762E-32	2.20737E-18	1.0	0.0	3.61124	0.596246	0.0425	1.0
			/*	4:child_number	*/	4
				/*	5:name	*/	没有钢枕的24.0米桥梁-1/端构架上的槽钢和U型螺栓-1/三号U型螺栓单元-21/螺母-2
				/*	5:type	*/	基本杆件\螺母.SLDPRT
				/*	5:location	*/	1.0	-2.85687E-17	2.0079E-18	0.0	-8.10441E-18	1.0	-2.58529E-18	0.0	-3.79662E-19	2.2383E-18	1.0	0.0	-0.0139816	-0.0609324	0.0215	1.0
				/*	5:child_number	*/	0
				/*	5:name	*/	没有钢枕的24.0米桥梁-1/端构架上的槽钢和U型螺栓-1/三号U型螺栓单元-21/螺母-1
				/*	5:type	*/	基本杆件\螺母.SLDPRT
				/*	5:location	*/	1.0	-2.85687E-17	2.0079E-18	0.0	-8.10441E-18	1.0	-2.58529E-18	0.0	-3.79662E-19	2.2383E-18	1.0	0.0	-0.0139816	0.0910676	0.0215	1.0
				/*	5:child_number	*/	0
				/*	5:name	*/	没有钢枕的24.0米桥梁-1/端构架上的槽钢和U型螺栓-1/三号U型螺栓单元-21/三号U型螺栓垫片-1
				/*	5:type	*/	基本杆件\三号U型螺栓垫片.SLDPRT
				/*	5:location	*/	-8.10441E-18	1.0	-2.58529E-18	0.0	-1.0	2.85687E-17	-2.0079E-18	0.0	-3.79662E-19	2.2383E-18	1.0	0.0	0.0160184	-0.0909324	0.0055	1.0
				/*	5:child_number	*/	0
				/*	5:name	*/	没有钢枕的24.0米桥梁-1/端构架上的槽钢和U型螺栓-1/三号U型螺栓单元-21/三号U型螺栓-1
				/*	5:type	*/	基本杆件\三号U型螺栓.SLDPRT
