/*	1:name	*/	上承式64.0M梁_齐头式梁端
/*	1:type	*/	上承式梁\齐头式\上承式64.0M梁_齐头式梁端.SLDASM
/*	1:location	*/	1.0	0.0	0.0	0.0	0.0	1.0	0.0	0.0	0.0	0.0	1.0	0.0	0.0	0.0	0.0	1.0
/*	1:child_number	*/	3
	/*	2:name	*/	48M~49M,56M~57M,64齐头式(右端)-1
	/*	2:type	*/	上承式梁\公共组件\梁端\齐头式梁端\48M~49M,56M~57M,64齐头式(右端).SLDASM
	/*	2:location	*/	-1.0	-4.20981E-14	2.91469E-17	0.0	-4.20981E-14	1.0	-1.28367E-13	0.0	-2.91469E-17	-1.28367E-13	-1.0	0.0	-1.60179	2.85114	-32.255	1.0
	/*	2:child_number	*/	11
		/*	3:name	*/	48M~49M,56M~57M,64齐头式(右端)-1/L2(配3b)-1
		/*	3:type	*/	上承式梁\公共组件\梁端\齐头式梁端\带螺栓零件\L2(配3b).SLDASM
		/*	3:location	*/	1.31851E-17	1.18239E-14	-1.0	0.0	2.21917E-16	1.0	1.18239E-14	0.0	1.0	-2.21917E-16	1.31851E-17	0.0	-2.86179	-2.54761	3.62593	1.0
		/*	3:child_number	*/	13
			/*	4:name	*/	48M~49M,56M~57M,64齐头式(右端)-1/L2(配3b)-1/LS1_1号螺栓-10
			/*	4:type	*/	零件\LS1_1号螺栓.SLDPRT
			/*	4:location	*/	0.997812	0.066117	-7.14905E-31	0.0	0.066117	-0.997812	9.88387E-30	0.0	2.68719E-25	-1.6695E-29	-1.0	0.0	0.0309335	-0.0335256	-1.209	1.0
			/*	4:child_number	*/	0
			/*	4:name	*/	48M~49M,56M~57M,64齐头式(右端)-1/L2(配3b)-1/LS1_1号螺栓-3
			/*	4:type	*/	零件\LS1_1号螺栓.SLDPRT
			/*	4:location	*/	0.997812	-0.066117	-2.46519E-32	0.0	0.066117	0.997812	-7.20163E-30	0.0	0.0	-2.2377E-30	1.0	0.0	-0.224066	0.101474	1.209	1.0
			/*	4:child_number	*/	0
			/*	4:name	*/	48M~49M,56M~57M,64齐头式(右端)-1/L2(配3b)-1/LS1_1号螺栓-4
			/*	4:type	*/	零件\LS1_1号螺栓.SLDPRT
			/*	4:location	*/	0.997812	-0.066117	-2.46519E-32	0.0	0.066117	0.997812	-7.20163E-30	0.0	0.0	-2.2377E-30	1.0	0.0	-0.0340665	0.101474	1.209	1.0
			/*	4:child_number	*/	0
			/*	4:name	*/	48M~49M,56M~57M,64齐头式(右端)-1/L2(配3b)-1/LS1_1号螺栓-5
			/*	4:type	*/	零件\LS1_1号螺栓.SLDPRT
			/*	4:location	*/	0.997812	-0.066117	-2.46519E-32	0.0	0.066117	0.997812	-7.20163E-30	0.0	0.0	-2.2377E-30	1.0	0.0	0.0309335	-0.0335256	1.209	1.0
			/*	4:child_number	*/	0
			/*	4:name	*/	48M~49M,56M~57M,64齐头式(右端)-1/L2(配3b)-1/LS1_1号螺栓-6
			/*	4:type	*/	零件\LS1_1号螺栓.SLDPRT
			/*	4:location	*/	0.997812	-0.066117	-2.46519E-32	0.0	0.066117	0.997812	-7.20163E-30	0.0	0.0	-2.2377E-30	1.0	0.0	-0.0690665	-0.0335256	1.209	1.0
			/*	4:child_number	*/	0
			/*	4:name	*/	48M~49M,56M~57M,64齐头式(右端)-1/L2(配3b)-1/LS1_1号螺栓-7
			/*	4:type	*/	零件\LS1_1号螺栓.SLDPRT
			/*	4:location	*/	0.997812	0.066117	-7.14905E-31	0.0	0.066117	-0.997812	9.88387E-30	0.0	2.68719E-25	-1.6695E-29	-1.0	0.0	-0.224066	0.101474	-1.209	1.0
			/*	4:child_number	*/	0
			/*	4:name	*/	48M~49M,56M~57M,64齐头式(右端)-1/L2(配3b)-1/LS1_1号螺栓-8
			/*	4:type	*/	零件\LS1_1号螺栓.SLDPRT
			/*	4:location	*/	0.997812	0.066117	-7.14905E-31	0.0	0.066117	-0.997812	9.88387E-30	0.0	2.68719E-25	-1.6695E-29	-1.0	0.0	-0.0340665	0.101474	-1.209	1.0
			/*	4:child_number	*/	0
			/*	4:name	*/	48M~49M,56M~57M,64齐头式(右端)-1/L2(配3b)-1/LS1_1号螺栓-9
			/*	4:type	*/	零件\LS1_1号螺栓.SLDPRT
			/*	4:location	*/	0.997812	0.066117	-7.14905E-31	0.0	0.066117	-0.997812	9.88387E-30	0.0	2.68719E-25	-1.6695E-29	-1.0	0.0	-0.0690665	-0.0335256	-1.209	1.0
			/*	4:child_number	*/	0
			/*	4:name	*/	48M~49M,56M~57M,64齐头式(右端)-1/L2(配3b)-1/LS2_2号螺栓-3
			/*	4:type	*/	零件\LS2_2号螺栓.SLDPRT
			/*	4:location	*/	0.997812	-0.066117	-2.46519E-32	0.0	0.066117	0.997812	-7.20163E-30	0.0	0.0	-2.2377E-30	1.0	0.0	-0.289066	-0.0335256	1.209	1.0
			/*	4:child_number	*/	0
			/*	4:name	*/	48M~49M,56M~57M,64齐头式(右端)-1/L2(配3b)-1/LS2_2号螺栓-4
			/*	4:type	*/	零件\LS2_2号螺栓.SLDPRT
			/*	4:location	*/	0.997812	-0.066117	-2.46519E-32	0.0	0.066117	0.997812	-7.20163E-30	0.0	0.0	-2.2377E-30	1.0	0.0	-0.189066	-0.0335256	1.209	1.0
			/*	4:child_number	*/	0
			/*	4:name	*/	48M~49M,56M~57M,64齐头式(右端)-1/L2(配3b)-1/LS2_2号螺栓-5
			/*	4:type	*/	零件\LS2_2号螺栓.SLDPRT
			/*	4:location	*/	0.997812	0.066117	-7.14905E-31	0.0	0.066117	-0.997812	9.88387E-30	0.0	2.68719E-25	-1.6695E-29	-1.0	0.0	-0.289066	-0.0335256	-1.209	1.0
			/*	4:child_number	*/	0
			/*	4:name	*/	48M~49M,56M~57M,64齐头式(右端)-1/L2(配3b)-1/LS2_2号螺栓-6
			/*	4:type	*/	零件\LS2_2号螺栓.SLDPRT
			/*	4:location	*/	0.997812	0.066117	-7.14905E-31	0.0	0.066117	-0.997812	9.88387E-30	0.0	2.68719E-25	-1.6695E-29	-1.0	0.0	-0.189066	-0.0335256	-1.209	1.0
			/*	4:child_number	*/	0
			/*	4:name	*/	48M~49M,56M~57M,64齐头式(右端)-1/L2(配3b)-1/l2_直撑-1
			/*	4:type	*/	零件\l2_直撑.SLDPRT
			/*	4:location	*/	1.0	0.0	0.0	0.0	0.0	1.0	-2.2377E-30	0.0	0.0	-2.2377E-30	1.0	0.0	-0.129066	-0.128526	2.22045E-16	1.0
			/*	4:child_number	*/	0
		/*	3:name	*/	48M~49M,56M~57M,64齐头式(右端)-1/L2(配6b)-1
		/*	3:type	*/	上承式梁\公共组件\畸零节间\4M畸零节间\带螺栓零件\L2(配6b).SLDASM
		/*	3:location	*/	1.14766E-15	-1.16296E-14	-1.0	0.0	-3.04708E-16	1.0	-1.16296E-14	0.0	1.0	3.04708E-16	1.14766E-15	0.0	-2.86179	-2.54091	-0.299864	1.0
		/*	3:child_number	*/	13
			/*	4:name	*/	48M~49M,56M~57M,64齐头式(右端)-1/L2(配6b)-1/LS1_1号螺栓-1
			/*	4:type	*/	零件\LS1_1号螺栓.SLDPRT
			/*	4:location	*/	0.997812	-0.066117	1.97215E-31	0.0	0.066117	0.997812	-4.47432E-30	0.0	0.0	-1.956E-30	1.0	0.0	-0.214864	-0.0402241	1.209	1.0
			/*	4:child_number	*/	0
			/*	4:name	*/	48M~49M,56M~57M,64齐头式(右端)-1/L2(配6b)-1/LS1_1号螺栓-2
			/*	4:type	*/	零件\LS1_1号螺栓.SLDPRT
			/*	4:location	*/	0.997812	-0.066117	1.97215E-31	0.0	0.066117	0.997812	-4.47432E-30	0.0	0.0	-1.956E-30	1.0	0.0	-0.114864	-0.0402241	1.209	1.0
			/*	4:child_number	*/	0
			/*	4:name	*/	48M~49M,56M~57M,64齐头式(右端)-1/L2(配6b)-1/LS1_1号螺栓-3
			/*	4:type	*/	零件\LS1_1号螺栓.SLDPRT
			/*	4:location	*/	0.997812	-0.066117	1.97215E-31	0.0	0.066117	0.997812	-4.47432E-30	0.0	0.0	-1.956E-30	1.0	0.0	0.00513641	-0.0402241	1.209	1.0
			/*	4:child_number	*/	0
			/*	4:name	*/	48M~49M,56M~57M,64齐头式(右端)-1/L2(配6b)-1/LS1_1号螺栓-4
			/*	4:type	*/	零件\LS1_1号螺栓.SLDPRT
			/*	4:location	*/	0.997812	-0.066117	1.97215E-31	0.0	0.066117	0.997812	-4.47432E-30	0.0	0.0	-1.956E-30	1.0	0.0	0.105136	-0.0402241	1.209	1.0
			/*	4:child_number	*/	0
			/*	4:name	*/	48M~49M,56M~57M,64齐头式(右端)-1/L2(配6b)-1/LS1_1号螺栓-5
			/*	4:type	*/	零件\LS1_1号螺栓.SLDPRT
			/*	4:location	*/	0.997812	0.066117	1.97215E-31	0.0	0.066117	-0.997812	-6.27391E-30	0.0	0.0	1.956E-30	-1.0	0.0	-0.214864	-0.0402241	-1.209	1.0
			/*	4:child_number	*/	0
			/*	4:name	*/	48M~49M,56M~57M,64齐头式(右端)-1/L2(配6b)-1/LS1_1号螺栓-6
			/*	4:type	*/	零件\LS1_1号螺栓.SLDPRT
			/*	4:location	*/	0.997812	0.066117	1.97215E-31	0.0	0.066117	-0.997812	-6.27391E-30	0.0	0.0	1.956E-30	-1.0	0.0	-0.114864	-0.0402241	-1.209	1.0
			/*	4:child_number	*/	0
			/*	4:name	*/	48M~49M,56M~57M,64齐头式(右端)-1/L2(配6b)-1/LS1_1号螺栓-7
			/*	4:type	*/	零件\LS1_1号螺栓.SLDPRT
			/*	4:location	*/	0.997812	0.066117	1.97215E-31	0.0	0.066117	-0.997812	-6.27391E-30	0.0	0.0	1.956E-30	-1.0	0.0	0.00513641	-0.0402241	-1.209	1.0
			/*	4:child_number	*/	0
			/*	4:name	*/	48M~49M,56M~57M,64齐头式(右端)-1/L2(配6b)-1/LS1_1号螺栓-8
			/*	4:type	*/	零件\LS1_1号螺栓.SLDPRT
			/*	4:location	*/	0.997812	0.066117	1.97215E-31	0.0	0.066117	-0.997812	-6.27391E-30	0.0	0.0	1.956E-30	-1.0	0.0	0.105136	-0.0402241	-1.209	1.0
			/*	4:child_number	*/	0
			/*	4:name	*/	48M~49M,56M~57M,64齐头式(右端)-1/L2(配6b)-1/LS2_2号螺栓-1
			/*	4:type	*/	零件\LS2_2号螺栓.SLDPRT
			/*	4:location	*/	0.997812	-0.066117	1.97215E-31	0.0	0.066117	0.997812	-4.47432E-30	0.0	0.0	-1.956E-30	1.0	0.0	-0.149864	0.0947759	1.209	1.0
			/*	4:child_number	*/	0
			/*	4:name	*/	48M~49M,56M~57M,64齐头式(右端)-1/L2(配6b)-1/LS2_2号螺栓-2
			/*	4:type	*/	零件\LS2_2号螺栓.SLDPRT
			/*	4:location	*/	0.997812	-0.066117	1.97215E-31	0.0	0.066117	0.997812	-4.47432E-30	0.0	0.0	-1.956E-30	1.0	0.0	0.0401364	0.0947759	1.209	1.0
			/*	4:child_number	*/	0
			/*	4:name	*/	48M~49M,56M~57M,64齐头式(右端)-1/L2(配6b)-1/LS2_2号螺栓-3
			/*	4:type	*/	零件\LS2_2号螺栓.SLDPRT
			/*	4:location	*/	0.997812	0.066117	1.97215E-31	0.0	0.066117	-0.997812	-6.27391E-30	0.0	0.0	1.956E-30	-1.0	0.0	-0.149864	0.0947759	-1.209	1.0
			/*	4:child_number	*/	0
			/*	4:name	*/	48M~49M,56M~57M,64齐头式(右端)-1/L2(配6b)-1/LS2_2号螺栓-4
			/*	4:type	*/	零件\LS2_2号螺栓.SLDPRT
			/*	4:location	*/	0.997812	0.066117	1.97215E-31	0.0	0.066117	-0.997812	-6.27391E-30	0.0	0.0	1.956E-30	-1.0	0.0	0.0401364	0.0947759	-1.209	1.0
			/*	4:child_number	*/	0
			/*	4:name	*/	48M~49M,56M~57M,64齐头式(右端)-1/L2(配6b)-1/l2_直撑-1
			/*	4:type	*/	零件\l2_直撑.SLDPRT
			/*	4:location	*/	1.0	0.0	0.0	0.0	0.0	1.0	-1.956E-30	0.0	0.0	-1.956E-30	1.0	0.0	-0.0548636	-0.135224	-2.22045E-16	1.0
			/*	4:child_number	*/	0
		/*	3:name	*/	48M~49M,56M~57M,64齐头式(右端)-1/Q2（5a型）-1
		/*	3:type	*/	上承式梁\公共组件\梁端\齐头式梁端\带螺栓零件\Q2（5a型）.SLDASM
		/*	3:location	*/	1.0	2.56939E-30	0.0	0.0	2.56939E-30	1.0	0.0	0.0	0.0	0.0	1.0	0.0	-2.52095	1.41263	-4.245	1.0
		/*	3:child_number	*/	21
			/*	4:name	*/	48M~49M,56M~57M,64齐头式(右端)-1/Q2（5a型）-1/LS1_1号螺栓-10
			/*	4:type	*/	零件\LS1_1号螺栓.SLDPRT
			/*	4:location	*/	1.38667E-31	0.441647	-0.897189	0.0	-8.32002E-32	0.897189	0.441647	0.0	1.0	2.56939E-30	0.0	0.0	0.868158	0.346235	-0.06	1.0
			/*	4:child_number	*/	0
			/*	4:name	*/	48M~49M,56M~57M,64齐头式(右端)-1/Q2（5a型）-1/LS1_1号螺栓-11
			/*	4:type	*/	零件\LS1_1号螺栓.SLDPRT
			/*	4:location	*/	1.38667E-31	0.441647	-0.897189	0.0	-8.32002E-32	0.897189	0.441647	0.0	1.0	2.56939E-30	0.0	0.0	0.868158	0.156235	-0.06	1.0
			/*	4:child_number	*/	0
			/*	4:name	*/	48M~49M,56M~57M,64齐头式(右端)-1/Q2（5a型）-1/LS1_1号螺栓-12
			/*	4:type	*/	零件\LS1_1号螺栓.SLDPRT
			/*	4:location	*/	1.38667E-31	0.441647	-0.897189	0.0	-8.32002E-32	0.897189	0.441647	0.0	1.0	2.56939E-30	0.0	0.0	0.868158	0.346235	0.06	1.0
			/*	4:child_number	*/	0
			/*	4:name	*/	48M~49M,56M~57M,64齐头式(右端)-1/Q2（5a型）-1/LS1_1号螺栓-13
			/*	4:type	*/	零件\LS1_1号螺栓.SLDPRT
			/*	4:location	*/	1.38667E-31	0.441647	-0.897189	0.0	-8.32002E-32	0.897189	0.441647	0.0	1.0	2.56939E-30	0.0	0.0	0.868158	0.156235	0.06	1.0
			/*	4:child_number	*/	0
			/*	4:name	*/	48M~49M,56M~57M,64齐头式(右端)-1/Q2（5a型）-1/LS1_1号螺栓-14
			/*	4:type	*/	零件\LS1_1号螺栓.SLDPRT
			/*	4:location	*/	2.86887E-30	0.441647	0.897189	0.0	5.99349E-30	0.897189	-0.441647	0.0	-1.0	-2.56939E-30	0.0	0.0	-1.54984	0.156235	-0.06	1.0
			/*	4:child_number	*/	0
			/*	4:name	*/	48M~49M,56M~57M,64齐头式(右端)-1/Q2（5a型）-1/LS1_1号螺栓-15
			/*	4:type	*/	零件\LS1_1号螺栓.SLDPRT
			/*	4:location	*/	2.86887E-30	0.441647	0.897189	0.0	5.99349E-30	0.897189	-0.441647	0.0	-1.0	-2.56939E-30	0.0	0.0	-1.54984	0.346235	0.06	1.0
			/*	4:child_number	*/	0
			/*	4:name	*/	48M~49M,56M~57M,64齐头式(右端)-1/Q2（5a型）-1/LS1_1号螺栓-16
			/*	4:type	*/	零件\LS1_1号螺栓.SLDPRT
			/*	4:location	*/	2.86887E-30	0.441647	0.897189	0.0	5.99349E-30	0.897189	-0.441647	0.0	-1.0	-2.56939E-30	0.0	0.0	-1.54984	0.156235	0.06	1.0
			/*	4:child_number	*/	0
			/*	4:name	*/	48M~49M,56M~57M,64齐头式(右端)-1/Q2（5a型）-1/LS1_1号螺栓-9
			/*	4:type	*/	零件\LS1_1号螺栓.SLDPRT
			/*	4:location	*/	2.86887E-30	0.441647	0.897189	0.0	5.99349E-30	0.897189	-0.441647	0.0	-1.0	-2.56939E-30	0.0	0.0	-1.54984	0.346235	-0.06	1.0
			/*	4:child_number	*/	0
			/*	4:name	*/	48M~49M,56M~57M,64齐头式(右端)-1/Q2（5a型）-1/LS2_2号螺栓-15
			/*	4:type	*/	零件\LS2_2号螺栓.SLDPRT
			/*	4:location	*/	2.86887E-30	0.441647	0.897189	0.0	5.99503E-30	0.897189	-0.441647	0.0	-1.0	-2.56939E-30	0.0	0.0	-1.54984	0.0212351	-0.095	1.0
			/*	4:child_number	*/	0
			/*	4:name	*/	48M~49M,56M~57M,64齐头式(右端)-1/Q2（5a型）-1/LS2_2号螺栓-16
			/*	4:type	*/	零件\LS2_2号螺栓.SLDPRT
			/*	4:location	*/	-1.4483E-30	-0.556165	-0.831072	0.0	4.46508E-30	0.831072	-0.556165	0.0	1.0	2.56939E-30	0.0	0.0	0.868158	0.0212351	-0.095	1.0
			/*	4:child_number	*/	0
			/*	4:name	*/	48M~49M,56M~57M,64齐头式(右端)-1/Q2（5a型）-1/LS2_2号螺栓-17
			/*	4:type	*/	零件\LS2_2号螺栓.SLDPRT
			/*	4:location	*/	-1.4483E-30	-0.556165	-0.831072	0.0	4.46508E-30	0.831072	-0.556165	0.0	1.0	2.56939E-30	0.0	0.0	0.868158	-0.0787649	-0.095	1.0
			/*	4:child_number	*/	0
			/*	4:name	*/	48M~49M,56M~57M,64齐头式(右端)-1/Q2（5a型）-1/LS2_2号螺栓-18
			/*	4:type	*/	零件\LS2_2号螺栓.SLDPRT
			/*	4:location	*/	-1.4483E-30	-0.556165	-0.831072	0.0	4.46508E-30	0.831072	-0.556165	0.0	1.0	2.56939E-30	0.0	0.0	0.868158	-0.178765	-0.095	1.0
			/*	4:child_number	*/	0
			/*	4:name	*/	48M~49M,56M~57M,64齐头式(右端)-1/Q2（5a型）-1/LS2_2号螺栓-22
			/*	4:type	*/	零件\LS2_2号螺栓.SLDPRT
			/*	4:location	*/	2.86887E-30	0.441647	0.897189	0.0	5.99503E-30	0.897189	-0.441647	0.0	-1.0	-2.56939E-30	0.0	0.0	-1.54984	-0.0787649	-0.095	1.0
			/*	4:child_number	*/	0
			/*	4:name	*/	48M~49M,56M~57M,64齐头式(右端)-1/Q2（5a型）-1/LS2_2号螺栓-23
			/*	4:type	*/	零件\LS2_2号螺栓.SLDPRT
			/*	4:location	*/	2.86887E-30	0.441647	0.897189	0.0	5.99503E-30	0.897189	-0.441647	0.0	-1.0	-2.56939E-30	0.0	0.0	-1.54984	-0.178765	-0.095	1.0
			/*	4:child_number	*/	0
			/*	4:name	*/	48M~49M,56M~57M,64齐头式(右端)-1/Q2（5a型）-1/LS2_2号螺栓-24
			/*	4:type	*/	零件\LS2_2号螺栓.SLDPRT
			/*	4:location	*/	2.86887E-30	0.441647	0.897189	0.0	5.99503E-30	0.897189	-0.441647	0.0	-1.0	-2.56939E-30	0.0	0.0	-1.54984	0.0212351	0.095	1.0
			/*	4:child_number	*/	0
			/*	4:name	*/	48M~49M,56M~57M,64齐头式(右端)-1/Q2（5a型）-1/LS2_2号螺栓-25
			/*	4:type	*/	零件\LS2_2号螺栓.SLDPRT
			/*	4:location	*/	2.86887E-30	0.441647	0.897189	0.0	5.99503E-30	0.897189	-0.441647	0.0	-1.0	-2.56939E-30	0.0	0.0	-1.54984	-0.0787649	0.095	1.0
			/*	4:child_number	*/	0
			/*	4:name	*/	48M~49M,56M~57M,64齐头式(右端)-1/Q2（5a型）-1/LS2_2号螺栓-26
			/*	4:type	*/	零件\LS2_2号螺栓.SLDPRT
			/*	4:location	*/	2.86887E-30	0.441647	0.897189	0.0	5.99503E-30	0.897189	-0.441647	0.0	-1.0	-2.56939E-30	0.0	0.0	-1.54984	-0.178765	0.095	1.0
			/*	4:child_number	*/	0
			/*	4:name	*/	48M~49M,56M~57M,64齐头式(右端)-1/Q2（5a型）-1/LS2_2号螺栓-27
			/*	4:type	*/	零件\LS2_2号螺栓.SLDPRT
			/*	4:location	*/	-1.4483E-30	-0.556165	-0.831072	0.0	4.46508E-30	0.831072	-0.556165	0.0	1.0	2.56939E-30	0.0	0.0	0.868158	0.0212351	0.095	1.0
			/*	4:child_number	*/	0
			/*	4:name	*/	48M~49M,56M~57M,64齐头式(右端)-1/Q2（5a型）-1/LS2_2号螺栓-28
			/*	4:type	*/	零件\LS2_2号螺栓.SLDPRT
			/*	4:location	*/	-1.4483E-30	-0.556165	-0.831072	0.0	4.46508E-30	0.831072	-0.556165	0.0	1.0	2.56939E-30	0.0	0.0	0.868158	-0.0787649	0.095	1.0
			/*	4:child_number	*/	0
			/*	4:name	*/	48M~49M,56M~57M,64齐头式(右端)-1/Q2（5a型）-1/LS2_2号螺栓-29
			/*	4:type	*/	零件\LS2_2号螺栓.SLDPRT
			/*	4:location	*/	-1.4483E-30	-0.556165	-0.831072	0.0	4.46508E-30	0.831072	-0.556165	0.0	1.0	2.56939E-30	0.0	0.0	0.868158	-0.178765	0.095	1.0
			/*	4:child_number	*/	0
			/*	4:name	*/	48M~49M,56M~57M,64齐头式(右端)-1/Q2（5a型）-1/Q2_短横梁-2
			/*	4:type	*/	零件\Q2_短横梁.SLDPRT
			/*	4:location	*/	1.0	2.56939E-30	0.0	0.0	2.56939E-30	1.0	0.0	0.0	0.0	0.0	1.0	0.0	-0.340842	0.0892351	3.55271E-15	1.0
			/*	4:child_number	*/	0
		/*	3:name	*/	48M~49M,56M~57M,64齐头式(右端)-1/Q6+2J1(右端)-1
		/*	3:type	*/	上承式梁\公共组件\纵梁\Q6+2J1(右端).SLDASM
		/*	3:location	*/	1.0	2.56939E-30	0.0	0.0	2.56939E-30	1.0	0.0	0.0	0.0	0.0	1.0	0.0	-3.65845	1.79789	3.879	1.0
		/*	3:child_number	*/	19
			/*	4:name	*/	48M~49M,56M~57M,64齐头式(右端)-1/Q6+2J1(右端)-1/J1_1号联结角钢-1
			/*	4:type	*/	零件\J1_1号联结角钢.SLDPRT
			/*	4:location	*/	1.0	2.56939E-30	0.0	0.0	2.56939E-30	1.0	0.0	0.0	0.0	0.0	1.0	0.0	-0.234341	-0.15403	-0.118	1.0
			/*	4:child_number	*/	0
			/*	4:name	*/	48M~49M,56M~57M,64齐头式(右端)-1/Q6+2J1(右端)-1/J1_1号联结角钢-2
			/*	4:type	*/	零件\J1_1号联结角钢.SLDPRT
			/*	4:location	*/	-1.0	-1.11022E-16	2.77556E-17	0.0	1.11022E-16	-1.0	-7.23033E-15	0.0	2.77556E-17	-7.23033E-15	1.0	0.0	0.0276591	0.13597	-0.118	1.0
			/*	4:child_number	*/	0
			/*	4:name	*/	48M~49M,56M~57M,64齐头式(右端)-1/Q6+2J1(右端)-1/LS3_3号螺栓-1
			/*	4:type	*/	零件\LS3_3号螺栓.SLDPRT
			/*	4:location	*/	4.45273E-17	-0.066117	0.997812	0.0	-2.52193E-16	0.997812	0.066117	0.0	-1.0	-2.54586E-16	2.77556E-17	0.0	-0.0663409	-0.0590298	-0.039	1.0
			/*	4:child_number	*/	0
			/*	4:name	*/	48M~49M,56M~57M,64齐头式(右端)-1/Q6+2J1(右端)-1/LS3_3号螺栓-3
			/*	4:type	*/	零件\LS3_3号螺栓.SLDPRT
			/*	4:location	*/	2.4067E-16	-0.897189	0.441647	0.0	-8.7535E-17	0.441647	0.897189	0.0	-1.0	-2.54586E-16	2.77556E-17	0.0	-0.0663409	-0.10903	0.041	1.0
			/*	4:child_number	*/	0
			/*	4:name	*/	48M~49M,56M~57M,64齐头式(右端)-1/Q6+2J1(右端)-1/LS3_3号螺栓-4
			/*	4:type	*/	零件\LS3_3号螺栓.SLDPRT
			/*	4:location	*/	2.4067E-16	-0.897189	0.441647	0.0	-8.7535E-17	0.441647	0.897189	0.0	-1.0	-2.54586E-16	2.77556E-17	0.0	-0.0663409	-0.00902979	0.041	1.0
			/*	4:child_number	*/	0
			/*	4:name	*/	48M~49M,56M~57M,64齐头式(右端)-1/Q6+2J1(右端)-1/LS3_3号螺栓-5
			/*	4:type	*/	零件\LS3_3号螺栓.SLDPRT
			/*	4:location	*/	2.4067E-16	-0.897189	0.441647	0.0	-8.7535E-17	0.441647	0.897189	0.0	-1.0	-2.54586E-16	2.77556E-17	0.0	-0.0663409	0.0909702	0.041	1.0
			/*	4:child_number	*/	0
			/*	4:name	*/	48M~49M,56M~57M,64齐头式(右端)-1/Q6+2J1(右端)-1/LS3_3号螺栓-6
			/*	4:type	*/	零件\LS3_3号螺栓.SLDPRT
			/*	4:location	*/	4.45273E-17	-0.066117	0.997812	0.0	-2.52193E-16	0.997812	0.066117	0.0	-1.0	-2.54586E-16	2.77556E-17	0.0	-0.0663409	0.0409702	-0.039	1.0
			/*	4:child_number	*/	0
			/*	4:name	*/	48M~49M,56M~57M,64齐头式(右端)-1/Q6+2J1(右端)-1/Q6_纵梁端头-1
			/*	4:type	*/	零件\Q6_纵梁端头.SLDPRT
			/*	4:location	*/	1.0	2.56939E-30	0.0	0.0	2.56939E-30	1.0	0.0	0.0	0.0	0.0	1.0	0.0	-0.103341	-0.00902979	0.0305	1.0
			/*	4:child_number	*/	0
			/*	4:name	*/	48M~49M,56M~57M,64齐头式(右端)-1/Q6+2J1(右端)-1/螺母3-1
			/*	4:type	*/	零件\螺母3.SLDPRT
			/*	4:location	*/	2.77556E-17	2.10804E-14	1.0	0.0	-2.54586E-16	1.0	-2.12191E-14	0.0	-1.0	-2.54586E-16	2.77556E-17	0.0	-0.121341	-0.0590298	-0.039	1.0
			/*	4:child_number	*/	0
			/*	4:name	*/	48M~49M,56M~57M,64齐头式(右端)-1/Q6+2J1(右端)-1/螺母3-10
			/*	4:type	*/	零件\螺母3.SLDPRT
			/*	4:location	*/	0.866025	-0.5	1.05471E-14	0.0	0.5	0.866025	-1.82681E-14	0.0	6.16298E-33	2.10942E-14	1.0	0.0	-0.193341	-0.10903	-0.106	1.0
			/*	4:child_number	*/	0
			/*	4:name	*/	48M~49M,56M~57M,64齐头式(右端)-1/Q6+2J1(右端)-1/螺母3-11
			/*	4:type	*/	零件\螺母3.SLDPRT
			/*	4:location	*/	0.866025	-0.5	1.05471E-14	0.0	0.5	0.866025	-1.82681E-14	0.0	6.16298E-33	2.10942E-14	1.0	0.0	-0.0133409	-0.10903	-0.106	1.0
			/*	4:child_number	*/	0
			/*	4:name	*/	48M~49M,56M~57M,64齐头式(右端)-1/Q6+2J1(右端)-1/螺母3-2
			/*	4:type	*/	零件\螺母3.SLDPRT
			/*	4:location	*/	2.34355E-16	-0.866025	0.5	0.0	-1.03256E-16	0.5	0.866025	0.0	-1.0	-2.54586E-16	2.77556E-17	0.0	-0.121341	-0.10903	0.041	1.0
			/*	4:child_number	*/	0
			/*	4:name	*/	48M~49M,56M~57M,64齐头式(右端)-1/Q6+2J1(右端)-1/螺母3-3
			/*	4:type	*/	零件\螺母3.SLDPRT
			/*	4:location	*/	2.34355E-16	-0.866025	0.5	0.0	-1.03256E-16	0.5	0.866025	0.0	-1.0	-2.54586E-16	2.77556E-17	0.0	-0.121341	-0.00902979	0.041	1.0
			/*	4:child_number	*/	0
			/*	4:name	*/	48M~49M,56M~57M,64齐头式(右端)-1/Q6+2J1(右端)-1/螺母3-4
			/*	4:type	*/	零件\螺母3.SLDPRT
			/*	4:location	*/	2.34355E-16	-0.866025	0.5	0.0	-1.03256E-16	0.5	0.866025	0.0	-1.0	-2.54586E-16	2.77556E-17	0.0	-0.121341	0.0909702	0.041	1.0
			/*	4:child_number	*/	0
			/*	4:name	*/	48M~49M,56M~57M,64齐头式(右端)-1/Q6+2J1(右端)-1/螺母3-5
			/*	4:type	*/	零件\螺母3.SLDPRT
			/*	4:location	*/	2.77556E-17	2.10804E-14	1.0	0.0	-2.54586E-16	1.0	-2.12191E-14	0.0	-1.0	-2.54586E-16	2.77556E-17	0.0	-0.121341	0.0409702	-0.039	1.0
			/*	4:child_number	*/	0
			/*	4:name	*/	48M~49M,56M~57M,64齐头式(右端)-1/Q6+2J1(右端)-1/螺母3-6
			/*	4:type	*/	零件\螺母3.SLDPRT
			/*	4:location	*/	0.866025	-0.5	1.05471E-14	0.0	0.5	0.866025	-1.82681E-14	0.0	6.16298E-33	2.10942E-14	1.0	0.0	-0.193341	0.0909702	-0.106	1.0
			/*	4:child_number	*/	0
			/*	4:name	*/	48M~49M,56M~57M,64齐头式(右端)-1/Q6+2J1(右端)-1/螺母3-7
			/*	4:type	*/	零件\螺母3.SLDPRT
			/*	4:location	*/	0.866025	-0.5	1.05471E-14	0.0	0.5	0.866025	-1.82681E-14	0.0	6.16298E-33	2.10942E-14	1.0	0.0	-0.0133409	0.0909702	-0.106	1.0
			/*	4:child_number	*/	0
			/*	4:name	*/	48M~49M,56M~57M,64齐头式(右端)-1/Q6+2J1(右端)-1/螺母3-8
			/*	4:type	*/	零件\螺母3.SLDPRT
			/*	4:location	*/	0.866025	-0.5	1.05471E-14	0.0	0.5	0.866025	-1.82681E-14	0.0	6.16298E-33	2.10942E-14	1.0	0.0	-0.193341	-0.00902979	-0.106	1.0
			/*	4:child_number	*/	0
			/*	4:name	*/	48M~49M,56M~57M,64齐头式(右端)-1/Q6+2J1(右端)-1/螺母3-9
			/*	4:type	*/	零件\螺母3.SLDPRT
			/*	4:location	*/	0.866025	-0.5	1.05471E-14	0.0	0.5	0.866025	-1.82681E-14	0.0	6.16298E-33	2.10942E-14	1.0	0.0	-0.0133409	-0.00902979	-0.106	1.0
			/*	4:child_number	*/	0
		/*	3:name	*/	48M~49M,56M~57M,64齐头式(右端)-1/Q6+2J1(右端)-2
		/*	3:type	*/	上承式梁\公共组件\纵梁\Q6+2J1(右端).SLDASM
		/*	3:location	*/	1.0	2.56939E-30	0.0	0.0	2.56939E-30	1.0	0.0	0.0	0.0	0.0	1.0	0.0	-1.85845	1.79789	3.879	1.0
		/*	3:child_number	*/	19
			/*	4:name	*/	48M~49M,56M~57M,64齐头式(右端)-1/Q6+2J1(右端)-2/J1_1号联结角钢-1
			/*	4:type	*/	零件\J1_1号联结角钢.SLDPRT
			/*	4:location	*/	1.0	2.56939E-30	0.0	0.0	2.56939E-30	1.0	0.0	0.0	0.0	0.0	1.0	0.0	-0.234341	-0.15403	-0.118	1.0
			/*	4:child_number	*/	0
			/*	4:name	*/	48M~49M,56M~57M,64齐头式(右端)-1/Q6+2J1(右端)-2/J1_1号联结角钢-2
			/*	4:type	*/	零件\J1_1号联结角钢.SLDPRT
			/*	4:location	*/	-1.0	-1.11022E-16	2.77556E-17	0.0	1.11022E-16	-1.0	-7.23033E-15	0.0	2.77556E-17	-7.23033E-15	1.0	0.0	0.0276591	0.13597	-0.118	1.0
			/*	4:child_number	*/	0
			/*	4:name	*/	48M~49M,56M~57M,64齐头式(右端)-1/Q6+2J1(右端)-2/LS3_3号螺栓-1
			/*	4:type	*/	零件\LS3_3号螺栓.SLDPRT
			/*	4:location	*/	4.45273E-17	-0.066117	0.997812	0.0	-2.52193E-16	0.997812	0.066117	0.0	-1.0	-2.54586E-16	2.77556E-17	0.0	-0.0663409	-0.0590298	-0.039	1.0
			/*	4:child_number	*/	0
			/*	4:name	*/	48M~49M,56M~57M,64齐头式(右端)-1/Q6+2J1(右端)-2/LS3_3号螺栓-3
			/*	4:type	*/	零件\LS3_3号螺栓.SLDPRT
			/*	4:location	*/	2.4067E-16	-0.897189	0.441647	0.0	-8.7535E-17	0.441647	0.897189	0.0	-1.0	-2.54586E-16	2.77556E-17	0.0	-0.0663409	-0.10903	0.041	1.0
			/*	4:child_number	*/	0
			/*	4:name	*/	48M~49M,56M~57M,64齐头式(右端)-1/Q6+2J1(右端)-2/LS3_3号螺栓-4
			/*	4:type	*/	零件\LS3_3号螺栓.SLDPRT
			/*	4:location	*/	2.4067E-16	-0.897189	0.441647	0.0	-8.7535E-17	0.441647	0.897189	0.0	-1.0	-2.54586E-16	2.77556E-17	0.0	-0.0663409	-0.00902979	0.041	1.0
			/*	4:child_number	*/	0
			/*	4:name	*/	48M~49M,56M~57M,64齐头式(右端)-1/Q6+2J1(右端)-2/LS3_3号螺栓-5
			/*	4:type	*/	零件\LS3_3号螺栓.SLDPRT
			/*	4:location	*/	2.4067E-16	-0.897189	0.441647	0.0	-8.7535E-17	0.441647	0.897189	0.0	-1.0	-2.54586E-16	2.77556E-17	0.0	-0.0663409	0.0909702	0.041	1.0
			/*	4:child_number	*/	0
			/*	4:name	*/	48M~49M,56M~57M,64齐头式(右端)-1/Q6+2J1(右端)-2/LS3_3号螺栓-6
			/*	4:type	*/	零件\LS3_3号螺栓.SLDPRT
			/*	4:location	*/	4.45273E-17	-0.066117	0.997812	0.0	-2.52193E-16	0.997812	0.066117	0.0	-1.0	-2.54586E-16	2.77556E-17	0.0	-0.0663409	0.0409702	-0.039	1.0
			/*	4:child_number	*/	0
			/*	4:name	*/	48M~49M,56M~57M,64齐头式(右端)-1/Q6+2J1(右端)-2/Q6_纵梁端头-1
			/*	4:type	*/	零件\Q6_纵梁端头.SLDPRT
			/*	4:location	*/	1.0	2.56939E-30	0.0	0.0	2.56939E-30	1.0	0.0	0.0	0.0	0.0	1.0	0.0	-0.103341	-0.00902979	0.0305	1.0
			/*	4:child_number	*/	0
			/*	4:name	*/	48M~49M,56M~57M,64齐头式(右端)-1/Q6+2J1(右端)-2/螺母3-1
			/*	4:type	*/	零件\螺母3.SLDPRT
			/*	4:location	*/	2.77556E-17	2.10804E-14	1.0	0.0	-2.54586E-16	1.0	-2.12191E-14	0.0	-1.0	-2.54586E-16	2.77556E-17	0.0	-0.121341	-0.0590298	-0.039	1.0
			/*	4:child_number	*/	0
			/*	4:name	*/	48M~49M,56M~57M,64齐头式(右端)-1/Q6+2J1(右端)-2/螺母3-10
			/*	4:type	*/	零件\螺母3.SLDPRT
			/*	4:location	*/	0.866025	-0.5	1.05471E-14	0.0	0.5	0.866025	-1.82681E-14	0.0	6.16298E-33	2.10942E-14	1.0	0.0	-0.193341	-0.10903	-0.106	1.0
			/*	4:child_number	*/	0
			/*	4:name	*/	48M~49M,56M~57M,64齐头式(右端)-1/Q6+2J1(右端)-2/螺母3-11
			/*	4:type	*/	零件\螺母3.SLDPRT
			/*	4:location	*/	0.866025	-0.5	1.05471E-14	0.0	0.5	0.866025	-1.82681E-14	0.0	6.16298E-33	2.10942E-14	1.0	0.0	-0.0133409	-0.10903	-0.106	1.0
			/*	4:child_number	*/	0
			/*	4:name	*/	48M~49M,56M~57M,64齐头式(右端)-1/Q6+2J1(右端)-2/螺母3-2
			/*	4:type	*/	零件\螺母3.SLDPRT
			/*	4:location	*/	2.34355E-16	-0.866025	0.5	0.0	-1.03256E-16	0.5	0.866025	0.0	-1.0	-2.54586E-16	2.77556E-17	0.0	-0.121341	-0.10903	0.041	1.0
			/*	4:child_number	*/	0
			/*	4:name	*/	48M~49M,56M~57M,64齐头式(右端)-1/Q6+2J1(右端)-2/螺母3-3
			/*	4:type	*/	零件\螺母3.SLDPRT
			/*	4:location	*/	2.34355E-16	-0.866025	0.5	0.0	-1.03256E-16	0.5	0.866025	0.0	-1.0	-2.54586E-16	2.77556E-17	0.0	-0.121341	-0.00902979	0.041	1.0
			/*	4:child_number	*/	0
			/*	4:name	*/	48M~49M,56M~57M,64齐头式(右端)-1/Q6+2J1(右端)-2/螺母3-4
			/*	4:type	*/	零件\螺母3.SLDPRT
			/*	4:location	*/	2.34355E-16	-0.866025	0.5	0.0	-1.03256E-16	0.5	0.866025	0.0	-1.0	-2.54586E-16	2.77556E-17	0.0	-0.121341	0.0909702	0.041	1.0
			/*	4:child_number	*/	0
			/*	4:name	*/	48M~49M,56M~57M,64齐头式(右端)-1/Q6+2J1(右端)-2/螺母3-5
			/*	4:type	*/	零件\螺母3.SLDPRT
			/*	4:location	*/	2.77556E-17	2.10804E-14	1.0	0.0	-2.54586E-16	1.0	-2.12191E-14	0.0	-1.0	-2.54586E-16	2.77556E-17	0.0	-0.121341	0.0409702	-0.039	1.0
			/*	4:child_number	*/	0
			/*	4:name	*/	48M~49M,56M~57M,64齐头式(右端)-1/Q6+2J1(右端)-2/螺母3-6
			/*	4:type	*/	零件\螺母3.SLDPRT
			/*	4:location	*/	0.866025	-0.5	1.05471E-14	0.0	0.5	0.866025	-1.82681E-14	0.0	6.16298E-33	2.10942E-14	1.0	0.0	-0.193341	0.0909702	-0.106	1.0
			/*	4:child_number	*/	0
			/*	4:name	*/	48M~49M,56M~57M,64齐头式(右端)-1/Q6+2J1(右端)-2/螺母3-7
			/*	4:type	*/	零件\螺母3.SLDPRT
			/*	4:location	*/	0.866025	-0.5	1.05471E-14	0.0	0.5	0.866025	-1.82681E-14	0.0	6.16298E-33	2.10942E-14	1.0	0.0	-0.0133409	0.0909702	-0.106	1.0
			/*	4:child_number	*/	0
			/*	4:name	*/	48M~49M,56M~57M,64齐头式(右端)-1/Q6+2J1(右端)-2/螺母3-8
			/*	4:type	*/	零件\螺母3.SLDPRT
			/*	4:location	*/	0.866025	-0.5	1.05471E-14	0.0	0.5	0.866025	-1.82681E-14	0.0	6.16298E-33	2.10942E-14	1.0	0.0	-0.193341	-0.00902979	-0.106	1.0
			/*	4:child_number	*/	0
			/*	4:name	*/	48M~49M,56M~57M,64齐头式(右端)-1/Q6+2J1(右端)-2/螺母3-9
			/*	4:type	*/	零件\螺母3.SLDPRT
			/*	4:location	*/	0.866025	-0.5	1.05471E-14	0.0	0.5	0.866025	-1.82681E-14	0.0	6.16298E-33	2.10942E-14	1.0	0.0	-0.0133409	-0.00902979	-0.106	1.0
			/*	4:child_number	*/	0
		/*	3:name	*/	48M~49M,56M~57M,64齐头式(右端)-1/上承式上平联（反3型，配J2）-2
		/*	3:type	*/	上承式梁\公共组件\上平联\上承式上平联（反3型，配J2）.SLDASM
		/*	3:location	*/	-1.0	-4.20981E-14	-2.91469E-17	0.0	-4.20981E-14	1.0	-1.28367E-13	0.0	2.91469E-17	-1.28367E-13	-1.0	0.0	-3.13311	2.05067	1.63245	1.0
		/*	3:child_number	*/	48
			/*	4:name	*/	48M~49M,56M~57M,64齐头式(右端)-1/上承式上平联（反3型，配J2）-2/LS1_1号螺栓-10
			/*	4:type	*/	零件\LS1_1号螺栓.SLDPRT
			/*	4:location	*/	0.0	0.441647	0.897189	0.0	0.0	0.897189	-0.441647	0.0	-1.0	0.0	0.0	0.0	-1.48032	-0.716805	-2.21755	1.0
			/*	4:child_number	*/	0
			/*	4:name	*/	48M~49M,56M~57M,64齐头式(右端)-1/上承式上平联（反3型，配J2）-2/LS1_1号螺栓-11
			/*	4:type	*/	零件\LS1_1号螺栓.SLDPRT
			/*	4:location	*/	0.0	0.441647	0.897189	0.0	0.0	0.897189	-0.441647	0.0	-1.0	0.0	0.0	0.0	-1.48032	-0.816805	-2.21755	1.0
			/*	4:child_number	*/	0
			/*	4:name	*/	48M~49M,56M~57M,64齐头式(右端)-1/上承式上平联（反3型，配J2）-2/LS1_1号螺栓-12
			/*	4:type	*/	零件\LS1_1号螺栓.SLDPRT
			/*	4:location	*/	0.0	0.441647	0.897189	0.0	0.0	0.897189	-0.441647	0.0	-1.0	0.0	0.0	0.0	-1.48032	-0.616805	-2.02755	1.0
			/*	4:child_number	*/	0
			/*	4:name	*/	48M~49M,56M~57M,64齐头式(右端)-1/上承式上平联（反3型，配J2）-2/LS1_1号螺栓-13
			/*	4:type	*/	零件\LS1_1号螺栓.SLDPRT
			/*	4:location	*/	0.0	0.441647	0.897189	0.0	0.0	0.897189	-0.441647	0.0	-1.0	0.0	0.0	0.0	-1.48032	-0.716805	-2.02755	1.0
			/*	4:child_number	*/	0
			/*	4:name	*/	48M~49M,56M~57M,64齐头式(右端)-1/上承式上平联（反3型，配J2）-2/LS1_1号螺栓-14
			/*	4:type	*/	零件\LS1_1号螺栓.SLDPRT
			/*	4:location	*/	0.0	0.441647	0.897189	0.0	0.0	0.897189	-0.441647	0.0	-1.0	0.0	0.0	0.0	-1.48032	-0.816805	-2.02755	1.0
			/*	4:child_number	*/	0
			/*	4:name	*/	48M~49M,56M~57M,64齐头式(右端)-1/上承式上平联（反3型，配J2）-2/LS1_1号螺栓-15
			/*	4:type	*/	零件\LS1_1号螺栓.SLDPRT
			/*	4:location	*/	0.0	-0.556165	-0.831072	0.0	0.0	0.831072	-0.556165	0.0	1.0	0.0	0.0	0.0	0.937679	-0.616805	-2.21755	1.0
			/*	4:child_number	*/	0
			/*	4:name	*/	48M~49M,56M~57M,64齐头式(右端)-1/上承式上平联（反3型，配J2）-2/LS1_1号螺栓-16
			/*	4:type	*/	零件\LS1_1号螺栓.SLDPRT
			/*	4:location	*/	0.0	-0.556165	-0.831072	0.0	0.0	0.831072	-0.556165	0.0	1.0	0.0	0.0	0.0	0.937679	-0.716805	-2.21755	1.0
			/*	4:child_number	*/	0
			/*	4:name	*/	48M~49M,56M~57M,64齐头式(右端)-1/上承式上平联（反3型，配J2）-2/LS1_1号螺栓-17
			/*	4:type	*/	零件\LS1_1号螺栓.SLDPRT
			/*	4:location	*/	0.0	-0.556165	-0.831072	0.0	0.0	0.831072	-0.556165	0.0	1.0	0.0	0.0	0.0	0.937679	-0.816805	-2.21755	1.0
			/*	4:child_number	*/	0
			/*	4:name	*/	48M~49M,56M~57M,64齐头式(右端)-1/上承式上平联（反3型，配J2）-2/LS1_1号螺栓-18
			/*	4:type	*/	零件\LS1_1号螺栓.SLDPRT
			/*	4:location	*/	0.0	-0.556165	-0.831072	0.0	0.0	0.831072	-0.556165	0.0	1.0	0.0	0.0	0.0	0.937679	-0.616805	-2.02755	1.0
			/*	4:child_number	*/	0
			/*	4:name	*/	48M~49M,56M~57M,64齐头式(右端)-1/上承式上平联（反3型，配J2）-2/LS1_1号螺栓-19
			/*	4:type	*/	零件\LS1_1号螺栓.SLDPRT
			/*	4:location	*/	0.0	-0.556165	-0.831072	0.0	0.0	0.831072	-0.556165	0.0	1.0	0.0	0.0	0.0	0.937679	-0.716805	-2.02755	1.0
			/*	4:child_number	*/	0
			/*	4:name	*/	48M~49M,56M~57M,64齐头式(右端)-1/上承式上平联（反3型，配J2）-2/LS1_1号螺栓-20
			/*	4:type	*/	零件\LS1_1号螺栓.SLDPRT
			/*	4:location	*/	0.0	-0.556165	-0.831072	0.0	0.0	0.831072	-0.556165	0.0	1.0	0.0	0.0	0.0	0.937679	-0.816805	-2.02755	1.0
			/*	4:child_number	*/	0
			/*	4:name	*/	48M~49M,56M~57M,64齐头式(右端)-1/上承式上平联（反3型，配J2）-2/LS1_1号螺栓-3
			/*	4:type	*/	零件\LS1_1号螺栓.SLDPRT
			/*	4:location	*/	0.0	-0.066117	-0.997812	0.0	0.0	0.997812	-0.066117	0.0	1.0	0.0	0.0	0.0	0.937679	-0.291805	-2.06255	1.0
			/*	4:child_number	*/	0
			/*	4:name	*/	48M~49M,56M~57M,64齐头式(右端)-1/上承式上平联（反3型，配J2）-2/LS1_1号螺栓-4
			/*	4:type	*/	零件\LS1_1号螺栓.SLDPRT
			/*	4:location	*/	0.0	-0.066117	-0.997812	0.0	0.0	0.997812	-0.066117	0.0	1.0	0.0	0.0	0.0	0.937679	-0.481805	-2.06255	1.0
			/*	4:child_number	*/	0
			/*	4:name	*/	48M~49M,56M~57M,64齐头式(右端)-1/上承式上平联（反3型，配J2）-2/LS1_1号螺栓-5
			/*	4:type	*/	零件\LS1_1号螺栓.SLDPRT
			/*	4:location	*/	0.0	-0.066117	0.997812	0.0	0.0	0.997812	0.066117	0.0	-1.0	0.0	0.0	0.0	-1.48032	-0.291805	-2.06255	1.0
			/*	4:child_number	*/	0
			/*	4:name	*/	48M~49M,56M~57M,64齐头式(右端)-1/上承式上平联（反3型，配J2）-2/LS1_1号螺栓-6
			/*	4:type	*/	零件\LS1_1号螺栓.SLDPRT
			/*	4:location	*/	0.0	-0.066117	0.997812	0.0	0.0	0.997812	0.066117	0.0	-1.0	0.0	0.0	0.0	-1.48032	-0.481805	-2.06255	1.0
			/*	4:child_number	*/	0
			/*	4:name	*/	48M~49M,56M~57M,64齐头式(右端)-1/上承式上平联（反3型，配J2）-2/LS1_1号螺栓-7
			/*	4:type	*/	零件\LS1_1号螺栓.SLDPRT
			/*	4:location	*/	0.0	0.441647	0.897189	0.0	0.0	0.897189	-0.441647	0.0	-1.0	0.0	0.0	0.0	-1.48032	-0.616805	-2.21755	1.0
			/*	4:child_number	*/	0
			/*	4:name	*/	48M~49M,56M~57M,64齐头式(右端)-1/上承式上平联（反3型，配J2）-2/LS2_2号螺栓-15
			/*	4:type	*/	零件\LS2_2号螺栓.SLDPRT
			/*	4:location	*/	0.0	-0.066117	0.997812	0.0	0.0	0.997812	0.066117	0.0	-1.0	0.0	0.0	0.0	-1.48032	-0.291805	-2.18255	1.0
			/*	4:child_number	*/	0
			/*	4:name	*/	48M~49M,56M~57M,64齐头式(右端)-1/上承式上平联（反3型，配J2）-2/LS2_2号螺栓-16
			/*	4:type	*/	零件\LS2_2号螺栓.SLDPRT
			/*	4:location	*/	0.0	-0.066117	0.997812	0.0	0.0	0.997812	0.066117	0.0	-1.0	0.0	0.0	0.0	-1.48032	-0.481805	-2.18255	1.0
			/*	4:child_number	*/	0
			/*	4:name	*/	48M~49M,56M~57M,64齐头式(右端)-1/上承式上平联（反3型，配J2）-2/LS2_2号螺栓-8
			/*	4:type	*/	零件\LS2_2号螺栓.SLDPRT
			/*	4:location	*/	0.0	-0.066117	-0.997812	0.0	0.0	0.997812	-0.066117	0.0	1.0	0.0	0.0	0.0	0.937679	-0.291805	-2.18255	1.0
			/*	4:child_number	*/	0
			/*	4:name	*/	48M~49M,56M~57M,64齐头式(右端)-1/上承式上平联（反3型，配J2）-2/LS2_2号螺栓-9
			/*	4:type	*/	零件\LS2_2号螺栓.SLDPRT
			/*	4:location	*/	0.0	-0.066117	-0.997812	0.0	0.0	0.997812	-0.066117	0.0	1.0	0.0	0.0	0.0	0.937679	-0.481805	-2.18255	1.0
			/*	4:child_number	*/	0
			/*	4:name	*/	48M~49M,56M~57M,64齐头式(右端)-1/上承式上平联（反3型，配J2）-2/LS3_3号螺栓-37
			/*	4:type	*/	零件\LS3_3号螺栓.SLDPRT
			/*	4:location	*/	-0.556165	0.831072	1.17641E-14	0.0	0.831072	0.556165	7.87271E-15	0.0	0.0	1.41553E-14	-1.0	0.0	0.538679	-0.161805	-2.08555	1.0
			/*	4:child_number	*/	0
			/*	4:name	*/	48M~49M,56M~57M,64齐头式(右端)-1/上承式上平联（反3型，配J2）-2/LS3_3号螺栓-38
			/*	4:type	*/	零件\LS3_3号螺栓.SLDPRT
			/*	4:location	*/	-0.556165	0.831072	1.17641E-14	0.0	0.831072	0.556165	7.87271E-15	0.0	0.0	1.41553E-14	-1.0	0.0	0.718679	-0.161805	-2.08555	1.0
			/*	4:child_number	*/	0
			/*	4:name	*/	48M~49M,56M~57M,64齐头式(右端)-1/上承式上平联（反3型，配J2）-2/LS3_3号螺栓-39
			/*	4:type	*/	零件\LS3_3号螺栓.SLDPRT
			/*	4:location	*/	-0.556165	0.831072	1.17641E-14	0.0	0.831072	0.556165	7.87271E-15	0.0	0.0	1.41553E-14	-1.0	0.0	0.538679	-0.261805	-2.08555	1.0
			/*	4:child_number	*/	0
			/*	4:name	*/	48M~49M,56M~57M,64齐头式(右端)-1/上承式上平联（反3型，配J2）-2/LS3_3号螺栓-40
			/*	4:type	*/	零件\LS3_3号螺栓.SLDPRT
			/*	4:location	*/	-0.556165	0.831072	1.17641E-14	0.0	0.831072	0.556165	7.87271E-15	0.0	0.0	1.41553E-14	-1.0	0.0	-1.08132	-0.261805	-2.08555	1.0
			/*	4:child_number	*/	0
			/*	4:name	*/	48M~49M,56M~57M,64齐头式(右端)-1/上承式上平联（反3型，配J2）-2/LS3_3号螺栓-41
			/*	4:type	*/	零件\LS3_3号螺栓.SLDPRT
			/*	4:location	*/	-0.556165	0.831072	1.17641E-14	0.0	0.831072	0.556165	7.87271E-15	0.0	0.0	1.41553E-14	-1.0	0.0	-1.26132	-0.261805	-2.08555	1.0
			/*	4:child_number	*/	0
			/*	4:name	*/	48M~49M,56M~57M,64齐头式(右端)-1/上承式上平联（反3型，配J2）-2/LS3_3号螺栓-42
			/*	4:type	*/	零件\LS3_3号螺栓.SLDPRT
			/*	4:location	*/	-0.556165	0.831072	1.17641E-14	0.0	0.831072	0.556165	7.87271E-15	0.0	0.0	1.41553E-14	-1.0	0.0	0.718679	-0.261805	-2.08555	1.0
			/*	4:child_number	*/	0
			/*	4:name	*/	48M~49M,56M~57M,64齐头式(右端)-1/上承式上平联（反3型，配J2）-2/LS3_3号螺栓-43
			/*	4:type	*/	零件\LS3_3号螺栓.SLDPRT
			/*	4:location	*/	-0.556165	0.831072	1.17641E-14	0.0	0.831072	0.556165	7.87271E-15	0.0	0.0	1.41553E-14	-1.0	0.0	0.538679	-0.361805	-2.08555	1.0
			/*	4:child_number	*/	0
			/*	4:name	*/	48M~49M,56M~57M,64齐头式(右端)-1/上承式上平联（反3型，配J2）-2/LS3_3号螺栓-44
			/*	4:type	*/	零件\LS3_3号螺栓.SLDPRT
			/*	4:location	*/	-0.556165	0.831072	1.17641E-14	0.0	0.831072	0.556165	7.87271E-15	0.0	0.0	1.41553E-14	-1.0	0.0	-1.08132	-0.361805	-2.08555	1.0
			/*	4:child_number	*/	0
			/*	4:name	*/	48M~49M,56M~57M,64齐头式(右端)-1/上承式上平联（反3型，配J2）-2/LS3_3号螺栓-45
			/*	4:type	*/	零件\LS3_3号螺栓.SLDPRT
			/*	4:location	*/	-0.556165	0.831072	1.17641E-14	0.0	0.831072	0.556165	7.87271E-15	0.0	0.0	1.41553E-14	-1.0	0.0	-1.26132	-0.361805	-2.08555	1.0
			/*	4:child_number	*/	0
			/*	4:name	*/	48M~49M,56M~57M,64齐头式(右端)-1/上承式上平联（反3型，配J2）-2/LS3_3号螺栓-46
			/*	4:type	*/	零件\LS3_3号螺栓.SLDPRT
			/*	4:location	*/	-0.556165	0.831072	1.17641E-14	0.0	0.831072	0.556165	7.87271E-15	0.0	0.0	1.41553E-14	-1.0	0.0	0.718679	-0.361805	-2.08555	1.0
			/*	4:child_number	*/	0
			/*	4:name	*/	48M~49M,56M~57M,64齐头式(右端)-1/上承式上平联（反3型，配J2）-2/LS3_3号螺栓-47
			/*	4:type	*/	零件\LS3_3号螺栓.SLDPRT
			/*	4:location	*/	-0.556165	0.831072	1.17641E-14	0.0	0.831072	0.556165	7.87271E-15	0.0	0.0	1.41553E-14	-1.0	0.0	-1.08132	-0.161805	-2.08555	1.0
			/*	4:child_number	*/	0
			/*	4:name	*/	48M~49M,56M~57M,64齐头式(右端)-1/上承式上平联（反3型，配J2）-2/LS3_3号螺栓-48
			/*	4:type	*/	零件\LS3_3号螺栓.SLDPRT
			/*	4:location	*/	-0.556165	0.831072	1.17641E-14	0.0	0.831072	0.556165	7.87271E-15	0.0	0.0	1.41553E-14	-1.0	0.0	-1.26132	-0.161805	-2.08555	1.0
			/*	4:child_number	*/	0
			/*	4:name	*/	48M~49M,56M~57M,64齐头式(右端)-1/上承式上平联（反3型，配J2）-2/Q2_短横梁-1
			/*	4:type	*/	零件\Q2_短横梁.SLDPRT
			/*	4:location	*/	1.0	0.0	0.0	0.0	0.0	1.0	0.0	0.0	0.0	0.0	1.0	0.0	-0.271321	-0.548805	-2.12255	1.0
			/*	4:child_number	*/	0
			/*	4:name	*/	48M~49M,56M~57M,64齐头式(右端)-1/上承式上平联（反3型，配J2）-2/Q3+4J1-1
			/*	4:type	*/	上承式梁\公共组件\纵梁\Q3+4J1.SLDASM
			/*	4:location	*/	-1.0	-1.38778E-15	0.0	0.0	-1.38778E-15	1.0	1.08247E-14	0.0	-1.49884E-29	1.08247E-14	-1.0	0.0	-1.24523	-0.254113	-0.122547	1.0
			/*	4:child_number	*/	25
				/*	5:name	*/	48M~49M,56M~57M,64齐头式(右端)-1/上承式上平联（反3型，配J2）-2/Q3+4J1-1/J1_1号联结角钢-1
				/*	5:type	*/	零件\J1_1号联结角钢.SLDPRT
				/*	5:location	*/	-1.0	-1.38778E-15	-1.50223E-29	0.0	-1.38778E-15	1.0	1.08247E-14	0.0	-3.38964E-32	1.08247E-14	-1.0	0.0	0.0570895	-0.152692	1.994	1.0
				/*	5:child_number	*/	0
				/*	5:name	*/	48M~49M,56M~57M,64齐头式(右端)-1/上承式上平联（反3型，配J2）-2/Q3+4J1-1/J1_1号联结角钢-2
				/*	5:type	*/	零件\J1_1号联结角钢.SLDPRT
				/*	5:location	*/	1.0	0.0	0.0	0.0	-9.40813E-48	-1.0	-1.11022E-14	0.0	1.22614E-45	1.11022E-14	-1.0	0.0	-0.20491	0.137308	1.994	1.0
				/*	5:child_number	*/	0
				/*	5:name	*/	48M~49M,56M~57M,64齐头式(右端)-1/上承式上平联（反3型，配J2）-2/Q3+4J1-1/J1_1号联结角钢-3
				/*	5:type	*/	零件\J1_1号联结角钢.SLDPRT
				/*	5:location	*/	1.0	0.0	0.0	0.0	-3.66917E-46	1.0	0.0	0.0	0.0	0.0	1.0	0.0	-0.20491	-0.152692	-1.994	1.0
				/*	5:child_number	*/	0
				/*	5:name	*/	48M~49M,56M~57M,64齐头式(右端)-1/上承式上平联（反3型，配J2）-2/Q3+4J1-1/J1_1号联结角钢-4
				/*	5:type	*/	零件\J1_1号联结角钢.SLDPRT
				/*	5:location	*/	-1.0	-1.57772E-30	1.97215E-31	0.0	1.57772E-30	-1.0	1.38778E-14	0.0	1.72563E-31	1.41553E-14	1.0	0.0	0.0570895	0.137308	-1.994	1.0
				/*	5:child_number	*/	0
				/*	5:name	*/	48M~49M,56M~57M,64齐头式(右端)-1/上承式上平联（反3型，配J2）-2/Q3+4J1-1/LS3_3号螺栓-10
				/*	5:type	*/	零件\LS3_3号螺栓.SLDPRT
				/*	5:location	*/	-1.19311E-16	-0.831072	-0.556165	0.0	-7.98449E-17	-0.556165	0.831072	0.0	-1.0	1.43563E-16	1.55068E-30	0.0	-0.0369105	0.092308	1.835	1.0
				/*	5:child_number	*/	0
				/*	5:name	*/	48M~49M,56M~57M,64齐头式(右端)-1/上承式上平联（反3型，配J2）-2/Q3+4J1-1/LS3_3号螺栓-11
				/*	5:type	*/	零件\LS3_3号螺栓.SLDPRT
				/*	5:location	*/	-1.19311E-16	-0.831072	-0.556165	0.0	-7.98449E-17	-0.556165	0.831072	0.0	-1.0	1.43563E-16	1.55068E-30	0.0	-0.0369105	0.092308	-1.835	1.0
				/*	5:child_number	*/	0
				/*	5:name	*/	48M~49M,56M~57M,64齐头式(右端)-1/上承式上平联（反3型，配J2）-2/Q3+4J1-1/LS3_3号螺栓-12
				/*	5:type	*/	零件\LS3_3号螺栓.SLDPRT
				/*	5:location	*/	-1.19311E-16	-0.831072	-0.556165	0.0	-7.98449E-17	-0.556165	0.831072	0.0	-1.0	1.43563E-16	1.55068E-30	0.0	-0.0369105	-0.107692	-1.835	1.0
				/*	5:child_number	*/	0
				/*	5:name	*/	48M~49M,56M~57M,64齐头式(右端)-1/上承式上平联（反3型，配J2）-2/Q3+4J1-1/LS3_3号螺栓-13
				/*	5:type	*/	零件\LS3_3号螺栓.SLDPRT
				/*	5:location	*/	1.28803E-16	-0.897189	0.441647	0.0	-6.34043E-17	0.441647	0.897189	0.0	-1.0	-1.43563E-16	2.19961E-30	0.0	-0.0369105	-0.057692	-1.915	1.0
				/*	5:child_number	*/	0
				/*	5:name	*/	48M~49M,56M~57M,64齐头式(右端)-1/上承式上平联（反3型，配J2）-2/Q3+4J1-1/LS3_3号螺栓-14
				/*	5:type	*/	零件\LS3_3号螺栓.SLDPRT
				/*	5:location	*/	1.28803E-16	-0.897189	0.441647	0.0	-6.34043E-17	0.441647	0.897189	0.0	-1.0	-1.43563E-16	2.19961E-30	0.0	-0.0369105	0.042308	-1.915	1.0
				/*	5:child_number	*/	0
				/*	5:name	*/	48M~49M,56M~57M,64齐头式(右端)-1/上承式上平联（反3型，配J2）-2/Q3+4J1-1/LS3_3号螺栓-15
				/*	5:type	*/	零件\LS3_3号螺栓.SLDPRT
				/*	5:location	*/	1.28803E-16	-0.897189	0.441647	0.0	-6.34043E-17	0.441647	0.897189	0.0	-1.0	-1.43563E-16	2.19961E-30	0.0	-0.0369105	0.042308	1.915	1.0
				/*	5:child_number	*/	0
				/*	5:name	*/	48M~49M,56M~57M,64齐头式(右端)-1/上承式上平联（反3型，配J2）-2/Q3+4J1-1/LS3_3号螺栓-16
				/*	5:type	*/	零件\LS3_3号螺栓.SLDPRT
				/*	5:location	*/	1.28803E-16	-0.897189	0.441647	0.0	-6.34043E-17	0.441647	0.897189	0.0	-1.0	-1.43563E-16	2.19961E-30	0.0	-0.0369105	-0.057692	1.915	1.0
				/*	5:child_number	*/	0
				/*	5:name	*/	48M~49M,56M~57M,64齐头式(右端)-1/上承式上平联（反3型，配J2）-2/Q3+4J1-1/LS3_3号螺栓-5
				/*	5:type	*/	零件\LS3_3号螺栓.SLDPRT
				/*	5:location	*/	-1.19311E-16	-0.831072	-0.556165	0.0	-7.98449E-17	-0.556165	0.831072	0.0	-1.0	1.43563E-16	1.55068E-30	0.0	-0.0369105	-0.107692	1.835	1.0
				/*	5:child_number	*/	0
				/*	5:name	*/	48M~49M,56M~57M,64齐头式(右端)-1/上承式上平联（反3型，配J2）-2/Q3+4J1-1/LS3_3号螺栓-6
				/*	5:type	*/	零件\LS3_3号螺栓.SLDPRT
				/*	5:location	*/	-1.19311E-16	-0.831072	-0.556165	0.0	-7.98449E-17	-0.556165	0.831072	0.0	-1.0	1.43563E-16	1.55068E-30	0.0	-0.0369105	-0.00769204	1.835	1.0
				/*	5:child_number	*/	0
				/*	5:name	*/	48M~49M,56M~57M,64齐头式(右端)-1/上承式上平联（反3型，配J2）-2/Q3+4J1-1/LS3_3号螺栓-9
				/*	5:type	*/	零件\LS3_3号螺栓.SLDPRT
				/*	5:location	*/	-1.19311E-16	-0.831072	-0.556165	0.0	-7.98449E-17	-0.556165	0.831072	0.0	-1.0	1.43563E-16	1.55068E-30	0.0	-0.0369105	-0.00769204	-1.835	1.0
				/*	5:child_number	*/	0
				/*	5:name	*/	48M~49M,56M~57M,64齐头式(右端)-1/上承式上平联（反3型，配J2）-2/Q3+4J1-1/Q3_4M纵梁-1
				/*	5:type	*/	零件\Q3_4M纵梁.SLDPRT
				/*	5:location	*/	1.0	0.0	0.0	0.0	-3.66917E-46	1.0	0.0	0.0	0.0	0.0	1.0	0.0	-0.0739105	-0.00769204	0.0	1.0
				/*	5:child_number	*/	0
				/*	5:name	*/	48M~49M,56M~57M,64齐头式(右端)-1/上承式上平联（反3型，配J2）-2/Q3+4J1-1/螺母3-1
				/*	5:type	*/	零件\螺母3.SLDPRT
				/*	5:location	*/	1.43563E-16	-1.0	5.55112E-17	0.0	2.231E-30	-2.77556E-16	1.0	0.0	-1.0	-1.43563E-16	2.15127E-30	0.0	-0.0919105	-0.057692	-1.915	1.0
				/*	5:child_number	*/	0
				/*	5:name	*/	48M~49M,56M~57M,64齐头式(右端)-1/上承式上平联（反3型，配J2）-2/Q3+4J1-1/螺母3-10
				/*	5:type	*/	零件\螺母3.SLDPRT
				/*	5:location	*/	-7.17817E-17	-0.5	-0.866025	0.0	-1.24329E-16	-0.866025	0.5	0.0	-1.0	1.43563E-16	1.55137E-30	0.0	-0.0919105	-0.00769204	-1.835	1.0
				/*	5:child_number	*/	0
				/*	5:name	*/	48M~49M,56M~57M,64齐头式(右端)-1/上承式上平联（反3型，配J2）-2/Q3+4J1-1/螺母3-11
				/*	5:type	*/	零件\螺母3.SLDPRT
				/*	5:location	*/	-7.17817E-17	-0.5	-0.866025	0.0	-1.24329E-16	-0.866025	0.5	0.0	-1.0	1.43563E-16	1.55137E-30	0.0	-0.0919105	0.092308	1.835	1.0
				/*	5:child_number	*/	0
				/*	5:name	*/	48M~49M,56M~57M,64齐头式(右端)-1/上承式上平联（反3型，配J2）-2/Q3+4J1-1/螺母3-12
				/*	5:type	*/	零件\螺母3.SLDPRT
				/*	5:location	*/	-7.17817E-17	-0.5	-0.866025	0.0	-1.24329E-16	-0.866025	0.5	0.0	-1.0	1.43563E-16	1.55137E-30	0.0	-0.0919105	0.092308	-1.835	1.0
				/*	5:child_number	*/	0
				/*	5:name	*/	48M~49M,56M~57M,64齐头式(右端)-1/上承式上平联（反3型，配J2）-2/Q3+4J1-1/螺母3-13
				/*	5:type	*/	零件\螺母3.SLDPRT
				/*	5:location	*/	-7.17817E-17	-0.5	-0.866025	0.0	-1.24329E-16	-0.866025	0.5	0.0	-1.0	1.43563E-16	1.55137E-30	0.0	-0.0919105	-0.107692	-1.835	1.0
				/*	5:child_number	*/	0
				/*	5:name	*/	48M~49M,56M~57M,64齐头式(右端)-1/上承式上平联（反3型，配J2）-2/Q3+4J1-1/螺母3-2
				/*	5:type	*/	零件\螺母3.SLDPRT
