

/*	1:名称	*/	17.44米鱼腹式拆装梁
/*	1:类型	*/	两片拆装式桁梁\17.44米鱼腹式拆装梁.SLDASM
/*	1:位置	*/	1    0    0    0    0    1    0    0    0    0    1    0    0    0    0    1    
/*	1:子节点数	*/	11

        /*	2:名称	*/	上平联交叉的两根10甲平联斜杆-1
        /*	2:类型	*/	两片拆装式桁梁\上下平联组合\上平联交叉的两根10甲平联斜杆.SLDASM
        /*	2:位置	*/	-0.707107    -3.14018e-015    0.707107    0    -0.707107    1.82301e-029    -0.707107    0    2.22045e-015    -1    -2.22045e-015    0    -4.49933    0.731678    0.0282663    1    
        /*	2:子节点数	*/	29

                /*	3:名称	*/	上平联交叉的两根10甲平联斜杆-1/平联斜杆_编号_10甲_原编号_10-1
                /*	3:类型	*/	基本杆件\平联斜杆_编号_10甲_原编号_10.SLDPRT
                /*	3:位置	*/	1    0    3.9443e-031    0    1.11022e-016    1    1.97215e-031    0    -1.97215e-031    0    1    0    8.88178e-016    -4.44089e-016    0    1    
                /*	3:子节点数	*/	0

                /*	3:名称	*/	上平联交叉的两根10甲平联斜杆-1/平联斜杆_编号_10甲_原编号_10-2
                /*	3:类型	*/	基本杆件\平联斜杆_编号_10甲_原编号_10.SLDPRT
                /*	3:位置	*/	9.15934e-015    1    -4.39957e-017    0    1    -9.15934e-015    -1.8561e-017    0    -1.8561e-017    -4.39957e-017    -1    0    -0.04    0.04    -0.014    1    
                /*	3:子节点数	*/	0

                /*	3:名称	*/	上平联交叉的两根10甲平联斜杆-1/横联交叉填板_编号_253_原编号_103-1
                /*	3:类型	*/	基本杆件\横联交叉填板_编号_253_原编号_103.SLDPRT
                /*	3:位置	*/	-0.707107    -0.707107    4.42359e-017    0    0.707107    -0.707107    1.79826e-017    0    1.85639e-017    4.39951e-017    1    0    1.33227e-015    0.04    -0.014    1    
                /*	3:子节点数	*/	0

                /*	3:名称	*/	上平联交叉的两根10甲平联斜杆-1/螺栓_29甲-1
                /*	3:类型	*/	基本杆件\螺栓_29甲.SLDPRT
                /*	3:位置	*/	-0.999098    -0.0424734    -3.9443e-031    0    0.0424734    -0.999098    -1.97215e-031    0    -1.97215e-031    0    1    0    -8.88178e-015    -1.05    -0.039    1    
                /*	3:子节点数	*/	0

                /*	3:名称	*/	上平联交叉的两根10甲平联斜杆-1/螺栓_29甲-10
                /*	3:类型	*/	基本杆件\螺栓_29甲.SLDPRT
                /*	3:位置	*/	-0.999098    -0.0424734    -2.43854e-017    0    0.0424734    -0.999098    2.65386e-017    0    -2.54906e-017    2.54789e-017    1    0    -8.88178e-016    -0.12    -0.039    1    
                /*	3:子节点数	*/	0

                /*	3:名称	*/	上平联交叉的两根10甲平联斜杆-1/螺栓_29甲-12
                /*	3:类型	*/	基本杆件\螺栓_29甲.SLDPRT
                /*	3:位置	*/	-0.999098    -0.0424734    -2.43854e-017    0    0.0424734    -0.999098    2.65386e-017    0    -2.54906e-017    2.54789e-017    1    0    2.22045e-015    0.2    -0.039    1    
                /*	3:子节点数	*/	0

                /*	3:名称	*/	上平联交叉的两根10甲平联斜杆-1/螺栓_29甲-13
                /*	3:类型	*/	基本杆件\螺栓_29甲.SLDPRT
                /*	3:位置	*/	0.886481    -0.462766    3.9443e-031    0    0.462766    0.886481    4.93038e-031    0    -1.97215e-031    0    1    0    -0.16    0.04    -0.031    1    
                /*	3:子节点数	*/	0

                /*	3:名称	*/	上平联交叉的两根10甲平联斜杆-1/螺栓_29甲-14
                /*	3:类型	*/	基本杆件\螺栓_29甲.SLDPRT
                /*	3:位置	*/	0.886481    -0.462766    3.9443e-031    0    0.462766    0.886481    4.93038e-031    0    -1.97215e-031    0    1    0    0.16    0.04    -0.031    1    
                /*	3:子节点数	*/	0

                /*	3:名称	*/	上平联交叉的两根10甲平联斜杆-1/螺栓_29甲-2
                /*	3:类型	*/	基本杆件\螺栓_29甲.SLDPRT
                /*	3:位置	*/	-0.999098    -0.0424734    -5.91646e-031    0    0.0424734    -0.999098    -1.97215e-031    0    -6.11367e-030    -8.48025e-030    1    0    -9.76996e-015    -1.13    -0.039    1    
                /*	3:子节点数	*/	0

                /*	3:名称	*/	上平联交叉的两根10甲平联斜杆-1/螺栓_29甲-3
                /*	3:类型	*/	基本杆件\螺栓_29甲.SLDPRT
                /*	3:位置	*/	-0.999098    -0.0424734    -5.91646e-031    0    0.0424734    -0.999098    -1.97215e-031    0    -6.11367e-030    -8.48025e-030    1    0    9.32587e-015    1.13    -0.039    1    
                /*	3:子节点数	*/	0

                /*	3:名称	*/	上平联交叉的两根10甲平联斜杆-1/螺栓_29甲-4
                /*	3:类型	*/	基本杆件\螺栓_29甲.SLDPRT
                /*	3:位置	*/	-0.999098    -0.0424734    -3.9443e-031    0    0.0424734    -0.999098    -1.97215e-031    0    -1.97215e-031    0    1    0    1.02141e-014    1.21    -0.039    1    
                /*	3:子节点数	*/	0

                /*	3:名称	*/	上平联交叉的两根10甲平联斜杆-1/螺栓_29甲-5
                /*	3:类型	*/	基本杆件\螺栓_29甲.SLDPRT
                /*	3:位置	*/	0.886481    -0.462766    -3.9443e-031    0    0.462766    0.886481    2.95823e-031    0    -5.1276e-030    -8.48025e-030    1    0    1.17    0.04    -0.0285    1    
                /*	3:子节点数	*/	0

                /*	3:名称	*/	上平联交叉的两根10甲平联斜杆-1/螺栓_29甲-6
                /*	3:类型	*/	基本杆件\螺栓_29甲.SLDPRT
                /*	3:位置	*/	0.886481    -0.462766    -3.9443e-031    0    0.462766    0.886481    2.95823e-031    0    -5.1276e-030    -8.48025e-030    1    0    1.09    0.04    -0.0285    1    
                /*	3:子节点数	*/	0

                /*	3:名称	*/	上平联交叉的两根10甲平联斜杆-1/螺栓_29甲-7
                /*	3:类型	*/	基本杆件\螺栓_29甲.SLDPRT
                /*	3:位置	*/	0.886481    -0.462766    -3.9443e-031    0    0.462766    0.886481    2.95823e-031    0    -5.1276e-030    -8.48025e-030    1    0    -1.09    0.04    -0.0285    1    
                /*	3:子节点数	*/	0

                /*	3:名称	*/	上平联交叉的两根10甲平联斜杆-1/螺栓_29甲-8
                /*	3:类型	*/	基本杆件\螺栓_29甲.SLDPRT
                /*	3:位置	*/	0.886481    -0.462766    -3.9443e-031    0    0.462766    0.886481    2.95823e-031    0    -5.1276e-030    -8.48025e-030    1    0    -1.17    0.04    -0.0285    1    
                /*	3:子节点数	*/	0

                /*	3:名称	*/	上平联交叉的两根10甲平联斜杆-1/螺栓_29甲-9
                /*	3:类型	*/	基本杆件\螺栓_29甲.SLDPRT
                /*	3:位置	*/	-0.999098    -0.0424734    -1.98698e-020    0    0.0424734    -0.999098    -1.34173e-020    0    -1.9282e-020    -1.42491e-020    1    0    1.33227e-015    0.04    -0.039    1    
                /*	3:子节点数	*/	0

                /*	3:名称	*/	上平联交叉的两根10甲平联斜杆-1/螺母_1-1
                /*	3:类型	*/	基本杆件\螺母_1.SLDPRT
                /*	3:位置	*/	0.844007    0.536332    5.91646e-031    0    0.536332    -0.844007    0    0    5.52203e-030    8.87469e-030    -1    0    -9.76996e-015    -1.05    0.0535    1    
                /*	3:子节点数	*/	0

                /*	3:名称	*/	上平联交叉的两根10甲平联斜杆-1/螺母_1-10
                /*	3:类型	*/	基本杆件\螺母_1.SLDPRT
                /*	3:位置	*/	-0.0424734    0.999098    5.26081e-016    0    0.999098    0.0424734    1.05827e-015    0    1.03497e-015    5.70554e-016    -1    0    -8.88178e-016    -0.12    0.056    1    
                /*	3:子节点数	*/	0

                /*	3:名称	*/	上平联交叉的两根10甲平联斜杆-1/螺母_1-12
                /*	3:类型	*/	基本杆件\螺母_1.SLDPRT
                /*	3:位置	*/	-0.0424734    0.999098    5.26081e-016    0    0.999098    0.0424734    1.05827e-015    0    1.03497e-015    5.70554e-016    -1    0    1.77636e-015    0.2    0.056    1    
                /*	3:子节点数	*/	0

                /*	3:名称	*/	上平联交叉的两根10甲平联斜杆-1/螺母_1-13
                /*	3:类型	*/	基本杆件\螺母_1.SLDPRT
                /*	3:位置	*/	-0.999098    -0.0424734    1.01439e-016    0    -0.0424734    0.999098    -1.31381e-017    0    -1.0079e-016    -1.74347e-017    -1    0    0.16    0.04    0.064    1    
                /*	3:子节点数	*/	0

                /*	3:名称	*/	上平联交叉的两根10甲平联斜杆-1/螺母_1-14
                /*	3:类型	*/	基本杆件\螺母_1.SLDPRT
                /*	3:位置	*/	-0.999098    -0.0424734    1.01439e-016    0    -0.0424734    0.999098    -1.31381e-017    0    -1.0079e-016    -1.74347e-017    -1    0    -0.16    0.04    0.064    1    
                /*	3:子节点数	*/	0

                /*	3:名称	*/	上平联交叉的两根10甲平联斜杆-1/螺母_1-2
                /*	3:类型	*/	基本杆件\螺母_1.SLDPRT
                /*	3:位置	*/	0.844007    0.536332    8.87469e-031    0    0.536332    -0.844007    0    0    5.52203e-030    8.87469e-030    -1    0    -1.02141e-014    -1.13    0.0535    1    
                /*	3:子节点数	*/	0

                /*	3:名称	*/	上平联交叉的两根10甲平联斜杆-1/螺母_1-3
                /*	3:类型	*/	基本杆件\螺母_1.SLDPRT
                /*	3:位置	*/	0.844007    0.536332    8.87469e-031    0    0.536332    -0.844007    0    0    5.52203e-030    8.87469e-030    -1    0    8.88178e-015    1.13    0.0535    1    
                /*	3:子节点数	*/	0

                /*	3:名称	*/	上平联交叉的两根10甲平联斜杆-1/螺母_1-4
                /*	3:类型	*/	基本杆件\螺母_1.SLDPRT
                /*	3:位置	*/	0.844007    0.536332    5.91646e-031    0    0.536332    -0.844007    0    0    5.52203e-030    8.87469e-030    -1    0    8.88178e-015    1.21    0.0535    1    
                /*	3:子节点数	*/	0

                /*	3:名称	*/	上平联交叉的两根10甲平联斜杆-1/螺母_1-5
                /*	3:类型	*/	基本杆件\螺母_1.SLDPRT
                /*	3:位置	*/	-0.999098    -0.0424734    -1.97215e-031    0    -0.0424734    0.999098    1.97215e-031    0    5.32481e-030    8.67747e-030    -1    0    1.17    0.04    0.064    1    
                /*	3:子节点数	*/	0

                /*	3:名称	*/	上平联交叉的两根10甲平联斜杆-1/螺母_1-6
                /*	3:类型	*/	基本杆件\螺母_1.SLDPRT
                /*	3:位置	*/	-0.999098    -0.0424734    -1.97215e-031    0    -0.0424734    0.999098    1.97215e-031    0    5.32481e-030    8.67747e-030    -1    0    1.09    0.04    0.064    1    
                /*	3:子节点数	*/	0

                /*	3:名称	*/	上平联交叉的两根10甲平联斜杆-1/螺母_1-7
                /*	3:类型	*/	基本杆件\螺母_1.SLDPRT
                /*	3:位置	*/	-0.999098    -0.0424734    -1.97215e-031    0    -0.0424734    0.999098    1.97215e-031    0    5.32481e-030    8.67747e-030    -1    0    -1.09    0.04    0.064    1    
                /*	3:子节点数	*/	0

                /*	3:名称	*/	上平联交叉的两根10甲平联斜杆-1/螺母_1-8
                /*	3:类型	*/	基本杆件\螺母_1.SLDPRT
                /*	3:位置	*/	-0.999098    -0.0424734    -1.97215e-031    0    -0.0424734    0.999098    1.97215e-031    0    5.32481e-030    8.67747e-030    -1    0    -1.17    0.04    0.064    1    
                /*	3:子节点数	*/	0

                /*	3:名称	*/	上平联交叉的两根10甲平联斜杆-1/螺母_1-9
                /*	3:类型	*/	基本杆件\螺母_1.SLDPRT
                /*	3:位置	*/	0.844007    0.536332    6.41219e-016    0    0.536332    -0.844007    2.88543e-017    0    5.56669e-016    3.19553e-016    -1    0    2.22045e-015    0.04    0.064    1    
                /*	3:子节点数	*/	0

        /*	2:名称	*/	上平联交叉的两根10甲平联斜杆-3
        /*	2:类型	*/	两片拆装式桁梁\上下平联组合\上平联交叉的两根10甲平联斜杆.SLDASM
        /*	2:位置	*/	0.707107    3.14018e-015    -0.707107    0    0.707107    -1.81438e-029    0.707107    0    2.22045e-015    -1    -2.22045e-015    0    5.4438    0.729178    -0.0283023    1    
        /*	2:子节点数	*/	29

                /*	3:名称	*/	上平联交叉的两根10甲平联斜杆-3/平联斜杆_编号_10甲_原编号_10-1
                /*	3:类型	*/	基本杆件\平联斜杆_编号_10甲_原编号_10.SLDPRT
                /*	3:位置	*/	1    0    3.9443e-031    0    0    1    3.9443e-031    0    -1.97215e-031    1.97215e-031    1    0    -8.88178e-016    0    0    1    
                /*	3:子节点数	*/	0

                /*	3:名称	*/	上平联交叉的两根10甲平联斜杆-3/平联斜杆_编号_10甲_原编号_10-2
                /*	3:类型	*/	基本杆件\平联斜杆_编号_10甲_原编号_10.SLDPRT
                /*	3:位置	*/	9.10383e-015    1    -4.39957e-017    0    1    -9.10383e-015    -1.8561e-017    0    -1.8561e-017    -4.39957e-017    -1    0    -0.04    0.04    -0.014    1    
                /*	3:子节点数	*/	0

                /*	3:名称	*/	上平联交叉的两根10甲平联斜杆-3/横联交叉填板_编号_253_原编号_103-1
                /*	3:类型	*/	基本杆件\横联交叉填板_编号_253_原编号_103.SLDPRT
                /*	3:位置	*/	-0.707107    -0.707107    4.42359e-017    0    0.707107    -0.707107    1.79826e-017    0    1.85639e-017    4.39951e-017    1    0    -1.33227e-015    0.04    -0.014    1    
                /*	3:子节点数	*/	0

                /*	3:名称	*/	上平联交叉的两根10甲平联斜杆-3/螺栓_29甲-1
                /*	3:类型	*/	基本杆件\螺栓_29甲.SLDPRT
                /*	3:位置	*/	-0.999098    -0.0424734    -1.97215e-031    0    0.0424734    -0.999098    -3.9443e-031    0    -1.97215e-031    1.97215e-031    1    0    -1.11022e-014    -1.05    -0.039    1    
                /*	3:子节点数	*/	0

                /*	3:名称	*/	上平联交叉的两根10甲平联斜杆-3/螺栓_29甲-10
                /*	3:类型	*/	基本杆件\螺栓_29甲.SLDPRT
                /*	3:位置	*/	-0.999098    -0.0424734    -2.43854e-017    0    0.0424734    -0.999098    2.65386e-017    0    -2.54906e-017    2.54789e-017    1    0    -2.22045e-015    -0.12    -0.039    1    
                /*	3:子节点数	*/	0

                /*	3:名称	*/	上平联交叉的两根10甲平联斜杆-3/螺栓_29甲-12
                /*	3:类型	*/	基本杆件\螺栓_29甲.SLDPRT
                /*	3:位置	*/	-0.999098    -0.0424734    -2.43854e-017    0    0.0424734    -0.999098    2.65386e-017    0    -2.54906e-017    2.54789e-017    1    0    4.44089e-016    0.2    -0.039    1    
                /*	3:子节点数	*/	0

                /*	3:名称	*/	上平联交叉的两根10甲平联斜杆-3/螺栓_29甲-13
                /*	3:类型	*/	基本杆件\螺栓_29甲.SLDPRT
                /*	3:位置	*/	0.886481    -0.462766    3.9443e-031    0    0.462766    0.886481    6.90253e-031    0    -1.97215e-031    1.97215e-031    1    0    -0.16    0.04    -0.031    1    
                /*	3:子节点数	*/	0

                /*	3:名称	*/	上平联交叉的两根10甲平联斜杆-3/螺栓_29甲-14
                /*	3:类型	*/	基本杆件\螺栓_29甲.SLDPRT
                /*	3:位置	*/	0.886481    -0.462766    3.9443e-031    0    0.462766    0.886481    6.90253e-031    0    -1.97215e-031    1.97215e-031    1    0    0.16    0.04    -0.031    1    
                /*	3:子节点数	*/	0

                /*	3:名称	*/	上平联交叉的两根10甲平联斜杆-3/螺栓_29甲-2
                /*	3:类型	*/	基本杆件\螺栓_29甲.SLDPRT
                /*	3:位置	*/	-0.999098    -0.0424734    -1.97215e-031    0    0.0424734    -0.999098    -3.9443e-031    0    -1.97215e-031    1.97215e-031    1    0    -1.11022e-014    -1.13    -0.039    1    
                /*	3:子节点数	*/	0

                /*	3:名称	*/	上平联交叉的两根10甲平联斜杆-3/螺栓_29甲-3
                /*	3:类型	*/	基本杆件\螺栓_29甲.SLDPRT
                /*	3:位置	*/	-0.999098    -0.0424734    -1.97215e-031    0    0.0424734    -0.999098    -3.9443e-031    0    -1.97215e-031    1.97215e-031    1    0    7.10543e-015    1.13    -0.039    1    
                /*	3:子节点数	*/	0

                /*	3:名称	*/	上平联交叉的两根10甲平联斜杆-3/螺栓_29甲-4
                /*	3:类型	*/	基本杆件\螺栓_29甲.SLDPRT
                /*	3:位置	*/	-0.999098    -0.0424734    -1.97215e-031    0    0.0424734    -0.999098    -3.9443e-031    0    -1.97215e-031    1.97215e-031    1    0    8.43769e-015    1.21    -0.039    1    
                /*	3:子节点数	*/	0

                /*	3:名称	*/	上平联交叉的两根10甲平联斜杆-3/螺栓_29甲-5
                /*	3:类型	*/	基本杆件\螺栓_29甲.SLDPRT
                /*	3:位置	*/	0.886481    -0.462766    3.9443e-031    0    0.462766    0.886481    2.95823e-031    0    -1.97215e-031    1.97215e-031    1    0    1.17    0.04    -0.0285    1    
                /*	3:子节点数	*/	0

                /*	3:名称	*/	上平联交叉的两根10甲平联斜杆-3/螺栓_29甲-6
                /*	3:类型	*/	基本杆件\螺栓_29甲.SLDPRT
                /*	3:位置	*/	0.886481    -0.462766    3.9443e-031    0    0.462766    0.886481    2.95823e-031    0    -1.97215e-031    1.97215e-031    1    0    1.09    0.04    -0.0285    1    
                /*	3:子节点数	*/	0

                /*	3:名称	*/	上平联交叉的两根10甲平联斜杆-3/螺栓_29甲-7
                /*	3:类型	*/	基本杆件\螺栓_29甲.SLDPRT
                /*	3:位置	*/	0.886481    -0.462766    3.9443e-031    0    0.462766    0.886481    2.95823e-031    0    -1.97215e-031    1.97215e-031    1    0    -1.09    0.04    -0.0285    1    
                /*	3:子节点数	*/	0

                /*	3:名称	*/	上平联交叉的两根10甲平联斜杆-3/螺栓_29甲-8
                /*	3:类型	*/	基本杆件\螺栓_29甲.SLDPRT
                /*	3:位置	*/	0.886481    -0.462766    3.9443e-031    0    0.462766    0.886481    2.95823e-031    0    -1.97215e-031    1.97215e-031    1    0    -1.17    0.04    -0.0285    1    
                /*	3:子节点数	*/	0

                /*	3:名称	*/	上平联交叉的两根10甲平联斜杆-3/螺栓_29甲-9
                /*	3:类型	*/	基本杆件\螺栓_29甲.SLDPRT
                /*	3:位置	*/	-0.999098    -0.0424734    -1.98698e-020    0    0.0424734    -0.999098    -1.34173e-020    0    -1.9282e-020    -1.42491e-020    1    0    0    0.04    -0.039    1    
                /*	3:子节点数	*/	0

                /*	3:名称	*/	上平联交叉的两根10甲平联斜杆-3/螺母_1-1
                /*	3:类型	*/	基本杆件\螺母_1.SLDPRT
                /*	3:位置	*/	0.844007    0.536332    4.93038e-031    0    0.536332    -0.844007    -7.88861e-031    0    1.97215e-031    0    -1    0    -1.11022e-014    -1.05    0.0535    1    
                /*	3:子节点数	*/	0

                /*	3:名称	*/	上平联交叉的两根10甲平联斜杆-3/螺母_1-10
                /*	3:类型	*/	基本杆件\螺母_1.SLDPRT
                /*	3:位置	*/	-0.0424734    0.999098    5.26081e-016    0    0.999098    0.0424734    1.05827e-015    0    1.03497e-015    5.70554e-016    -1    0    -1.77636e-015    -0.12    0.056    1    
                /*	3:子节点数	*/	0

                /*	3:名称	*/	上平联交叉的两根10甲平联斜杆-3/螺母_1-12
                /*	3:类型	*/	基本杆件\螺母_1.SLDPRT
                /*	3:位置	*/	-0.0424734    0.999098    5.26081e-016    0    0.999098    0.0424734    1.05827e-015    0    1.03497e-015    5.70554e-016    -1    0    4.44089e-016    0.2    0.056    1    
                /*	3:子节点数	*/	0

                /*	3:名称	*/	上平联交叉的两根10甲平联斜杆-3/螺母_1-13
                /*	3:类型	*/	基本杆件\螺母_1.SLDPRT
                /*	3:位置	*/	-0.999098    -0.0424734    1.01439e-016    0    -0.0424734    0.999098    -1.31381e-017    0    -6.74689e-017    -2.32133e-017    -1    0    0.16    0.04    0.064    1    
                /*	3:子节点数	*/	0

                /*	3:名称	*/	上平联交叉的两根10甲平联斜杆-3/螺母_1-14
                /*	3:类型	*/	基本杆件\螺母_1.SLDPRT
                /*	3:位置	*/	-0.999098    -0.0424734    1.01439e-016    0    -0.0424734    0.999098    -1.31381e-017    0    -6.74689e-017    -2.32133e-017    -1    0    -0.16    0.04    0.064    1    
                /*	3:子节点数	*/	0

                /*	3:名称	*/	上平联交叉的两根10甲平联斜杆-3/螺母_1-2
                /*	3:类型	*/	基本杆件\螺母_1.SLDPRT
                /*	3:位置	*/	0.844007    0.536332    5.91646e-031    0    0.536332    -0.844007    0    0    6.70532e-030    -7.69139e-030    -1    0    -1.11022e-014    -1.13    0.0535    1    
                /*	3:子节点数	*/	0

                /*	3:名称	*/	上平联交叉的两根10甲平联斜杆-3/螺母_1-3
                /*	3:类型	*/	基本杆件\螺母_1.SLDPRT
                /*	3:位置	*/	0.844007    0.536332    5.91646e-031    0    0.536332    -0.844007    0    0    6.70532e-030    -7.69139e-030    -1    0    7.10543e-015    1.13    0.0535    1    
                /*	3:子节点数	*/	0

                /*	3:名称	*/	上平联交叉的两根10甲平联斜杆-3/螺母_1-4
                /*	3:类型	*/	基本杆件\螺母_1.SLDPRT
                /*	3:位置	*/	0.844007    0.536332    4.93038e-031    0    0.536332    -0.844007    -7.88861e-031    0    1.97215e-031    0    -1    0    7.54952e-015    1.21    0.0535    1    
                /*	3:子节点数	*/	0

                /*	3:名称	*/	上平联交叉的两根10甲平联斜杆-3/螺母_1-5
                /*	3:类型	*/	基本杆件\螺母_1.SLDPRT
                /*	3:位置	*/	-0.999098    -0.0424734    -5.91646e-031    0    -0.0424734    0.999098    1.97215e-031    0    7.69139e-030    -8.08582e-030    -1    0    1.17    0.04    0.064    1    
                /*	3:子节点数	*/	0

                /*	3:名称	*/	上平联交叉的两根10甲平联斜杆-3/螺母_1-6
                /*	3:类型	*/	基本杆件\螺母_1.SLDPRT
                /*	3:位置	*/	-0.999098    -0.0424734    -5.91646e-031    0    -0.0424734    0.999098    1.97215e-031    0    7.69139e-030    -8.08582e-030    -1    0    1.09    0.04    0.064    1    
                /*	3:子节点数	*/	0

                /*	3:名称	*/	上平联交叉的两根10甲平联斜杆-3/螺母_1-7
                /*	3:类型	*/	基本杆件\螺母_1.SLDPRT
                /*	3:位置	*/	-0.999098    -0.0424734    -5.91646e-031    0    -0.0424734    0.999098    1.97215e-031    0    7.69139e-030    -8.08582e-030    -1    0    -1.09    0.04    0.064    1    
                /*	3:子节点数	*/	0

                /*	3:名称	*/	上平联交叉的两根10甲平联斜杆-3/螺母_1-8
                /*	3:类型	*/	基本杆件\螺母_1.SLDPRT
                /*	3:位置	*/	-0.999098    -0.0424734    -5.91646e-031    0    -0.0424734    0.999098    1.97215e-031    0    7.69139e-030    -8.08582e-030    -1    0    -1.17    0.04    0.064    1    
                /*	3:子节点数	*/	0

                /*	3:名称	*/	上平联交叉的两根10甲平联斜杆-3/螺母_1-9
                /*	3:类型	*/	基本杆件\螺母_1.SLDPRT
                /*	3:位置	*/	0.844007    0.536332    6.41219e-016    0    0.536332    -0.844007    2.88543e-017    0    5.56669e-016    3.19553e-016    -1    0    1.33227e-015    0.04    0.064    1    
                /*	3:子节点数	*/	0

        /*	2:名称	*/	两片梁16.00米-1
        /*	2:类型	*/	两片拆装式桁梁\桥梁中部组合装配体\两片梁16.00米.SLDASM
        /*	2:位置	*/	1    0    0    0    0    1    0    0    0    0    1    0    -1.28637    0.65303    0.996383    1    
        /*	2:子节点数	*/	17

                /*	3:名称	*/	两片梁16.00米-1/上弦3号弦杆及四个8甲立杆的组合-1
                /*	3:类型	*/	两片拆装式桁梁\拼装单元\上弦3号弦杆及四个8甲立杆的组合.SLDASM
                /*	3:位置	*/	1    0    0    0    0    1    0    0    0    0    1    0    0    0    0    1    
                /*	3:子节点数	*/	6

                        /*	4:名称	*/	两片梁16.00米-1/上弦3号弦杆及四个8甲立杆的组合-1/上平联交叉的两根10甲平联斜杆-1
                        /*	4:类型	*/	两片拆装式桁梁\上下平联组合\上平联交叉的两根10甲平联斜杆.SLDASM
                        /*	4:位置	*/	0.707107    5.1028e-016    -0.707107    0    0.707107    5.1028e-016    0.707107    0    7.21645e-016    -1    2.8026e-045    0    0.730164    0.0761482    -1.02469    1    
                        /*	4:子节点数	*/	29

                                /*	5:名称	*/	两片梁16.00米-1/上弦3号弦杆及四个8甲立杆的组合-1/上平联交叉的两根10甲平联斜杆-1/平联斜杆_编号_10甲_原编号_10-1
                                /*	5:类型	*/	基本杆件\平联斜杆_编号_10甲_原编号_10.SLDPRT
                                /*	5:位置	*/	1    0    4.93038e-032    0    0    1    4.93038e-032    0    -1.98174e-045    1.98174e-045    1    0    -5.55112e-017    0    0    1    
                                /*	5:子节点数	*/	0

                                /*	5:名称	*/	两片梁16.00米-1/上弦3号弦杆及四个8甲立杆的组合-1/上平联交叉的两根10甲平联斜杆-1/平联斜杆_编号_10甲_原编号_10-2
                                /*	5:类型	*/	基本杆件\平联斜杆_编号_10甲_原编号_10.SLDPRT
                                /*	5:位置	*/	9.10383e-015    1    -4.39957e-017    0    1    -9.10383e-015    -1.8561e-017    0    -1.8561e-017    -4.39957e-017    -1    0    -0.04    0.04    -0.014    1    
                                /*	5:子节点数	*/	0

                                /*	5:名称	*/	两片梁16.00米-1/上弦3号弦杆及四个8甲立杆的组合-1/上平联交叉的两根10甲平联斜杆-1/横联交叉填板_编号_253_原编号_103-1
                                /*	5:类型	*/	基本杆件\横联交叉填板_编号_253_原编号_103.SLDPRT
                                /*	5:位置	*/	-0.707107    -0.707107    4.42359e-017    0    0.707107    -0.707107    1.79826e-017    0    1.85639e-017    4.39951e-017    1    0    -5.55112e-017    0.04    -0.014    1    
                                /*	5:子节点数	*/	0

                                /*	5:名称	*/	两片梁16.00米-1/上弦3号弦杆及四个8甲立杆的组合-1/上平联交叉的两根10甲平联斜杆-1/螺栓_29甲-1
                                /*	5:类型	*/	基本杆件\螺栓_29甲.SLDPRT
                                /*	5:位置	*/	-0.999098    -0.0424734    -4.16094e-033    0    0.0424734    -0.999098    -1.93635e-033    0    -1.98174e-045    1.98174e-045    1    0    -1.01585e-014    -1.05    -0.039    1    
                                /*	5:子节点数	*/	0

                                /*	5:名称	*/	两片梁16.00米-1/上弦3号弦杆及四个8甲立杆的组合-1/上平联交叉的两根10甲平联斜杆-1/螺栓_29甲-10
                                /*	5:类型	*/	基本杆件\螺栓_29甲.SLDPRT
                                /*	5:位置	*/	-0.999098    -0.0424734    -2.43854e-017    0    0.0424734    -0.999098    2.65386e-017    0    -2.54906e-017    2.54789e-017    1    0    -1.60982e-015    -0.12    -0.039    1    
                                /*	5:子节点数	*/	0

                                /*	5:名称	*/	两片梁16.00米-1/上弦3号弦杆及四个8甲立杆的组合-1/上平联交叉的两根10甲平联斜杆-1/螺栓_29甲-12
                                /*	5:类型	*/	基本杆件\螺栓_29甲.SLDPRT
                                /*	5:位置	*/	-0.999098    -0.0424734    -2.43854e-017    0    0.0424734    -0.999098    2.65386e-017    0    -2.54906e-017    2.54789e-017    1    0    1.27676e-015    0.2    -0.039    1    
                                /*	5:子节点数	*/	0

                                /*	5:名称	*/	两片梁16.00米-1/上弦3号弦杆及四个8甲立杆的组合-1/上平联交叉的两根10甲平联斜杆-1/螺栓_29甲-13
                                /*	5:类型	*/	基本杆件\螺栓_29甲.SLDPRT
                                /*	5:位置	*/	0.886481    -0.462766    -3.60489e-032    0    0.462766    0.886481    2.92307e-032    0    -1.98174e-045    1.98174e-045    1    0    -0.16    0.04    -0.031    1    
                                /*	5:子节点数	*/	0

                                /*	5:名称	*/	两片梁16.00米-1/上弦3号弦杆及四个8甲立杆的组合-1/上平联交叉的两根10甲平联斜杆-1/螺栓_29甲-14
                                /*	5:类型	*/	基本杆件\螺栓_29甲.SLDPRT
                                /*	5:位置	*/	0.886481    -0.462766    -3.60489e-032    0    0.462766    0.886481    2.92307e-032    0    -1.98174e-045    1.98174e-045    1    0    0.16    0.04    -0.031    1    
                                /*	5:子节点数	*/	0

                                /*	5:名称	*/	两片梁16.00米-1/上弦3号弦杆及四个8甲立杆的组合-1/上平联交叉的两根10甲平联斜杆-1/螺栓_29甲-2
                                /*	5:类型	*/	基本杆件\螺栓_29甲.SLDPRT
                                /*	5:位置	*/	-0.999098    -0.0424734    -4.16094e-033    0    0.0424734    -0.999098    -1.93635e-033    0    -9.24384e-031    1.51603e-030    1    0    -1.06026e-014    -1.13    -0.039    1    
                                /*	5:子节点数	*/	0

                                /*	5:名称	*/	两片梁16.00米-1/上弦3号弦杆及四个8甲立杆的组合-1/上平联交叉的两根10甲平联斜杆-1/螺栓_29甲-3
                                /*	5:类型	*/	基本杆件\螺栓_29甲.SLDPRT
                                /*	5:位置	*/	-0.999098    -0.0424734    -4.16094e-033    0    0.0424734    -0.999098    -1.93635e-033    0    -9.24384e-031    1.51603e-030    1    0    8.16014e-015    1.13    -0.039    1    
                                /*	5:子节点数	*/	0

                                /*	5:名称	*/	两片梁16.00米-1/上弦3号弦杆及四个8甲立杆的组合-1/上平联交叉的两根10甲平联斜杆-1/螺栓_29甲-4
                                /*	5:类型	*/	基本杆件\螺栓_29甲.SLDPRT
                                /*	5:位置	*/	-0.999098    -0.0424734    -4.16094e-033    0    0.0424734    -0.999098    -1.93635e-033    0    -1.98174e-045    1.98174e-045    1    0    8.82627e-015    1.21    -0.039    1    
                                /*	5:子节点数	*/	0

                                /*	5:名称	*/	两片梁16.00米-1/上弦3号弦杆及四个8甲立杆的组合-1/上平联交叉的两根10甲平联斜杆-1/螺栓_29甲-5
                                /*	5:类型	*/	基本杆件\螺栓_29甲.SLDPRT
                                /*	5:位置	*/	0.886481    -0.462766    6.25587e-032    0    0.462766    0.886481    2.92307e-032    0    -1.98174e-045    1.98174e-045    1    0    1.17    0.04    -0.0285    1    
                                /*	5:子节点数	*/	0

                                /*	5:名称	*/	两片梁16.00米-1/上弦3号弦杆及四个8甲立杆的组合-1/上平联交叉的两根10甲平联斜杆-1/螺栓_29甲-6
                                /*	5:类型	*/	基本杆件\螺栓_29甲.SLDPRT
                                /*	5:位置	*/	0.886481    -0.462766    6.25587e-032    0    0.462766    0.886481    2.92307e-032    0    -1.98174e-045    1.98174e-045    1    0    1.09    0.04    -0.0285    1    
                                /*	5:子节点数	*/	0

                                /*	5:名称	*/	两片梁16.00米-1/上弦3号弦杆及四个8甲立杆的组合-1/上平联交叉的两根10甲平联斜杆-1/螺栓_29甲-7
                                /*	5:类型	*/	基本杆件\螺栓_29甲.SLDPRT
                                /*	5:位置	*/	0.886481    -0.462766    6.25587e-032    0    0.462766    0.886481    2.92307e-032    0    -1.98174e-045    1.98174e-045    1    0    -1.09    0.04    -0.0285    1    
                                /*	5:子节点数	*/	0

                                /*	5:名称	*/	两片梁16.00米-1/上弦3号弦杆及四个8甲立杆的组合-1/上平联交叉的两根10甲平联斜杆-1/螺栓_29甲-8
                                /*	5:类型	*/	基本杆件\螺栓_29甲.SLDPRT
                                /*	5:位置	*/	0.886481    -0.462766    6.25587e-032    0    0.462766    0.886481    2.92307e-032    0    -1.98174e-045    1.98174e-045    1    0    -1.17    0.04    -0.0285    1    
                                /*	5:子节点数	*/	0

                                /*	5:名称	*/	两片梁16.00米-1/上弦3号弦杆及四个8甲立杆的组合-1/上平联交叉的两根10甲平联斜杆-1/螺栓_29甲-9
                                /*	5:类型	*/	基本杆件\螺栓_29甲.SLDPRT
                                /*	5:位置	*/	-0.999098    -0.0424734    -1.98698e-020    0    0.0424734    -0.999098    -1.34173e-020    0    -1.9282e-020    -1.42491e-020    1    0    3.33067e-016    0.04    -0.039    1    
                                /*	5:子节点数	*/	0

                                /*	5:名称	*/	两片梁16.00米-1/上弦3号弦杆及四个8甲立杆的组合-1/上平联交叉的两根10甲平联斜杆-1/螺母_1-1
                                /*	5:类型	*/	基本杆件\螺母_1.SLDPRT
                                /*	5:位置	*/	0.844007    0.536332    -8.34164e-032    0    0.536332    -0.844007    4.88859e-032    0    1.98174e-045    -9.86076e-032    -1    0    -1.02696e-014    -1.05    0.0535    1    
                                /*	5:子节点数	*/	0

                                /*	5:名称	*/	两片梁16.00米-1/上弦3号弦杆及四个8甲立杆的组合-1/上平联交叉的两根10甲平联斜杆-1/螺母_1-10
                                /*	5:类型	*/	基本杆件\螺母_1.SLDPRT
                                /*	5:位置	*/	-0.0424734    0.999098    5.26081e-016    0    0.999098    0.0424734    1.05827e-015    0    1.03497e-015    5.70554e-016    -1    0    -1.60982e-015    -0.12    0.056    1    
                                /*	5:子节点数	*/	0

                                /*	5:名称	*/	两片梁16.00米-1/上弦3号弦杆及四个8甲立杆的组合-1/上平联交叉的两根10甲平联斜杆-1/螺母_1-12
                                /*	5:类型	*/	基本杆件\螺母_1.SLDPRT
                                /*	5:位置	*/	-0.0424734    0.999098    5.26081e-016    0    0.999098    0.0424734    1.05827e-015    0    1.03497e-015    5.70554e-016    -1    0    1.27676e-015    0.2    0.056    1    
                                /*	5:子节点数	*/	0

                                /*	5:名称	*/	两片梁16.00米-1/上弦3号弦杆及四个8甲立杆的组合-1/上平联交叉的两根10甲平联斜杆-1/螺母_1-13
                                /*	5:类型	*/	基本杆件\螺母_1.SLDPRT
                                /*	5:位置	*/	-0.999098    -0.0424734    1.01439e-016    0    -0.0424734    0.999098    -1.31381e-017    0    -6.74689e-017    -2.32133e-017    -1    0    0.16    0.04    0.064    1    
                                /*	5:子节点数	*/	0

                                /*	5:名称	*/	两片梁16.00米-1/上弦3号弦杆及四个8甲立杆的组合-1/上平联交叉的两根10甲平联斜杆-1/螺母_1-14
                                /*	5:类型	*/	基本杆件\螺母_1.SLDPRT
                                /*	5:位置	*/	-0.999098    -0.0424734    1.01439e-016    0    -0.0424734    0.999098    -1.31381e-017    0    -6.74689e-017    -2.32133e-017    -1    0    -0.16    0.04    0.064    1    
                                /*	5:子节点数	*/	0

                                /*	5:名称	*/	两片梁16.00米-1/上弦3号弦杆及四个8甲立杆的组合-1/上平联交叉的两根10甲平联斜杆-1/螺母_1-2
                                /*	5:类型	*/	基本杆件\螺母_1.SLDPRT
                                /*	5:位置	*/	0.844007    0.536332    -8.34164e-032    0    0.536332    -0.844007    2.4234e-032    0    8.25777e-031    -1.61464e-030    -1    0    -1.07137e-014    -1.13    0.0535    1    
                                /*	5:子节点数	*/	0

                                /*	5:名称	*/	两片梁16.00米-1/上弦3号弦杆及四个8甲立杆的组合-1/上平联交叉的两根10甲平联斜杆-1/螺母_1-3
                                /*	5:类型	*/	基本杆件\螺母_1.SLDPRT
                                /*	5:位置	*/	0.844007    0.536332    -8.34164e-032    0    0.536332    -0.844007    2.4234e-032    0    8.25777e-031    -1.61464e-030    -1    0    8.04912e-015    1.13    0.0535    1    
                                /*	5:子节点数	*/	0

                                /*	5:名称	*/	两片梁16.00米-1/上弦3号弦杆及四个8甲立杆的组合-1/上平联交叉的两根10甲平联斜杆-1/螺母_1-4
                                /*	5:类型	*/	基本杆件\螺母_1.SLDPRT
                                /*	5:位置	*/	0.844007    0.536332    -8.34164e-032    0    0.536332    -0.844007    4.88859e-032    0    1.98174e-045    -9.86076e-032    -1    0    8.71525e-015    1.21    0.0535    1    
                                /*	5:子节点数	*/	0

                                /*	5:名称	*/	两片梁16.00米-1/上弦3号弦杆及四个8甲立杆的组合-1/上平联交叉的两根10甲平联斜杆-1/螺母_1-5
                                /*	5:类型	*/	基本杆件\螺母_1.SLDPRT
                                /*	5:位置	*/	-0.999098    -0.0424734    9.44467e-032    0    -0.0424734    0.999098    1.93635e-033    0    9.24384e-031    -1.51603e-030    -1    0    1.17    0.04    0.064    1    
                                /*	5:子节点数	*/	0

                                /*	5:名称	*/	两片梁16.00米-1/上弦3号弦杆及四个8甲立杆的组合-1/上平联交叉的两根10甲平联斜杆-1/螺母_1-6
                                /*	5:类型	*/	基本杆件\螺母_1.SLDPRT
                                /*	5:位置	*/	-0.999098    -0.0424734    9.44467e-032    0    -0.0424734    0.999098    1.93635e-033    0    9.24384e-031    -1.51603e-030    -1    0    1.09    0.04    0.064    1    
                                /*	5:子节点数	*/	0

                                /*	5:名称	*/	两片梁16.00米-1/上弦3号弦杆及四个8甲立杆的组合-1/上平联交叉的两根10甲平联斜杆-1/螺母_1-7
                                /*	5:类型	*/	基本杆件\螺母_1.SLDPRT
                                /*	5:位置	*/	-0.999098    -0.0424734    9.44467e-032    0    -0.0424734    0.999098    1.93635e-033    0    9.24384e-031    -1.51603e-030    -1    0    -1.09    0.04    0.064    1    
                                /*	5:子节点数	*/	0

                                /*	5:名称	*/	两片梁16.00米-1/上弦3号弦杆及四个8甲立杆的组合-1/上平联交叉的两根10甲平联斜杆-1/螺母_1-8
                                /*	5:类型	*/	基本杆件\螺母_1.SLDPRT
                                /*	5:位置	*/	-0.999098    -0.0424734    9.44467e-032    0    -0.0424734    0.999098    1.93635e-033    0    9.24384e-031    -1.51603e-030    -1    0    -1.17    0.04    0.064    1    
                                /*	5:子节点数	*/	0

                                /*	5:名称	*/	两片梁16.00米-1/上弦3号弦杆及四个8甲立杆的组合-1/上平联交叉的两根10甲平联斜杆-1/螺母_1-9
                                /*	5:类型	*/	基本杆件\螺母_1.SLDPRT
                                /*	5:位置	*/	0.844007    0.536332    6.41219e-016    0    0.536332    -0.844007    2.88543e-017    0    5.56669e-016    3.19553e-016    -1    0    1.94289e-015    0.04    0.064    1    
                                /*	5:子节点数	*/	0

                        /*	4:名称	*/	两片梁16.00米-1/上弦3号弦杆及四个8甲立杆的组合-1/上平联交叉的两根10甲平联斜杆-2
                        /*	4:类型	*/	两片拆装式桁梁\上下平联组合\上平联交叉的两根10甲平联斜杆.SLDASM
                        /*	4:位置	*/	-0.707107    -5.1028e-016    0.707107    0    -0.707107    -5.1028e-016    -0.707107    0    7.21645e-016    -1    -3.24015e-030    0    -1.21297    0.0761482    -0.967815    1    
                        /*	4:子节点数	*/	29

                                /*	5:名称	*/	两片梁16.00米-1/上弦3号弦杆及四个8甲立杆的组合-1/上平联交叉的两根10甲平联斜杆-2/平联斜杆_编号_10甲_原编号_10-1
                                /*	5:类型	*/	基本杆件\平联斜杆_编号_10甲_原编号_10.SLDPRT
                                /*	5:位置	*/	1    0    4.93038e-032    0    1.11022e-016    1    4.93038e-032    0    -1.21761e-031    2.31537e-032    1    0    4.44089e-016    -4.44089e-016    0    1    
                                /*	5:子节点数	*/	0

                                /*	5:名称	*/	两片梁16.00米-1/上弦3号弦杆及四个8甲立杆的组合-1/上平联交叉的两根10甲平联斜杆-2/平联斜杆_编号_10甲_原编号_10-2
                                /*	5:类型	*/	基本杆件\平联斜杆_编号_10甲_原编号_10.SLDPRT
                                /*	5:位置	*/	9.21485e-015    1    -4.39957e-017    0    1    -9.10383e-015    -1.8561e-017    0    -1.8561e-017    -4.39957e-017    -1    0    -0.04    0.04    -0.014    1    
                                /*	5:子节点数	*/	0

                                /*	5:名称	*/	两片梁16.00米-1/上弦3号弦杆及四个8甲立杆的组合-1/上平联交叉的两根10甲平联斜杆-2/横联交叉填板_编号_253_原编号_103-1
                                /*	5:类型	*/	基本杆件\横联交叉填板_编号_253_原编号_103.SLDPRT
                                /*	5:位置	*/	-0.707107    -0.707107    4.42359e-017    0    0.707107    -0.707107    1.79826e-017    0    1.85639e-017    4.39951e-017    1    0    2.22045e-016    0.04    -0.014    1    
                                /*	5:子节点数	*/	0

                                /*	5:名称	*/	两片梁16.00米-1/上弦3号弦杆及四个8甲立杆的组合-1/上平联交叉的两根10甲平联斜杆-2/螺栓_29甲-1
                                /*	5:类型	*/	基本杆件\螺栓_29甲.SLDPRT
                                /*	5:位置	*/	-0.999098    -0.0424734    5.59521e-032    0    0.0424734    -0.999098    -3.88293e-032    0    -1.21761e-031    2.31537e-032    1    0    -9.76996e-015    -1.05    -0.039    1    
                                /*	5:子节点数	*/	0

                                /*	5:名称	*/	两片梁16.00米-1/上弦3号弦杆及四个8甲立杆的组合-1/上平联交叉的两根10甲平联斜杆-2/螺栓_29甲-10
                                /*	5:类型	*/	基本杆件\螺栓_29甲.SLDPRT
                                /*	5:位置	*/	-0.999098    -0.0424734    -2.43854e-017    0    0.0424734    -0.999098    2.65386e-017    0    -2.54906e-017    2.54789e-017    1    0    -1.33227e-015    -0.12    -0.039    1    
                                /*	5:子节点数	*/	0

                                /*	5:名称	*/	两片梁16.00米-1/上弦3号弦杆及四个8甲立杆的组合-1/上平联交叉的两根10甲平联斜杆-2/螺栓_29甲-12
                                /*	5:类型	*/	基本杆件\螺栓_29甲.SLDPRT
                                /*	5:位置	*/	-0.999098    -0.0424734    -2.43854e-017    0    0.0424734    -0.999098    2.65386e-017    0    -2.54906e-017    2.54789e-017    1    0    1.55431e-015    0.2    -0.039    1    
                                /*	5:子节点数	*/	0

                                /*	5:名称	*/	两片梁16.00米-1/上弦3号弦杆及四个8甲立杆的组合-1/上平联交叉的两根10甲平联斜杆-2/螺栓_29甲-13
                                /*	5:类型	*/	基本杆件\螺栓_29甲.SLDPRT
                                /*	5:位置	*/	0.886481    -0.462766    -2.55194e-032    0    0.462766    0.886481    -8.77738e-032    0    -1.21761e-031    2.31537e-032    1    0    -0.16    0.04    -0.031    1    
                                /*	5:子节点数	*/	0

                                /*	5:名称	*/	两片梁16.00米-1/上弦3号弦杆及四个8甲立杆的组合-1/上平联交叉的两根10甲平联斜杆-2/螺栓_29甲-14
                                /*	5:类型	*/	基本杆件\螺栓_29甲.SLDPRT
                                /*	5:位置	*/	0.886481    -0.462766    -2.55194e-032    0    0.462766    0.886481    -8.77738e-032    0    -1.21761e-031    2.31537e-032    1    0    0.16    0.04    -0.031    1    
                                /*	5:子节点数	*/	0

                                /*	5:名称	*/	两片梁16.00米-1/上弦3号弦杆及四个8甲立杆的组合-1/上平联交叉的两根10甲平联斜杆-2/螺栓_29甲-2
                                /*	5:类型	*/	基本杆件\螺栓_29甲.SLDPRT
                                /*	5:位置	*/	-0.999098    -0.0424734    5.59521e-032    0    0.0424734    -0.999098    -3.88293e-032    0    4.87026e-032    -3.44525e-031    1    0    -1.04361e-014    -1.13    -0.039    1    
                                /*	5:子节点数	*/	0

                                /*	5:名称	*/	两片梁16.00米-1/上弦3号弦杆及四个8甲立杆的组合-1/上平联交叉的两根10甲平联斜杆-2/螺栓_29甲-3
                                /*	5:类型	*/	基本杆件\螺栓_29甲.SLDPRT
                                /*	5:位置	*/	-0.999098    -0.0424734    5.59521e-032    0    0.0424734    -0.999098    -3.88293e-032    0    4.87026e-032    -3.44525e-031    1    0    8.43769e-015    1.13    -0.039    1    
                                /*	5:子节点数	*/	0

                                /*	5:名称	*/	两片梁16.00米-1/上弦3号弦杆及四个8甲立杆的组合-1/上平联交叉的两根10甲平联斜杆-2/螺栓_29甲-4
                                /*	5:类型	*/	基本杆件\螺栓_29甲.SLDPRT
                                /*	5:位置	*/	-0.999098    -0.0424734    5.59521e-032    0    0.0424734    -0.999098    -3.88293e-032    0    -1.21761e-031    2.31537e-032    1    0    9.10383e-015    1.21    -0.039    1    
                                /*	5:子节点数	*/	0

                                /*	5:名称	*/	两片梁16.00米-1/上弦3号弦杆及四个8甲立杆的组合-1/上平联交叉的两根10甲平联斜杆-2/螺栓_29甲-5
                                /*	5:类型	*/	基本杆件\螺栓_29甲.SLDPRT
                                /*	5:位置	*/	0.886481    -0.462766    2.37844e-032    0    0.462766    0.886481    1.08338e-032    0    -1.21761e-031    2.31537e-032    1    0    1.17    0.04    -0.0285    1    
                                /*	5:子节点数	*/	0

                                /*	5:名称	*/	两片梁16.00米-1/上弦3号弦杆及四个8甲立杆的组合-1/上平联交叉的两根10甲平联斜杆-2/螺栓_29甲-6
                                /*	5:类型	*/	基本杆件\螺栓_29甲.SLDPRT
                                /*	5:位置	*/	0.886481    -0.462766    2.37844e-032    0    0.462766    0.886481    1.08338e-032    0    -1.21761e-031    2.31537e-032    1    0    1.09    0.04    -0.0285    1    
                                /*	5:子节点数	*/	0

                                /*	5:名称	*/	两片梁16.00米-1/上弦3号弦杆及四个8甲立杆的组合-1/上平联交叉的两根10甲平联斜杆-2/螺栓_29甲-7
                                /*	5:类型	*/	基本杆件\螺栓_29甲.SLDPRT
                                /*	5:位置	*/	0.886481    -0.462766    2.37844e-032    0    0.462766    0.886481    1.08338e-032    0    -1.21761e-031    2.31537e-032    1    0    -1.09    0.04    -0.0285    1    
                                /*	5:子节点数	*/	0

                                /*	5:名称	*/	两片梁16.00米-1/上弦3号弦杆及四个8甲立杆的组合-1/上平联交叉的两根10甲平联斜杆-2/螺栓_29甲-8
                                /*	5:类型	*/	基本杆件\螺栓_29甲.SLDPRT
