/*	1:name	*/	3_5_15.5
/*	1:type	*/	3_5\3_5_15.5.SLDASM
/*	1:location	*/	1.0	0.0	0.0	0.0	0.0	1.0	0.0	0.0	0.0	0.0	1.0	0.0	0.0	0.0	0.0	1.0
/*	1:child_number	*/	9
	/*	2:name	*/	3_5_C1_阵列-1
	/*	2:type	*/	3_5\3_5_ASM\3_5_C1_阵列.SLDASM
	/*	2:location	*/	1.0	0.0	0.0	0.0	0.0	1.0	0.0	0.0	0.0	0.0	1.0	0.0	-1.85	-8.0	4.16	1.0
	/*	2:child_number	*/	15
		/*	3:name	*/	3_5_C1_阵列-1/立柱C1与螺栓组合-1
		/*	3:type	*/	基本组合\立柱C1与螺栓组合.SLDASM
		/*	3:location	*/	-2.75685E-17	-3.15294E-22	-1.0	0.0	1.0	1.54074E-33	-6.16298E-33	0.0	1.34441E-17	-1.0	5.55112E-17	0.0	-0.217126	-0.5	-0.152505	1.0
		/*	3:child_number	*/	2
			/*	4:name	*/	3_5_C1_阵列-1/立柱C1与螺栓组合-1/C1_3米立柱-1
			/*	4:type	*/	基本器材\C1_3米立柱.SLDPRT
			/*	4:location	*/	1.0	0.0	0.0	0.0	0.0	1.0	-1.94315E-54	0.0	0.0	1.03859E-35	1.0	0.0	-0.142505	-0.0828745	-1.478	1.0
			/*	4:child_number	*/	0
			/*	4:name	*/	3_5_C1_阵列-1/立柱C1与螺栓组合-1/立柱与固定立柱的螺栓-2
			/*	4:type	*/	基本组合\立柱与固定立柱的螺栓.SLDASM
			/*	4:location	*/	0.923728	-0.383049	-2.05325E-16	0.0	0.383049	0.923728	3.12013E-17	0.0	1.77712E-16	-1.07471E-16	1.0	0.0	-0.180615	0.24316	1.49931	1.0
			/*	4:child_number	*/	28
				/*	5:name	*/	3_5_C1_阵列-1/立柱C1与螺栓组合-1/立柱与固定立柱的螺栓-2/M80螺栓-10
				/*	5:type	*/	基本器材\M80螺栓.SLDPRT
				/*	5:location	*/	0.992391	-0.123124	1.66533E-16	0.0	0.123124	0.992391	-2.77556E-16	0.0	-1.31093E-16	2.95948E-16	1.0	0.0	0.48948	-0.193282	-0.0363057	1.0
				/*	5:child_number	*/	0
				/*	5:name	*/	3_5_C1_阵列-1/立柱C1与螺栓组合-1/立柱与固定立柱的螺栓-2/M80螺栓-11
				/*	5:type	*/	基本器材\M80螺栓.SLDPRT
				/*	5:location	*/	0.98584	-0.167691	-1.11022E-16	0.0	0.167691	0.98584	-5.55112E-17	0.0	1.75186E-16	4.49523E-17	1.0	0.0	0.415582	-0.223926	-0.0363057	1.0
				/*	5:child_number	*/	0
				/*	5:name	*/	3_5_C1_阵列-1/立柱C1与螺栓组合-1/立柱与固定立柱的螺栓-2/M80螺栓-12
				/*	5:type	*/	基本器材\M80螺栓.SLDPRT
				/*	5:location	*/	0.998422	0.0561485	-5.55112E-17	0.0	-0.0561485	0.998422	-1.11022E-16	0.0	1.11022E-16	8.32667E-17	1.0	0.0	0.313972	-0.266061	-0.0363057	1.0
				/*	5:child_number	*/	0
				/*	5:name	*/	3_5_C1_阵列-1/立柱C1与螺栓组合-1/立柱与固定立柱的螺栓-2/M80螺栓-13
				/*	5:type	*/	基本器材\M80螺栓.SLDPRT
				/*	5:location	*/	0.990121	0.140217	2.22045E-16	0.0	-0.140217	0.990121	1.11022E-16	0.0	-1.47857E-16	-1.32215E-16	1.0	0.0	0.212361	-0.308197	-0.0363057	1.0
				/*	5:child_number	*/	0
				/*	5:name	*/	3_5_C1_阵列-1/立柱C1与螺栓组合-1/立柱与固定立柱的螺栓-2/M80螺栓-14
				/*	5:type	*/	基本器材\M80螺栓.SLDPRT
				/*	5:location	*/	0.998337	-0.0576459	2.22045E-16	0.0	0.0576459	0.998337	-5.55112E-17	0.0	-2.18475E-16	6.82188E-17	1.0	0.0	0.138463	-0.33884	-0.0363057	1.0
				/*	5:child_number	*/	0
				/*	5:name	*/	3_5_C1_阵列-1/立柱C1与螺栓组合-1/立柱与固定立柱的螺栓-2/M80螺栓-15
				/*	5:type	*/	基本器材\M80螺栓.SLDPRT
				/*	5:location	*/	0.989305	0.145863	-2.46519E-32	0.0	-0.145863	0.989305	-2.46519E-32	0.0	5.64267E-17	8.84467E-18	1.0	0.0	0.107819	-0.264942	-0.0363057	1.0
				/*	5:child_number	*/	0
				/*	5:name	*/	3_5_C1_阵列-1/立柱C1与螺栓组合-1/立柱与固定立柱的螺栓-2/M80螺栓-2
				/*	5:type	*/	基本器材\M80螺栓.SLDPRT
				/*	5:location	*/	1.0	0.0	0.0	0.0	0.0	1.0	-1.2326E-32	0.0	0.0	0.0	1.0	0.0	-0.00709538	0.0121762	-0.0363057	1.0
				/*	5:child_number	*/	0
				/*	5:name	*/	3_5_C1_阵列-1/立柱C1与螺栓组合-1/立柱与固定立柱的螺栓-2/M80螺栓-3
				/*	5:type	*/	基本器材\M80螺栓.SLDPRT
				/*	5:location	*/	0.98013	-0.198357	-2.46519E-32	0.0	0.198357	0.98013	5.55112E-17	0.0	-1.1011E-17	-5.44081E-17	1.0	0.0	0.0235485	-0.061722	-0.0363057	1.0
				/*	5:child_number	*/	0
				/*	5:name	*/	3_5_C1_阵列-1/立柱C1与螺栓组合-1/立柱与固定立柱的螺栓-2/M80螺栓-4
				/*	5:type	*/	基本器材\M80螺栓.SLDPRT
				/*	5:location	*/	0.948319	0.317319	-1.66533E-16	0.0	-0.317319	0.948319	-1.11022E-16	0.0	1.79124E-16	1.66973E-16	1.0	0.0	0.0668029	0.0428201	-0.0363057	1.0
				/*	5:child_number	*/	0
				/*	5:name	*/	3_5_C1_阵列-1/立柱C1与螺栓组合-1/立柱与固定立柱的螺栓-2/M80螺栓-5
				/*	5:type	*/	基本器材\M80螺栓.SLDPRT
				/*	5:location	*/	0.983503	-0.180894	0.0	0.0	0.180894	0.983503	1.11022E-16	0.0	3.63434E-17	-1.00346E-16	1.0	0.0	0.168413	0.0849555	-0.0363057	1.0
				/*	5:child_number	*/	0
				/*	5:name	*/	3_5_C1_阵列-1/立柱C1与螺栓组合-1/立柱与固定立柱的螺栓-2/M80螺栓-6
				/*	5:type	*/	基本器材\M80螺栓.SLDPRT
				/*	5:location	*/	0.984937	-0.172913	-2.22045E-16	0.0	0.172913	0.984937	-4.93038E-32	0.0	2.187E-16	-3.83945E-17	1.0	0.0	0.270023	0.127091	-0.0363057	1.0
				/*	5:child_number	*/	0
				/*	5:name	*/	3_5_C1_阵列-1/立柱C1与螺栓组合-1/立柱与固定立柱的螺栓-2/M80螺栓-7
				/*	5:type	*/	基本器材\M80螺栓.SLDPRT
				/*	5:location	*/	0.998598	-0.0529428	2.22045E-16	0.0	0.0529428	0.998598	-1.2326E-32	0.0	-1.11022E-16	-1.80411E-16	1.0	0.0	0.343921	0.157735	-0.0363057	1.0
				/*	5:child_number	*/	0
				/*	5:name	*/	3_5_C1_阵列-1/立柱C1与螺栓组合-1/立柱与固定立柱的螺栓-2/M80螺栓-8
				/*	5:type	*/	基本器材\M80螺栓.SLDPRT
				/*	5:location	*/	0.868193	-0.496227	2.22045E-16	0.0	0.496227	0.868193	5.55112E-17	0.0	5.55112E-17	-5.55112E-17	1.0	0.0	0.374565	0.0838366	-0.0363057	1.0
				/*	5:child_number	*/	0
				/*	5:name	*/	3_5_C1_阵列-1/立柱C1与螺栓组合-1/立柱与固定立柱的螺栓-2/M80螺栓-9
				/*	5:type	*/	基本器材\M80螺栓.SLDPRT
				/*	5:location	*/	0.954553	-0.29804	0.0	0.0	0.29804	0.954553	5.55112E-17	0.0	5.55112E-17	-1.2326E-32	1.0	0.0	0.458836	-0.119384	-0.0363057	1.0
				/*	5:child_number	*/	0
				/*	5:name	*/	3_5_C1_阵列-1/立柱C1与螺栓组合-1/立柱与固定立柱的螺栓-2/六五墩螺母-1
				/*	5:type	*/	基本器材\六五墩螺母.SLDPRT
				/*	5:location	*/	0.77155	-0.636168	-2.12706E-17	0.0	-7.30411E-17	-1.1389E-16	1.0	0.0	-0.636168	-0.77155	-1.22835E-17	0.0	0.48948	-0.193282	0.0226943	1.0
				/*	5:child_number	*/	0
				/*	5:name	*/	3_5_C1_阵列-1/立柱C1与螺栓组合-1/立柱与固定立柱的螺栓-2/六五墩螺母-15
				/*	5:type	*/	基本器材\六五墩螺母.SLDPRT
				/*	5:location	*/	0.77155	-0.636168	-2.12706E-17	0.0	-7.30411E-17	-1.1389E-16	1.0	0.0	-0.636168	-0.77155	-1.22835E-17	0.0	0.138463	-0.33884	0.0226943	1.0
				/*	5:child_number	*/	0
				/*	5:name	*/	3_5_C1_阵列-1/立柱C1与螺栓组合-1/立柱与固定立柱的螺栓-2/六五墩螺母-16
				/*	5:type	*/	基本器材\六五墩螺母.SLDPRT
				/*	5:location	*/	0.77155	-0.636168	-2.12706E-17	0.0	-7.30411E-17	-1.1389E-16	1.0	0.0	-0.636168	-0.77155	-1.22835E-17	0.0	0.343921	0.157735	0.0226943	1.0
				/*	5:child_number	*/	0
				/*	5:name	*/	3_5_C1_阵列-1/立柱C1与螺栓组合-1/立柱与固定立柱的螺栓-2/六五墩螺母-17
				/*	5:type	*/	基本器材\六五墩螺母.SLDPRT
				/*	5:location	*/	0.77155	-0.636168	-2.12706E-17	0.0	-7.30411E-17	-1.1389E-16	1.0	0.0	-0.636168	-0.77155	-1.22835E-17	0.0	-0.00709538	0.0121762	0.0226943	1.0
				/*	5:child_number	*/	0
				/*	5:name	*/	3_5_C1_阵列-1/立柱C1与螺栓组合-1/立柱与固定立柱的螺栓-2/六五墩螺母-18
				/*	5:type	*/	基本器材\六五墩螺母.SLDPRT
				/*	5:location	*/	0.77155	-0.636168	-2.12706E-17	0.0	-7.30411E-17	-1.1389E-16	1.0	0.0	-0.636168	-0.77155	-1.22835E-17	0.0	0.0668029	0.0428201	0.0226943	1.0
				/*	5:child_number	*/	0
				/*	5:name	*/	3_5_C1_阵列-1/立柱C1与螺栓组合-1/立柱与固定立柱的螺栓-2/六五墩螺母-19
				/*	5:type	*/	基本器材\六五墩螺母.SLDPRT
				/*	5:location	*/	0.77155	-0.636168	-2.12706E-17	0.0	-7.30411E-17	-1.1389E-16	1.0	0.0	-0.636168	-0.77155	-1.22835E-17	0.0	0.168413	0.0849555	0.0226943	1.0
				/*	5:child_number	*/	0
				/*	5:name	*/	3_5_C1_阵列-1/立柱C1与螺栓组合-1/立柱与固定立柱的螺栓-2/六五墩螺母-2
				/*	5:type	*/	基本器材\六五墩螺母.SLDPRT
				/*	5:location	*/	0.77155	-0.636168	-2.12706E-17	0.0	-7.30411E-17	-1.1389E-16	1.0	0.0	-0.636168	-0.77155	-1.22835E-17	0.0	0.415582	-0.223926	0.0226943	1.0
				/*	5:child_number	*/	0
				/*	5:name	*/	3_5_C1_阵列-1/立柱C1与螺栓组合-1/立柱与固定立柱的螺栓-2/六五墩螺母-20
				/*	5:type	*/	基本器材\六五墩螺母.SLDPRT
				/*	5:location	*/	0.77155	-0.636168	-2.12706E-17	0.0	-7.30411E-17	-1.1389E-16	1.0	0.0	-0.636168	-0.77155	-1.22835E-17	0.0	0.270023	0.127091	0.0226943	1.0
				/*	5:child_number	*/	0
				/*	5:name	*/	3_5_C1_阵列-1/立柱C1与螺栓组合-1/立柱与固定立柱的螺栓-2/六五墩螺母-21
				/*	5:type	*/	基本器材\六五墩螺母.SLDPRT
				/*	5:location	*/	0.77155	-0.636168	-2.12706E-17	0.0	-7.30411E-17	-1.1389E-16	1.0	0.0	-0.636168	-0.77155	-1.22835E-17	0.0	0.0235485	-0.061722	0.0226943	1.0
				/*	5:child_number	*/	0
				/*	5:name	*/	3_5_C1_阵列-1/立柱C1与螺栓组合-1/立柱与固定立柱的螺栓-2/六五墩螺母-22
				/*	5:type	*/	基本器材\六五墩螺母.SLDPRT
				/*	5:location	*/	0.77155	-0.636168	-2.12706E-17	0.0	-7.30411E-17	-1.1389E-16	1.0	0.0	-0.636168	-0.77155	-1.22835E-17	0.0	0.107819	-0.264942	0.0226943	1.0
				/*	5:child_number	*/	0
				/*	5:name	*/	3_5_C1_阵列-1/立柱C1与螺栓组合-1/立柱与固定立柱的螺栓-2/六五墩螺母-3
				/*	5:type	*/	基本器材\六五墩螺母.SLDPRT
				/*	5:location	*/	0.77155	-0.636168	-2.12706E-17	0.0	-7.30411E-17	-1.1389E-16	1.0	0.0	-0.636168	-0.77155	-1.22835E-17	0.0	0.458836	-0.119384	0.0226943	1.0
				/*	5:child_number	*/	0
				/*	5:name	*/	3_5_C1_阵列-1/立柱C1与螺栓组合-1/立柱与固定立柱的螺栓-2/六五墩螺母-4
				/*	5:type	*/	基本器材\六五墩螺母.SLDPRT
				/*	5:location	*/	0.77155	-0.636168	-2.12706E-17	0.0	-7.30411E-17	-1.1389E-16	1.0	0.0	-0.636168	-0.77155	-1.22835E-17	0.0	0.313972	-0.266061	0.0226943	1.0
				/*	5:child_number	*/	0
				/*	5:name	*/	3_5_C1_阵列-1/立柱C1与螺栓组合-1/立柱与固定立柱的螺栓-2/六五墩螺母-5
				/*	5:type	*/	基本器材\六五墩螺母.SLDPRT
				/*	5:location	*/	0.77155	-0.636168	-2.12706E-17	0.0	-7.30411E-17	-1.1389E-16	1.0	0.0	-0.636168	-0.77155	-1.22835E-17	0.0	0.212361	-0.308197	0.0226943	1.0
				/*	5:child_number	*/	0
				/*	5:name	*/	3_5_C1_阵列-1/立柱C1与螺栓组合-1/立柱与固定立柱的螺栓-2/六五墩螺母-6
				/*	5:type	*/	基本器材\六五墩螺母.SLDPRT
				/*	5:location	*/	0.77155	-0.636168	-2.12706E-17	0.0	-7.30411E-17	-1.1389E-16	1.0	0.0	-0.636168	-0.77155	-1.22835E-17	0.0	0.374565	0.0838366	0.0226943	1.0
				/*	5:child_number	*/	0
		/*	3:name	*/	3_5_C1_阵列-1/立柱C1与螺栓组合-10
		/*	3:type	*/	基本组合\立柱C1与螺栓组合.SLDASM
		/*	3:location	*/	-2.75685E-17	-3.15294E-22	-1.0	0.0	1.0	1.54074E-33	-6.16298E-33	0.0	1.34441E-17	-1.0	5.55112E-17	0.0	1.78287	-0.5	-8.15251	1.0
		/*	3:child_number	*/	2
			/*	4:name	*/	3_5_C1_阵列-1/立柱C1与螺栓组合-10/C1_3米立柱-1
			/*	4:type	*/	基本器材\C1_3米立柱.SLDPRT
			/*	4:location	*/	1.0	0.0	0.0	0.0	0.0	1.0	-1.94315E-54	0.0	0.0	1.03859E-35	1.0	0.0	-0.142505	-0.0828745	-1.478	1.0
			/*	4:child_number	*/	0
			/*	4:name	*/	3_5_C1_阵列-1/立柱C1与螺栓组合-10/立柱与固定立柱的螺栓-2
			/*	4:type	*/	基本组合\立柱与固定立柱的螺栓.SLDASM
			/*	4:location	*/	0.923728	-0.383049	-2.05325E-16	0.0	0.383049	0.923728	3.12013E-17	0.0	1.77712E-16	-1.07471E-16	1.0	0.0	-0.180615	0.24316	1.49931	1.0
			/*	4:child_number	*/	28
				/*	5:name	*/	3_5_C1_阵列-1/立柱C1与螺栓组合-10/立柱与固定立柱的螺栓-2/M80螺栓-10
				/*	5:type	*/	基本器材\M80螺栓.SLDPRT
				/*	5:location	*/	0.992391	-0.123124	1.66533E-16	0.0	0.123124	0.992391	-2.77556E-16	0.0	-1.31093E-16	2.95948E-16	1.0	0.0	0.48948	-0.193282	-0.0363057	1.0
				/*	5:child_number	*/	0
				/*	5:name	*/	3_5_C1_阵列-1/立柱C1与螺栓组合-10/立柱与固定立柱的螺栓-2/M80螺栓-11
				/*	5:type	*/	基本器材\M80螺栓.SLDPRT
				/*	5:location	*/	0.98584	-0.167691	-1.11022E-16	0.0	0.167691	0.98584	-5.55112E-17	0.0	1.75186E-16	4.49523E-17	1.0	0.0	0.415582	-0.223926	-0.0363057	1.0
				/*	5:child_number	*/	0
				/*	5:name	*/	3_5_C1_阵列-1/立柱C1与螺栓组合-10/立柱与固定立柱的螺栓-2/M80螺栓-12
				/*	5:type	*/	基本器材\M80螺栓.SLDPRT
				/*	5:location	*/	0.998422	0.0561485	-5.55112E-17	0.0	-0.0561485	0.998422	-1.11022E-16	0.0	1.11022E-16	8.32667E-17	1.0	0.0	0.313972	-0.266061	-0.0363057	1.0
				/*	5:child_number	*/	0
				/*	5:name	*/	3_5_C1_阵列-1/立柱C1与螺栓组合-10/立柱与固定立柱的螺栓-2/M80螺栓-13
				/*	5:type	*/	基本器材\M80螺栓.SLDPRT
				/*	5:location	*/	0.990121	0.140217	2.22045E-16	0.0	-0.140217	0.990121	1.11022E-16	0.0	-1.47857E-16	-1.32215E-16	1.0	0.0	0.212361	-0.308197	-0.0363057	1.0
				/*	5:child_number	*/	0
				/*	5:name	*/	3_5_C1_阵列-1/立柱C1与螺栓组合-10/立柱与固定立柱的螺栓-2/M80螺栓-14
				/*	5:type	*/	基本器材\M80螺栓.SLDPRT
				/*	5:location	*/	0.998337	-0.0576459	2.22045E-16	0.0	0.0576459	0.998337	-5.55112E-17	0.0	-2.18475E-16	6.82188E-17	1.0	0.0	0.138463	-0.33884	-0.0363057	1.0
				/*	5:child_number	*/	0
				/*	5:name	*/	3_5_C1_阵列-1/立柱C1与螺栓组合-10/立柱与固定立柱的螺栓-2/M80螺栓-15
				/*	5:type	*/	基本器材\M80螺栓.SLDPRT
				/*	5:location	*/	0.989305	0.145863	-2.46519E-32	0.0	-0.145863	0.989305	-2.46519E-32	0.0	5.64267E-17	8.84467E-18	1.0	0.0	0.107819	-0.264942	-0.0363057	1.0
				/*	5:child_number	*/	0
				/*	5:name	*/	3_5_C1_阵列-1/立柱C1与螺栓组合-10/立柱与固定立柱的螺栓-2/M80螺栓-2
				/*	5:type	*/	基本器材\M80螺栓.SLDPRT
				/*	5:location	*/	1.0	0.0	0.0	0.0	0.0	1.0	-1.2326E-32	0.0	0.0	0.0	1.0	0.0	-0.00709538	0.0121762	-0.0363057	1.0
				/*	5:child_number	*/	0
				/*	5:name	*/	3_5_C1_阵列-1/立柱C1与螺栓组合-10/立柱与固定立柱的螺栓-2/M80螺栓-3
				/*	5:type	*/	基本器材\M80螺栓.SLDPRT
				/*	5:location	*/	0.98013	-0.198357	-2.46519E-32	0.0	0.198357	0.98013	5.55112E-17	0.0	-1.1011E-17	-5.44081E-17	1.0	0.0	0.0235485	-0.061722	-0.0363057	1.0
				/*	5:child_number	*/	0
				/*	5:name	*/	3_5_C1_阵列-1/立柱C1与螺栓组合-10/立柱与固定立柱的螺栓-2/M80螺栓-4
				/*	5:type	*/	基本器材\M80螺栓.SLDPRT
				/*	5:location	*/	0.948319	0.317319	-1.66533E-16	0.0	-0.317319	0.948319	-1.11022E-16	0.0	1.79124E-16	1.66973E-16	1.0	0.0	0.0668029	0.0428201	-0.0363057	1.0
				/*	5:child_number	*/	0
				/*	5:name	*/	3_5_C1_阵列-1/立柱C1与螺栓组合-10/立柱与固定立柱的螺栓-2/M80螺栓-5
				/*	5:type	*/	基本器材\M80螺栓.SLDPRT
				/*	5:location	*/	0.983503	-0.180894	0.0	0.0	0.180894	0.983503	1.11022E-16	0.0	3.63434E-17	-1.00346E-16	1.0	0.0	0.168413	0.0849555	-0.0363057	1.0
				/*	5:child_number	*/	0
				/*	5:name	*/	3_5_C1_阵列-1/立柱C1与螺栓组合-10/立柱与固定立柱的螺栓-2/M80螺栓-6
				/*	5:type	*/	基本器材\M80螺栓.SLDPRT
				/*	5:location	*/	0.984937	-0.172913	-2.22045E-16	0.0	0.172913	0.984937	-4.93038E-32	0.0	2.187E-16	-3.83945E-17	1.0	0.0	0.270023	0.127091	-0.0363057	1.0
				/*	5:child_number	*/	0
				/*	5:name	*/	3_5_C1_阵列-1/立柱C1与螺栓组合-10/立柱与固定立柱的螺栓-2/M80螺栓-7
				/*	5:type	*/	基本器材\M80螺栓.SLDPRT
				/*	5:location	*/	0.998598	-0.0529428	2.22045E-16	0.0	0.0529428	0.998598	-1.2326E-32	0.0	-1.11022E-16	-1.80411E-16	1.0	0.0	0.343921	0.157735	-0.0363057	1.0
				/*	5:child_number	*/	0
				/*	5:name	*/	3_5_C1_阵列-1/立柱C1与螺栓组合-10/立柱与固定立柱的螺栓-2/M80螺栓-8
				/*	5:type	*/	基本器材\M80螺栓.SLDPRT
				/*	5:location	*/	0.868193	-0.496227	2.22045E-16	0.0	0.496227	0.868193	5.55112E-17	0.0	5.55112E-17	-5.55112E-17	1.0	0.0	0.374565	0.0838366	-0.0363057	1.0
				/*	5:child_number	*/	0
				/*	5:name	*/	3_5_C1_阵列-1/立柱C1与螺栓组合-10/立柱与固定立柱的螺栓-2/M80螺栓-9
				/*	5:type	*/	基本器材\M80螺栓.SLDPRT
				/*	5:location	*/	0.954553	-0.29804	0.0	0.0	0.29804	0.954553	5.55112E-17	0.0	5.55112E-17	-1.2326E-32	1.0	0.0	0.458836	-0.119384	-0.0363057	1.0
				/*	5:child_number	*/	0
				/*	5:name	*/	3_5_C1_阵列-1/立柱C1与螺栓组合-10/立柱与固定立柱的螺栓-2/六五墩螺母-1
				/*	5:type	*/	基本器材\六五墩螺母.SLDPRT
				/*	5:location	*/	0.77155	-0.636168	-2.12706E-17	0.0	-7.30411E-17	-1.1389E-16	1.0	0.0	-0.636168	-0.77155	-1.22835E-17	0.0	0.48948	-0.193282	0.0226943	1.0
				/*	5:child_number	*/	0
				/*	5:name	*/	3_5_C1_阵列-1/立柱C1与螺栓组合-10/立柱与固定立柱的螺栓-2/六五墩螺母-15
				/*	5:type	*/	基本器材\六五墩螺母.SLDPRT
				/*	5:location	*/	0.77155	-0.636168	-2.12706E-17	0.0	-7.30411E-17	-1.1389E-16	1.0	0.0	-0.636168	-0.77155	-1.22835E-17	0.0	0.138463	-0.33884	0.0226943	1.0
				/*	5:child_number	*/	0
				/*	5:name	*/	3_5_C1_阵列-1/立柱C1与螺栓组合-10/立柱与固定立柱的螺栓-2/六五墩螺母-16
				/*	5:type	*/	基本器材\六五墩螺母.SLDPRT
				/*	5:location	*/	0.77155	-0.636168	-2.12706E-17	0.0	-7.30411E-17	-1.1389E-16	1.0	0.0	-0.636168	-0.77155	-1.22835E-17	0.0	0.343921	0.157735	0.0226943	1.0
				/*	5:child_number	*/	0
				/*	5:name	*/	3_5_C1_阵列-1/立柱C1与螺栓组合-10/立柱与固定立柱的螺栓-2/六五墩螺母-17
				/*	5:type	*/	基本器材\六五墩螺母.SLDPRT
				/*	5:location	*/	0.77155	-0.636168	-2.12706E-17	0.0	-7.30411E-17	-1.1389E-16	1.0	0.0	-0.636168	-0.77155	-1.22835E-17	0.0	-0.00709538	0.0121762	0.0226943	1.0
				/*	5:child_number	*/	0
				/*	5:name	*/	3_5_C1_阵列-1/立柱C1与螺栓组合-10/立柱与固定立柱的螺栓-2/六五墩螺母-18
				/*	5:type	*/	基本器材\六五墩螺母.SLDPRT
				/*	5:location	*/	0.77155	-0.636168	-2.12706E-17	0.0	-7.30411E-17	-1.1389E-16	1.0	0.0	-0.636168	-0.77155	-1.22835E-17	0.0	0.0668029	0.0428201	0.0226943	1.0
				/*	5:child_number	*/	0
				/*	5:name	*/	3_5_C1_阵列-1/立柱C1与螺栓组合-10/立柱与固定立柱的螺栓-2/六五墩螺母-19
				/*	5:type	*/	基本器材\六五墩螺母.SLDPRT
				/*	5:location	*/	0.77155	-0.636168	-2.12706E-17	0.0	-7.30411E-17	-1.1389E-16	1.0	0.0	-0.636168	-0.77155	-1.22835E-17	0.0	0.168413	0.0849555	0.0226943	1.0
				/*	5:child_number	*/	0
				/*	5:name	*/	3_5_C1_阵列-1/立柱C1与螺栓组合-10/立柱与固定立柱的螺栓-2/六五墩螺母-2
				/*	5:type	*/	基本器材\六五墩螺母.SLDPRT
				/*	5:location	*/	0.77155	-0.636168	-2.12706E-17	0.0	-7.30411E-17	-1.1389E-16	1.0	0.0	-0.636168	-0.77155	-1.22835E-17	0.0	0.415582	-0.223926	0.0226943	1.0
				/*	5:child_number	*/	0
				/*	5:name	*/	3_5_C1_阵列-1/立柱C1与螺栓组合-10/立柱与固定立柱的螺栓-2/六五墩螺母-20
				/*	5:type	*/	基本器材\六五墩螺母.SLDPRT
				/*	5:location	*/	0.77155	-0.636168	-2.12706E-17	0.0	-7.30411E-17	-1.1389E-16	1.0	0.0	-0.636168	-0.77155	-1.22835E-17	0.0	0.270023	0.127091	0.0226943	1.0
				/*	5:child_number	*/	0
				/*	5:name	*/	3_5_C1_阵列-1/立柱C1与螺栓组合-10/立柱与固定立柱的螺栓-2/六五墩螺母-21
				/*	5:type	*/	基本器材\六五墩螺母.SLDPRT
				/*	5:location	*/	0.77155	-0.636168	-2.12706E-17	0.0	-7.30411E-17	-1.1389E-16	1.0	0.0	-0.636168	-0.77155	-1.22835E-17	0.0	0.0235485	-0.061722	0.0226943	1.0
				/*	5:child_number	*/	0
				/*	5:name	*/	3_5_C1_阵列-1/立柱C1与螺栓组合-10/立柱与固定立柱的螺栓-2/六五墩螺母-22
				/*	5:type	*/	基本器材\六五墩螺母.SLDPRT
				/*	5:location	*/	0.77155	-0.636168	-2.12706E-17	0.0	-7.30411E-17	-1.1389E-16	1.0	0.0	-0.636168	-0.77155	-1.22835E-17	0.0	0.107819	-0.264942	0.0226943	1.0
				/*	5:child_number	*/	0
				/*	5:name	*/	3_5_C1_阵列-1/立柱C1与螺栓组合-10/立柱与固定立柱的螺栓-2/六五墩螺母-3
				/*	5:type	*/	基本器材\六五墩螺母.SLDPRT
				/*	5:location	*/	0.77155	-0.636168	-2.12706E-17	0.0	-7.30411E-17	-1.1389E-16	1.0	0.0	-0.636168	-0.77155	-1.22835E-17	0.0	0.458836	-0.119384	0.0226943	1.0
				/*	5:child_number	*/	0
				/*	5:name	*/	3_5_C1_阵列-1/立柱C1与螺栓组合-10/立柱与固定立柱的螺栓-2/六五墩螺母-4
				/*	5:type	*/	基本器材\六五墩螺母.SLDPRT
				/*	5:location	*/	0.77155	-0.636168	-2.12706E-17	0.0	-7.30411E-17	-1.1389E-16	1.0	0.0	-0.636168	-0.77155	-1.22835E-17	0.0	0.313972	-0.266061	0.0226943	1.0
				/*	5:child_number	*/	0
				/*	5:name	*/	3_5_C1_阵列-1/立柱C1与螺栓组合-10/立柱与固定立柱的螺栓-2/六五墩螺母-5
				/*	5:type	*/	基本器材\六五墩螺母.SLDPRT
				/*	5:location	*/	0.77155	-0.636168	-2.12706E-17	0.0	-7.30411E-17	-1.1389E-16	1.0	0.0	-0.636168	-0.77155	-1.22835E-17	0.0	0.212361	-0.308197	0.0226943	1.0
				/*	5:child_number	*/	0
				/*	5:name	*/	3_5_C1_阵列-1/立柱C1与螺栓组合-10/立柱与固定立柱的螺栓-2/六五墩螺母-6
				/*	5:type	*/	基本器材\六五墩螺母.SLDPRT
				/*	5:location	*/	0.77155	-0.636168	-2.12706E-17	0.0	-7.30411E-17	-1.1389E-16	1.0	0.0	-0.636168	-0.77155	-1.22835E-17	0.0	0.374565	0.0838366	0.0226943	1.0
				/*	5:child_number	*/	0
		/*	3:name	*/	3_5_C1_阵列-1/立柱C1与螺栓组合-11
		/*	3:type	*/	基本组合\立柱C1与螺栓组合.SLDASM
		/*	3:location	*/	-2.75685E-17	-3.15294E-22	-1.0	0.0	1.0	1.54074E-33	-6.16298E-33	0.0	1.34441E-17	-1.0	5.55112E-17	0.0	3.78287	-0.5	-0.152505	1.0
		/*	3:child_number	*/	2
			/*	4:name	*/	3_5_C1_阵列-1/立柱C1与螺栓组合-11/C1_3米立柱-1
			/*	4:type	*/	基本器材\C1_3米立柱.SLDPRT
			/*	4:location	*/	1.0	0.0	0.0	0.0	0.0	1.0	-1.94315E-54	0.0	0.0	1.03859E-35	1.0	0.0	-0.142505	-0.0828745	-1.478	1.0
			/*	4:child_number	*/	0
			/*	4:name	*/	3_5_C1_阵列-1/立柱C1与螺栓组合-11/立柱与固定立柱的螺栓-2
			/*	4:type	*/	基本组合\立柱与固定立柱的螺栓.SLDASM
			/*	4:location	*/	0.923728	-0.383049	-2.05325E-16	0.0	0.383049	0.923728	3.12013E-17	0.0	1.77712E-16	-1.07471E-16	1.0	0.0	-0.180615	0.24316	1.49931	1.0
			/*	4:child_number	*/	28
				/*	5:name	*/	3_5_C1_阵列-1/立柱C1与螺栓组合-11/立柱与固定立柱的螺栓-2/M80螺栓-10
				/*	5:type	*/	基本器材\M80螺栓.SLDPRT
				/*	5:location	*/	0.992391	-0.123124	1.66533E-16	0.0	0.123124	0.992391	-2.77556E-16	0.0	-1.31093E-16	2.95948E-16	1.0	0.0	0.48948	-0.193282	-0.0363057	1.0
				/*	5:child_number	*/	0
				/*	5:name	*/	3_5_C1_阵列-1/立柱C1与螺栓组合-11/立柱与固定立柱的螺栓-2/M80螺栓-11
				/*	5:type	*/	基本器材\M80螺栓.SLDPRT
				/*	5:location	*/	0.98584	-0.167691	-1.11022E-16	0.0	0.167691	0.98584	-5.55112E-17	0.0	1.75186E-16	4.49523E-17	1.0	0.0	0.415582	-0.223926	-0.0363057	1.0
				/*	5:child_number	*/	0
				/*	5:name	*/	3_5_C1_阵列-1/立柱C1与螺栓组合-11/立柱与固定立柱的螺栓-2/M80螺栓-12
				/*	5:type	*/	基本器材\M80螺栓.SLDPRT
				/*	5:location	*/	0.998422	0.0561485	-5.55112E-17	0.0	-0.0561485	0.998422	-1.11022E-16	0.0	1.11022E-16	8.32667E-17	1.0	0.0	0.313972	-0.266061	-0.0363057	1.0
				/*	5:child_number	*/	0
				/*	5:name	*/	3_5_C1_阵列-1/立柱C1与螺栓组合-11/立柱与固定立柱的螺栓-2/M80螺栓-13
				/*	5:type	*/	基本器材\M80螺栓.SLDPRT
				/*	5:location	*/	0.990121	0.140217	2.22045E-16	0.0	-0.140217	0.990121	1.11022E-16	0.0	-1.47857E-16	-1.32215E-16	1.0	0.0	0.212361	-0.308197	-0.0363057	1.0
				/*	5:child_number	*/	0
				/*	5:name	*/	3_5_C1_阵列-1/立柱C1与螺栓组合-11/立柱与固定立柱的螺栓-2/M80螺栓-14
				/*	5:type	*/	基本器材\M80螺栓.SLDPRT
				/*	5:location	*/	0.998337	-0.0576459	2.22045E-16	0.0	0.0576459	0.998337	-5.55112E-17	0.0	-2.18475E-16	6.82188E-17	1.0	0.0	0.138463	-0.33884	-0.0363057	1.0
				/*	5:child_number	*/	0
				/*	5:name	*/	3_5_C1_阵列-1/立柱C1与螺栓组合-11/立柱与固定立柱的螺栓-2/M80螺栓-15
				/*	5:type	*/	基本器材\M80螺栓.SLDPRT
				/*	5:location	*/	0.989305	0.145863	-2.46519E-32	0.0	-0.145863	0.989305	-2.46519E-32	0.0	5.64267E-17	8.84467E-18	1.0	0.0	0.107819	-0.264942	-0.0363057	1.0
				/*	5:child_number	*/	0
				/*	5:name	*/	3_5_C1_阵列-1/立柱C1与螺栓组合-11/立柱与固定立柱的螺栓-2/M80螺栓-2
				/*	5:type	*/	基本器材\M80螺栓.SLDPRT
				/*	5:location	*/	1.0	0.0	0.0	0.0	0.0	1.0	-1.2326E-32	0.0	0.0	0.0	1.0	0.0	-0.00709538	0.0121762	-0.0363057	1.0
				/*	5:child_number	*/	0
				/*	5:name	*/	3_5_C1_阵列-1/立柱C1与螺栓组合-11/立柱与固定立柱的螺栓-2/M80螺栓-3
				/*	5:type	*/	基本器材\M80螺栓.SLDPRT
				/*	5:location	*/	0.98013	-0.198357	-2.46519E-32	0.0	0.198357	0.98013	5.55112E-17	0.0	-1.1011E-17	-5.44081E-17	1.0	0.0	0.0235485	-0.061722	-0.0363057	1.0
				/*	5:child_number	*/	0
				/*	5:name	*/	3_5_C1_阵列-1/立柱C1与螺栓组合-11/立柱与固定立柱的螺栓-2/M80螺栓-4
				/*	5:type	*/	基本器材\M80螺栓.SLDPRT
				/*	5:location	*/	0.948319	0.317319	-1.66533E-16	0.0	-0.317319	0.948319	-1.11022E-16	0.0	1.79124E-16	1.66973E-16	1.0	0.0	0.0668029	0.0428201	-0.0363057	1.0
				/*	5:child_number	*/	0
				/*	5:name	*/	3_5_C1_阵列-1/立柱C1与螺栓组合-11/立柱与固定立柱的螺栓-2/M80螺栓-5
				/*	5:type	*/	基本器材\M80螺栓.SLDPRT
				/*	5:location	*/	0.983503	-0.180894	0.0	0.0	0.180894	0.983503	1.11022E-16	0.0	3.63434E-17	-1.00346E-16	1.0	0.0	0.168413	0.0849555	-0.0363057	1.0
				/*	5:child_number	*/	0
				/*	5:name	*/	3_5_C1_阵列-1/立柱C1与螺栓组合-11/立柱与固定立柱的螺栓-2/M80螺栓-6
				/*	5:type	*/	基本器材\M80螺栓.SLDPRT
				/*	5:location	*/	0.984937	-0.172913	-2.22045E-16	0.0	0.172913	0.984937	-4.93038E-32	0.0	2.187E-16	-3.83945E-17	1.0	0.0	0.270023	0.127091	-0.0363057	1.0
				/*	5:child_number	*/	0
				/*	5:name	*/	3_5_C1_阵列-1/立柱C1与螺栓组合-11/立柱与固定立柱的螺栓-2/M80螺栓-7
				/*	5:type	*/	基本器材\M80螺栓.SLDPRT
				/*	5:location	*/	0.998598	-0.0529428	2.22045E-16	0.0	0.0529428	0.998598	-1.2326E-32	0.0	-1.11022E-16	-1.80411E-16	1.0	0.0	0.343921	0.157735	-0.0363057	1.0
				/*	5:child_number	*/	0
				/*	5:name	*/	3_5_C1_阵列-1/立柱C1与螺栓组合-11/立柱与固定立柱的螺栓-2/M80螺栓-8
				/*	5:type	*/	基本器材\M80螺栓.SLDPRT
				/*	5:location	*/	0.868193	-0.496227	2.22045E-16	0.0	0.496227	0.868193	5.55112E-17	0.0	5.55112E-17	-5.55112E-17	1.0	0.0	0.374565	0.0838366	-0.0363057	1.0
				/*	5:child_number	*/	0
				/*	5:name	*/	3_5_C1_阵列-1/立柱C1与螺栓组合-11/立柱与固定立柱的螺栓-2/M80螺栓-9
				/*	5:type	*/	基本器材\M80螺栓.SLDPRT
				/*	5:location	*/	0.954553	-0.29804	0.0	0.0	0.29804	0.954553	5.55112E-17	0.0	5.55112E-17	-1.2326E-32	1.0	0.0	0.458836	-0.119384	-0.0363057	1.0
				/*	5:child_number	*/	0
				/*	5:name	*/	3_5_C1_阵列-1/立柱C1与螺栓组合-11/立柱与固定立柱的螺栓-2/六五墩螺母-1
				/*	5:type	*/	基本器材\六五墩螺母.SLDPRT
				/*	5:location	*/	0.77155	-0.636168	-2.12706E-17	0.0	-7.30411E-17	-1.1389E-16	1.0	0.0	-0.636168	-0.77155	-1.22835E-17	0.0	0.48948	-0.193282	0.0226943	1.0
				/*	5:child_number	*/	0
				/*	5:name	*/	3_5_C1_阵列-1/立柱C1与螺栓组合-11/立柱与固定立柱的螺栓-2/六五墩螺母-15
				/*	5:type	*/	基本器材\六五墩螺母.SLDPRT
				/*	5:location	*/	0.77155	-0.636168	-2.12706E-17	0.0	-7.30411E-17	-1.1389E-16	1.0	0.0	-0.636168	-0.77155	-1.22835E-17	0.0	0.138463	-0.33884	0.0226943	1.0
				/*	5:child_number	*/	0
				/*	5:name	*/	3_5_C1_阵列-1/立柱C1与螺栓组合-11/立柱与固定立柱的螺栓-2/六五墩螺母-16
				/*	5:type	*/	基本器材\六五墩螺母.SLDPRT
				/*	5:location	*/	0.77155	-0.636168	-2.12706E-17	0.0	-7.30411E-17	-1.1389E-16	1.0	0.0	-0.636168	-0.77155	-1.22835E-17	0.0	0.343921	0.157735	0.0226943	1.0
				/*	5:child_number	*/	0
				/*	5:name	*/	3_5_C1_阵列-1/立柱C1与螺栓组合-11/立柱与固定立柱的螺栓-2/六五墩螺母-17
				/*	5:type	*/	基本器材\六五墩螺母.SLDPRT
				/*	5:location	*/	0.77155	-0.636168	-2.12706E-17	0.0	-7.30411E-17	-1.1389E-16	1.0	0.0	-0.636168	-0.77155	-1.22835E-17	0.0	-0.00709538	0.0121762	0.0226943	1.0
				/*	5:child_number	*/	0
				/*	5:name	*/	3_5_C1_阵列-1/立柱C1与螺栓组合-11/立柱与固定立柱的螺栓-2/六五墩螺母-18
				/*	5:type	*/	基本器材\六五墩螺母.SLDPRT
				/*	5:location	*/	0.77155	-0.636168	-2.12706E-17	0.0	-7.30411E-17	-1.1389E-16	1.0	0.0	-0.636168	-0.77155	-1.22835E-17	0.0	0.0668029	0.0428201	0.0226943	1.0
				/*	5:child_number	*/	0
				/*	5:name	*/	3_5_C1_阵列-1/立柱C1与螺栓组合-11/立柱与固定立柱的螺栓-2/六五墩螺母-19
				/*	5:type	*/	基本器材\六五墩螺母.SLDPRT
				/*	5:location	*/	0.77155	-0.636168	-2.12706E-17	0.0	-7.30411E-17	-1.1389E-16	1.0	0.0	-0.636168	-0.77155	-1.22835E-17	0.0	0.168413	0.0849555	0.0226943	1.0
				/*	5:child_number	*/	0
				/*	5:name	*/	3_5_C1_阵列-1/立柱C1与螺栓组合-11/立柱与固定立柱的螺栓-2/六五墩螺母-2
				/*	5:type	*/	基本器材\六五墩螺母.SLDPRT
				/*	5:location	*/	0.77155	-0.636168	-2.12706E-17	0.0	-7.30411E-17	-1.1389E-16	1.0	0.0	-0.636168	-0.77155	-1.22835E-17	0.0	0.415582	-0.223926	0.0226943	1.0
				/*	5:child_number	*/	0
				/*	5:name	*/	3_5_C1_阵列-1/立柱C1与螺栓组合-11/立柱与固定立柱的螺栓-2/六五墩螺母-20
				/*	5:type	*/	基本器材\六五墩螺母.SLDPRT
				/*	5:location	*/	0.77155	-0.636168	-2.12706E-17	0.0	-7.30411E-17	-1.1389E-16	1.0	0.0	-0.636168	-0.77155	-1.22835E-17	0.0	0.270023	0.127091	0.0226943	1.0
				/*	5:child_number	*/	0
				/*	5:name	*/	3_5_C1_阵列-1/立柱C1与螺栓组合-11/立柱与固定立柱的螺栓-2/六五墩螺母-21
				/*	5:type	*/	基本器材\六五墩螺母.SLDPRT
				/*	5:location	*/	0.77155	-0.636168	-2.12706E-17	0.0	-7.30411E-17	-1.1389E-16	1.0	0.0	-0.636168	-0.77155	-1.22835E-17	0.0	0.0235485	-0.061722	0.0226943	1.0
				/*	5:child_number	*/	0
				/*	5:name	*/	3_5_C1_阵列-1/立柱C1与螺栓组合-11/立柱与固定立柱的螺栓-2/六五墩螺母-22
				/*	5:type	*/	基本器材\六五墩螺母.SLDPRT
				/*	5:location	*/	0.77155	-0.636168	-2.12706E-17	0.0	-7.30411E-17	-1.1389E-16	1.0	0.0	-0.636168	-0.77155	-1.22835E-17	0.0	0.107819	-0.264942	0.0226943	1.0
				/*	5:child_number	*/	0
				/*	5:name	*/	3_5_C1_阵列-1/立柱C1与螺栓组合-11/立柱与固定立柱的螺栓-2/六五墩螺母-3
				/*	5:type	*/	基本器材\六五墩螺母.SLDPRT
				/*	5:location	*/	0.77155	-0.636168	-2.12706E-17	0.0	-7.30411E-17	-1.1389E-16	1.0	0.0	-0.636168	-0.77155	-1.22835E-17	0.0	0.458836	-0.119384	0.0226943	1.0
				/*	5:child_number	*/	0
				/*	5:name	*/	3_5_C1_阵列-1/立柱C1与螺栓组合-11/立柱与固定立柱的螺栓-2/六五墩螺母-4
				/*	5:type	*/	基本器材\六五墩螺母.SLDPRT
				/*	5:location	*/	0.77155	-0.636168	-2.12706E-17	0.0	-7.30411E-17	-1.1389E-16	1.0	0.0	-0.636168	-0.77155	-1.22835E-17	0.0	0.313972	-0.266061	0.0226943	1.0
				/*	5:child_number	*/	0
				/*	5:name	*/	3_5_C1_阵列-1/立柱C1与螺栓组合-11/立柱与固定立柱的螺栓-2/六五墩螺母-5
				/*	5:type	*/	基本器材\六五墩螺母.SLDPRT
				/*	5:location	*/	0.77155	-0.636168	-2.12706E-17	0.0	-7.30411E-17	-1.1389E-16	1.0	0.0	-0.636168	-0.77155	-1.22835E-17	0.0	0.212361	-0.308197	0.0226943	1.0
				/*	5:child_number	*/	0
				/*	5:name	*/	3_5_C1_阵列-1/立柱C1与螺栓组合-11/立柱与固定立柱的螺栓-2/六五墩螺母-6
				/*	5:type	*/	基本器材\六五墩螺母.SLDPRT
				/*	5:location	*/	0.77155	-0.636168	-2.12706E-17	0.0	-7.30411E-17	-1.1389E-16	1.0	0.0	-0.636168	-0.77155	-1.22835E-17	0.0	0.374565	0.0838366	0.0226943	1.0
				/*	5:child_number	*/	0
		/*	3:name	*/	3_5_C1_阵列-1/立柱C1与螺栓组合-12
		/*	3:type	*/	基本组合\立柱C1与螺栓组合.SLDASM
		/*	3:location	*/	-2.75685E-17	-3.15294E-22	-1.0	0.0	1.0	1.54074E-33	-6.16298E-33	0.0	1.34441E-17	-1.0	5.55112E-17	0.0	3.78287	-0.5	-2.15251	1.0
		/*	3:child_number	*/	2
			/*	4:name	*/	3_5_C1_阵列-1/立柱C1与螺栓组合-12/C1_3米立柱-1
			/*	4:type	*/	基本器材\C1_3米立柱.SLDPRT
			/*	4:location	*/	1.0	0.0	0.0	0.0	0.0	1.0	-1.94315E-54	0.0	0.0	1.03859E-35	1.0	0.0	-0.142505	-0.0828745	-1.478	1.0
			/*	4:child_number	*/	0
			/*	4:name	*/	3_5_C1_阵列-1/立柱C1与螺栓组合-12/立柱与固定立柱的螺栓-2
			/*	4:type	*/	基本组合\立柱与固定立柱的螺栓.SLDASM
			/*	4:location	*/	0.923728	-0.383049	-2.05325E-16	0.0	0.383049	0.923728	3.12013E-17	0.0	1.77712E-16	-1.07471E-16	1.0	0.0	-0.180615	0.24316	1.49931	1.0
			/*	4:child_number	*/	28
				/*	5:name	*/	3_5_C1_阵列-1/立柱C1与螺栓组合-12/立柱与固定立柱的螺栓-2/M80螺栓-10
				/*	5:type	*/	基本器材\M80螺栓.SLDPRT
				/*	5:location	*/	0.992391	-0.123124	1.66533E-16	0.0	0.123124	0.992391	-2.77556E-16	0.0	-1.31093E-16	2.95948E-16	1.0	0.0	0.48948	-0.193282	-0.0363057	1.0
				/*	5:child_number	*/	0
				/*	5:name	*/	3_5_C1_阵列-1/立柱C1与螺栓组合-12/立柱与固定立柱的螺栓-2/M80螺栓-11
				/*	5:type	*/	基本器材\M80螺栓.SLDPRT
				/*	5:location	*/	0.98584	-0.167691	-1.11022E-16	0.0	0.167691	0.98584	-5.55112E-17	0.0	1.75186E-16	4.49523E-17	1.0	0.0	0.415582	-0.223926	-0.0363057	1.0
				/*	5:child_number	*/	0
				/*	5:name	*/	3_5_C1_阵列-1/立柱C1与螺栓组合-12/立柱与固定立柱的螺栓-2/M80螺栓-12
				/*	5:type	*/	基本器材\M80螺栓.SLDPRT
				/*	5:location	*/	0.998422	0.0561485	-5.55112E-17	0.0	-0.0561485	0.998422	-1.11022E-16	0.0	1.11022E-16	8.32667E-17	1.0	0.0	0.313972	-0.266061	-0.0363057	1.0
				/*	5:child_number	*/	0
				/*	5:name	*/	3_5_C1_阵列-1/立柱C1与螺栓组合-12/立柱与固定立柱的螺栓-2/M80螺栓-13
				/*	5:type	*/	基本器材\M80螺栓.SLDPRT
				/*	5:location	*/	0.990121	0.140217	2.22045E-16	0.0	-0.140217	0.990121	1.11022E-16	0.0	-1.47857E-16	-1.32215E-16	1.0	0.0	0.212361	-0.308197	-0.0363057	1.0
				/*	5:child_number	*/	0
				/*	5:name	*/	3_5_C1_阵列-1/立柱C1与螺栓组合-12/立柱与固定立柱的螺栓-2/M80螺栓-14
				/*	5:type	*/	基本器材\M80螺栓.SLDPRT
				/*	5:location	*/	0.998337	-0.0576459	2.22045E-16	0.0	0.0576459	0.998337	-5.55112E-17	0.0	-2.18475E-16	6.82188E-17	1.0	0.0	0.138463	-0.33884	-0.0363057	1.0
				/*	5:child_number	*/	0
				/*	5:name	*/	3_5_C1_阵列-1/立柱C1与螺栓组合-12/立柱与固定立柱的螺栓-2/M80螺栓-15
				/*	5:type	*/	基本器材\M80螺栓.SLDPRT
				/*	5:location	*/	0.989305	0.145863	-2.46519E-32	0.0	-0.145863	0.989305	-2.46519E-32	0.0	5.64267E-17	8.84467E-18	1.0	0.0	0.107819	-0.264942	-0.0363057	1.0
				/*	5:child_number	*/	0
				/*	5:name	*/	3_5_C1_阵列-1/立柱C1与螺栓组合-12/立柱与固定立柱的螺栓-2/M80螺栓-2
				/*	5:type	*/	基本器材\M80螺栓.SLDPRT
				/*	5:location	*/	1.0	0.0	0.0	0.0	0.0	1.0	-1.2326E-32	0.0	0.0	0.0	1.0	0.0	-0.00709538	0.0121762	-0.0363057	1.0
				/*	5:child_number	*/	0
				/*	5:name	*/	3_5_C1_阵列-1/立柱C1与螺栓组合-12/立柱与固定立柱的螺栓-2/M80螺栓-3
				/*	5:type	*/	基本器材\M80螺栓.SLDPRT
				/*	5:location	*/	0.98013	-0.198357	-2.46519E-32	0.0	0.198357	0.98013	5.55112E-17	0.0	-1.1011E-17	-5.44081E-17	1.0	0.0	0.0235485	-0.061722	-0.0363057	1.0
				/*	5:child_number	*/	0
				/*	5:name	*/	3_5_C1_阵列-1/立柱C1与螺栓组合-12/立柱与固定立柱的螺栓-2/M80螺栓-4
				/*	5:type	*/	基本器材\M80螺栓.SLDPRT
				/*	5:location	*/	0.948319	0.317319	-1.66533E-16	0.0	-0.317319	0.948319	-1.11022E-16	0.0	1.79124E-16	1.66973E-16	1.0	0.0	0.0668029	0.0428201	-0.0363057	1.0
				/*	5:child_number	*/	0
				/*	5:name	*/	3_5_C1_阵列-1/立柱C1与螺栓组合-12/立柱与固定立柱的螺栓-2/M80螺栓-5
				/*	5:type	*/	基本器材\M80螺栓.SLDPRT
				/*	5:location	*/	0.983503	-0.180894	0.0	0.0	0.180894	0.983503	1.11022E-16	0.0	3.63434E-17	-1.00346E-16	1.0	0.0	0.168413	0.0849555	-0.0363057	1.0
				/*	5:child_number	*/	0
				/*	5:name	*/	3_5_C1_阵列-1/立柱C1与螺栓组合-12/立柱与固定立柱的螺栓-2/M80螺栓-6
				/*	5:type	*/	基本器材\M80螺栓.SLDPRT
				/*	5:location	*/	0.984937	-0.172913	-2.22045E-16	0.0	0.172913	0.984937	-4.93038E-32	0.0	2.187E-16	-3.83945E-17	1.0	0.0	0.270023	0.127091	-0.0363057	1.0
				/*	5:child_number	*/	0
				/*	5:name	*/	3_5_C1_阵列-1/立柱C1与螺栓组合-12/立柱与固定立柱的螺栓-2/M80螺栓-7
				/*	5:type	*/	基本器材\M80螺栓.SLDPRT
				/*	5:location	*/	0.998598	-0.0529428	2.22045E-16	0.0	0.0529428	0.998598	-1.2326E-32	0.0	-1.11022E-16	-1.80411E-16	1.0	0.0	0.343921	0.157735	-0.0363057	1.0
				/*	5:child_number	*/	0
				/*	5:name	*/	3_5_C1_阵列-1/立柱C1与螺栓组合-12/立柱与固定立柱的螺栓-2/M80螺栓-8
				/*	5:type	*/	基本器材\M80螺栓.SLDPRT
				/*	5:location	*/	0.868193	-0.496227	2.22045E-16	0.0	0.496227	0.868193	5.55112E-17	0.0	5.55112E-17	-5.55112E-17	1.0	0.0	0.374565	0.0838366	-0.0363057	1.0
				/*	5:child_number	*/	0
				/*	5:name	*/	3_5_C1_阵列-1/立柱C1与螺栓组合-12/立柱与固定立柱的螺栓-2/M80螺栓-9
				/*	5:type	*/	基本器材\M80螺栓.SLDPRT
				/*	5:location	*/	0.954553	-0.29804	0.0	0.0	0.29804	0.954553	5.55112E-17	0.0	5.55112E-17	-1.2326E-32	1.0	0.0	0.458836	-0.119384	-0.0363057	1.0
				/*	5:child_number	*/	0
				/*	5:name	*/	3_5_C1_阵列-1/立柱C1与螺栓组合-12/立柱与固定立柱的螺栓-2/六五墩螺母-1
				/*	5:type	*/	基本器材\六五墩螺母.SLDPRT
				/*	5:location	*/	0.77155	-0.636168	-2.12706E-17	0.0	-7.30411E-17	-1.1389E-16	1.0	0.0	-0.636168	-0.77155	-1.22835E-17	0.0	0.48948	-0.193282	0.0226943	1.0
				/*	5:child_number	*/	0
				/*	5:name	*/	3_5_C1_阵列-1/立柱C1与螺栓组合-12/立柱与固定立柱的螺栓-2/六五墩螺母-15
				/*	5:type	*/	基本器材\六五墩螺母.SLDPRT
				/*	5:location	*/	0.77155	-0.636168	-2.12706E-17	0.0	-7.30411E-17	-1.1389E-16	1.0	0.0	-0.636168	-0.77155	-1.22835E-17	0.0	0.138463	-0.33884	0.0226943	1.0
				/*	5:child_number	*/	0
				/*	5:name	*/	3_5_C1_阵列-1/立柱C1与螺栓组合-12/立柱与固定立柱的螺栓-2/六五墩螺母-16
				/*	5:type	*/	基本器材\六五墩螺母.SLDPRT
				/*	5:location	*/	0.77155	-0.636168	-2.12706E-17	0.0	-7.30411E-17	-1.1389E-16	1.0	0.0	-0.636168	-0.77155	-1.22835E-17	0.0	0.343921	0.157735	0.0226943	1.0
				/*	5:child_number	*/	0
				/*	5:name	*/	3_5_C1_阵列-1/立柱C1与螺栓组合-12/立柱与固定立柱的螺栓-2/六五墩螺母-17
				/*	5:type	*/	基本器材\六五墩螺母.SLDPRT
				/*	5:location	*/	0.77155	-0.636168	-2.12706E-17	0.0	-7.30411E-17	-1.1389E-16	1.0	0.0	-0.636168	-0.77155	-1.22835E-17	0.0	-0.00709538	0.0121762	0.0226943	1.0
				/*	5:child_number	*/	0
				/*	5:name	*/	3_5_C1_阵列-1/立柱C1与螺栓组合-12/立柱与固定立柱的螺栓-2/六五墩螺母-18
				/*	5:type	*/	基本器材\六五墩螺母.SLDPRT
				/*	5:location	*/	0.77155	-0.636168	-2.12706E-17	0.0	-7.30411E-17	-1.1389E-16	1.0	0.0	-0.636168	-0.77155	-1.22835E-17	0.0	0.0668029	0.0428201	0.0226943	1.0
				/*	5:child_number	*/	0
				/*	5:name	*/	3_5_C1_阵列-1/立柱C1与螺栓组合-12/立柱与固定立柱的螺栓-2/六五墩螺母-19
				/*	5:type	*/	基本器材\六五墩螺母.SLDPRT
				/*	5:location	*/	0.77155	-0.636168	-2.12706E-17	0.0	-7.30411E-17	-1.1389E-16	1.0	0.0	-0.636168	-0.77155	-1.22835E-17	0.0	0.168413	0.0849555	0.0226943	1.0
				/*	5:child_number	*/	0
				/*	5:name	*/	3_5_C1_阵列-1/立柱C1与螺栓组合-12/立柱与固定立柱的螺栓-2/六五墩螺母-2
				/*	5:type	*/	基本器材\六五墩螺母.SLDPRT
				/*	5:location	*/	0.77155	-0.636168	-2.12706E-17	0.0	-7.30411E-17	-1.1389E-16	1.0	0.0	-0.636168	-0.77155	-1.22835E-17	0.0	0.415582	-0.223926	0.0226943	1.0
				/*	5:child_number	*/	0
				/*	5:name	*/	3_5_C1_阵列-1/立柱C1与螺栓组合-12/立柱与固定立柱的螺栓-2/六五墩螺母-20
				/*	5:type	*/	基本器材\六五墩螺母.SLDPRT
				/*	5:location	*/	0.77155	-0.636168	-2.12706E-17	0.0	-7.30411E-17	-1.1389E-16	1.0	0.0	-0.636168	-0.77155	-1.22835E-17	0.0	0.270023	0.127091	0.0226943	1.0
				/*	5:child_number	*/	0
				/*	5:name	*/	3_5_C1_阵列-1/立柱C1与螺栓组合-12/立柱与固定立柱的螺栓-2/六五墩螺母-21
				/*	5:type	*/	基本器材\六五墩螺母.SLDPRT
				/*	5:location	*/	0.77155	-0.636168	-2.12706E-17	0.0	-7.30411E-17	-1.1389E-16	1.0	0.0	-0.636168	-0.77155	-1.22835E-17	0.0	0.0235485	-0.061722	0.0226943	1.0
				/*	5:child_number	*/	0
				/*	5:name	*/	3_5_C1_阵列-1/立柱C1与螺栓组合-12/立柱与固定立柱的螺栓-2/六五墩螺母-22
				/*	5:type	*/	基本器材\六五墩螺母.SLDPRT
				/*	5:location	*/	0.77155	-0.636168	-2.12706E-17	0.0	-7.30411E-17	-1.1389E-16	1.0	0.0	-0.636168	-0.77155	-1.22835E-17	0.0	0.107819	-0.264942	0.0226943	1.0
				/*	5:child_number	*/	0
				/*	5:name	*/	3_5_C1_阵列-1/立柱C1与螺栓组合-12/立柱与固定立柱的螺栓-2/六五墩螺母-3
				/*	5:type	*/	基本器材\六五墩螺母.SLDPRT
				/*	5:location	*/	0.77155	-0.636168	-2.12706E-17	0.0	-7.30411E-17	-1.1389E-16	1.0	0.0	-0.636168	-0.77155	-1.22835E-17	0.0	0.458836	-0.119384	0.0226943	1.0
				/*	5:child_number	*/	0
				/*	5:name	*/	3_5_C1_阵列-1/立柱C1与螺栓组合-12/立柱与固定立柱的螺栓-2/六五墩螺母-4
				/*	5:type	*/	基本器材\六五墩螺母.SLDPRT
				/*	5:location	*/	0.77155	-0.636168	-2.12706E-17	0.0	-7.30411E-17	-1.1389E-16	1.0	0.0	-0.636168	-0.77155	-1.22835E-17	0.0	0.313972	-0.266061	0.0226943	1.0
				/*	5:child_number	*/	0
				/*	5:name	*/	3_5_C1_阵列-1/立柱C1与螺栓组合-12/立柱与固定立柱的螺栓-2/六五墩螺母-5
				/*	5:type	*/	基本器材\六五墩螺母.SLDPRT
				/*	5:location	*/	0.77155	-0.636168	-2.12706E-17	0.0	-7.30411E-17	-1.1389E-16	1.0	0.0	-0.636168	-0.77155	-1.22835E-17	0.0	0.212361	-0.308197	0.0226943	1.0
				/*	5:child_number	*/	0
				/*	5:name	*/	3_5_C1_阵列-1/立柱C1与螺栓组合-12/立柱与固定立柱的螺栓-2/六五墩螺母-6
				/*	5:type	*/	基本器材\六五墩螺母.SLDPRT
				/*	5:location	*/	0.77155	-0.636168	-2.12706E-17	0.0	-7.30411E-17	-1.1389E-16	1.0	0.0	-0.636168	-0.77155	-1.22835E-17	0.0	0.374565	0.0838366	0.0226943	1.0
				/*	5:child_number	*/	0
		/*	3:name	*/	3_5_C1_阵列-1/立柱C1与螺栓组合-13
		/*	3:type	*/	基本组合\立柱C1与螺栓组合.SLDASM
		/*	3:location	*/	-2.75685E-17	-3.15294E-22	-1.0	0.0	1.0	1.54074E-33	-6.16298E-33	0.0	1.34441E-17	-1.0	5.55112E-17	0.0	3.78287	-0.5	-4.15251	1.0
		/*	3:child_number	*/	2
			/*	4:name	*/	3_5_C1_阵列-1/立柱C1与螺栓组合-13/C1_3米立柱-1
			/*	4:type	*/	基本器材\C1_3米立柱.SLDPRT
			/*	4:location	*/	1.0	0.0	0.0	0.0	0.0	1.0	-1.94315E-54	0.0	0.0	1.03859E-35	1.0	0.0	-0.142505	-0.0828745	-1.478	1.0
			/*	4:child_number	*/	0
			/*	4:name	*/	3_5_C1_阵列-1/立柱C1与螺栓组合-13/立柱与固定立柱的螺栓-2
			/*	4:type	*/	基本组合\立柱与固定立柱的螺栓.SLDASM
			/*	4:location	*/	0.923728	-0.383049	-2.05325E-16	0.0	0.383049	0.923728	3.12013E-17	0.0	1.77712E-16	-1.07471E-16	1.0	0.0	-0.180615	0.24316	1.49931	1.0
			/*	4:child_number	*/	28
				/*	5:name	*/	3_5_C1_阵列-1/立柱C1与螺栓组合-13/立柱与固定立柱的螺栓-2/M80螺栓-10
				/*	5:type	*/	基本器材\M80螺栓.SLDPRT
				/*	5:location	*/	0.992391	-0.123124	1.66533E-16	0.0	0.123124	0.992391	-2.77556E-16	0.0	-1.31093E-16	2.95948E-16	1.0	0.0	0.48948	-0.193282	-0.0363057	1.0
				/*	5:child_number	*/	0
				/*	5:name	*/	3_5_C1_阵列-1/立柱C1与螺栓组合-13/立柱与固定立柱的螺栓-2/M80螺栓-11
				/*	5:type	*/	基本器材\M80螺栓.SLDPRT
				/*	5:location	*/	0.98584	-0.167691	-1.11022E-16	0.0	0.167691	0.98584	-5.55112E-17	0.0	1.75186E-16	4.49523E-17	1.0	0.0	0.415582	-0.223926	-0.0363057	1.0
				/*	5:child_number	*/	0
				/*	5:name	*/	3_5_C1_阵列-1/立柱C1与螺栓组合-13/立柱与固定立柱的螺栓-2/M80螺栓-12
				/*	5:type	*/	基本器材\M80螺栓.SLDPRT
				/*	5:location	*/	0.998422	0.0561485	-5.55112E-17	0.0	-0.0561485	0.998422	-1.11022E-16	0.0	1.11022E-16	8.32667E-17	1.0	0.0	0.313972	-0.266061	-0.0363057	1.0
				/*	5:child_number	*/	0
				/*	5:name	*/	3_5_C1_阵列-1/立柱C1与螺栓组合-13/立柱与固定立柱的螺栓-2/M80螺栓-13
				/*	5:type	*/	基本器材\M80螺栓.SLDPRT
				/*	5:location	*/	0.990121	0.140217	2.22045E-16	0.0	-0.140217	0.990121	1.11022E-16	0.0	-1.47857E-16	-1.32215E-16	1.0	0.0	0.212361	-0.308197	-0.0363057	1.0
				/*	5:child_number	*/	0
				/*	5:name	*/	3_5_C1_阵列-1/立柱C1与螺栓组合-13/立柱与固定立柱的螺栓-2/M80螺栓-14
				/*	5:type	*/	基本器材\M80螺栓.SLDPRT
				/*	5:location	*/	0.998337	-0.0576459	2.22045E-16	0.0	0.0576459	0.998337	-5.55112E-17	0.0	-2.18475E-16	6.82188E-17	1.0	0.0	0.138463	-0.33884	-0.0363057	1.0
				/*	5:child_number	*/	0
				/*	5:name	*/	3_5_C1_阵列-1/立柱C1与螺栓组合-13/立柱与固定立柱的螺栓-2/M80螺栓-15
				/*	5:type	*/	基本器材\M80螺栓.SLDPRT
				/*	5:location	*/	0.989305	0.145863	-2.46519E-32	0.0	-0.145863	0.989305	-2.46519E-32	0.0	5.64267E-17	8.84467E-18	1.0	0.0	0.107819	-0.264942	-0.0363057	1.0
				/*	5:child_number	*/	0
				/*	5:name	*/	3_5_C1_阵列-1/立柱C1与螺栓组合-13/立柱与固定立柱的螺栓-2/M80螺栓-2
				/*	5:type	*/	基本器材\M80螺栓.SLDPRT
				/*	5:location	*/	1.0	0.0	0.0	0.0	0.0	1.0	-1.2326E-32	0.0	0.0	0.0	1.0	0.0	-0.00709538	0.0121762	-0.0363057	1.0
				/*	5:child_number	*/	0
				/*	5:name	*/	3_5_C1_阵列-1/立柱C1与螺栓组合-13/立柱与固定立柱的螺栓-2/M80螺栓-3
				/*	5:type	*/	基本器材\M80螺栓.SLDPRT
				/*	5:location	*/	0.98013	-0.198357	-2.46519E-32	0.0	0.198357	0.98013	5.55112E-17	0.0	-1.1011E-17	-5.44081E-17	1.0	0.0	0.0235485	-0.061722	-0.0363057	1.0
				/*	5:child_number	*/	0
				/*	5:name	*/	3_5_C1_阵列-1/立柱C1与螺栓组合-13/立柱与固定立柱的螺栓-2/M80螺栓-4
				/*	5:type	*/	基本器材\M80螺栓.SLDPRT
				/*	5:location	*/	0.948319	0.317319	-1.66533E-16	0.0	-0.317319	0.948319	-1.11022E-16	0.0	1.79124E-16	1.66973E-16	1.0	0.0	0.0668029	0.0428201	-0.0363057	1.0
				/*	5:child_number	*/	0
				/*	5:name	*/	3_5_C1_阵列-1/立柱C1与螺栓组合-13/立柱与固定立柱的螺栓-2/M80螺栓-5
				/*	5:type	*/	基本器材\M80螺栓.SLDPRT
				/*	5:location	*/	0.983503	-0.180894	0.0	0.0	0.180894	0.983503	1.11022E-16	0.0	3.63434E-17	-1.00346E-16	1.0	0.0	0.168413	0.0849555	-0.0363057	1.0
				/*	5:child_number	*/	0
				/*	5:name	*/	3_5_C1_阵列-1/立柱C1与螺栓组合-13/立柱与固定立柱的螺栓-2/M80螺栓-6
				/*	5:type	*/	基本器材\M80螺栓.SLDPRT
				/*	5:location	*/	0.984937	-0.172913	-2.22045E-16	0.0	0.172913	0.984937	-4.93038E-32	0.0	2.187E-16	-3.83945E-17	1.0	0.0	0.270023	0.127091	-0.0363057	1.0
				/*	5:child_number	*/	0
				/*	5:name	*/	3_5_C1_阵列-1/立柱C1与螺栓组合-13/立柱与固定立柱的螺栓-2/M80螺栓-7
				/*	5:type	*/	基本器材\M80螺栓.SLDPRT
				/*	5:location	*/	0.998598	-0.0529428	2.22045E-16	0.0	0.0529428	0.998598	-1.2326E-32	0.0	-1.11022E-16	-1.80411E-16	1.0	0.0	0.343921	0.157735	-0.0363057	1.0
				/*	5:child_number	*/	0
				/*	5:name	*/	3_5_C1_阵列-1/立柱C1与螺栓组合-13/立柱与固定立柱的螺栓-2/M80螺栓-8
				/*	5:type	*/	基本器材\M80螺栓.SLDPRT
				/*	5:location	*/	0.868193	-0.496227	2.22045E-16	0.0	0.496227	0.868193	5.55112E-17	0.0	5.55112E-17	-5.55112E-17	1.0	0.0	0.374565	0.0838366	-0.0363057	1.0
				/*	5:child_number	*/	0
				/*	5:name	*/	3_5_C1_阵列-1/立柱C1与螺栓组合-13/立柱与固定立柱的螺栓-2/M80螺栓-9
				/*	5:type	*/	基本器材\M80螺栓.SLDPRT
				/*	5:location	*/	0.954553	-0.29804	0.0	0.0	0.29804	0.954553	5.55112E-17	0.0	5.55112E-17	-1.2326E-32	1.0	0.0	0.458836	-0.119384	-0.0363057	1.0
				/*	5:child_number	*/	0
				/*	5:name	*/	3_5_C1_阵列-1/立柱C1与螺栓组合-13/立柱与固定立柱的螺栓-2/六五墩螺母-1
				/*	5:type	*/	基本器材\六五墩螺母.SLDPRT
				/*	5:location	*/	0.77155	-0.636168	-2.12706E-17	0.0	-7.30411E-17	-1.1389E-16	1.0	0.0	-0.636168	-0.77155	-1.22835E-17	0.0	0.48948	-0.193282	0.0226943	1.0
				/*	5:child_number	*/	0
				/*	5:name	*/	3_5_C1_阵列-1/立柱C1与螺栓组合-13/立柱与固定立柱的螺栓-2/六五墩螺母-15
				/*	5:type	*/	基本器材\六五墩螺母.SLDPRT
				/*	5:location	*/	0.77155	-0.636168	-2.12706E-17	0.0	-7.30411E-17	-1.1389E-16	1.0	0.0	-0.636168	-0.77155	-1.22835E-17	0.0	0.138463	-0.33884	0.0226943	1.0
