/*	1:name	*/	上承式60.0M梁_鱼腹式
/*	1:type	*/	上承式梁\鱼腹式\上承式60.0M梁_鱼腹式.SLDASM
/*	1:location	*/	1.0	0.0	0.0	0.0	0.0	1.0	0.0	0.0	0.0	0.0	1.0	0.0	0.0	0.0	0.0	1.0
/*	1:child_number	*/	3
	/*	2:name	*/	60M,62M鱼腹式(左端)-1
	/*	2:type	*/	上承式梁\公共组件\梁端\鱼腹式梁端\60M,62M鱼腹式(左端).SLDASM
	/*	2:location	*/	1.0	0.0	0.0	0.0	0.0	1.0	0.0	0.0	0.0	0.0	1.0	0.0	-0.370181	2.5377	24.235	1.0
	/*	2:child_number	*/	25
		/*	3:name	*/	60M,62M鱼腹式(左端)-1/40M鱼腹式梁端(右单片)(X3,左右F1)-1
		/*	3:type	*/	上承式梁\公共组件\梁端\鱼腹式梁端\鱼腹式部件\40M鱼腹式梁端(右单片)(X3,左右F1).SLDASM
		/*	3:location	*/	1.0	0.0	0.0	0.0	0.0	1.0	0.0	0.0	0.0	0.0	1.0	0.0	0.59931	1.93014	-0.245	1.0
		/*	3:child_number	*/	21
			/*	4:name	*/	60M,62M鱼腹式(左端)-1/40M鱼腹式梁端(右单片)(X3,左右F1)-1/1f(右内B1)-1
			/*	4:type	*/	上承式梁\公共组件\梁端\鱼腹式梁端\带螺栓零件\1f(右内B1).SLDASM
			/*	4:location	*/	8.32339E-17	-1.66533E-16	1.0	0.0	-4.07038E-16	1.0	1.66533E-16	0.0	-1.0	-4.07038E-16	8.32339E-17	0.0	-0.237129	-0.144071	-0.00921482	1.0
			/*	4:child_number	*/	11
				/*	5:name	*/	60M,62M鱼腹式(左端)-1/40M鱼腹式梁端(右单片)(X3,左右F1)-1/1f(右内B1)-1/B1_节点板-1
				/*	5:type	*/	零件\B1_节点板.SLDPRT
				/*	5:location	*/	1.0	2.46519E-32	0.0	0.0	-2.46519E-32	1.0	1.38612E-32	0.0	0.0	1.38612E-32	1.0	0.0	-0.379111	-0.0537732	-0.008	1.0
				/*	5:child_number	*/	0
				/*	5:name	*/	60M,62M鱼腹式(左端)-1/40M鱼腹式梁端(右单片)(X3,左右F1)-1/1f(右内B1)-1/LS2_2号螺栓-10
				/*	5:type	*/	零件\LS2_2号螺栓.SLDPRT
				/*	5:location	*/	0.997812	0.066117	2.46519E-32	0.0	0.066117	-0.997812	2.23408E-32	0.0	-2.46519E-32	-2.6038E-31	-1.0	0.0	0.341974	-0.169817	0.027	1.0
				/*	5:child_number	*/	0
				/*	5:name	*/	60M,62M鱼腹式(左端)-1/40M鱼腹式梁端(右单片)(X3,左右F1)-1/1f(右内B1)-1/LS2_2号螺栓-11
				/*	5:type	*/	零件\LS2_2号螺栓.SLDPRT
				/*	5:location	*/	0.997812	0.066117	1.2326E-32	0.0	0.066117	-0.997812	-7.01038E-32	0.0	0.0	-1.38612E-32	-1.0	0.0	0.260648	-0.081578	0.027	1.0
				/*	5:child_number	*/	0
				/*	5:name	*/	60M,62M鱼腹式(左端)-1/40M鱼腹式梁端(右单片)(X3,左右F1)-1/1f(右内B1)-1/LS3_3号螺栓-1
				/*	5:type	*/	零件\LS3_3号螺栓.SLDPRT
				/*	5:location	*/	0.997812	0.066117	2.46519E-32	0.0	0.066117	-0.997812	2.23408E-32	0.0	-2.46519E-32	-2.6038E-31	-1.0	0.0	-0.250785	0.286227	0.027	1.0
				/*	5:child_number	*/	0
				/*	5:name	*/	60M,62M鱼腹式(左端)-1/40M鱼腹式梁端(右单片)(X3,左右F1)-1/1f(右内B1)-1/LS3_3号螺栓-2
				/*	5:type	*/	零件\LS3_3号螺栓.SLDPRT
				/*	5:location	*/	0.997812	0.066117	2.46519E-32	0.0	0.066117	-0.997812	2.23408E-32	0.0	-2.46519E-32	-2.6038E-31	-1.0	0.0	-0.250785	0.0962268	0.027	1.0
				/*	5:child_number	*/	0
				/*	5:name	*/	60M,62M鱼腹式(左端)-1/40M鱼腹式梁端(右单片)(X3,左右F1)-1/1f(右内B1)-1/LS3_3号螺栓-3
				/*	5:type	*/	零件\LS3_3号螺栓.SLDPRT
				/*	5:location	*/	0.997812	0.066117	2.46519E-32	0.0	0.066117	-0.997812	2.23408E-32	0.0	-2.46519E-32	-2.6038E-31	-1.0	0.0	-0.150785	0.286227	0.027	1.0
				/*	5:child_number	*/	0
				/*	5:name	*/	60M,62M鱼腹式(左端)-1/40M鱼腹式梁端(右单片)(X3,左右F1)-1/1f(右内B1)-1/LS3_3号螺栓-4
				/*	5:type	*/	零件\LS3_3号螺栓.SLDPRT
				/*	5:location	*/	0.997812	0.066117	2.46519E-32	0.0	0.066117	-0.997812	2.23408E-32	0.0	-2.46519E-32	-2.6038E-31	-1.0	0.0	-0.150785	0.0962268	0.027	1.0
				/*	5:child_number	*/	0
				/*	5:name	*/	60M,62M鱼腹式(左端)-1/40M鱼腹式梁端(右单片)(X3,左右F1)-1/1f(右内B1)-1/LS3_3号螺栓-5
				/*	5:type	*/	零件\LS3_3号螺栓.SLDPRT
				/*	5:location	*/	0.997812	0.066117	2.46519E-32	0.0	0.066117	-0.997812	2.23408E-32	0.0	-2.46519E-32	-2.6038E-31	-1.0	0.0	0.269215	0.0962268	0.027	1.0
				/*	5:child_number	*/	0
				/*	5:name	*/	60M,62M鱼腹式(左端)-1/40M鱼腹式梁端(右单片)(X3,左右F1)-1/1f(右内B1)-1/LS3_3号螺栓-6
				/*	5:type	*/	零件\LS3_3号螺栓.SLDPRT
				/*	5:location	*/	0.997812	0.066117	2.46519E-32	0.0	0.066117	-0.997812	2.23408E-32	0.0	-2.46519E-32	-2.6038E-31	-1.0	0.0	0.169215	0.0962268	0.027	1.0
				/*	5:child_number	*/	0
				/*	5:name	*/	60M,62M鱼腹式(左端)-1/40M鱼腹式梁端(右单片)(X3,左右F1)-1/1f(右内B1)-1/LS3_3号螺栓-7
				/*	5:type	*/	零件\LS3_3号螺栓.SLDPRT
				/*	5:location	*/	0.997812	0.066117	2.46519E-32	0.0	0.066117	-0.997812	2.23408E-32	0.0	-2.46519E-32	-2.6038E-31	-1.0	0.0	0.269215	0.286227	0.027	1.0
				/*	5:child_number	*/	0
				/*	5:name	*/	60M,62M鱼腹式(左端)-1/40M鱼腹式梁端(右单片)(X3,左右F1)-1/1f(右内B1)-1/LS3_3号螺栓-8
				/*	5:type	*/	零件\LS3_3号螺栓.SLDPRT
				/*	5:location	*/	0.997812	0.066117	2.46519E-32	0.0	0.066117	-0.997812	2.23408E-32	0.0	-2.46519E-32	-2.6038E-31	-1.0	0.0	0.169215	0.286227	0.027	1.0
				/*	5:child_number	*/	0
			/*	4:name	*/	60M,62M鱼腹式(左端)-1/40M鱼腹式梁端(右单片)(X3,左右F1)-1/1f(右外B1)-1
			/*	4:type	*/	上承式梁\公共组件\梁端\鱼腹式梁端\带螺栓零件\1f(右外B1).SLDASM
			/*	4:location	*/	-1.97215E-31	-3.88578E-16	-1.0	0.0	-3.17207E-16	1.0	-3.88578E-16	0.0	1.0	3.17207E-16	-3.17933E-31	0.0	0.158871	-0.161083	-0.102781	1.0
			/*	4:child_number	*/	21
				/*	5:name	*/	60M,62M鱼腹式(左端)-1/40M鱼腹式梁端(右单片)(X3,左右F1)-1/1f(右外B1)-1/B1_节点板-1
				/*	5:type	*/	零件\B1_节点板.SLDPRT
				/*	5:location	*/	1.0	0.0	0.0	0.0	0.0	1.0	1.24529E-46	0.0	0.0	1.23542E-46	1.0	0.0	-0.491106	-0.0367613	-0.008	1.0
				/*	5:child_number	*/	0
				/*	5:name	*/	60M,62M鱼腹式(左端)-1/40M鱼腹式梁端(右单片)(X3,左右F1)-1/1f(右外B1)-1/LS2_2号螺栓-20
				/*	5:type	*/	零件\LS2_2号螺栓.SLDPRT
				/*	5:location	*/	0.997812	0.066117	-7.01238E-34	0.0	0.066117	-0.997812	2.11888E-32	0.0	0.0	-1.23542E-46	-1.0	0.0	-0.43554	-0.152805	0.027	1.0
				/*	5:child_number	*/	0
				/*	5:name	*/	60M,62M鱼腹式(左端)-1/40M鱼腹式梁端(右单片)(X3,左右F1)-1/1f(右外B1)-1/LS2_2号螺栓-21
				/*	5:type	*/	零件\LS2_2号螺栓.SLDPRT
				/*	5:location	*/	0.997812	0.066117	-7.01238E-34	0.0	0.066117	-0.997812	2.11888E-32	0.0	0.0	-1.23542E-46	-1.0	0.0	-0.354214	-0.064566	0.027	1.0
				/*	5:child_number	*/	0
				/*	5:name	*/	60M,62M鱼腹式(左端)-1/40M鱼腹式梁端(右单片)(X3,左右F1)-1/1f(右外B1)-1/LS3_3号螺栓-1
				/*	5:type	*/	零件\LS3_3号螺栓.SLDPRT
				/*	5:location	*/	0.997812	0.066117	-7.01238E-34	0.0	0.066117	-0.997812	2.11888E-32	0.0	0.0	-1.23542E-46	-1.0	0.0	-0.362781	0.303239	0.027	1.0
				/*	5:child_number	*/	0
				/*	5:name	*/	60M,62M鱼腹式(左端)-1/40M鱼腹式梁端(右单片)(X3,左右F1)-1/1f(右外B1)-1/LS3_3号螺栓-10
				/*	5:type	*/	零件\LS3_3号螺栓.SLDPRT
				/*	5:location	*/	0.997812	0.066117	-7.01238E-34	0.0	0.066117	-0.997812	2.11888E-32	0.0	0.0	-1.23542E-46	-1.0	0.0	0.157219	0.303239	0.027	1.0
				/*	5:child_number	*/	0
				/*	5:name	*/	60M,62M鱼腹式(左端)-1/40M鱼腹式梁端(右单片)(X3,左右F1)-1/1f(右外B1)-1/LS3_3号螺栓-11
				/*	5:type	*/	零件\LS3_3号螺栓.SLDPRT
				/*	5:location	*/	0.997812	0.066117	-7.01238E-34	0.0	0.066117	-0.997812	2.11888E-32	0.0	0.0	-1.23542E-46	-1.0	0.0	0.0572194	0.303239	0.027	1.0
				/*	5:child_number	*/	0
				/*	5:name	*/	60M,62M鱼腹式(左端)-1/40M鱼腹式梁端(右单片)(X3,左右F1)-1/1f(右外B1)-1/LS3_3号螺栓-12
				/*	5:type	*/	零件\LS3_3号螺栓.SLDPRT
				/*	5:location	*/	0.997812	0.066117	-7.01238E-34	0.0	0.066117	-0.997812	2.11888E-32	0.0	0.0	-1.23542E-46	-1.0	0.0	-0.0427806	0.303239	0.027	1.0
				/*	5:child_number	*/	0
				/*	5:name	*/	60M,62M鱼腹式(左端)-1/40M鱼腹式梁端(右单片)(X3,左右F1)-1/1f(右外B1)-1/LS3_3号螺栓-13
				/*	5:type	*/	零件\LS3_3号螺栓.SLDPRT
				/*	5:location	*/	0.997812	0.066117	-7.01238E-34	0.0	0.066117	-0.997812	2.11888E-32	0.0	0.0	-1.23542E-46	-1.0	0.0	-0.197781	-0.0217613	0.027	1.0
				/*	5:child_number	*/	0
				/*	5:name	*/	60M,62M鱼腹式(左端)-1/40M鱼腹式梁端(右单片)(X3,左右F1)-1/1f(右外B1)-1/LS3_3号螺栓-14
				/*	5:type	*/	零件\LS3_3号螺栓.SLDPRT
				/*	5:location	*/	0.997812	0.066117	-7.01238E-34	0.0	0.066117	-0.997812	2.11888E-32	0.0	0.0	-1.23542E-46	-1.0	0.0	-0.197781	-0.121761	0.027	1.0
				/*	5:child_number	*/	0
				/*	5:name	*/	60M,62M鱼腹式(左端)-1/40M鱼腹式梁端(右单片)(X3,左右F1)-1/1f(右外B1)-1/LS3_3号螺栓-15
				/*	5:type	*/	零件\LS3_3号螺栓.SLDPRT
				/*	5:location	*/	0.997812	0.066117	-7.01238E-34	0.0	0.066117	-0.997812	2.11888E-32	0.0	0.0	-1.23542E-46	-1.0	0.0	-0.197781	-0.221761	0.027	1.0
				/*	5:child_number	*/	0
				/*	5:name	*/	60M,62M鱼腹式(左端)-1/40M鱼腹式梁端(右单片)(X3,左右F1)-1/1f(右外B1)-1/LS3_3号螺栓-16
				/*	5:type	*/	零件\LS3_3号螺栓.SLDPRT
				/*	5:location	*/	0.997812	0.066117	-7.01238E-34	0.0	0.066117	-0.997812	2.11888E-32	0.0	0.0	-1.23542E-46	-1.0	0.0	-0.00778063	-0.0217613	0.027	1.0
				/*	5:child_number	*/	0
				/*	5:name	*/	60M,62M鱼腹式(左端)-1/40M鱼腹式梁端(右单片)(X3,左右F1)-1/1f(右外B1)-1/LS3_3号螺栓-17
				/*	5:type	*/	零件\LS3_3号螺栓.SLDPRT
				/*	5:location	*/	0.997812	0.066117	-7.01238E-34	0.0	0.066117	-0.997812	2.11888E-32	0.0	0.0	-1.23542E-46	-1.0	0.0	-0.00778063	-0.121761	0.027	1.0
				/*	5:child_number	*/	0
				/*	5:name	*/	60M,62M鱼腹式(左端)-1/40M鱼腹式梁端(右单片)(X3,左右F1)-1/1f(右外B1)-1/LS3_3号螺栓-18
				/*	5:type	*/	零件\LS3_3号螺栓.SLDPRT
				/*	5:location	*/	0.997812	0.066117	-7.01238E-34	0.0	0.066117	-0.997812	2.11888E-32	0.0	0.0	-1.23542E-46	-1.0	0.0	-0.00778063	-0.221761	0.027	1.0
				/*	5:child_number	*/	0
				/*	5:name	*/	60M,62M鱼腹式(左端)-1/40M鱼腹式梁端(右单片)(X3,左右F1)-1/1f(右外B1)-1/LS3_3号螺栓-2
				/*	5:type	*/	零件\LS3_3号螺栓.SLDPRT
				/*	5:location	*/	0.997812	0.066117	-7.01238E-34	0.0	0.066117	-0.997812	2.11888E-32	0.0	0.0	-1.23542E-46	-1.0	0.0	-0.362781	0.113239	0.027	1.0
				/*	5:child_number	*/	0
				/*	5:name	*/	60M,62M鱼腹式(左端)-1/40M鱼腹式梁端(右单片)(X3,左右F1)-1/1f(右外B1)-1/LS3_3号螺栓-3
				/*	5:type	*/	零件\LS3_3号螺栓.SLDPRT
				/*	5:location	*/	0.997812	0.066117	-7.01238E-34	0.0	0.066117	-0.997812	2.11888E-32	0.0	0.0	-1.23542E-46	-1.0	0.0	-0.262781	0.303239	0.027	1.0
				/*	5:child_number	*/	0
				/*	5:name	*/	60M,62M鱼腹式(左端)-1/40M鱼腹式梁端(右单片)(X3,左右F1)-1/1f(右外B1)-1/LS3_3号螺栓-4
				/*	5:type	*/	零件\LS3_3号螺栓.SLDPRT
				/*	5:location	*/	0.997812	0.066117	-7.01238E-34	0.0	0.066117	-0.997812	2.11888E-32	0.0	0.0	-1.23542E-46	-1.0	0.0	-0.262781	0.113239	0.027	1.0
				/*	5:child_number	*/	0
				/*	5:name	*/	60M,62M鱼腹式(左端)-1/40M鱼腹式梁端(右单片)(X3,左右F1)-1/1f(右外B1)-1/LS3_3号螺栓-5
				/*	5:type	*/	零件\LS3_3号螺栓.SLDPRT
				/*	5:location	*/	0.997812	0.066117	-7.01238E-34	0.0	0.066117	-0.997812	2.11888E-32	0.0	0.0	-1.23542E-46	-1.0	0.0	-0.162781	0.303239	0.027	1.0
				/*	5:child_number	*/	0
				/*	5:name	*/	60M,62M鱼腹式(左端)-1/40M鱼腹式梁端(右单片)(X3,左右F1)-1/1f(右外B1)-1/LS3_3号螺栓-6
				/*	5:type	*/	零件\LS3_3号螺栓.SLDPRT
				/*	5:location	*/	0.997812	0.066117	-7.01238E-34	0.0	0.066117	-0.997812	2.11888E-32	0.0	0.0	-1.23542E-46	-1.0	0.0	-0.162781	0.113239	0.027	1.0
				/*	5:child_number	*/	0
				/*	5:name	*/	60M,62M鱼腹式(左端)-1/40M鱼腹式梁端(右单片)(X3,左右F1)-1/1f(右外B1)-1/LS3_3号螺栓-7
				/*	5:type	*/	零件\LS3_3号螺栓.SLDPRT
				/*	5:location	*/	0.997812	0.066117	-7.01238E-34	0.0	0.066117	-0.997812	2.11888E-32	0.0	0.0	-1.23542E-46	-1.0	0.0	-0.0427806	0.113239	0.027	1.0
				/*	5:child_number	*/	0
				/*	5:name	*/	60M,62M鱼腹式(左端)-1/40M鱼腹式梁端(右单片)(X3,左右F1)-1/1f(右外B1)-1/LS3_3号螺栓-8
				/*	5:type	*/	零件\LS3_3号螺栓.SLDPRT
				/*	5:location	*/	0.997812	0.066117	-7.01238E-34	0.0	0.066117	-0.997812	2.11888E-32	0.0	0.0	-1.23542E-46	-1.0	0.0	0.0572194	0.113239	0.027	1.0
				/*	5:child_number	*/	0
				/*	5:name	*/	60M,62M鱼腹式(左端)-1/40M鱼腹式梁端(右单片)(X3,左右F1)-1/1f(右外B1)-1/LS3_3号螺栓-9
				/*	5:type	*/	零件\LS3_3号螺栓.SLDPRT
				/*	5:location	*/	0.997812	0.066117	-7.01238E-34	0.0	0.066117	-0.997812	2.11888E-32	0.0	0.0	-1.23542E-46	-1.0	0.0	0.157219	0.113239	0.027	1.0
				/*	5:child_number	*/	0
			/*	4:name	*/	60M,62M鱼腹式(左端)-1/40M鱼腹式梁端(右单片)(X3,左右F1)-1/1g''(右内B1)-1
			/*	4:type	*/	上承式梁\公共组件\梁端\鱼腹式梁端\带螺栓零件\1g''(右内B1).SLDASM
			/*	4:location	*/	-2.30624E-16	3.16414E-15	-1.0	0.0	-1.9362E-16	-1.0	-3.16414E-15	0.0	-1.0	1.9362E-16	2.30624E-16	0.0	-0.237129	-4.09736	-0.092857	1.0
			/*	4:child_number	*/	25
				/*	5:name	*/	60M,62M鱼腹式(左端)-1/40M鱼腹式梁端(右单片)(X3,左右F1)-1/1g''(右内B1)-1/B1_节点板-1
				/*	5:type	*/	零件\B1_节点板.SLDPRT
				/*	5:location	*/	1.0	0.0	0.0	0.0	0.0	1.0	9.8324E-33	0.0	0.0	9.8324E-33	1.0	0.0	-0.481182	-0.0495202	-0.008	1.0
				/*	5:child_number	*/	0
				/*	5:name	*/	60M,62M鱼腹式(左端)-1/40M鱼腹式梁端(右单片)(X3,左右F1)-1/1g''(右内B1)-1/LS2_2号螺栓-19
				/*	5:type	*/	零件\LS2_2号螺栓.SLDPRT
				/*	5:location	*/	0.997812	0.066117	0.0	0.0	0.066117	-0.997812	-3.08149E-33	0.0	0.0	2.12035E-31	-1.0	0.0	0.335714	-0.158854	0.027	1.0
				/*	5:child_number	*/	0
				/*	5:name	*/	60M,62M鱼腹式(左端)-1/40M鱼腹式梁端(右单片)(X3,左右F1)-1/1g''(右内B1)-1/LS2_2号螺栓-20
				/*	5:type	*/	零件\LS2_2号螺栓.SLDPRT
				/*	5:location	*/	0.997812	0.066117	0.0	0.0	0.066117	-0.997812	-3.08149E-33	0.0	0.0	2.12035E-31	-1.0	0.0	0.225416	-0.260512	0.027	1.0
				/*	5:child_number	*/	0
				/*	5:name	*/	60M,62M鱼腹式(左端)-1/40M鱼腹式梁端(右单片)(X3,左右F1)-1/1g''(右内B1)-1/LS2_2号螺栓-21
				/*	5:type	*/	零件\LS2_2号螺栓.SLDPRT
				/*	5:location	*/	0.997812	0.066117	0.0	0.0	0.066117	-0.997812	-3.08149E-33	0.0	0.0	2.12035E-31	-1.0	0.0	0.254388	-0.0706156	0.027	1.0
				/*	5:child_number	*/	0
				/*	5:name	*/	60M,62M鱼腹式(左端)-1/40M鱼腹式梁端(右单片)(X3,左右F1)-1/1g''(右内B1)-1/LS2_2号螺栓-22
				/*	5:type	*/	零件\LS2_2号螺栓.SLDPRT
				/*	5:location	*/	0.997812	0.066117	0.0	0.0	0.066117	-0.997812	-3.08149E-33	0.0	0.0	2.12035E-31	-1.0	0.0	0.14409	-0.172273	0.027	1.0
				/*	5:child_number	*/	0
				/*	5:name	*/	60M,62M鱼腹式(左端)-1/40M鱼腹式梁端(右单片)(X3,左右F1)-1/1g''(右内B1)-1/LS2_2号螺栓-24
				/*	5:type	*/	零件\LS2_2号螺栓.SLDPRT
				/*	5:location	*/	0.441647	0.897189	1.2326E-32	0.0	0.897189	-0.441647	2.46519E-32	0.0	4.93038E-32	2.12035E-31	-1.0	0.0	-0.41113	-0.260512	0.027	1.0
				/*	5:child_number	*/	0
				/*	5:name	*/	60M,62M鱼腹式(左端)-1/40M鱼腹式梁端(右单片)(X3,左右F1)-1/1g''(右内B1)-1/LS2_2号螺栓-25
				/*	5:type	*/	零件\LS2_2号螺栓.SLDPRT
				/*	5:location	*/	0.441647	0.897189	-2.46519E-32	0.0	0.897189	-0.441647	0.0	0.0	0.0	-9.8324E-33	-1.0	0.0	-0.440102	-0.0706156	0.027	1.0
				/*	5:child_number	*/	0
				/*	5:name	*/	60M,62M鱼腹式(左端)-1/40M鱼腹式梁端(右单片)(X3,左右F1)-1/1g''(右内B1)-1/LS2_2号螺栓-26
				/*	5:type	*/	零件\LS2_2号螺栓.SLDPRT
				/*	5:location	*/	0.441647	0.897189	1.2326E-32	0.0	0.897189	-0.441647	2.46519E-32	0.0	4.93038E-32	2.12035E-31	-1.0	0.0	-0.329804	-0.172273	0.027	1.0
				/*	5:child_number	*/	0
				/*	5:name	*/	60M,62M鱼腹式(左端)-1/40M鱼腹式梁端(右单片)(X3,左右F1)-1/1g''(右内B1)-1/LS2_2号螺栓-31
				/*	5:type	*/	零件\LS2_2号螺栓.SLDPRT
				/*	5:location	*/	0.441647	0.897189	1.2326E-32	0.0	0.897189	-0.441647	0.0	0.0	0.0	2.36687E-31	-1.0	0.0	0.167143	0.29048	0.027	1.0
				/*	5:child_number	*/	0
				/*	5:name	*/	60M,62M鱼腹式(左端)-1/40M鱼腹式梁端(右单片)(X3,左右F1)-1/1g''(右内B1)-1/LS2_2号螺栓-32
				/*	5:type	*/	零件\LS2_2号螺栓.SLDPRT
				/*	5:location	*/	0.441647	0.897189	1.2326E-32	0.0	0.897189	-0.441647	0.0	0.0	0.0	2.36687E-31	-1.0	0.0	-0.352857	0.29048	0.027	1.0
				/*	5:child_number	*/	0
				/*	5:name	*/	60M,62M鱼腹式(左端)-1/40M鱼腹式梁端(右单片)(X3,左右F1)-1/1g''(右内B1)-1/LS2_2号螺栓-37
				/*	5:type	*/	零件\LS2_2号螺栓.SLDPRT
				/*	5:location	*/	0.441647	0.897189	1.2326E-32	0.0	0.897189	-0.441647	0.0	0.0	0.0	2.36687E-31	-1.0	0.0	-0.252857	0.29048	0.027	1.0
				/*	5:child_number	*/	0
				/*	5:name	*/	60M,62M鱼腹式(左端)-1/40M鱼腹式梁端(右单片)(X3,左右F1)-1/1g''(右内B1)-1/LS2_2号螺栓-38
				/*	5:type	*/	零件\LS2_2号螺栓.SLDPRT
				/*	5:location	*/	0.441647	0.897189	1.2326E-32	0.0	0.897189	-0.441647	0.0	0.0	0.0	2.36687E-31	-1.0	0.0	-0.152857	0.29048	0.027	1.0
				/*	5:child_number	*/	0
				/*	5:name	*/	60M,62M鱼腹式(左端)-1/40M鱼腹式梁端(右单片)(X3,左右F1)-1/1g''(右内B1)-1/LS2_2号螺栓-39
				/*	5:type	*/	零件\LS2_2号螺栓.SLDPRT
				/*	5:location	*/	0.441647	0.897189	1.2326E-32	0.0	0.897189	-0.441647	0.0	0.0	0.0	2.36687E-31	-1.0	0.0	0.167143	0.10048	0.027	1.0
				/*	5:child_number	*/	0
				/*	5:name	*/	60M,62M鱼腹式(左端)-1/40M鱼腹式梁端(右单片)(X3,左右F1)-1/1g''(右内B1)-1/LS2_2号螺栓-40
				/*	5:type	*/	零件\LS2_2号螺栓.SLDPRT
				/*	5:location	*/	0.441647	0.897189	1.2326E-32	0.0	0.897189	-0.441647	0.0	0.0	0.0	2.36687E-31	-1.0	0.0	-0.352857	0.10048	0.027	1.0
				/*	5:child_number	*/	0
				/*	5:name	*/	60M,62M鱼腹式(左端)-1/40M鱼腹式梁端(右单片)(X3,左右F1)-1/1g''(右内B1)-1/LS2_2号螺栓-41
				/*	5:type	*/	零件\LS2_2号螺栓.SLDPRT
				/*	5:location	*/	0.441647	0.897189	1.2326E-32	0.0	0.897189	-0.441647	0.0	0.0	0.0	2.36687E-31	-1.0	0.0	0.067143	0.29048	0.027	1.0
				/*	5:child_number	*/	0
				/*	5:name	*/	60M,62M鱼腹式(左端)-1/40M鱼腹式梁端(右单片)(X3,左右F1)-1/1g''(右内B1)-1/LS2_2号螺栓-42
				/*	5:type	*/	零件\LS2_2号螺栓.SLDPRT
				/*	5:location	*/	0.441647	0.897189	1.2326E-32	0.0	0.897189	-0.441647	0.0	0.0	0.0	2.36687E-31	-1.0	0.0	-0.032857	0.29048	0.027	1.0
				/*	5:child_number	*/	0
				/*	5:name	*/	60M,62M鱼腹式(左端)-1/40M鱼腹式梁端(右单片)(X3,左右F1)-1/1g''(右内B1)-1/LS2_2号螺栓-43
				/*	5:type	*/	零件\LS2_2号螺栓.SLDPRT
				/*	5:location	*/	-0.556165	0.831072	-2.46519E-32	0.0	0.831072	0.556165	2.46519E-32	0.0	0.0	-9.8324E-33	-1.0	0.0	-0.521428	-0.158854	0.027	1.0
				/*	5:child_number	*/	0
				/*	5:name	*/	60M,62M鱼腹式(左端)-1/40M鱼腹式梁端(右单片)(X3,左右F1)-1/1g''(右内B1)-1/LS2_2号螺栓-44
				/*	5:type	*/	零件\LS2_2号螺栓.SLDPRT
				/*	5:location	*/	-0.831072	-0.556165	-4.93038E-32	0.0	-0.556165	0.831072	-2.46519E-32	0.0	4.93038E-32	2.36687E-31	-1.0	0.0	-0.425616	-0.165564	0.027	1.0
				/*	5:child_number	*/	0
				/*	5:name	*/	60M,62M鱼腹式(左端)-1/40M鱼腹式梁端(右单片)(X3,左右F1)-1/1g''(右内B1)-1/LS2_2号螺栓-45
				/*	5:type	*/	零件\LS2_2号螺栓.SLDPRT
				/*	5:location	*/	-0.831072	-0.556165	-2.46519E-32	0.0	-0.556165	0.831072	-2.46519E-32	0.0	0.0	2.12035E-31	-1.0	0.0	-0.34429	-0.077325	0.027	1.0
				/*	5:child_number	*/	0
				/*	5:name	*/	60M,62M鱼腹式(左端)-1/40M鱼腹式梁端(右单片)(X3,左右F1)-1/1g''(右内B1)-1/LS2_2号螺栓-46
				/*	5:type	*/	零件\LS2_2号螺栓.SLDPRT
				/*	5:location	*/	-0.831072	-0.556165	-4.93038E-32	0.0	-0.556165	0.831072	-2.46519E-32	0.0	0.0	2.12035E-31	-1.0	0.0	0.158576	-0.077325	0.027	1.0
				/*	5:child_number	*/	0
				/*	5:name	*/	60M,62M鱼腹式(左端)-1/40M鱼腹式梁端(右单片)(X3,左右F1)-1/1g''(右内B1)-1/LS2_2号螺栓-47
				/*	5:type	*/	零件\LS2_2号螺栓.SLDPRT
				/*	5:location	*/	-0.831072	-0.556165	-4.93038E-32	0.0	-0.556165	0.831072	-2.46519E-32	0.0	0.0	2.12035E-31	-1.0	0.0	0.239902	-0.165564	0.027	1.0
				/*	5:child_number	*/	0
				/*	5:name	*/	60M,62M鱼腹式(左端)-1/40M鱼腹式梁端(右单片)(X3,左右F1)-1/1g''(右内B1)-1/LS3_3号螺栓-27
				/*	5:type	*/	零件\LS3_3号螺栓.SLDPRT
				/*	5:location	*/	0.556165	-0.831072	2.46519E-32	0.0	-0.831072	-0.556165	0.0	0.0	0.0	2.12035E-31	-1.0	0.0	0.00214301	-0.13452	0.027	1.0
				/*	5:child_number	*/	0
				/*	5:name	*/	60M,62M鱼腹式(左端)-1/40M鱼腹式梁端(右单片)(X3,左右F1)-1/1g''(右内B1)-1/LS3_3号螺栓-28
				/*	5:type	*/	零件\LS3_3号螺栓.SLDPRT
				/*	5:location	*/	0.556165	-0.831072	2.46519E-32	0.0	-0.831072	-0.556165	0.0	0.0	0.0	2.12035E-31	-1.0	0.0	0.00214301	-0.23452	0.027	1.0
				/*	5:child_number	*/	0
				/*	5:name	*/	60M,62M鱼腹式(左端)-1/40M鱼腹式梁端(右单片)(X3,左右F1)-1/1g''(右内B1)-1/LS3_3号螺栓-29
				/*	5:type	*/	零件\LS3_3号螺栓.SLDPRT
				/*	5:location	*/	0.556165	-0.831072	2.46519E-32	0.0	-0.831072	-0.556165	0.0	0.0	0.0	2.12035E-31	-1.0	0.0	-0.187857	-0.13452	0.027	1.0
				/*	5:child_number	*/	0
				/*	5:name	*/	60M,62M鱼腹式(左端)-1/40M鱼腹式梁端(右单片)(X3,左右F1)-1/1g''(右内B1)-1/LS3_3号螺栓-30
				/*	5:type	*/	零件\LS3_3号螺栓.SLDPRT
				/*	5:location	*/	0.556165	-0.831072	2.46519E-32	0.0	-0.831072	-0.556165	0.0	0.0	0.0	2.12035E-31	-1.0	0.0	-0.187857	-0.23452	0.027	1.0
				/*	5:child_number	*/	0
			/*	4:name	*/	60M,62M鱼腹式(左端)-1/40M鱼腹式梁端(右单片)(X3,左右F1)-1/1g''(右外B1)-1
			/*	4:type	*/	上承式梁\公共组件\梁端\鱼腹式梁端\带螺栓零件\1g''(右外B1).SLDASM
			/*	4:location	*/	1.31497E-16	8.88178E-16	1.0	0.0	-1.9362E-16	-1.0	8.88178E-16	0.0	1.0	-1.9362E-16	-1.31497E-16	0.0	0.158871	-4.09736	0.092857	1.0
			/*	4:child_number	*/	31
				/*	5:name	*/	60M,62M鱼腹式(左端)-1/40M鱼腹式梁端(右单片)(X3,左右F1)-1/1g''(右外B1)-1/B1_节点板-1
				/*	5:type	*/	零件\B1_节点板.SLDPRT
				/*	5:location	*/	1.0	0.0	0.0	0.0	0.0	1.0	6.46703E-33	0.0	0.0	6.46703E-33	1.0	0.0	-0.481182	-0.0495202	-0.008	1.0
				/*	5:child_number	*/	0
				/*	5:name	*/	60M,62M鱼腹式(左端)-1/40M鱼腹式梁端(右单片)(X3,左右F1)-1/1g''(右外B1)-1/LS2_2号螺栓-19
				/*	5:type	*/	零件\LS2_2号螺栓.SLDPRT
				/*	5:location	*/	0.997812	0.066117	0.0	0.0	0.066117	-0.997812	-2.15704E-32	0.0	0.0	-6.46703E-33	-1.0	0.0	0.335714	-0.158854	0.027	1.0
				/*	5:child_number	*/	0
				/*	5:name	*/	60M,62M鱼腹式(左端)-1/40M鱼腹式梁端(右单片)(X3,左右F1)-1/1g''(右外B1)-1/LS2_2号螺栓-20
				/*	5:type	*/	零件\LS2_2号螺栓.SLDPRT
				/*	5:location	*/	0.997812	0.066117	0.0	0.0	0.066117	-0.997812	-2.15704E-32	0.0	0.0	-6.46703E-33	-1.0	0.0	0.225416	-0.260512	0.027	1.0
				/*	5:child_number	*/	0
				/*	5:name	*/	60M,62M鱼腹式(左端)-1/40M鱼腹式梁端(右单片)(X3,左右F1)-1/1g''(右外B1)-1/LS2_2号螺栓-21
				/*	5:type	*/	零件\LS2_2号螺栓.SLDPRT
				/*	5:location	*/	0.997812	0.066117	0.0	0.0	0.066117	-0.997812	-2.15704E-32	0.0	0.0	-6.46703E-33	-1.0	0.0	0.254388	-0.0706156	0.027	1.0
				/*	5:child_number	*/	0
				/*	5:name	*/	60M,62M鱼腹式(左端)-1/40M鱼腹式梁端(右单片)(X3,左右F1)-1/1g''(右外B1)-1/LS2_2号螺栓-22
				/*	5:type	*/	零件\LS2_2号螺栓.SLDPRT
				/*	5:location	*/	0.997812	0.066117	0.0	0.0	0.066117	-0.997812	-2.15704E-32	0.0	0.0	-6.46703E-33	-1.0	0.0	0.14409	-0.172273	0.027	1.0
				/*	5:child_number	*/	0
				/*	5:name	*/	60M,62M鱼腹式(左端)-1/40M鱼腹式梁端(右单片)(X3,左右F1)-1/1g''(右外B1)-1/LS2_2号螺栓-24
				/*	5:type	*/	零件\LS2_2号螺栓.SLDPRT
				/*	5:location	*/	0.441647	0.897189	-1.2326E-32	0.0	0.897189	-0.441647	2.46519E-32	0.0	0.0	-6.46703E-33	-1.0	0.0	-0.41113	-0.260512	0.027	1.0
				/*	5:child_number	*/	0
				/*	5:name	*/	60M,62M鱼腹式(左端)-1/40M鱼腹式梁端(右单片)(X3,左右F1)-1/1g''(右外B1)-1/LS2_2号螺栓-25
				/*	5:type	*/	零件\LS2_2号螺栓.SLDPRT
				/*	5:location	*/	0.441647	0.897189	0.0	0.0	0.897189	-0.441647	0.0	0.0	0.0	-6.46703E-33	-1.0	0.0	-0.440102	-0.0706156	0.027	1.0
				/*	5:child_number	*/	0
				/*	5:name	*/	60M,62M鱼腹式(左端)-1/40M鱼腹式梁端(右单片)(X3,左右F1)-1/1g''(右外B1)-1/LS2_2号螺栓-26
				/*	5:type	*/	零件\LS2_2号螺栓.SLDPRT
				/*	5:location	*/	0.441647	0.897189	-1.2326E-32	0.0	0.897189	-0.441647	2.46519E-32	0.0	0.0	-6.46703E-33	-1.0	0.0	-0.329804	-0.172273	0.027	1.0
				/*	5:child_number	*/	0
				/*	5:name	*/	60M,62M鱼腹式(左端)-1/40M鱼腹式梁端(右单片)(X3,左右F1)-1/1g''(右外B1)-1/LS2_2号螺栓-45
				/*	5:type	*/	零件\LS2_2号螺栓.SLDPRT
				/*	5:location	*/	0.441647	0.897189	0.0	0.0	0.897189	-0.441647	0.0	0.0	0.0	-6.46703E-33	-1.0	0.0	0.167143	0.29048	0.027	1.0
				/*	5:child_number	*/	0
				/*	5:name	*/	60M,62M鱼腹式(左端)-1/40M鱼腹式梁端(右单片)(X3,左右F1)-1/1g''(右外B1)-1/LS2_2号螺栓-46
				/*	5:type	*/	零件\LS2_2号螺栓.SLDPRT
				/*	5:location	*/	0.441647	0.897189	0.0	0.0	0.897189	-0.441647	0.0	0.0	0.0	-6.46703E-33	-1.0	0.0	0.067143	0.29048	0.027	1.0
				/*	5:child_number	*/	0
				/*	5:name	*/	60M,62M鱼腹式(左端)-1/40M鱼腹式梁端(右单片)(X3,左右F1)-1/1g''(右外B1)-1/LS2_2号螺栓-52
				/*	5:type	*/	零件\LS2_2号螺栓.SLDPRT
				/*	5:location	*/	0.441647	0.897189	0.0	0.0	0.897189	-0.441647	0.0	0.0	0.0	-6.46703E-33	-1.0	0.0	-0.252857	0.29048	0.027	1.0
				/*	5:child_number	*/	0
				/*	5:name	*/	60M,62M鱼腹式(左端)-1/40M鱼腹式梁端(右单片)(X3,左右F1)-1/1g''(右外B1)-1/LS2_2号螺栓-53
				/*	5:type	*/	零件\LS2_2号螺栓.SLDPRT
				/*	5:location	*/	0.441647	0.897189	0.0	0.0	0.897189	-0.441647	0.0	0.0	0.0	-6.46703E-33	-1.0	0.0	-0.032857	0.29048	0.027	1.0
				/*	5:child_number	*/	0
				/*	5:name	*/	60M,62M鱼腹式(左端)-1/40M鱼腹式梁端(右单片)(X3,左右F1)-1/1g''(右外B1)-1/LS2_2号螺栓-54
				/*	5:type	*/	零件\LS2_2号螺栓.SLDPRT
				/*	5:location	*/	0.441647	0.897189	0.0	0.0	0.897189	-0.441647	0.0	0.0	0.0	-6.46703E-33	-1.0	0.0	-0.352857	0.29048	0.027	1.0
				/*	5:child_number	*/	0
				/*	5:name	*/	60M,62M鱼腹式(左端)-1/40M鱼腹式梁端(右单片)(X3,左右F1)-1/1g''(右外B1)-1/LS2_2号螺栓-55
				/*	5:type	*/	零件\LS2_2号螺栓.SLDPRT
				/*	5:location	*/	0.441647	0.897189	0.0	0.0	0.897189	-0.441647	0.0	0.0	0.0	-6.46703E-33	-1.0	0.0	0.167143	0.10048	0.027	1.0
				/*	5:child_number	*/	0
				/*	5:name	*/	60M,62M鱼腹式(左端)-1/40M鱼腹式梁端(右单片)(X3,左右F1)-1/1g''(右外B1)-1/LS2_2号螺栓-56
				/*	5:type	*/	零件\LS2_2号螺栓.SLDPRT
				/*	5:location	*/	0.441647	0.897189	0.0	0.0	0.897189	-0.441647	0.0	0.0	0.0	-6.46703E-33	-1.0	0.0	-0.152857	0.10048	0.027	1.0
				/*	5:child_number	*/	0
				/*	5:name	*/	60M,62M鱼腹式(左端)-1/40M鱼腹式梁端(右单片)(X3,左右F1)-1/1g''(右外B1)-1/LS2_2号螺栓-57
				/*	5:type	*/	零件\LS2_2号螺栓.SLDPRT
				/*	5:location	*/	0.441647	0.897189	0.0	0.0	0.897189	-0.441647	0.0	0.0	0.0	-6.46703E-33	-1.0	0.0	0.067143	0.10048	0.027	1.0
				/*	5:child_number	*/	0
				/*	5:name	*/	60M,62M鱼腹式(左端)-1/40M鱼腹式梁端(右单片)(X3,左右F1)-1/1g''(右外B1)-1/LS2_2号螺栓-58
				/*	5:type	*/	零件\LS2_2号螺栓.SLDPRT
				/*	5:location	*/	0.441647	0.897189	0.0	0.0	0.897189	-0.441647	0.0	0.0	0.0	-6.46703E-33	-1.0	0.0	-0.252857	0.10048	0.027	1.0
				/*	5:child_number	*/	0
				/*	5:name	*/	60M,62M鱼腹式(左端)-1/40M鱼腹式梁端(右单片)(X3,左右F1)-1/1g''(右外B1)-1/LS2_2号螺栓-59
				/*	5:type	*/	零件\LS2_2号螺栓.SLDPRT
				/*	5:location	*/	0.441647	0.897189	0.0	0.0	0.897189	-0.441647	0.0	0.0	0.0	-6.46703E-33	-1.0	0.0	-0.032857	0.10048	0.027	1.0
				/*	5:child_number	*/	0
				/*	5:name	*/	60M,62M鱼腹式(左端)-1/40M鱼腹式梁端(右单片)(X3,左右F1)-1/1g''(右外B1)-1/LS2_2号螺栓-60
				/*	5:type	*/	零件\LS2_2号螺栓.SLDPRT
				/*	5:location	*/	0.441647	0.897189	0.0	0.0	0.897189	-0.441647	0.0	0.0	0.0	-6.46703E-33	-1.0	0.0	-0.352857	0.10048	0.027	1.0
				/*	5:child_number	*/	0
				/*	5:name	*/	60M,62M鱼腹式(左端)-1/40M鱼腹式梁端(右单片)(X3,左右F1)-1/1g''(右外B1)-1/LS2_2号螺栓-61
				/*	5:type	*/	零件\LS2_2号螺栓.SLDPRT
				/*	5:location	*/	0.441647	0.897189	0.0	0.0	0.897189	-0.441647	0.0	0.0	0.0	-6.46703E-33	-1.0	0.0	-0.152857	0.29048	0.027	1.0
				/*	5:child_number	*/	0
				/*	5:name	*/	60M,62M鱼腹式(左端)-1/40M鱼腹式梁端(右单片)(X3,左右F1)-1/1g''(右外B1)-1/LS2_2号螺栓-62
				/*	5:type	*/	零件\LS2_2号螺栓.SLDPRT
				/*	5:location	*/	-0.556165	0.831072	-2.46519E-32	0.0	0.831072	0.556165	0.0	0.0	0.0	-6.46703E-33	-1.0	0.0	-0.521428	-0.158854	0.027	1.0
				/*	5:child_number	*/	0
				/*	5:name	*/	60M,62M鱼腹式(左端)-1/40M鱼腹式梁端(右单片)(X3,左右F1)-1/1g''(右外B1)-1/LS2_2号螺栓-63
				/*	5:type	*/	零件\LS2_2号螺栓.SLDPRT
				/*	5:location	*/	-0.831072	-0.556165	0.0	0.0	-0.556165	0.831072	-1.2326E-32	0.0	0.0	-6.46703E-33	-1.0	0.0	0.239902	-0.165564	0.027	1.0
				/*	5:child_number	*/	0
				/*	5:name	*/	60M,62M鱼腹式(左端)-1/40M鱼腹式梁端(右单片)(X3,左右F1)-1/1g''(右外B1)-1/LS2_2号螺栓-64
				/*	5:type	*/	零件\LS2_2号螺栓.SLDPRT
				/*	5:location	*/	-0.831072	-0.556165	0.0	0.0	-0.556165	0.831072	-1.2326E-32	0.0	0.0	-6.46703E-33	-1.0	0.0	0.158576	-0.077325	0.027	1.0
				/*	5:child_number	*/	0
				/*	5:name	*/	60M,62M鱼腹式(左端)-1/40M鱼腹式梁端(右单片)(X3,左右F1)-1/1g''(右外B1)-1/LS2_2号螺栓-65
				/*	5:type	*/	零件\LS2_2号螺栓.SLDPRT
				/*	5:location	*/	-0.897189	0.441647	-2.46519E-32	0.0	0.441647	0.897189	1.2326E-32	0.0	0.0	-6.46703E-33	-1.0	0.0	-0.425616	-0.165564	0.027	1.0
				/*	5:child_number	*/	0
				/*	5:name	*/	60M,62M鱼腹式(左端)-1/40M鱼腹式梁端(右单片)(X3,左右F1)-1/1g''(右外B1)-1/LS2_2号螺栓-66
				/*	5:type	*/	零件\LS2_2号螺栓.SLDPRT
				/*	5:location	*/	-0.831072	-0.556165	0.0	0.0	-0.556165	0.831072	2.46519E-32	0.0	0.0	-6.46703E-33	-1.0	0.0	-0.34429	-0.077325	0.027	1.0
				/*	5:child_number	*/	0
				/*	5:name	*/	60M,62M鱼腹式(左端)-1/40M鱼腹式梁端(右单片)(X3,左右F1)-1/1g''(右外B1)-1/LS3_3号螺栓-39
				/*	5:type	*/	零件\LS3_3号螺栓.SLDPRT
				/*	5:location	*/	0.997812	0.066117	0.0	0.0	0.066117	-0.997812	-2.15704E-32	0.0	0.0	-6.46703E-33	-1.0	0.0	0.00214301	-0.0345202	0.027	1.0
				/*	5:child_number	*/	0
				/*	5:name	*/	60M,62M鱼腹式(左端)-1/40M鱼腹式梁端(右单片)(X3,左右F1)-1/1g''(右外B1)-1/LS3_3号螺栓-40
				/*	5:type	*/	零件\LS3_3号螺栓.SLDPRT
				/*	5:location	*/	0.997812	0.066117	0.0	0.0	0.066117	-0.997812	-2.15704E-32	0.0	0.0	-6.46703E-33	-1.0	0.0	0.00214301	-0.13452	0.027	1.0
				/*	5:child_number	*/	0
				/*	5:name	*/	60M,62M鱼腹式(左端)-1/40M鱼腹式梁端(右单片)(X3,左右F1)-1/1g''(右外B1)-1/LS3_3号螺栓-41
				/*	5:type	*/	零件\LS3_3号螺栓.SLDPRT
				/*	5:location	*/	0.997812	0.066117	0.0	0.0	0.066117	-0.997812	-2.15704E-32	0.0	0.0	-6.46703E-33	-1.0	0.0	0.00214301	-0.23452	0.027	1.0
				/*	5:child_number	*/	0
				/*	5:name	*/	60M,62M鱼腹式(左端)-1/40M鱼腹式梁端(右单片)(X3,左右F1)-1/1g''(右外B1)-1/LS3_3号螺栓-42
				/*	5:type	*/	零件\LS3_3号螺栓.SLDPRT
				/*	5:location	*/	0.997812	0.066117	0.0	0.0	0.066117	-0.997812	-2.15704E-32	0.0	0.0	-6.46703E-33	-1.0	0.0	-0.187857	-0.0345202	0.027	1.0
				/*	5:child_number	*/	0
				/*	5:name	*/	60M,62M鱼腹式(左端)-1/40M鱼腹式梁端(右单片)(X3,左右F1)-1/1g''(右外B1)-1/LS3_3号螺栓-43
				/*	5:type	*/	零件\LS3_3号螺栓.SLDPRT
				/*	5:location	*/	0.997812	0.066117	0.0	0.0	0.066117	-0.997812	-2.15704E-32	0.0	0.0	-6.46703E-33	-1.0	0.0	-0.187857	-0.13452	0.027	1.0
				/*	5:child_number	*/	0
				/*	5:name	*/	60M,62M鱼腹式(左端)-1/40M鱼腹式梁端(右单片)(X3,左右F1)-1/1g''(右外B1)-1/LS3_3号螺栓-44
				/*	5:type	*/	零件\LS3_3号螺栓.SLDPRT
				/*	5:location	*/	0.997812	0.066117	0.0	0.0	0.066117	-0.997812	-2.15704E-32	0.0	0.0	-6.46703E-33	-1.0	0.0	-0.187857	-0.23452	0.027	1.0
				/*	5:child_number	*/	0
			/*	4:name	*/	60M,62M鱼腹式(左端)-1/40M鱼腹式梁端(右单片)(X3,左右F1)-1/2a(右内B1)-1
			/*	4:type	*/	上承式梁\公共组件\梁端\鱼腹式梁端\带螺栓零件\2a(右内B1).SLDASM
			/*	4:location	*/	1.0	3.17207E-16	-3.17207E-16	0.0	3.17207E-16	-4.44089E-15	1.0	0.0	3.17207E-16	-1.0	-4.44089E-15	0.0	0.238756	-0.117844	3.96789	1.0
			/*	4:child_number	*/	15
				/*	5:name	*/	60M,62M鱼腹式(左端)-1/40M鱼腹式梁端(右单片)(X3,左右F1)-1/2a(右内B1)-1/B1_节点板-1
				/*	5:type	*/	零件\B1_节点板.SLDPRT
				/*	5:location	*/	8.99755E-17	-1.0	4.53302E-15	0.0	-5.173E-16	-4.36648E-15	-1.0	0.0	1.0	8.99755E-17	-5.173E-16	0.0	-0.483885	0.420431	0.08	1.0
				/*	5:child_number	*/	0
				/*	5:name	*/	60M,62M鱼腹式(左端)-1/40M鱼腹式梁端(右单片)(X3,左右F1)-1/2a(右内B1)-1/LS2_2号螺栓-1
				/*	5:type	*/	零件\LS2_2号螺栓.SLDPRT
				/*	5:location	*/	-5.18656E-16	0.322743	-0.946487	0.0	8.17941E-17	0.946487	0.322743	0.0	1.0	8.99755E-17	-5.173E-16	0.0	-0.502885	-0.315139	0.101095	1.0
				/*	5:child_number	*/	0
				/*	5:name	*/	60M,62M鱼腹式(左端)-1/40M鱼腹式梁端(右单片)(X3,左右F1)-1/2a(右内B1)-1/LS2_2号螺栓-10
				/*	5:type	*/	零件\LS2_2号螺栓.SLDPRT
				/*	5:location	*/	-4.34974E-17	0.997812	-0.066117	0.0	-2.34944E-16	0.066117	0.997812	0.0	1.0	5.8936E-17	2.31554E-16	0.0	-0.502885	-0.227894	-0.26	1.0
				/*	5:child_number	*/	0
				/*	5:name	*/	60M,62M鱼腹式(左端)-1/40M鱼腹式梁端(右单片)(X3,左右F1)-1/2a(右内B1)-1/LS2_2号螺栓-11
				/*	5:type	*/	零件\LS2_2号螺栓.SLDPRT
				/*	5:location	*/	-4.34974E-17	0.997812	-0.066117	0.0	-2.34944E-16	0.066117	0.997812	0.0	1.0	5.8936E-17	2.31554E-16	0.0	-0.502885	-0.227894	-0.07	1.0
				/*	5:child_number	*/	0
				/*	5:name	*/	60M,62M鱼腹式(左端)-1/40M鱼腹式梁端(右单片)(X3,左右F1)-1/2a(右内B1)-1/LS2_2号螺栓-12
				/*	5:type	*/	零件\LS2_2号螺栓.SLDPRT
				/*	5:location	*/	-4.34974E-17	0.997812	-0.066117	0.0	-2.34944E-16	0.066117	0.997812	0.0	1.0	5.8936E-17	2.31554E-16	0.0	-0.502885	-0.127894	-0.26	1.0
				/*	5:child_number	*/	0
				/*	5:name	*/	60M,62M鱼腹式(左端)-1/40M鱼腹式梁端(右单片)(X3,左右F1)-1/2a(右内B1)-1/LS2_2号螺栓-13
				/*	5:type	*/	零件\LS2_2号螺栓.SLDPRT
				/*	5:location	*/	-4.34974E-17	0.997812	-0.066117	0.0	-2.34944E-16	0.066117	0.997812	0.0	1.0	5.8936E-17	2.31554E-16	0.0	-0.502885	-0.127894	-0.07	1.0
				/*	5:child_number	*/	0
				/*	5:name	*/	60M,62M鱼腹式(左端)-1/40M鱼腹式梁端(右单片)(X3,左右F1)-1/2a(右内B1)-1/LS2_2号螺栓-14
				/*	5:type	*/	零件\LS2_2号螺栓.SLDPRT
				/*	5:location	*/	-3.79872E-16	-0.556165	-0.831072	0.0	-3.6248E-16	0.831072	-0.556165	0.0	1.0	8.99755E-17	-5.173E-16	0.0	-0.502885	0.192106	-0.26	1.0
				/*	5:child_number	*/	0
				/*	5:name	*/	60M,62M鱼腹式(左端)-1/40M鱼腹式梁端(右单片)(X3,左右F1)-1/2a(右内B1)-1/LS2_2号螺栓-15
				/*	5:type	*/	零件\LS2_2号螺栓.SLDPRT
				/*	5:location	*/	-3.79872E-16	-0.556165	-0.831072	0.0	-3.6248E-16	0.831072	-0.556165	0.0	1.0	8.99755E-17	-5.173E-16	0.0	-0.502885	0.192106	-0.07	1.0
				/*	5:child_number	*/	0
				/*	5:name	*/	60M,62M鱼腹式(左端)-1/40M鱼腹式梁端(右单片)(X3,左右F1)-1/2a(右内B1)-1/LS2_2号螺栓-16
				/*	5:type	*/	零件\LS2_2号螺栓.SLDPRT
				/*	5:location	*/	-3.79872E-16	-0.556165	-0.831072	0.0	-3.6248E-16	0.831072	-0.556165	0.0	1.0	8.99755E-17	-5.173E-16	0.0	-0.502885	0.292106	-0.26	1.0
				/*	5:child_number	*/	0
				/*	5:name	*/	60M,62M鱼腹式(左端)-1/40M鱼腹式梁端(右单片)(X3,左右F1)-1/2a(右内B1)-1/LS2_2号螺栓-17
				/*	5:type	*/	零件\LS2_2号螺栓.SLDPRT
				/*	5:location	*/	-3.79872E-16	-0.556165	-0.831072	0.0	-3.6248E-16	0.831072	-0.556165	0.0	1.0	8.99755E-17	-5.173E-16	0.0	-0.502885	0.292106	-0.07	1.0
				/*	5:child_number	*/	0
				/*	5:name	*/	60M,62M鱼腹式(左端)-1/40M鱼腹式梁端(右单片)(X3,左右F1)-1/2a(右内B1)-1/LS2_2号螺栓-18
				/*	5:type	*/	零件\LS2_2号螺栓.SLDPRT
				/*	5:location	*/	-5.173E-16	-8.99755E-17	-1.0	0.0	-8.99755E-17	1.0	-8.99755E-17	0.0	1.0	8.99755E-17	-5.173E-16	0.0	-0.502885	-0.219327	0.107805	1.0
				/*	5:child_number	*/	0
				/*	5:name	*/	60M,62M鱼腹式(左端)-1/40M鱼腹式梁端(右单片)(X3,左右F1)-1/2a(右内B1)-1/LS2_2号螺栓-19
				/*	5:type	*/	零件\LS2_2号螺栓.SLDPRT
				/*	5:location	*/	-5.173E-16	-8.99755E-17	-1.0	0.0	-8.99755E-17	1.0	-8.99755E-17	0.0	1.0	8.99755E-17	-5.173E-16	0.0	-0.502885	-0.300653	0.196044	1.0
				/*	5:child_number	*/	0
				/*	5:name	*/	60M,62M鱼腹式(左端)-1/40M鱼腹式梁端(右单片)(X3,左右F1)-1/2a(右内B1)-1/LS2_2号螺栓-2
				/*	5:type	*/	零件\LS2_2号螺栓.SLDPRT
				/*	5:location	*/	-5.10219E-16	-0.066117	-0.997812	0.0	-1.23981E-16	0.997812	-0.066117	0.0	1.0	8.99755E-17	-5.173E-16	0.0	-0.502885	-0.204841	0.202753	1.0
				/*	5:child_number	*/	0
				/*	5:name	*/	60M,62M鱼腹式(左端)-1/40M鱼腹式梁端(右单片)(X3,左右F1)-1/2a(右内B1)-1/LS2_2号螺栓-3
				/*	5:type	*/	零件\LS2_2号螺栓.SLDPRT
				/*	5:location	*/	-5.10219E-16	-0.066117	-0.997812	0.0	-1.23981E-16	0.997812	-0.066117	0.0	1.0	8.99755E-17	-5.173E-16	0.0	-0.502885	-0.396465	0.189334	1.0
				/*	5:child_number	*/	0
				/*	5:name	*/	60M,62M鱼腹式(左端)-1/40M鱼腹式梁端(右单片)(X3,左右F1)-1/2a(右内B1)-1/LS2_2号螺栓-5
				/*	5:type	*/	零件\LS2_2号螺栓.SLDPRT
				/*	5:location	*/	-3.79872E-16	-0.556165	-0.831072	0.0	-3.6248E-16	0.831072	-0.556165	0.0	1.0	8.99755E-17	-5.173E-16	0.0	-0.502885	-0.286167	0.290992	1.0
				/*	5:child_number	*/	0
			/*	4:name	*/	60M,62M鱼腹式(左端)-1/40M鱼腹式梁端(右单片)(X3,左右F1)-1/2a(右外B1)-1
			/*	4:type	*/	上承式梁\公共组件\梁端\鱼腹式梁端\带螺栓零件\2a(右外B1).SLDASM
			/*	4:location	*/	-1.0	-4.26963E-16	4.81308E-16	0.0	-4.81308E-16	-1.27676E-15	-1.0	0.0	4.26963E-16	-1.0	1.44329E-15	0.0	-0.0253086	-0.117844	3.98624	1.0
			/*	4:child_number	*/	23
				/*	5:name	*/	60M,62M鱼腹式(左端)-1/40M鱼腹式梁端(右单片)(X3,左右F1)-1/2a(右外B1)-1/B1_节点板-1
				/*	5:type	*/	零件\B1_节点板.SLDPRT
				/*	5:location	*/	8.99755E-17	-1.0	4.53302E-15	0.0	-5.173E-16	-4.36648E-15	-1.0	0.0	1.0	8.99755E-17	-5.173E-16	0.0	-0.192179	0.374566	0.08	1.0
				/*	5:child_number	*/	0
				/*	5:name	*/	60M,62M鱼腹式(左端)-1/40M鱼腹式梁端(右单片)(X3,左右F1)-1/2a(右外B1)-1/LS2_2号螺栓-1
				/*	5:type	*/	零件\LS2_2号螺栓.SLDPRT
				/*	5:location	*/	-5.10219E-16	-0.066117	-0.997812	0.0	-1.23981E-16	0.997812	-0.066117	0.0	1.0	8.99755E-17	-5.173E-16	0.0	-0.211179	0.333486	0.101095	1.0
				/*	5:child_number	*/	0
				/*	5:name	*/	60M,62M鱼腹式(左端)-1/40M鱼腹式梁端(右单片)(X3,左右F1)-1/2a(右外B1)-1/LS2_2号螺栓-10
				/*	5:type	*/	零件\LS2_2号螺栓.SLDPRT
				/*	5:location	*/	-4.34974E-17	0.997812	-0.066117	0.0	-2.34944E-16	0.066117	0.997812	0.0	1.0	5.8936E-17	2.31554E-16	0.0	-0.211179	-0.27376	-0.07	1.0
				/*	5:child_number	*/	0
				/*	5:name	*/	60M,62M鱼腹式(左端)-1/40M鱼腹式梁端(右单片)(X3,左右F1)-1/2a(右外B1)-1/LS2_2号螺栓-11
				/*	5:type	*/	零件\LS2_2号螺栓.SLDPRT
				/*	5:location	*/	-4.34974E-17	0.997812	-0.066117	0.0	-2.34944E-16	0.066117	0.997812	0.0	1.0	5.8936E-17	2.31554E-16	0.0	-0.211179	-0.17376	-0.26	1.0
				/*	5:child_number	*/	0
				/*	5:name	*/	60M,62M鱼腹式(左端)-1/40M鱼腹式梁端(右单片)(X3,左右F1)-1/2a(右外B1)-1/LS2_2号螺栓-12
				/*	5:type	*/	零件\LS2_2号螺栓.SLDPRT
				/*	5:location	*/	-4.34974E-17	0.997812	-0.066117	0.0	-2.34944E-16	0.066117	0.997812	0.0	1.0	5.8936E-17	2.31554E-16	0.0	-0.211179	-0.17376	-0.07	1.0
				/*	5:child_number	*/	0
				/*	5:name	*/	60M,62M鱼腹式(左端)-1/40M鱼腹式梁端(右单片)(X3,左右F1)-1/2a(右外B1)-1/LS2_2号螺栓-13
				/*	5:type	*/	零件\LS2_2号螺栓.SLDPRT
				/*	5:location	*/	-4.34974E-17	0.997812	-0.066117	0.0	-2.34944E-16	0.066117	0.997812	0.0	1.0	5.8936E-17	2.31554E-16	0.0	-0.211179	-0.0737597	-0.26	1.0
				/*	5:child_number	*/	0
				/*	5:name	*/	60M,62M鱼腹式(左端)-1/40M鱼腹式梁端(右单片)(X3,左右F1)-1/2a(右外B1)-1/LS2_2号螺栓-14
				/*	5:type	*/	零件\LS2_2号螺栓.SLDPRT
				/*	5:location	*/	-4.34974E-17	0.997812	-0.066117	0.0	-2.34944E-16	0.066117	0.997812	0.0	1.0	5.8936E-17	2.31554E-16	0.0	-0.211179	-0.0737597	-0.07	1.0
				/*	5:child_number	*/	0
				/*	5:name	*/	60M,62M鱼腹式(左端)-1/40M鱼腹式梁端(右单片)(X3,左右F1)-1/2a(右外B1)-1/LS2_2号螺栓-15
				/*	5:type	*/	零件\LS2_2号螺栓.SLDPRT
				/*	5:location	*/	-4.34974E-17	0.997812	-0.066117	0.0	-2.34944E-16	0.066117	0.997812	0.0	1.0	5.8936E-17	2.31554E-16	0.0	-0.211179	0.0462403	-0.07	1.0
				/*	5:child_number	*/	0
				/*	5:name	*/	60M,62M鱼腹式(左端)-1/40M鱼腹式梁端(右单片)(X3,左右F1)-1/2a(右外B1)-1/LS2_2号螺栓-16
				/*	5:type	*/	零件\LS2_2号螺栓.SLDPRT
				/*	5:location	*/	-4.34974E-17	0.997812	-0.066117	0.0	-2.34944E-16	0.066117	0.997812	0.0	1.0	5.8936E-17	2.31554E-16	0.0	-0.211179	0.0462403	-0.26	1.0
				/*	5:child_number	*/	0
				/*	5:name	*/	60M,62M鱼腹式(左端)-1/40M鱼腹式梁端(右单片)(X3,左右F1)-1/2a(右外B1)-1/LS2_2号螺栓-17
				/*	5:type	*/	零件\LS2_2号螺栓.SLDPRT
				/*	5:location	*/	-4.34974E-17	0.997812	-0.066117	0.0	-2.34944E-16	0.066117	0.997812	0.0	1.0	5.8936E-17	2.31554E-16	0.0	-0.211179	0.14624	-0.07	1.0
				/*	5:child_number	*/	0
				/*	5:name	*/	60M,62M鱼腹式(左端)-1/40M鱼腹式梁端(右单片)(X3,左右F1)-1/2a(右外B1)-1/LS2_2号螺栓-18
				/*	5:type	*/	零件\LS2_2号螺栓.SLDPRT
				/*	5:location	*/	-4.34974E-17	0.997812	-0.066117	0.0	-2.34944E-16	0.066117	0.997812	0.0	1.0	5.8936E-17	2.31554E-16	0.0	-0.211179	0.24624	-0.07	1.0
				/*	5:child_number	*/	0
				/*	5:name	*/	60M,62M鱼腹式(左端)-1/40M鱼腹式梁端(右单片)(X3,左右F1)-1/2a(右外B1)-1/LS2_2号螺栓-19
				/*	5:type	*/	零件\LS2_2号螺栓.SLDPRT
				/*	5:location	*/	-4.34974E-17	0.997812	-0.066117	0.0	-2.34944E-16	0.066117	0.997812	0.0	1.0	5.8936E-17	2.31554E-16	0.0	-0.211179	0.14624	-0.26	1.0
				/*	5:child_number	*/	0
				/*	5:name	*/	60M,62M鱼腹式(左端)-1/40M鱼腹式梁端(右单片)(X3,左右F1)-1/2a(右外B1)-1/LS2_2号螺栓-2
				/*	5:type	*/	零件\LS2_2号螺栓.SLDPRT
				/*	5:location	*/	-5.10219E-16	-0.066117	-0.997812	0.0	-1.23981E-16	0.997812	-0.066117	0.0	1.0	8.99755E-17	-5.173E-16	0.0	-0.211179	0.304513	0.290992	1.0
				/*	5:child_number	*/	0
				/*	5:name	*/	60M,62M鱼腹式(左端)-1/40M鱼腹式梁端(右单片)(X3,左右F1)-1/2a(右外B1)-1/LS2_2号螺栓-20
				/*	5:type	*/	零件\LS2_2号螺栓.SLDPRT
				/*	5:location	*/	-4.34974E-17	0.997812	-0.066117	0.0	-2.34944E-16	0.066117	0.997812	0.0	1.0	5.8936E-17	2.31554E-16	0.0	-0.211179	0.24624	-0.26	1.0
				/*	5:child_number	*/	0
				/*	5:name	*/	60M,62M鱼腹式(左端)-1/40M鱼腹式梁端(右单片)(X3,左右F1)-1/2a(右外B1)-1/LS2_2号螺栓-21
				/*	5:type	*/	零件\LS2_2号螺栓.SLDPRT
				/*	5:location	*/	-5.03853E-16	0.441647	-0.897189	0.0	1.47739E-16	0.897189	0.441647	0.0	1.0	8.99755E-17	-5.173E-16	0.0	-0.211179	-0.10876	0.165	1.0
				/*	5:child_number	*/	0
				/*	5:name	*/	60M,62M鱼腹式(左端)-1/40M鱼腹式梁端(右单片)(X3,左右F1)-1/2a(右外B1)-1/LS2_2号螺栓-27
				/*	5:type	*/	零件\LS2_2号螺栓.SLDPRT
				/*	5:location	*/	-5.03853E-16	0.441647	-0.897189	0.0	1.47739E-16	0.897189	0.441647	0.0	1.0	8.99755E-17	-5.173E-16	0.0	-0.211179	-0.10876	0.265	1.0
				/*	5:child_number	*/	0
				/*	5:name	*/	60M,62M鱼腹式(左端)-1/40M鱼腹式梁端(右单片)(X3,左右F1)-1/2a(右外B1)-1/LS2_2号螺栓-28
				/*	5:type	*/	零件\LS2_2号螺栓.SLDPRT
				/*	5:location	*/	-5.03853E-16	0.441647	-0.897189	0.0	1.47739E-16	0.897189	0.441647	0.0	1.0	8.99755E-17	-5.173E-16	0.0	-0.211179	0.0812403	0.165	1.0
				/*	5:child_number	*/	0
				/*	5:name	*/	60M,62M鱼腹式(左端)-1/40M鱼腹式梁端(右单片)(X3,左右F1)-1/2a(右外B1)-1/LS2_2号螺栓-29
				/*	5:type	*/	零件\LS2_2号螺栓.SLDPRT
				/*	5:location	*/	-5.03853E-16	0.441647	-0.897189	0.0	1.47739E-16	0.897189	0.441647	0.0	1.0	8.99755E-17	-5.173E-16	0.0	-0.211179	0.0812403	0.265	1.0
				/*	5:child_number	*/	0
				/*	5:name	*/	60M,62M鱼腹式(左端)-1/40M鱼腹式梁端(右单片)(X3,左右F1)-1/2a(右外B1)-1/LS2_2号螺栓-3
				/*	5:type	*/	零件\LS2_2号螺栓.SLDPRT
				/*	5:location	*/	-5.10219E-16	-0.066117	-0.997812	0.0	-1.23981E-16	0.997812	-0.066117	0.0	1.0	8.99755E-17	-5.173E-16	0.0	-0.211179	0.414812	0.189334	1.0
				/*	5:child_number	*/	0
				/*	5:name	*/	60M,62M鱼腹式(左端)-1/40M鱼腹式梁端(右单片)(X3,左右F1)-1/2a(右外B1)-1/LS2_2号螺栓-30
				/*	5:type	*/	零件\LS2_2号螺栓.SLDPRT
				/*	5:location	*/	-3.6248E-16	0.831072	-0.556165	0.0	3.79872E-16	0.556165	0.831072	0.0	1.0	8.99755E-17	-5.173E-16	0.0	-0.211179	0.318999	0.196044	1.0
				/*	5:child_number	*/	0
				/*	5:name	*/	60M,62M鱼腹式(左端)-1/40M鱼腹式梁端(右单片)(X3,左右F1)-1/2a(右外B1)-1/LS2_2号螺栓-31
				/*	5:type	*/	零件\LS2_2号螺栓.SLDPRT
				/*	5:location	*/	-3.6248E-16	0.831072	-0.556165	0.0	3.79872E-16	0.556165	0.831072	0.0	1.0	8.99755E-17	-5.173E-16	0.0	-0.211179	0.237673	0.107805	1.0
				/*	5:child_number	*/	0
				/*	5:name	*/	60M,62M鱼腹式(左端)-1/40M鱼腹式梁端(右单片)(X3,左右F1)-1/2a(右外B1)-1/LS2_2号螺栓-6
				/*	5:type	*/	零件\LS2_2号螺栓.SLDPRT
				/*	5:location	*/	-5.10219E-16	-0.066117	-0.997812	0.0	-1.23981E-16	0.997812	-0.066117	0.0	1.0	8.99755E-17	-5.173E-16	0.0	-0.211179	0.223187	0.202753	1.0
				/*	5:child_number	*/	0
				/*	5:name	*/	60M,62M鱼腹式(左端)-1/40M鱼腹式梁端(右单片)(X3,左右F1)-1/2a(右外B1)-1/LS2_2号螺栓-9
				/*	5:type	*/	零件\LS2_2号螺栓.SLDPRT
				/*	5:location	*/	-4.34974E-17	0.997812	-0.066117	0.0	-2.34944E-16	0.066117	0.997812	0.0	1.0	5.8936E-17	2.31554E-16	0.0	-0.211179	-0.27376	-0.26	1.0
				/*	5:child_number	*/	0
			/*	4:name	*/	60M,62M鱼腹式(左端)-1/40M鱼腹式梁端(右单片)(X3,左右F1)-1/2b(内B2)-1
			/*	4:type	*/	上承式梁\公共组件\梁端\鱼腹式梁端\带螺栓零件\2b(内B2).SLDASM
			/*	4:location	*/	-1.93533E-15	-5.32907E-15	-1.0	0.0	7.73575E-16	-1.0	5.4956E-15	0.0	-1.0	-7.73575E-16	1.93533E-15	0.0	-0.237129	-1.93099	3.87872	1.0
			/*	4:child_number	*/	3
				/*	5:name	*/	60M,62M鱼腹式(左端)-1/40M鱼腹式梁端(右单片)(X3,左右F1)-1/2b(内B2)-1/B2_节点板-1
				/*	5:type	*/	零件\B2_节点板.SLDPRT
				/*	5:location	*/	1.0	0.0	0.0	0.0	0.0	1.0	-1.38279E-32	0.0	0.0	-4.03018E-32	1.0	0.0	-0.292058	0.0168569	-0.008	1.0
				/*	5:child_number	*/	0
				/*	5:name	*/	60M,62M鱼腹式(左端)-1/40M鱼腹式梁端(右单片)(X3,左右F1)-1/2b(内B2)-1/LS2_2号螺栓-1
				/*	5:type	*/	零件\LS2_2号螺栓.SLDPRT
				/*	5:location	*/	0.997812	0.066117	0.0	0.0	0.066117	-0.997812	-1.47911E-31	0.0	0.0	3.36125E-31	-1.0	0.0	-0.216278	-0.138143	0.027	1.0
				/*	5:child_number	*/	0
				/*	5:name	*/	60M,62M鱼腹式(左端)-1/40M鱼腹式梁端(右单片)(X3,左右F1)-1/2b(内B2)-1/LS2_2号螺栓-2
				/*	5:type	*/	零件\LS2_2号螺栓.SLDPRT
