/*	1:name	*/	24.0米双层带有两个标准端构架的标准三角七片梁
/*	1:type	*/	24.0米双层带有两个标准端构架的标准三角七片梁.SLDASM
/*	1:location	*/	1.0	0.0	0.0	0.0	0.0	1.0	0.0	0.0	0.0	0.0	1.0	0.0	0.0	0.0	0.0	1.0
/*	1:child_number	*/	17
	/*	2:name	*/	七片三角上的八个钢枕及一号U型螺栓-1
	/*	2:type	*/	钢枕单元\七片三角上的八个钢枕及一号U型螺栓.SLDASM
	/*	2:location	*/	-6.93889E-17	1.9956E-17	-1.0	0.0	4.97947E-16	1.0	1.45014E-16	0.0	1.0	-4.85987E-16	-1.38778E-17	0.0	7.85928	2.60651	-1.87669	1.0
	/*	2:child_number	*/	8
		/*	3:name	*/	七片三角上的八个钢枕及一号U型螺栓-1/七片三角上的一个钢枕及一号U型螺栓-1
		/*	3:type	*/	钢枕单元\七片三角上的一个钢枕及一号U型螺栓.SLDASM
		/*	3:location	*/	1.0	0.0	0.0	0.0	0.0	1.0	-1.00624E-32	0.0	0.0	-2.76946E-34	1.0	0.0	-1.66826	-1.20953	0.1575	1.0
		/*	3:child_number	*/	11
			/*	4:name	*/	七片三角上的八个钢枕及一号U型螺栓-1/七片三角上的一个钢枕及一号U型螺栓-1/一号U型螺栓单元-10
			/*	4:type	*/	U型螺栓单元\一号U型螺栓单元.SLDASM
			/*	4:location	*/	0.696203	-1.66192E-16	-0.717845	0.0	-0.717845	-2.0424E-16	-0.696203	0.0	-3.09096E-17	1.0	-2.61492E-16	0.0	3.51116	1.55713	-0.164824	1.0
			/*	4:child_number	*/	4
				/*	5:name	*/	七片三角上的八个钢枕及一号U型螺栓-1/七片三角上的一个钢枕及一号U型螺栓-1/一号U型螺栓单元-10/一号U型螺栓-1
				/*	5:type	*/	基本杆件\一号U型螺栓.SLDPRT
				/*	5:location	*/	1.0	0.0	1.2326E-32	0.0	0.0	1.0	6.16298E-33	0.0	0.0	-2.46519E-32	1.0	0.0	0.0188503	-0.108956	-0.188	1.0
				/*	5:child_number	*/	0
				/*	5:name	*/	七片三角上的八个钢枕及一号U型螺栓-1/七片三角上的一个钢枕及一号U型螺栓-1/一号U型螺栓单元-10/一号U型螺栓垫片-1
				/*	5:type	*/	基本杆件\一号U型螺栓垫片.SLDPRT
				/*	5:location	*/	0.0	-1.0	-6.16298E-33	0.0	1.0	0.0	1.2326E-32	0.0	0.0	-2.46519E-32	1.0	0.0	-0.0111497	0.0790441	0.143	1.0
				/*	5:child_number	*/	0
				/*	5:name	*/	七片三角上的八个钢枕及一号U型螺栓-1/七片三角上的一个钢枕及一号U型螺栓-1/一号U型螺栓单元-10/螺母-1
				/*	5:type	*/	基本杆件\螺母.SLDPRT
				/*	5:location	*/	1.0	0.0	1.2326E-32	0.0	0.0	1.0	6.16298E-33	0.0	0.0	-2.46519E-32	1.0	0.0	0.0188503	0.0490441	0.159	1.0
				/*	5:child_number	*/	0
				/*	5:name	*/	七片三角上的八个钢枕及一号U型螺栓-1/七片三角上的一个钢枕及一号U型螺栓-1/一号U型螺栓单元-10/螺母-2
				/*	5:type	*/	基本杆件\螺母.SLDPRT
				/*	5:location	*/	1.0	0.0	1.2326E-32	0.0	0.0	1.0	6.16298E-33	0.0	0.0	-2.46519E-32	1.0	0.0	0.0188503	-0.108956	0.159	1.0
				/*	5:child_number	*/	0
			/*	4:name	*/	七片三角上的八个钢枕及一号U型螺栓-1/七片三角上的一个钢枕及一号U型螺栓-1/一号U型螺栓单元-11
			/*	4:type	*/	U型螺栓单元\一号U型螺栓单元.SLDASM
			/*	4:location	*/	0.696203	-1.75004E-16	-0.717845	0.0	-0.717845	-2.6696E-16	-0.696203	0.0	5.52606E-17	1.0	-3.23445E-16	0.0	2.48258	1.55713	-0.164824	1.0
			/*	4:child_number	*/	4
				/*	5:name	*/	七片三角上的八个钢枕及一号U型螺栓-1/七片三角上的一个钢枕及一号U型螺栓-1/一号U型螺栓单元-11/一号U型螺栓-1
				/*	5:type	*/	基本杆件\一号U型螺栓.SLDPRT
				/*	5:location	*/	1.0	0.0	-2.46519E-32	0.0	0.0	1.0	2.46519E-32	0.0	1.2326E-32	-1.2326E-32	1.0	0.0	0.0188503	-0.108956	-0.188	1.0
				/*	5:child_number	*/	0
				/*	5:name	*/	七片三角上的八个钢枕及一号U型螺栓-1/七片三角上的一个钢枕及一号U型螺栓-1/一号U型螺栓单元-11/一号U型螺栓垫片-1
				/*	5:type	*/	基本杆件\一号U型螺栓垫片.SLDPRT
				/*	5:location	*/	0.0	-1.0	-3.69779E-32	0.0	1.0	0.0	-2.46519E-32	0.0	1.2326E-32	-1.2326E-32	1.0	0.0	-0.0111497	0.0790441	0.143	1.0
				/*	5:child_number	*/	0
				/*	5:name	*/	七片三角上的八个钢枕及一号U型螺栓-1/七片三角上的一个钢枕及一号U型螺栓-1/一号U型螺栓单元-11/螺母-1
				/*	5:type	*/	基本杆件\螺母.SLDPRT
				/*	5:location	*/	1.0	0.0	-2.46519E-32	0.0	0.0	1.0	2.46519E-32	0.0	1.2326E-32	-1.2326E-32	1.0	0.0	0.0188503	0.0490441	0.159	1.0
				/*	5:child_number	*/	0
				/*	5:name	*/	七片三角上的八个钢枕及一号U型螺栓-1/七片三角上的一个钢枕及一号U型螺栓-1/一号U型螺栓单元-11/螺母-2
				/*	5:type	*/	基本杆件\螺母.SLDPRT
				/*	5:location	*/	1.0	0.0	-2.46519E-32	0.0	0.0	1.0	2.46519E-32	0.0	1.2326E-32	-1.2326E-32	1.0	0.0	0.0188503	-0.108956	0.159	1.0
				/*	5:child_number	*/	0
			/*	4:name	*/	七片三角上的八个钢枕及一号U型螺栓-1/七片三角上的一个钢枕及一号U型螺栓-1/一号U型螺栓单元-12
			/*	4:type	*/	U型螺栓单元\一号U型螺栓单元.SLDASM
			/*	4:location	*/	0.696203	-1.50471E-16	-0.717845	0.0	-0.717845	-1.81178E-16	-0.696203	0.0	-2.52993E-17	1.0	-2.34151E-16	0.0	1.28258	1.55713	-0.164824	1.0
			/*	4:child_number	*/	4
				/*	5:name	*/	七片三角上的八个钢枕及一号U型螺栓-1/七片三角上的一个钢枕及一号U型螺栓-1/一号U型螺栓单元-12/一号U型螺栓-1
				/*	5:type	*/	基本杆件\一号U型螺栓.SLDPRT
				/*	5:location	*/	1.0	0.0	0.0	0.0	0.0	1.0	-6.16298E-33	0.0	0.0	-2.46519E-32	1.0	0.0	0.0188503	-0.108956	-0.188	1.0
				/*	5:child_number	*/	0
				/*	5:name	*/	七片三角上的八个钢枕及一号U型螺栓-1/七片三角上的一个钢枕及一号U型螺栓-1/一号U型螺栓单元-12/一号U型螺栓垫片-1
				/*	5:type	*/	基本杆件\一号U型螺栓垫片.SLDPRT
				/*	5:location	*/	0.0	-1.0	6.16298E-33	0.0	1.0	0.0	0.0	0.0	0.0	-2.46519E-32	1.0	0.0	-0.0111497	0.0790441	0.143	1.0
				/*	5:child_number	*/	0
				/*	5:name	*/	七片三角上的八个钢枕及一号U型螺栓-1/七片三角上的一个钢枕及一号U型螺栓-1/一号U型螺栓单元-12/螺母-1
				/*	5:type	*/	基本杆件\螺母.SLDPRT
				/*	5:location	*/	1.0	0.0	0.0	0.0	0.0	1.0	-6.16298E-33	0.0	0.0	-2.46519E-32	1.0	0.0	0.0188503	0.0490441	0.159	1.0
				/*	5:child_number	*/	0
				/*	5:name	*/	七片三角上的八个钢枕及一号U型螺栓-1/七片三角上的一个钢枕及一号U型螺栓-1/一号U型螺栓单元-12/螺母-2
				/*	5:type	*/	基本杆件\螺母.SLDPRT
				/*	5:location	*/	1.0	0.0	0.0	0.0	0.0	1.0	-6.16298E-33	0.0	0.0	-2.46519E-32	1.0	0.0	0.0188503	-0.108956	0.159	1.0
				/*	5:child_number	*/	0
			/*	4:name	*/	七片三角上的八个钢枕及一号U型螺栓-1/七片三角上的一个钢枕及一号U型螺栓-1/一号U型螺栓单元-13
			/*	4:type	*/	U型螺栓单元\一号U型螺栓单元.SLDASM
			/*	4:location	*/	0.696203	-2.82215E-16	-0.717845	0.0	-0.717845	-2.26535E-16	-0.696203	0.0	3.38618E-17	1.0	-3.60301E-16	0.0	0.0825825	1.55713	-0.164824	1.0
			/*	4:child_number	*/	4
				/*	5:name	*/	七片三角上的八个钢枕及一号U型螺栓-1/七片三角上的一个钢枕及一号U型螺栓-1/一号U型螺栓单元-13/一号U型螺栓-1
				/*	5:type	*/	基本杆件\一号U型螺栓.SLDPRT
				/*	5:location	*/	1.0	0.0	1.38667E-32	0.0	-5.55112E-17	1.0	-4.62223E-33	0.0	0.0	0.0	1.0	0.0	0.0188503	-0.108956	-0.188	1.0
				/*	5:child_number	*/	0
				/*	5:name	*/	七片三角上的八个钢枕及一号U型螺栓-1/七片三角上的一个钢枕及一号U型螺栓-1/一号U型螺栓单元-13/一号U型螺栓垫片-1
				/*	5:type	*/	基本杆件\一号U型螺栓垫片.SLDPRT
				/*	5:location	*/	5.55112E-17	-1.0	4.62223E-33	0.0	1.0	0.0	1.38667E-32	0.0	0.0	0.0	1.0	0.0	-0.0111497	0.0790441	0.143	1.0
				/*	5:child_number	*/	0
				/*	5:name	*/	七片三角上的八个钢枕及一号U型螺栓-1/七片三角上的一个钢枕及一号U型螺栓-1/一号U型螺栓单元-13/螺母-1
				/*	5:type	*/	基本杆件\螺母.SLDPRT
				/*	5:location	*/	1.0	0.0	1.38667E-32	0.0	-5.55112E-17	1.0	-4.62223E-33	0.0	0.0	0.0	1.0	0.0	0.0188503	0.0490441	0.159	1.0
				/*	5:child_number	*/	0
				/*	5:name	*/	七片三角上的八个钢枕及一号U型螺栓-1/七片三角上的一个钢枕及一号U型螺栓-1/一号U型螺栓单元-13/螺母-2
				/*	5:type	*/	基本杆件\螺母.SLDPRT
				/*	5:location	*/	1.0	0.0	1.38667E-32	0.0	-5.55112E-17	1.0	-4.62223E-33	0.0	0.0	0.0	1.0	0.0	0.0188503	-0.108956	0.159	1.0
				/*	5:child_number	*/	0
			/*	4:name	*/	七片三角上的八个钢枕及一号U型螺栓-1/七片三角上的一个钢枕及一号U型螺栓-1/一号U型螺栓单元-14
			/*	4:type	*/	U型螺栓单元\一号U型螺栓单元.SLDASM
			/*	4:location	*/	0.696203	-2.32866E-16	-0.717845	0.0	-0.717845	-2.84904E-16	-0.696203	0.0	8.26632E-17	1.0	-3.77473E-16	0.0	-0.0888371	1.55713	-0.164824	1.0
			/*	4:child_number	*/	4
				/*	5:name	*/	七片三角上的八个钢枕及一号U型螺栓-1/七片三角上的一个钢枕及一号U型螺栓-1/一号U型螺栓单元-14/一号U型螺栓-1
				/*	5:type	*/	基本杆件\一号U型螺栓.SLDPRT
				/*	5:location	*/	1.0	0.0	-1.2326E-32	0.0	0.0	1.0	-6.16298E-33	0.0	-6.16298E-33	0.0	1.0	0.0	0.0188503	-0.108956	-0.188	1.0
				/*	5:child_number	*/	0
				/*	5:name	*/	七片三角上的八个钢枕及一号U型螺栓-1/七片三角上的一个钢枕及一号U型螺栓-1/一号U型螺栓单元-14/一号U型螺栓垫片-1
				/*	5:type	*/	基本杆件\一号U型螺栓垫片.SLDPRT
				/*	5:location	*/	0.0	-1.0	0.0	0.0	1.0	0.0	-1.2326E-32	0.0	-6.16298E-33	0.0	1.0	0.0	-0.0111497	0.0790441	0.143	1.0
				/*	5:child_number	*/	0
				/*	5:name	*/	七片三角上的八个钢枕及一号U型螺栓-1/七片三角上的一个钢枕及一号U型螺栓-1/一号U型螺栓单元-14/螺母-1
				/*	5:type	*/	基本杆件\螺母.SLDPRT
				/*	5:location	*/	1.0	0.0	-1.2326E-32	0.0	0.0	1.0	-6.16298E-33	0.0	-6.16298E-33	0.0	1.0	0.0	0.0188503	0.0490441	0.159	1.0
				/*	5:child_number	*/	0
				/*	5:name	*/	七片三角上的八个钢枕及一号U型螺栓-1/七片三角上的一个钢枕及一号U型螺栓-1/一号U型螺栓单元-14/螺母-2
				/*	5:type	*/	基本杆件\螺母.SLDPRT
				/*	5:location	*/	1.0	0.0	-1.2326E-32	0.0	0.0	1.0	-6.16298E-33	0.0	-6.16298E-33	0.0	1.0	0.0	0.0188503	-0.108956	0.159	1.0
				/*	5:child_number	*/	0
			/*	4:name	*/	七片三角上的八个钢枕及一号U型螺栓-1/七片三角上的一个钢枕及一号U型螺栓-1/一号U型螺栓单元-15
			/*	4:type	*/	U型螺栓单元\一号U型螺栓单元.SLDASM
			/*	4:location	*/	0.696203	-8.75417E-17	0.717845	0.0	0.717845	1.74971E-16	-0.696203	0.0	-6.46554E-17	1.0	1.84657E-16	0.0	-0.47441	1.55713	-0.191887	1.0
			/*	4:child_number	*/	4
				/*	5:name	*/	七片三角上的八个钢枕及一号U型螺栓-1/七片三角上的一个钢枕及一号U型螺栓-1/一号U型螺栓单元-15/一号U型螺栓-1
				/*	5:type	*/	基本杆件\一号U型螺栓.SLDPRT
				/*	5:location	*/	1.0	0.0	1.2326E-32	0.0	1.11022E-16	1.0	-6.16298E-32	0.0	-9.86076E-32	2.46519E-32	1.0	0.0	0.0188503	-0.108956	-0.188	1.0
				/*	5:child_number	*/	0
				/*	5:name	*/	七片三角上的八个钢枕及一号U型螺栓-1/七片三角上的一个钢枕及一号U型螺栓-1/一号U型螺栓单元-15/一号U型螺栓垫片-1
				/*	5:type	*/	基本杆件\一号U型螺栓垫片.SLDPRT
				/*	5:location	*/	-1.11022E-16	-1.0	6.16298E-32	0.0	1.0	0.0	1.2326E-32	0.0	-9.86076E-32	2.46519E-32	1.0	0.0	-0.0111497	0.0790441	0.143	1.0
				/*	5:child_number	*/	0
				/*	5:name	*/	七片三角上的八个钢枕及一号U型螺栓-1/七片三角上的一个钢枕及一号U型螺栓-1/一号U型螺栓单元-15/螺母-1
				/*	5:type	*/	基本杆件\螺母.SLDPRT
				/*	5:location	*/	1.0	0.0	1.2326E-32	0.0	1.11022E-16	1.0	-6.16298E-32	0.0	-9.86076E-32	2.46519E-32	1.0	0.0	0.0188503	0.0490441	0.159	1.0
				/*	5:child_number	*/	0
				/*	5:name	*/	七片三角上的八个钢枕及一号U型螺栓-1/七片三角上的一个钢枕及一号U型螺栓-1/一号U型螺栓单元-15/螺母-2
				/*	5:type	*/	基本杆件\螺母.SLDPRT
				/*	5:location	*/	1.0	0.0	1.2326E-32	0.0	1.11022E-16	1.0	-6.16298E-32	0.0	-9.86076E-32	2.46519E-32	1.0	0.0	0.0188503	-0.108956	0.159	1.0
				/*	5:child_number	*/	0
			/*	4:name	*/	七片三角上的八个钢枕及一号U型螺栓-1/七片三角上的一个钢枕及一号U型螺栓-1/一号U型螺栓单元-16
			/*	4:type	*/	U型螺栓单元\一号U型螺栓单元.SLDASM
			/*	4:location	*/	0.696203	4.57226E-16	0.717845	0.0	0.717845	-4.45705E-16	-0.696203	0.0	1.62506E-18	1.0	-6.38518E-16	0.0	0.55417	1.55713	-0.191887	1.0
			/*	4:child_number	*/	4
				/*	5:name	*/	七片三角上的八个钢枕及一号U型螺栓-1/七片三角上的一个钢枕及一号U型螺栓-1/一号U型螺栓单元-16/一号U型螺栓-1
				/*	5:type	*/	基本杆件\一号U型螺栓.SLDPRT
				/*	5:location	*/	1.0	0.0	6.16298E-33	0.0	-1.11022E-16	1.0	-1.38667E-32	0.0	1.2326E-32	-1.2326E-32	1.0	0.0	0.0188503	-0.108956	-0.188	1.0
				/*	5:child_number	*/	0
				/*	5:name	*/	七片三角上的八个钢枕及一号U型螺栓-1/七片三角上的一个钢枕及一号U型螺栓-1/一号U型螺栓单元-16/一号U型螺栓垫片-1
				/*	5:type	*/	基本杆件\一号U型螺栓垫片.SLDPRT
				/*	5:location	*/	1.11022E-16	-1.0	1.38667E-32	0.0	1.0	0.0	6.16298E-33	0.0	1.2326E-32	-1.2326E-32	1.0	0.0	-0.0111497	0.0790441	0.143	1.0
				/*	5:child_number	*/	0
				/*	5:name	*/	七片三角上的八个钢枕及一号U型螺栓-1/七片三角上的一个钢枕及一号U型螺栓-1/一号U型螺栓单元-16/螺母-1
				/*	5:type	*/	基本杆件\螺母.SLDPRT
				/*	5:location	*/	1.0	0.0	6.16298E-33	0.0	-1.11022E-16	1.0	-1.38667E-32	0.0	1.2326E-32	-1.2326E-32	1.0	0.0	0.0188503	0.0490441	0.159	1.0
				/*	5:child_number	*/	0
				/*	5:name	*/	七片三角上的八个钢枕及一号U型螺栓-1/七片三角上的一个钢枕及一号U型螺栓-1/一号U型螺栓单元-16/螺母-2
				/*	5:type	*/	基本杆件\螺母.SLDPRT
				/*	5:location	*/	1.0	0.0	6.16298E-33	0.0	-1.11022E-16	1.0	-1.38667E-32	0.0	1.2326E-32	-1.2326E-32	1.0	0.0	0.0188503	-0.108956	0.159	1.0
				/*	5:child_number	*/	0
			/*	4:name	*/	七片三角上的八个钢枕及一号U型螺栓-1/七片三角上的一个钢枕及一号U型螺栓-1/一号U型螺栓单元-17
			/*	4:type	*/	U型螺栓单元\一号U型螺栓单元.SLDASM
			/*	4:location	*/	0.696203	1.91926E-16	0.717845	0.0	0.717845	-1.45428E-16	-0.696203	0.0	-2.92251E-17	1.0	-2.39021E-16	0.0	1.75417	1.55713	-0.191887	1.0
			/*	4:child_number	*/	4
				/*	5:name	*/	七片三角上的八个钢枕及一号U型螺栓-1/七片三角上的一个钢枕及一号U型螺栓-1/一号U型螺栓单元-17/一号U型螺栓-1
				/*	5:type	*/	基本杆件\一号U型螺栓.SLDPRT
				/*	5:location	*/	1.0	0.0	6.16298E-33	0.0	0.0	1.0	-1.2326E-32	0.0	2.46519E-32	0.0	1.0	0.0	0.0188503	-0.108956	-0.188	1.0
				/*	5:child_number	*/	0
				/*	5:name	*/	七片三角上的八个钢枕及一号U型螺栓-1/七片三角上的一个钢枕及一号U型螺栓-1/一号U型螺栓单元-17/一号U型螺栓垫片-1
				/*	5:type	*/	基本杆件\一号U型螺栓垫片.SLDPRT
				/*	5:location	*/	0.0	-1.0	1.2326E-32	0.0	1.0	0.0	6.16298E-33	0.0	2.46519E-32	0.0	1.0	0.0	-0.0111497	0.0790441	0.143	1.0
				/*	5:child_number	*/	0
				/*	5:name	*/	七片三角上的八个钢枕及一号U型螺栓-1/七片三角上的一个钢枕及一号U型螺栓-1/一号U型螺栓单元-17/螺母-1
				/*	5:type	*/	基本杆件\螺母.SLDPRT
				/*	5:location	*/	1.0	0.0	6.16298E-33	0.0	0.0	1.0	-1.2326E-32	0.0	2.46519E-32	0.0	1.0	0.0	0.0188503	0.0490441	0.159	1.0
				/*	5:child_number	*/	0
				/*	5:name	*/	七片三角上的八个钢枕及一号U型螺栓-1/七片三角上的一个钢枕及一号U型螺栓-1/一号U型螺栓单元-17/螺母-2
				/*	5:type	*/	基本杆件\螺母.SLDPRT
				/*	5:location	*/	1.0	0.0	6.16298E-33	0.0	0.0	1.0	-1.2326E-32	0.0	2.46519E-32	0.0	1.0	0.0	0.0188503	-0.108956	0.159	1.0
				/*	5:child_number	*/	0
			/*	4:name	*/	七片三角上的八个钢枕及一号U型螺栓-1/七片三角上的一个钢枕及一号U型螺栓-1/一号U型螺栓单元-18
			/*	4:type	*/	U型螺栓单元\一号U型螺栓单元.SLDASM
			/*	4:location	*/	0.696203	2.24752E-16	0.717845	0.0	0.717845	-1.52594E-16	-0.696203	0.0	-4.69339E-17	1.0	-2.67573E-16	0.0	2.95417	1.55713	-0.191887	1.0
			/*	4:child_number	*/	4
				/*	5:name	*/	七片三角上的八个钢枕及一号U型螺栓-1/七片三角上的一个钢枕及一号U型螺栓-1/一号U型螺栓单元-18/一号U型螺栓-1
				/*	5:type	*/	基本杆件\一号U型螺栓.SLDPRT
				/*	5:location	*/	1.0	0.0	6.16298E-33	0.0	-1.66533E-16	1.0	-6.16298E-33	0.0	4.93038E-32	0.0	1.0	0.0	0.0188503	-0.108956	-0.188	1.0
				/*	5:child_number	*/	0
				/*	5:name	*/	七片三角上的八个钢枕及一号U型螺栓-1/七片三角上的一个钢枕及一号U型螺栓-1/一号U型螺栓单元-18/一号U型螺栓垫片-1
				/*	5:type	*/	基本杆件\一号U型螺栓垫片.SLDPRT
				/*	5:location	*/	1.66533E-16	-1.0	6.16298E-33	0.0	1.0	0.0	-6.16298E-33	0.0	4.93038E-32	0.0	1.0	0.0	-0.0111497	0.0790441	0.143	1.0
				/*	5:child_number	*/	0
				/*	5:name	*/	七片三角上的八个钢枕及一号U型螺栓-1/七片三角上的一个钢枕及一号U型螺栓-1/一号U型螺栓单元-18/螺母-1
				/*	5:type	*/	基本杆件\螺母.SLDPRT
				/*	5:location	*/	1.0	0.0	6.16298E-33	0.0	-1.66533E-16	1.0	-6.16298E-33	0.0	4.93038E-32	0.0	1.0	0.0	0.0188503	0.0490441	0.159	1.0
				/*	5:child_number	*/	0
				/*	5:name	*/	七片三角上的八个钢枕及一号U型螺栓-1/七片三角上的一个钢枕及一号U型螺栓-1/一号U型螺栓单元-18/螺母-2
				/*	5:type	*/	基本杆件\螺母.SLDPRT
				/*	5:location	*/	1.0	0.0	6.16298E-33	0.0	-1.66533E-16	1.0	-6.16298E-33	0.0	4.93038E-32	0.0	1.0	0.0	0.0188503	-0.108956	0.159	1.0
				/*	5:child_number	*/	0
			/*	4:name	*/	七片三角上的八个钢枕及一号U型螺栓-1/七片三角上的一个钢枕及一号U型螺栓-1/一号U型螺栓单元-19
			/*	4:type	*/	U型螺栓单元\一号U型螺栓单元.SLDASM
			/*	4:location	*/	0.696203	1.63862E-16	0.717845	0.0	0.717845	-4.04955E-17	-0.696203	0.0	-8.50117E-17	1.0	-1.45821E-16	0.0	3.12559	1.55713	-0.191887	1.0
			/*	4:child_number	*/	4
				/*	5:name	*/	七片三角上的八个钢枕及一号U型螺栓-1/七片三角上的一个钢枕及一号U型螺栓-1/一号U型螺栓单元-19/一号U型螺栓-1
				/*	5:type	*/	基本杆件\一号U型螺栓.SLDPRT
				/*	5:location	*/	1.0	-1.11022E-16	3.69779E-32	0.0	-5.55112E-17	1.0	-1.2326E-32	0.0	4.93038E-32	-2.46519E-32	1.0	0.0	0.0188503	-0.108956	-0.188	1.0
				/*	5:child_number	*/	0
				/*	5:name	*/	七片三角上的八个钢枕及一号U型螺栓-1/七片三角上的一个钢枕及一号U型螺栓-1/一号U型螺栓单元-19/一号U型螺栓垫片-1
				/*	5:type	*/	基本杆件\一号U型螺栓垫片.SLDPRT
				/*	5:location	*/	5.55112E-17	-1.0	1.2326E-32	0.0	1.0	-1.11022E-16	1.2326E-32	0.0	4.93038E-32	-2.46519E-32	1.0	0.0	-0.0111497	0.0790441	0.143	1.0
				/*	5:child_number	*/	0
				/*	5:name	*/	七片三角上的八个钢枕及一号U型螺栓-1/七片三角上的一个钢枕及一号U型螺栓-1/一号U型螺栓单元-19/螺母-1
				/*	5:type	*/	基本杆件\螺母.SLDPRT
				/*	5:location	*/	1.0	-1.11022E-16	3.69779E-32	0.0	-5.55112E-17	1.0	-1.2326E-32	0.0	4.93038E-32	-2.46519E-32	1.0	0.0	0.0188503	0.0490441	0.159	1.0
				/*	5:child_number	*/	0
				/*	5:name	*/	七片三角上的八个钢枕及一号U型螺栓-1/七片三角上的一个钢枕及一号U型螺栓-1/一号U型螺栓单元-19/螺母-2
				/*	5:type	*/	基本杆件\螺母.SLDPRT
				/*	5:location	*/	1.0	-1.11022E-16	3.69779E-32	0.0	-5.55112E-17	1.0	-1.2326E-32	0.0	4.93038E-32	-2.46519E-32	1.0	0.0	0.0188503	-0.108956	0.159	1.0
				/*	5:child_number	*/	0
			/*	4:name	*/	七片三角上的八个钢枕及一号U型螺栓-1/七片三角上的一个钢枕及一号U型螺栓-1/钢枕-1
			/*	4:type	*/	基本杆件\钢枕.SLDPRT
			/*	4:location	*/	-1.38778E-17	4.85987E-16	1.0	0.0	1.45014E-16	1.0	-4.97947E-16	0.0	-1.0	1.9956E-17	-6.93889E-17	0.0	3.6815	1.54013	-0.2015	1.0
			/*	4:child_number	*/	0
		/*	3:name	*/	七片三角上的八个钢枕及一号U型螺栓-1/七片三角上的一个钢枕及一号U型螺栓-2
		/*	3:type	*/	钢枕单元\七片三角上的一个钢枕及一号U型螺栓.SLDASM
		/*	3:location	*/	1.0	0.0	0.0	0.0	0.0	1.0	-1.00624E-32	0.0	0.0	-2.76946E-34	1.0	0.0	-1.66826	-1.20953	-0.2925	1.0
		/*	3:child_number	*/	11
			/*	4:name	*/	七片三角上的八个钢枕及一号U型螺栓-1/七片三角上的一个钢枕及一号U型螺栓-2/一号U型螺栓单元-10
			/*	4:type	*/	U型螺栓单元\一号U型螺栓单元.SLDASM
			/*	4:location	*/	0.696203	-1.66192E-16	-0.717845	0.0	-0.717845	-2.0424E-16	-0.696203	0.0	-3.09096E-17	1.0	-2.61492E-16	0.0	3.51116	1.55713	-0.164824	1.0
			/*	4:child_number	*/	4
				/*	5:name	*/	七片三角上的八个钢枕及一号U型螺栓-1/七片三角上的一个钢枕及一号U型螺栓-2/一号U型螺栓单元-10/一号U型螺栓-1
				/*	5:type	*/	基本杆件\一号U型螺栓.SLDPRT
				/*	5:location	*/	1.0	0.0	1.2326E-32	0.0	0.0	1.0	6.16298E-33	0.0	0.0	-2.46519E-32	1.0	0.0	0.0188503	-0.108956	-0.188	1.0
				/*	5:child_number	*/	0
				/*	5:name	*/	七片三角上的八个钢枕及一号U型螺栓-1/七片三角上的一个钢枕及一号U型螺栓-2/一号U型螺栓单元-10/一号U型螺栓垫片-1
				/*	5:type	*/	基本杆件\一号U型螺栓垫片.SLDPRT
				/*	5:location	*/	0.0	-1.0	-6.16298E-33	0.0	1.0	0.0	1.2326E-32	0.0	0.0	-2.46519E-32	1.0	0.0	-0.0111497	0.0790441	0.143	1.0
				/*	5:child_number	*/	0
				/*	5:name	*/	七片三角上的八个钢枕及一号U型螺栓-1/七片三角上的一个钢枕及一号U型螺栓-2/一号U型螺栓单元-10/螺母-1
				/*	5:type	*/	基本杆件\螺母.SLDPRT
				/*	5:location	*/	1.0	0.0	1.2326E-32	0.0	0.0	1.0	6.16298E-33	0.0	0.0	-2.46519E-32	1.0	0.0	0.0188503	0.0490441	0.159	1.0
				/*	5:child_number	*/	0
				/*	5:name	*/	七片三角上的八个钢枕及一号U型螺栓-1/七片三角上的一个钢枕及一号U型螺栓-2/一号U型螺栓单元-10/螺母-2
				/*	5:type	*/	基本杆件\螺母.SLDPRT
				/*	5:location	*/	1.0	0.0	1.2326E-32	0.0	0.0	1.0	6.16298E-33	0.0	0.0	-2.46519E-32	1.0	0.0	0.0188503	-0.108956	0.159	1.0
				/*	5:child_number	*/	0
			/*	4:name	*/	七片三角上的八个钢枕及一号U型螺栓-1/七片三角上的一个钢枕及一号U型螺栓-2/一号U型螺栓单元-11
			/*	4:type	*/	U型螺栓单元\一号U型螺栓单元.SLDASM
			/*	4:location	*/	0.696203	-1.75004E-16	-0.717845	0.0	-0.717845	-2.6696E-16	-0.696203	0.0	5.52606E-17	1.0	-3.23445E-16	0.0	2.48258	1.55713	-0.164824	1.0
			/*	4:child_number	*/	4
				/*	5:name	*/	七片三角上的八个钢枕及一号U型螺栓-1/七片三角上的一个钢枕及一号U型螺栓-2/一号U型螺栓单元-11/一号U型螺栓-1
				/*	5:type	*/	基本杆件\一号U型螺栓.SLDPRT
				/*	5:location	*/	1.0	0.0	-2.46519E-32	0.0	0.0	1.0	2.46519E-32	0.0	1.2326E-32	-1.2326E-32	1.0	0.0	0.0188503	-0.108956	-0.188	1.0
				/*	5:child_number	*/	0
				/*	5:name	*/	七片三角上的八个钢枕及一号U型螺栓-1/七片三角上的一个钢枕及一号U型螺栓-2/一号U型螺栓单元-11/一号U型螺栓垫片-1
				/*	5:type	*/	基本杆件\一号U型螺栓垫片.SLDPRT
				/*	5:location	*/	0.0	-1.0	-3.69779E-32	0.0	1.0	0.0	-2.46519E-32	0.0	1.2326E-32	-1.2326E-32	1.0	0.0	-0.0111497	0.0790441	0.143	1.0
				/*	5:child_number	*/	0
				/*	5:name	*/	七片三角上的八个钢枕及一号U型螺栓-1/七片三角上的一个钢枕及一号U型螺栓-2/一号U型螺栓单元-11/螺母-1
				/*	5:type	*/	基本杆件\螺母.SLDPRT
				/*	5:location	*/	1.0	0.0	-2.46519E-32	0.0	0.0	1.0	2.46519E-32	0.0	1.2326E-32	-1.2326E-32	1.0	0.0	0.0188503	0.0490441	0.159	1.0
				/*	5:child_number	*/	0
				/*	5:name	*/	七片三角上的八个钢枕及一号U型螺栓-1/七片三角上的一个钢枕及一号U型螺栓-2/一号U型螺栓单元-11/螺母-2
				/*	5:type	*/	基本杆件\螺母.SLDPRT
				/*	5:location	*/	1.0	0.0	-2.46519E-32	0.0	0.0	1.0	2.46519E-32	0.0	1.2326E-32	-1.2326E-32	1.0	0.0	0.0188503	-0.108956	0.159	1.0
				/*	5:child_number	*/	0
			/*	4:name	*/	七片三角上的八个钢枕及一号U型螺栓-1/七片三角上的一个钢枕及一号U型螺栓-2/一号U型螺栓单元-12
			/*	4:type	*/	U型螺栓单元\一号U型螺栓单元.SLDASM
			/*	4:location	*/	0.696203	-1.50471E-16	-0.717845	0.0	-0.717845	-1.81178E-16	-0.696203	0.0	-2.52993E-17	1.0	-2.34151E-16	0.0	1.28258	1.55713	-0.164824	1.0
			/*	4:child_number	*/	4
				/*	5:name	*/	七片三角上的八个钢枕及一号U型螺栓-1/七片三角上的一个钢枕及一号U型螺栓-2/一号U型螺栓单元-12/一号U型螺栓-1
				/*	5:type	*/	基本杆件\一号U型螺栓.SLDPRT
				/*	5:location	*/	1.0	0.0	0.0	0.0	0.0	1.0	-6.16298E-33	0.0	0.0	-2.46519E-32	1.0	0.0	0.0188503	-0.108956	-0.188	1.0
				/*	5:child_number	*/	0
				/*	5:name	*/	七片三角上的八个钢枕及一号U型螺栓-1/七片三角上的一个钢枕及一号U型螺栓-2/一号U型螺栓单元-12/一号U型螺栓垫片-1
				/*	5:type	*/	基本杆件\一号U型螺栓垫片.SLDPRT
				/*	5:location	*/	0.0	-1.0	6.16298E-33	0.0	1.0	0.0	0.0	0.0	0.0	-2.46519E-32	1.0	0.0	-0.0111497	0.0790441	0.143	1.0
				/*	5:child_number	*/	0
				/*	5:name	*/	七片三角上的八个钢枕及一号U型螺栓-1/七片三角上的一个钢枕及一号U型螺栓-2/一号U型螺栓单元-12/螺母-1
				/*	5:type	*/	基本杆件\螺母.SLDPRT
				/*	5:location	*/	1.0	0.0	0.0	0.0	0.0	1.0	-6.16298E-33	0.0	0.0	-2.46519E-32	1.0	0.0	0.0188503	0.0490441	0.159	1.0
				/*	5:child_number	*/	0
				/*	5:name	*/	七片三角上的八个钢枕及一号U型螺栓-1/七片三角上的一个钢枕及一号U型螺栓-2/一号U型螺栓单元-12/螺母-2
				/*	5:type	*/	基本杆件\螺母.SLDPRT
				/*	5:location	*/	1.0	0.0	0.0	0.0	0.0	1.0	-6.16298E-33	0.0	0.0	-2.46519E-32	1.0	0.0	0.0188503	-0.108956	0.159	1.0
				/*	5:child_number	*/	0
			/*	4:name	*/	七片三角上的八个钢枕及一号U型螺栓-1/七片三角上的一个钢枕及一号U型螺栓-2/一号U型螺栓单元-13
			/*	4:type	*/	U型螺栓单元\一号U型螺栓单元.SLDASM
			/*	4:location	*/	0.696203	-2.82215E-16	-0.717845	0.0	-0.717845	-2.26535E-16	-0.696203	0.0	3.38618E-17	1.0	-3.60301E-16	0.0	0.0825825	1.55713	-0.164824	1.0
			/*	4:child_number	*/	4
				/*	5:name	*/	七片三角上的八个钢枕及一号U型螺栓-1/七片三角上的一个钢枕及一号U型螺栓-2/一号U型螺栓单元-13/一号U型螺栓-1
				/*	5:type	*/	基本杆件\一号U型螺栓.SLDPRT
				/*	5:location	*/	1.0	0.0	1.38667E-32	0.0	-5.55112E-17	1.0	-4.62223E-33	0.0	0.0	0.0	1.0	0.0	0.0188503	-0.108956	-0.188	1.0
				/*	5:child_number	*/	0
				/*	5:name	*/	七片三角上的八个钢枕及一号U型螺栓-1/七片三角上的一个钢枕及一号U型螺栓-2/一号U型螺栓单元-13/一号U型螺栓垫片-1
				/*	5:type	*/	基本杆件\一号U型螺栓垫片.SLDPRT
				/*	5:location	*/	5.55112E-17	-1.0	4.62223E-33	0.0	1.0	0.0	1.38667E-32	0.0	0.0	0.0	1.0	0.0	-0.0111497	0.0790441	0.143	1.0
				/*	5:child_number	*/	0
				/*	5:name	*/	七片三角上的八个钢枕及一号U型螺栓-1/七片三角上的一个钢枕及一号U型螺栓-2/一号U型螺栓单元-13/螺母-1
				/*	5:type	*/	基本杆件\螺母.SLDPRT
				/*	5:location	*/	1.0	0.0	1.38667E-32	0.0	-5.55112E-17	1.0	-4.62223E-33	0.0	0.0	0.0	1.0	0.0	0.0188503	0.0490441	0.159	1.0
				/*	5:child_number	*/	0
				/*	5:name	*/	七片三角上的八个钢枕及一号U型螺栓-1/七片三角上的一个钢枕及一号U型螺栓-2/一号U型螺栓单元-13/螺母-2
				/*	5:type	*/	基本杆件\螺母.SLDPRT
				/*	5:location	*/	1.0	0.0	1.38667E-32	0.0	-5.55112E-17	1.0	-4.62223E-33	0.0	0.0	0.0	1.0	0.0	0.0188503	-0.108956	0.159	1.0
				/*	5:child_number	*/	0
			/*	4:name	*/	七片三角上的八个钢枕及一号U型螺栓-1/七片三角上的一个钢枕及一号U型螺栓-2/一号U型螺栓单元-14
			/*	4:type	*/	U型螺栓单元\一号U型螺栓单元.SLDASM
			/*	4:location	*/	0.696203	-2.32866E-16	-0.717845	0.0	-0.717845	-2.84904E-16	-0.696203	0.0	8.26632E-17	1.0	-3.77473E-16	0.0	-0.0888371	1.55713	-0.164824	1.0
			/*	4:child_number	*/	4
				/*	5:name	*/	七片三角上的八个钢枕及一号U型螺栓-1/七片三角上的一个钢枕及一号U型螺栓-2/一号U型螺栓单元-14/一号U型螺栓-1
				/*	5:type	*/	基本杆件\一号U型螺栓.SLDPRT
				/*	5:location	*/	1.0	0.0	-1.2326E-32	0.0	0.0	1.0	-6.16298E-33	0.0	-6.16298E-33	0.0	1.0	0.0	0.0188503	-0.108956	-0.188	1.0
				/*	5:child_number	*/	0
				/*	5:name	*/	七片三角上的八个钢枕及一号U型螺栓-1/七片三角上的一个钢枕及一号U型螺栓-2/一号U型螺栓单元-14/一号U型螺栓垫片-1
				/*	5:type	*/	基本杆件\一号U型螺栓垫片.SLDPRT
				/*	5:location	*/	0.0	-1.0	0.0	0.0	1.0	0.0	-1.2326E-32	0.0	-6.16298E-33	0.0	1.0	0.0	-0.0111497	0.0790441	0.143	1.0
				/*	5:child_number	*/	0
				/*	5:name	*/	七片三角上的八个钢枕及一号U型螺栓-1/七片三角上的一个钢枕及一号U型螺栓-2/一号U型螺栓单元-14/螺母-1
				/*	5:type	*/	基本杆件\螺母.SLDPRT
				/*	5:location	*/	1.0	0.0	-1.2326E-32	0.0	0.0	1.0	-6.16298E-33	0.0	-6.16298E-33	0.0	1.0	0.0	0.0188503	0.0490441	0.159	1.0
				/*	5:child_number	*/	0
				/*	5:name	*/	七片三角上的八个钢枕及一号U型螺栓-1/七片三角上的一个钢枕及一号U型螺栓-2/一号U型螺栓单元-14/螺母-2
				/*	5:type	*/	基本杆件\螺母.SLDPRT
				/*	5:location	*/	1.0	0.0	-1.2326E-32	0.0	0.0	1.0	-6.16298E-33	0.0	-6.16298E-33	0.0	1.0	0.0	0.0188503	-0.108956	0.159	1.0
				/*	5:child_number	*/	0
			/*	4:name	*/	七片三角上的八个钢枕及一号U型螺栓-1/七片三角上的一个钢枕及一号U型螺栓-2/一号U型螺栓单元-15
			/*	4:type	*/	U型螺栓单元\一号U型螺栓单元.SLDASM
			/*	4:location	*/	0.696203	-8.75417E-17	0.717845	0.0	0.717845	1.74971E-16	-0.696203	0.0	-6.46554E-17	1.0	1.84657E-16	0.0	-0.47441	1.55713	-0.191887	1.0
			/*	4:child_number	*/	4
				/*	5:name	*/	七片三角上的八个钢枕及一号U型螺栓-1/七片三角上的一个钢枕及一号U型螺栓-2/一号U型螺栓单元-15/一号U型螺栓-1
				/*	5:type	*/	基本杆件\一号U型螺栓.SLDPRT
				/*	5:location	*/	1.0	0.0	1.2326E-32	0.0	1.11022E-16	1.0	-6.16298E-32	0.0	-9.86076E-32	2.46519E-32	1.0	0.0	0.0188503	-0.108956	-0.188	1.0
				/*	5:child_number	*/	0
				/*	5:name	*/	七片三角上的八个钢枕及一号U型螺栓-1/七片三角上的一个钢枕及一号U型螺栓-2/一号U型螺栓单元-15/一号U型螺栓垫片-1
				/*	5:type	*/	基本杆件\一号U型螺栓垫片.SLDPRT
				/*	5:location	*/	-1.11022E-16	-1.0	6.16298E-32	0.0	1.0	0.0	1.2326E-32	0.0	-9.86076E-32	2.46519E-32	1.0	0.0	-0.0111497	0.0790441	0.143	1.0
				/*	5:child_number	*/	0
				/*	5:name	*/	七片三角上的八个钢枕及一号U型螺栓-1/七片三角上的一个钢枕及一号U型螺栓-2/一号U型螺栓单元-15/螺母-1
				/*	5:type	*/	基本杆件\螺母.SLDPRT
				/*	5:location	*/	1.0	0.0	1.2326E-32	0.0	1.11022E-16	1.0	-6.16298E-32	0.0	-9.86076E-32	2.46519E-32	1.0	0.0	0.0188503	0.0490441	0.159	1.0
				/*	5:child_number	*/	0
				/*	5:name	*/	七片三角上的八个钢枕及一号U型螺栓-1/七片三角上的一个钢枕及一号U型螺栓-2/一号U型螺栓单元-15/螺母-2
				/*	5:type	*/	基本杆件\螺母.SLDPRT
				/*	5:location	*/	1.0	0.0	1.2326E-32	0.0	1.11022E-16	1.0	-6.16298E-32	0.0	-9.86076E-32	2.46519E-32	1.0	0.0	0.0188503	-0.108956	0.159	1.0
				/*	5:child_number	*/	0
			/*	4:name	*/	七片三角上的八个钢枕及一号U型螺栓-1/七片三角上的一个钢枕及一号U型螺栓-2/一号U型螺栓单元-16
			/*	4:type	*/	U型螺栓单元\一号U型螺栓单元.SLDASM
			/*	4:location	*/	0.696203	4.57226E-16	0.717845	0.0	0.717845	-4.45705E-16	-0.696203	0.0	1.62506E-18	1.0	-6.38518E-16	0.0	0.55417	1.55713	-0.191887	1.0
			/*	4:child_number	*/	4
				/*	5:name	*/	七片三角上的八个钢枕及一号U型螺栓-1/七片三角上的一个钢枕及一号U型螺栓-2/一号U型螺栓单元-16/一号U型螺栓-1
				/*	5:type	*/	基本杆件\一号U型螺栓.SLDPRT
				/*	5:location	*/	1.0	0.0	6.16298E-33	0.0	-1.11022E-16	1.0	-1.38667E-32	0.0	1.2326E-32	-1.2326E-32	1.0	0.0	0.0188503	-0.108956	-0.188	1.0
				/*	5:child_number	*/	0
				/*	5:name	*/	七片三角上的八个钢枕及一号U型螺栓-1/七片三角上的一个钢枕及一号U型螺栓-2/一号U型螺栓单元-16/一号U型螺栓垫片-1
				/*	5:type	*/	基本杆件\一号U型螺栓垫片.SLDPRT
				/*	5:location	*/	1.11022E-16	-1.0	1.38667E-32	0.0	1.0	0.0	6.16298E-33	0.0	1.2326E-32	-1.2326E-32	1.0	0.0	-0.0111497	0.0790441	0.143	1.0
				/*	5:child_number	*/	0
				/*	5:name	*/	七片三角上的八个钢枕及一号U型螺栓-1/七片三角上的一个钢枕及一号U型螺栓-2/一号U型螺栓单元-16/螺母-1
				/*	5:type	*/	基本杆件\螺母.SLDPRT
				/*	5:location	*/	1.0	0.0	6.16298E-33	0.0	-1.11022E-16	1.0	-1.38667E-32	0.0	1.2326E-32	-1.2326E-32	1.0	0.0	0.0188503	0.0490441	0.159	1.0
				/*	5:child_number	*/	0
				/*	5:name	*/	七片三角上的八个钢枕及一号U型螺栓-1/七片三角上的一个钢枕及一号U型螺栓-2/一号U型螺栓单元-16/螺母-2
				/*	5:type	*/	基本杆件\螺母.SLDPRT
				/*	5:location	*/	1.0	0.0	6.16298E-33	0.0	-1.11022E-16	1.0	-1.38667E-32	0.0	1.2326E-32	-1.2326E-32	1.0	0.0	0.0188503	-0.108956	0.159	1.0
				/*	5:child_number	*/	0
			/*	4:name	*/	七片三角上的八个钢枕及一号U型螺栓-1/七片三角上的一个钢枕及一号U型螺栓-2/一号U型螺栓单元-17
			/*	4:type	*/	U型螺栓单元\一号U型螺栓单元.SLDASM
			/*	4:location	*/	0.696203	1.91926E-16	0.717845	0.0	0.717845	-1.45428E-16	-0.696203	0.0	-2.92251E-17	1.0	-2.39021E-16	0.0	1.75417	1.55713	-0.191887	1.0
			/*	4:child_number	*/	4
				/*	5:name	*/	七片三角上的八个钢枕及一号U型螺栓-1/七片三角上的一个钢枕及一号U型螺栓-2/一号U型螺栓单元-17/一号U型螺栓-1
				/*	5:type	*/	基本杆件\一号U型螺栓.SLDPRT
				/*	5:location	*/	1.0	0.0	6.16298E-33	0.0	0.0	1.0	-1.2326E-32	0.0	2.46519E-32	0.0	1.0	0.0	0.0188503	-0.108956	-0.188	1.0
				/*	5:child_number	*/	0
				/*	5:name	*/	七片三角上的八个钢枕及一号U型螺栓-1/七片三角上的一个钢枕及一号U型螺栓-2/一号U型螺栓单元-17/一号U型螺栓垫片-1
				/*	5:type	*/	基本杆件\一号U型螺栓垫片.SLDPRT
				/*	5:location	*/	0.0	-1.0	1.2326E-32	0.0	1.0	0.0	6.16298E-33	0.0	2.46519E-32	0.0	1.0	0.0	-0.0111497	0.0790441	0.143	1.0
				/*	5:child_number	*/	0
				/*	5:name	*/	七片三角上的八个钢枕及一号U型螺栓-1/七片三角上的一个钢枕及一号U型螺栓-2/一号U型螺栓单元-17/螺母-1
				/*	5:type	*/	基本杆件\螺母.SLDPRT
				/*	5:location	*/	1.0	0.0	6.16298E-33	0.0	0.0	1.0	-1.2326E-32	0.0	2.46519E-32	0.0	1.0	0.0	0.0188503	0.0490441	0.159	1.0
				/*	5:child_number	*/	0
				/*	5:name	*/	七片三角上的八个钢枕及一号U型螺栓-1/七片三角上的一个钢枕及一号U型螺栓-2/一号U型螺栓单元-17/螺母-2
				/*	5:type	*/	基本杆件\螺母.SLDPRT
				/*	5:location	*/	1.0	0.0	6.16298E-33	0.0	0.0	1.0	-1.2326E-32	0.0	2.46519E-32	0.0	1.0	0.0	0.0188503	-0.108956	0.159	1.0
				/*	5:child_number	*/	0
			/*	4:name	*/	七片三角上的八个钢枕及一号U型螺栓-1/七片三角上的一个钢枕及一号U型螺栓-2/一号U型螺栓单元-18
			/*	4:type	*/	U型螺栓单元\一号U型螺栓单元.SLDASM
			/*	4:location	*/	0.696203	2.24752E-16	0.717845	0.0	0.717845	-1.52594E-16	-0.696203	0.0	-4.69339E-17	1.0	-2.67573E-16	0.0	2.95417	1.55713	-0.191887	1.0
			/*	4:child_number	*/	4
				/*	5:name	*/	七片三角上的八个钢枕及一号U型螺栓-1/七片三角上的一个钢枕及一号U型螺栓-2/一号U型螺栓单元-18/一号U型螺栓-1
				/*	5:type	*/	基本杆件\一号U型螺栓.SLDPRT
				/*	5:location	*/	1.0	0.0	6.16298E-33	0.0	-1.66533E-16	1.0	-6.16298E-33	0.0	4.93038E-32	0.0	1.0	0.0	0.0188503	-0.108956	-0.188	1.0
				/*	5:child_number	*/	0
				/*	5:name	*/	七片三角上的八个钢枕及一号U型螺栓-1/七片三角上的一个钢枕及一号U型螺栓-2/一号U型螺栓单元-18/一号U型螺栓垫片-1
				/*	5:type	*/	基本杆件\一号U型螺栓垫片.SLDPRT
				/*	5:location	*/	1.66533E-16	-1.0	6.16298E-33	0.0	1.0	0.0	-6.16298E-33	0.0	4.93038E-32	0.0	1.0	0.0	-0.0111497	0.0790441	0.143	1.0
				/*	5:child_number	*/	0
				/*	5:name	*/	七片三角上的八个钢枕及一号U型螺栓-1/七片三角上的一个钢枕及一号U型螺栓-2/一号U型螺栓单元-18/螺母-1
				/*	5:type	*/	基本杆件\螺母.SLDPRT
				/*	5:location	*/	1.0	0.0	6.16298E-33	0.0	-1.66533E-16	1.0	-6.16298E-33	0.0	4.93038E-32	0.0	1.0	0.0	0.0188503	0.0490441	0.159	1.0
				/*	5:child_number	*/	0
				/*	5:name	*/	七片三角上的八个钢枕及一号U型螺栓-1/七片三角上的一个钢枕及一号U型螺栓-2/一号U型螺栓单元-18/螺母-2
				/*	5:type	*/	基本杆件\螺母.SLDPRT
				/*	5:location	*/	1.0	0.0	6.16298E-33	0.0	-1.66533E-16	1.0	-6.16298E-33	0.0	4.93038E-32	0.0	1.0	0.0	0.0188503	-0.108956	0.159	1.0
				/*	5:child_number	*/	0
			/*	4:name	*/	七片三角上的八个钢枕及一号U型螺栓-1/七片三角上的一个钢枕及一号U型螺栓-2/一号U型螺栓单元-19
			/*	4:type	*/	U型螺栓单元\一号U型螺栓单元.SLDASM
			/*	4:location	*/	0.696203	1.63862E-16	0.717845	0.0	0.717845	-4.04955E-17	-0.696203	0.0	-8.50117E-17	1.0	-1.45821E-16	0.0	3.12559	1.55713	-0.191887	1.0
			/*	4:child_number	*/	4
				/*	5:name	*/	七片三角上的八个钢枕及一号U型螺栓-1/七片三角上的一个钢枕及一号U型螺栓-2/一号U型螺栓单元-19/一号U型螺栓-1
				/*	5:type	*/	基本杆件\一号U型螺栓.SLDPRT
				/*	5:location	*/	1.0	-1.11022E-16	3.69779E-32	0.0	-5.55112E-17	1.0	-1.2326E-32	0.0	4.93038E-32	-2.46519E-32	1.0	0.0	0.0188503	-0.108956	-0.188	1.0
				/*	5:child_number	*/	0
				/*	5:name	*/	七片三角上的八个钢枕及一号U型螺栓-1/七片三角上的一个钢枕及一号U型螺栓-2/一号U型螺栓单元-19/一号U型螺栓垫片-1
				/*	5:type	*/	基本杆件\一号U型螺栓垫片.SLDPRT
				/*	5:location	*/	5.55112E-17	-1.0	1.2326E-32	0.0	1.0	-1.11022E-16	1.2326E-32	0.0	4.93038E-32	-2.46519E-32	1.0	0.0	-0.0111497	0.0790441	0.143	1.0
				/*	5:child_number	*/	0
				/*	5:name	*/	七片三角上的八个钢枕及一号U型螺栓-1/七片三角上的一个钢枕及一号U型螺栓-2/一号U型螺栓单元-19/螺母-1
				/*	5:type	*/	基本杆件\螺母.SLDPRT
				/*	5:location	*/	1.0	-1.11022E-16	3.69779E-32	0.0	-5.55112E-17	1.0	-1.2326E-32	0.0	4.93038E-32	-2.46519E-32	1.0	0.0	0.0188503	0.0490441	0.159	1.0
				/*	5:child_number	*/	0
				/*	5:name	*/	七片三角上的八个钢枕及一号U型螺栓-1/七片三角上的一个钢枕及一号U型螺栓-2/一号U型螺栓单元-19/螺母-2
				/*	5:type	*/	基本杆件\螺母.SLDPRT
				/*	5:location	*/	1.0	-1.11022E-16	3.69779E-32	0.0	-5.55112E-17	1.0	-1.2326E-32	0.0	4.93038E-32	-2.46519E-32	1.0	0.0	0.0188503	-0.108956	0.159	1.0
				/*	5:child_number	*/	0
			/*	4:name	*/	七片三角上的八个钢枕及一号U型螺栓-1/七片三角上的一个钢枕及一号U型螺栓-2/钢枕-1
			/*	4:type	*/	基本杆件\钢枕.SLDPRT
			/*	4:location	*/	-1.38778E-17	4.85987E-16	1.0	0.0	1.45014E-16	1.0	-4.97947E-16	0.0	-1.0	1.9956E-17	-6.93889E-17	0.0	3.6815	1.54013	-0.2015	1.0
			/*	4:child_number	*/	0
		/*	3:name	*/	七片三角上的八个钢枕及一号U型螺栓-1/七片三角上的一个钢枕及一号U型螺栓-3
		/*	3:type	*/	钢枕单元\七片三角上的一个钢枕及一号U型螺栓.SLDASM
		/*	3:location	*/	1.0	0.0	0.0	0.0	0.0	1.0	-1.00624E-32	0.0	0.0	-2.76946E-34	1.0	0.0	-1.66826	-1.20953	-0.7425	1.0
		/*	3:child_number	*/	11
			/*	4:name	*/	七片三角上的八个钢枕及一号U型螺栓-1/七片三角上的一个钢枕及一号U型螺栓-3/一号U型螺栓单元-10
			/*	4:type	*/	U型螺栓单元\一号U型螺栓单元.SLDASM
			/*	4:location	*/	0.696203	-1.66192E-16	-0.717845	0.0	-0.717845	-2.0424E-16	-0.696203	0.0	-3.09096E-17	1.0	-2.61492E-16	0.0	3.51116	1.55713	-0.164824	1.0
			/*	4:child_number	*/	4
				/*	5:name	*/	七片三角上的八个钢枕及一号U型螺栓-1/七片三角上的一个钢枕及一号U型螺栓-3/一号U型螺栓单元-10/一号U型螺栓-1
				/*	5:type	*/	基本杆件\一号U型螺栓.SLDPRT
				/*	5:location	*/	1.0	0.0	1.2326E-32	0.0	0.0	1.0	6.16298E-33	0.0	0.0	-2.46519E-32	1.0	0.0	0.0188503	-0.108956	-0.188	1.0
				/*	5:child_number	*/	0
				/*	5:name	*/	七片三角上的八个钢枕及一号U型螺栓-1/七片三角上的一个钢枕及一号U型螺栓-3/一号U型螺栓单元-10/一号U型螺栓垫片-1
				/*	5:type	*/	基本杆件\一号U型螺栓垫片.SLDPRT
				/*	5:location	*/	0.0	-1.0	-6.16298E-33	0.0	1.0	0.0	1.2326E-32	0.0	0.0	-2.46519E-32	1.0	0.0	-0.0111497	0.0790441	0.143	1.0
				/*	5:child_number	*/	0
				/*	5:name	*/	七片三角上的八个钢枕及一号U型螺栓-1/七片三角上的一个钢枕及一号U型螺栓-3/一号U型螺栓单元-10/螺母-1
				/*	5:type	*/	基本杆件\螺母.SLDPRT
				/*	5:location	*/	1.0	0.0	1.2326E-32	0.0	0.0	1.0	6.16298E-33	0.0	0.0	-2.46519E-32	1.0	0.0	0.0188503	0.0490441	0.159	1.0
				/*	5:child_number	*/	0
				/*	5:name	*/	七片三角上的八个钢枕及一号U型螺栓-1/七片三角上的一个钢枕及一号U型螺栓-3/一号U型螺栓单元-10/螺母-2
				/*	5:type	*/	基本杆件\螺母.SLDPRT
				/*	5:location	*/	1.0	0.0	1.2326E-32	0.0	0.0	1.0	6.16298E-33	0.0	0.0	-2.46519E-32	1.0	0.0	0.0188503	-0.108956	0.159	1.0
				/*	5:child_number	*/	0
			/*	4:name	*/	七片三角上的八个钢枕及一号U型螺栓-1/七片三角上的一个钢枕及一号U型螺栓-3/一号U型螺栓单元-11
			/*	4:type	*/	U型螺栓单元\一号U型螺栓单元.SLDASM
			/*	4:location	*/	0.696203	-1.75004E-16	-0.717845	0.0	-0.717845	-2.6696E-16	-0.696203	0.0	5.52606E-17	1.0	-3.23445E-16	0.0	2.48258	1.55713	-0.164824	1.0
			/*	4:child_number	*/	4
				/*	5:name	*/	七片三角上的八个钢枕及一号U型螺栓-1/七片三角上的一个钢枕及一号U型螺栓-3/一号U型螺栓单元-11/一号U型螺栓-1
				/*	5:type	*/	基本杆件\一号U型螺栓.SLDPRT
				/*	5:location	*/	1.0	0.0	-2.46519E-32	0.0	0.0	1.0	2.46519E-32	0.0	1.2326E-32	-1.2326E-32	1.0	0.0	0.0188503	-0.108956	-0.188	1.0
				/*	5:child_number	*/	0
				/*	5:name	*/	七片三角上的八个钢枕及一号U型螺栓-1/七片三角上的一个钢枕及一号U型螺栓-3/一号U型螺栓单元-11/一号U型螺栓垫片-1
				/*	5:type	*/	基本杆件\一号U型螺栓垫片.SLDPRT
				/*	5:location	*/	0.0	-1.0	-3.69779E-32	0.0	1.0	0.0	-2.46519E-32	0.0	1.2326E-32	-1.2326E-32	1.0	0.0	-0.0111497	0.0790441	0.143	1.0
				/*	5:child_number	*/	0
				/*	5:name	*/	七片三角上的八个钢枕及一号U型螺栓-1/七片三角上的一个钢枕及一号U型螺栓-3/一号U型螺栓单元-11/螺母-1
				/*	5:type	*/	基本杆件\螺母.SLDPRT
				/*	5:location	*/	1.0	0.0	-2.46519E-32	0.0	0.0	1.0	2.46519E-32	0.0	1.2326E-32	-1.2326E-32	1.0	0.0	0.0188503	0.0490441	0.159	1.0
				/*	5:child_number	*/	0
				/*	5:name	*/	七片三角上的八个钢枕及一号U型螺栓-1/七片三角上的一个钢枕及一号U型螺栓-3/一号U型螺栓单元-11/螺母-2
				/*	5:type	*/	基本杆件\螺母.SLDPRT
				/*	5:location	*/	1.0	0.0	-2.46519E-32	0.0	0.0	1.0	2.46519E-32	0.0	1.2326E-32	-1.2326E-32	1.0	0.0	0.0188503	-0.108956	0.159	1.0
				/*	5:child_number	*/	0
			/*	4:name	*/	七片三角上的八个钢枕及一号U型螺栓-1/七片三角上的一个钢枕及一号U型螺栓-3/一号U型螺栓单元-12
			/*	4:type	*/	U型螺栓单元\一号U型螺栓单元.SLDASM
			/*	4:location	*/	0.696203	-1.50471E-16	-0.717845	0.0	-0.717845	-1.81178E-16	-0.696203	0.0	-2.52993E-17	1.0	-2.34151E-16	0.0	1.28258	1.55713	-0.164824	1.0
			/*	4:child_number	*/	4
				/*	5:name	*/	七片三角上的八个钢枕及一号U型螺栓-1/七片三角上的一个钢枕及一号U型螺栓-3/一号U型螺栓单元-12/一号U型螺栓-1
				/*	5:type	*/	基本杆件\一号U型螺栓.SLDPRT
				/*	5:location	*/	1.0	0.0	0.0	0.0	0.0	1.0	-6.16298E-33	0.0	0.0	-2.46519E-32	1.0	0.0	0.0188503	-0.108956	-0.188	1.0
				/*	5:child_number	*/	0
				/*	5:name	*/	七片三角上的八个钢枕及一号U型螺栓-1/七片三角上的一个钢枕及一号U型螺栓-3/一号U型螺栓单元-12/一号U型螺栓垫片-1
				/*	5:type	*/	基本杆件\一号U型螺栓垫片.SLDPRT
				/*	5:location	*/	0.0	-1.0	6.16298E-33	0.0	1.0	0.0	0.0	0.0	0.0	-2.46519E-32	1.0	0.0	-0.0111497	0.0790441	0.143	1.0
				/*	5:child_number	*/	0
				/*	5:name	*/	七片三角上的八个钢枕及一号U型螺栓-1/七片三角上的一个钢枕及一号U型螺栓-3/一号U型螺栓单元-12/螺母-1
				/*	5:type	*/	基本杆件\螺母.SLDPRT
				/*	5:location	*/	1.0	0.0	0.0	0.0	0.0	1.0	-6.16298E-33	0.0	0.0	-2.46519E-32	1.0	0.0	0.0188503	0.0490441	0.159	1.0
				/*	5:child_number	*/	0
				/*	5:name	*/	七片三角上的八个钢枕及一号U型螺栓-1/七片三角上的一个钢枕及一号U型螺栓-3/一号U型螺栓单元-12/螺母-2
				/*	5:type	*/	基本杆件\螺母.SLDPRT
				/*	5:location	*/	1.0	0.0	0.0	0.0	0.0	1.0	-6.16298E-33	0.0	0.0	-2.46519E-32	1.0	0.0	0.0188503	-0.108956	0.159	1.0
				/*	5:child_number	*/	0
			/*	4:name	*/	七片三角上的八个钢枕及一号U型螺栓-1/七片三角上的一个钢枕及一号U型螺栓-3/一号U型螺栓单元-13
			/*	4:type	*/	U型螺栓单元\一号U型螺栓单元.SLDASM
			/*	4:location	*/	0.696203	-2.82215E-16	-0.717845	0.0	-0.717845	-2.26535E-16	-0.696203	0.0	3.38618E-17	1.0	-3.60301E-16	0.0	0.0825825	1.55713	-0.164824	1.0
			/*	4:child_number	*/	4
				/*	5:name	*/	七片三角上的八个钢枕及一号U型螺栓-1/七片三角上的一个钢枕及一号U型螺栓-3/一号U型螺栓单元-13/一号U型螺栓-1
				/*	5:type	*/	基本杆件\一号U型螺栓.SLDPRT
				/*	5:location	*/	1.0	0.0	1.38667E-32	0.0	-5.55112E-17	1.0	-4.62223E-33	0.0	0.0	0.0	1.0	0.0	0.0188503	-0.108956	-0.188	1.0
				/*	5:child_number	*/	0
				/*	5:name	*/	七片三角上的八个钢枕及一号U型螺栓-1/七片三角上的一个钢枕及一号U型螺栓-3/一号U型螺栓单元-13/一号U型螺栓垫片-1
				/*	5:type	*/	基本杆件\一号U型螺栓垫片.SLDPRT
				/*	5:location	*/	5.55112E-17	-1.0	4.62223E-33	0.0	1.0	0.0	1.38667E-32	0.0	0.0	0.0	1.0	0.0	-0.0111497	0.0790441	0.143	1.0
				/*	5:child_number	*/	0
				/*	5:name	*/	七片三角上的八个钢枕及一号U型螺栓-1/七片三角上的一个钢枕及一号U型螺栓-3/一号U型螺栓单元-13/螺母-1
				/*	5:type	*/	基本杆件\螺母.SLDPRT
				/*	5:location	*/	1.0	0.0	1.38667E-32	0.0	-5.55112E-17	1.0	-4.62223E-33	0.0	0.0	0.0	1.0	0.0	0.0188503	0.0490441	0.159	1.0
				/*	5:child_number	*/	0
				/*	5:name	*/	七片三角上的八个钢枕及一号U型螺栓-1/七片三角上的一个钢枕及一号U型螺栓-3/一号U型螺栓单元-13/螺母-2
				/*	5:type	*/	基本杆件\螺母.SLDPRT
				/*	5:location	*/	1.0	0.0	1.38667E-32	0.0	-5.55112E-17	1.0	-4.62223E-33	0.0	0.0	0.0	1.0	0.0	0.0188503	-0.108956	0.159	1.0
				/*	5:child_number	*/	0
			/*	4:name	*/	七片三角上的八个钢枕及一号U型螺栓-1/七片三角上的一个钢枕及一号U型螺栓-3/一号U型螺栓单元-14
			/*	4:type	*/	U型螺栓单元\一号U型螺栓单元.SLDASM
			/*	4:location	*/	0.696203	-2.32866E-16	-0.717845	0.0	-0.717845	-2.84904E-16	-0.696203	0.0	8.26632E-17	1.0	-3.77473E-16	0.0	-0.0888371	1.55713	-0.164824	1.0
			/*	4:child_number	*/	4
				/*	5:name	*/	七片三角上的八个钢枕及一号U型螺栓-1/七片三角上的一个钢枕及一号U型螺栓-3/一号U型螺栓单元-14/一号U型螺栓-1
				/*	5:type	*/	基本杆件\一号U型螺栓.SLDPRT
				/*	5:location	*/	1.0	0.0	-1.2326E-32	0.0	0.0	1.0	-6.16298E-33	0.0	-6.16298E-33	0.0	1.0	0.0	0.0188503	-0.108956	-0.188	1.0
				/*	5:child_number	*/	0
				/*	5:name	*/	七片三角上的八个钢枕及一号U型螺栓-1/七片三角上的一个钢枕及一号U型螺栓-3/一号U型螺栓单元-14/一号U型螺栓垫片-1
				/*	5:type	*/	基本杆件\一号U型螺栓垫片.SLDPRT
				/*	5:location	*/	0.0	-1.0	0.0	0.0	1.0	0.0	-1.2326E-32	0.0	-6.16298E-33	0.0	1.0	0.0	-0.0111497	0.0790441	0.143	1.0
				/*	5:child_number	*/	0
				/*	5:name	*/	七片三角上的八个钢枕及一号U型螺栓-1/七片三角上的一个钢枕及一号U型螺栓-3/一号U型螺栓单元-14/螺母-1
				/*	5:type	*/	基本杆件\螺母.SLDPRT
				/*	5:location	*/	1.0	0.0	-1.2326E-32	0.0	0.0	1.0	-6.16298E-33	0.0	-6.16298E-33	0.0	1.0	0.0	0.0188503	0.0490441	0.159	1.0
				/*	5:child_number	*/	0
				/*	5:name	*/	七片三角上的八个钢枕及一号U型螺栓-1/七片三角上的一个钢枕及一号U型螺栓-3/一号U型螺栓单元-14/螺母-2
				/*	5:type	*/	基本杆件\螺母.SLDPRT
				/*	5:location	*/	1.0	0.0	-1.2326E-32	0.0	0.0	1.0	-6.16298E-33	0.0	-6.16298E-33	0.0	1.0	0.0	0.0188503	-0.108956	0.159	1.0
				/*	5:child_number	*/	0
			/*	4:name	*/	七片三角上的八个钢枕及一号U型螺栓-1/七片三角上的一个钢枕及一号U型螺栓-3/一号U型螺栓单元-15
			/*	4:type	*/	U型螺栓单元\一号U型螺栓单元.SLDASM
			/*	4:location	*/	0.696203	-8.75417E-17	0.717845	0.0	0.717845	1.74971E-16	-0.696203	0.0	-6.46554E-17	1.0	1.84657E-16	0.0	-0.47441	1.55713	-0.191887	1.0
			/*	4:child_number	*/	4
				/*	5:name	*/	七片三角上的八个钢枕及一号U型螺栓-1/七片三角上的一个钢枕及一号U型螺栓-3/一号U型螺栓单元-15/一号U型螺栓-1
				/*	5:type	*/	基本杆件\一号U型螺栓.SLDPRT
				/*	5:location	*/	1.0	0.0	1.2326E-32	0.0	1.11022E-16	1.0	-6.16298E-32	0.0	-9.86076E-32	2.46519E-32	1.0	0.0	0.0188503	-0.108956	-0.188	1.0
				/*	5:child_number	*/	0
				/*	5:name	*/	七片三角上的八个钢枕及一号U型螺栓-1/七片三角上的一个钢枕及一号U型螺栓-3/一号U型螺栓单元-15/一号U型螺栓垫片-1
				/*	5:type	*/	基本杆件\一号U型螺栓垫片.SLDPRT
				/*	5:location	*/	-1.11022E-16	-1.0	6.16298E-32	0.0	1.0	0.0	1.2326E-32	0.0	-9.86076E-32	2.46519E-32	1.0	0.0	-0.0111497	0.0790441	0.143	1.0
				/*	5:child_number	*/	0
				/*	5:name	*/	七片三角上的八个钢枕及一号U型螺栓-1/七片三角上的一个钢枕及一号U型螺栓-3/一号U型螺栓单元-15/螺母-1
				/*	5:type	*/	基本杆件\螺母.SLDPRT
				/*	5:location	*/	1.0	0.0	1.2326E-32	0.0	1.11022E-16	1.0	-6.16298E-32	0.0	-9.86076E-32	2.46519E-32	1.0	0.0	0.0188503	0.0490441	0.159	1.0
				/*	5:child_number	*/	0
				/*	5:name	*/	七片三角上的八个钢枕及一号U型螺栓-1/七片三角上的一个钢枕及一号U型螺栓-3/一号U型螺栓单元-15/螺母-2
				/*	5:type	*/	基本杆件\螺母.SLDPRT
				/*	5:location	*/	1.0	0.0	1.2326E-32	0.0	1.11022E-16	1.0	-6.16298E-32	0.0	-9.86076E-32	2.46519E-32	1.0	0.0	0.0188503	-0.108956	0.159	1.0
				/*	5:child_number	*/	0
			/*	4:name	*/	七片三角上的八个钢枕及一号U型螺栓-1/七片三角上的一个钢枕及一号U型螺栓-3/一号U型螺栓单元-16
			/*	4:type	*/	U型螺栓单元\一号U型螺栓单元.SLDASM
			/*	4:location	*/	0.696203	4.57226E-16	0.717845	0.0	0.717845	-4.45705E-16	-0.696203	0.0	1.62506E-18	1.0	-6.38518E-16	0.0	0.55417	1.55713	-0.191887	1.0
			/*	4:child_number	*/	4
				/*	5:name	*/	七片三角上的八个钢枕及一号U型螺栓-1/七片三角上的一个钢枕及一号U型螺栓-3/一号U型螺栓单元-16/一号U型螺栓-1
				/*	5:type	*/	基本杆件\一号U型螺栓.SLDPRT
				/*	5:location	*/	1.0	0.0	6.16298E-33	0.0	-1.11022E-16	1.0	-1.38667E-32	0.0	1.2326E-32	-1.2326E-32	1.0	0.0	0.0188503	-0.108956	-0.188	1.0
				/*	5:child_number	*/	0
				/*	5:name	*/	七片三角上的八个钢枕及一号U型螺栓-1/七片三角上的一个钢枕及一号U型螺栓-3/一号U型螺栓单元-16/一号U型螺栓垫片-1
				/*	5:type	*/	基本杆件\一号U型螺栓垫片.SLDPRT
				/*	5:location	*/	1.11022E-16	-1.0	1.38667E-32	0.0	1.0	0.0	6.16298E-33	0.0	1.2326E-32	-1.2326E-32	1.0	0.0	-0.0111497	0.0790441	0.143	1.0
				/*	5:child_number	*/	0
				/*	5:name	*/	七片三角上的八个钢枕及一号U型螺栓-1/七片三角上的一个钢枕及一号U型螺栓-3/一号U型螺栓单元-16/螺母-1
				/*	5:type	*/	基本杆件\螺母.SLDPRT
				/*	5:location	*/	1.0	0.0	6.16298E-33	0.0	-1.11022E-16	1.0	-1.38667E-32	0.0	1.2326E-32	-1.2326E-32	1.0	0.0	0.0188503	0.0490441	0.159	1.0
				/*	5:child_number	*/	0
				/*	5:name	*/	七片三角上的八个钢枕及一号U型螺栓-1/七片三角上的一个钢枕及一号U型螺栓-3/一号U型螺栓单元-16/螺母-2
				/*	5:type	*/	基本杆件\螺母.SLDPRT
				/*	5:location	*/	1.0	0.0	6.16298E-33	0.0	-1.11022E-16	1.0	-1.38667E-32	0.0	1.2326E-32	-1.2326E-32	1.0	0.0	0.0188503	-0.108956	0.159	1.0
				/*	5:child_number	*/	0
			/*	4:name	*/	七片三角上的八个钢枕及一号U型螺栓-1/七片三角上的一个钢枕及一号U型螺栓-3/一号U型螺栓单元-17
			/*	4:type	*/	U型螺栓单元\一号U型螺栓单元.SLDASM
			/*	4:location	*/	0.696203	1.91926E-16	0.717845	0.0	0.717845	-1.45428E-16	-0.696203	0.0	-2.92251E-17	1.0	-2.39021E-16	0.0	1.75417	1.55713	-0.191887	1.0
			/*	4:child_number	*/	4
				/*	5:name	*/	七片三角上的八个钢枕及一号U型螺栓-1/七片三角上的一个钢枕及一号U型螺栓-3/一号U型螺栓单元-17/一号U型螺栓-1
				/*	5:type	*/	基本杆件\一号U型螺栓.SLDPRT
				/*	5:location	*/	1.0	0.0	6.16298E-33	0.0	0.0	1.0	-1.2326E-32	0.0	2.46519E-32	0.0	1.0	0.0	0.0188503	-0.108956	-0.188	1.0
				/*	5:child_number	*/	0
				/*	5:name	*/	七片三角上的八个钢枕及一号U型螺栓-1/七片三角上的一个钢枕及一号U型螺栓-3/一号U型螺栓单元-17/一号U型螺栓垫片-1
				/*	5:type	*/	基本杆件\一号U型螺栓垫片.SLDPRT
				/*	5:location	*/	0.0	-1.0	1.2326E-32	0.0	1.0	0.0	6.16298E-33	0.0	2.46519E-32	0.0	1.0	0.0	-0.0111497	0.0790441	0.143	1.0
				/*	5:child_number	*/	0
				/*	5:name	*/	七片三角上的八个钢枕及一号U型螺栓-1/七片三角上的一个钢枕及一号U型螺栓-3/一号U型螺栓单元-17/螺母-1
				/*	5:type	*/	基本杆件\螺母.SLDPRT
				/*	5:location	*/	1.0	0.0	6.16298E-33	0.0	0.0	1.0	-1.2326E-32	0.0	2.46519E-32	0.0	1.0	0.0	0.0188503	0.0490441	0.159	1.0
				/*	5:child_number	*/	0
				/*	5:name	*/	七片三角上的八个钢枕及一号U型螺栓-1/七片三角上的一个钢枕及一号U型螺栓-3/一号U型螺栓单元-17/螺母-2
				/*	5:type	*/	基本杆件\螺母.SLDPRT
				/*	5:location	*/	1.0	0.0	6.16298E-33	0.0	0.0	1.0	-1.2326E-32	0.0	2.46519E-32	0.0	1.0	0.0	0.0188503	-0.108956	0.159	1.0
				/*	5:child_number	*/	0
			/*	4:name	*/	七片三角上的八个钢枕及一号U型螺栓-1/七片三角上的一个钢枕及一号U型螺栓-3/一号U型螺栓单元-18
			/*	4:type	*/	U型螺栓单元\一号U型螺栓单元.SLDASM
