/*	1:name	*/	19.5米带有1.5米和2.0米辅助端构架的标准三角六片梁
/*	1:type	*/	19.5米带有1.5米和2.0米辅助端构架的标准三角六片梁.SLDASM
/*	1:location	*/	1.0	0.0	0.0	0.0	0.0	1.0	0.0	0.0	0.0	0.0	1.0	0.0	0.0	0.0	0.0	1.0
/*	1:child_number	*/	23
	/*	2:name	*/	六片三角上的一个钢枕及一号U型螺栓-1
	/*	2:type	*/	钢枕单元\六片三角上的一个钢枕及一号U型螺栓.SLDASM
	/*	2:location	*/	-5.55112E-17	2.27682E-17	1.0	0.0	0.0166505	0.999861	0.0	0.0	-0.999861	0.0166505	-4.16334E-17	0.0	7.25865	-0.166857	-2.44345	1.0
	/*	2:child_number	*/	9
		/*	3:name	*/	六片三角上的一个钢枕及一号U型螺栓-1/一号U型螺栓单元-10
		/*	3:type	*/	U型螺栓单元\一号U型螺栓单元.SLDASM
		/*	3:location	*/	0.696203	9.23472E-17	-0.717845	0.0	-0.717845	9.8945E-17	-0.696203	0.0	7.97513E-18	1.0	1.42247E-16	0.0	1.11116	1.55713	-0.164824	1.0
		/*	3:child_number	*/	4
			/*	4:name	*/	六片三角上的一个钢枕及一号U型螺栓-1/一号U型螺栓单元-10/一号U型螺栓-1
			/*	4:type	*/	基本杆件\一号U型螺栓.SLDPRT
			/*	4:location	*/	1.0	-5.55112E-17	6.31764E-21	0.0	-1.11022E-16	1.0	3.17051E-19	0.0	3.48133E-19	-5.20738E-19	1.0	0.0	0.0188503	-0.108956	-0.188	1.0
			/*	4:child_number	*/	0
			/*	4:name	*/	六片三角上的一个钢枕及一号U型螺栓-1/一号U型螺栓单元-10/一号U型螺栓垫片-1
			/*	4:type	*/	基本杆件\一号U型螺栓垫片.SLDPRT
			/*	4:location	*/	1.11022E-16	-1.0	-3.17051E-19	0.0	1.0	-5.55112E-17	6.31764E-21	0.0	3.48133E-19	-5.20738E-19	1.0	0.0	-0.0111497	0.0790441	0.143	1.0
			/*	4:child_number	*/	0
			/*	4:name	*/	六片三角上的一个钢枕及一号U型螺栓-1/一号U型螺栓单元-10/六四梁螺母-1
			/*	4:type	*/	基本杆件\六四梁螺母.SLDPRT
			/*	4:location	*/	1.0	-5.55112E-17	6.31764E-21	0.0	-1.11022E-16	1.0	3.17051E-19	0.0	3.48133E-19	-5.20738E-19	1.0	0.0	0.0188503	0.0490441	0.159	1.0
			/*	4:child_number	*/	0
			/*	4:name	*/	六片三角上的一个钢枕及一号U型螺栓-1/一号U型螺栓单元-10/六四梁螺母-2
			/*	4:type	*/	基本杆件\六四梁螺母.SLDPRT
			/*	4:location	*/	1.0	-5.55112E-17	6.31764E-21	0.0	-1.11022E-16	1.0	3.17051E-19	0.0	3.48133E-19	-5.20738E-19	1.0	0.0	0.0188503	-0.108956	0.159	1.0
			/*	4:child_number	*/	0
		/*	3:name	*/	六片三角上的一个钢枕及一号U型螺栓-1/一号U型螺栓单元-11
		/*	3:type	*/	U型螺栓单元\一号U型螺栓单元.SLDASM
		/*	3:location	*/	0.696203	1.65206E-16	-0.717845	0.0	-0.717845	3.27929E-16	-0.696203	0.0	1.19954E-16	1.0	3.53884E-16	0.0	-0.517417	1.55713	-0.164824	1.0
		/*	3:child_number	*/	4
			/*	4:name	*/	六片三角上的一个钢枕及一号U型螺栓-1/一号U型螺栓单元-11/一号U型螺栓-1
			/*	4:type	*/	基本杆件\一号U型螺栓.SLDPRT
			/*	4:location	*/	1.0	-5.55112E-17	-4.10647E-20	0.0	-5.55112E-17	1.0	1.40862E-18	0.0	2.45668E-19	6.27625E-19	1.0	0.0	0.0188503	-0.108956	-0.188	1.0
			/*	4:child_number	*/	0
			/*	4:name	*/	六片三角上的一个钢枕及一号U型螺栓-1/一号U型螺栓单元-11/一号U型螺栓垫片-1
			/*	4:type	*/	基本杆件\一号U型螺栓垫片.SLDPRT
			/*	4:location	*/	5.55112E-17	-1.0	-1.40862E-18	0.0	1.0	-5.55112E-17	-4.10647E-20	0.0	2.45668E-19	6.27625E-19	1.0	0.0	-0.0111497	0.0790441	0.143	1.0
			/*	4:child_number	*/	0
			/*	4:name	*/	六片三角上的一个钢枕及一号U型螺栓-1/一号U型螺栓单元-11/六四梁螺母-1
			/*	4:type	*/	基本杆件\六四梁螺母.SLDPRT
			/*	4:location	*/	1.0	-5.55112E-17	-4.10647E-20	0.0	-5.55112E-17	1.0	1.40862E-18	0.0	2.45668E-19	6.27625E-19	1.0	0.0	0.0188503	0.0490441	0.159	1.0
			/*	4:child_number	*/	0
			/*	4:name	*/	六片三角上的一个钢枕及一号U型螺栓-1/一号U型螺栓单元-11/六四梁螺母-2
			/*	4:type	*/	基本杆件\六四梁螺母.SLDPRT
			/*	4:location	*/	1.0	-5.55112E-17	-4.10647E-20	0.0	-5.55112E-17	1.0	1.40862E-18	0.0	2.45668E-19	6.27625E-19	1.0	0.0	0.0188503	-0.108956	0.159	1.0
			/*	4:child_number	*/	0
		/*	3:name	*/	六片三角上的一个钢枕及一号U型螺栓-1/一号U型螺栓单元-12
		/*	3:type	*/	U型螺栓单元\一号U型螺栓单元.SLDASM
		/*	3:location	*/	0.696203	-1.09767E-15	0.717845	0.0	0.717845	1.72945E-15	-0.696203	0.0	-4.77211E-16	1.0	1.9984E-15	0.0	-0.0458297	1.55713	-0.191887	1.0
		/*	3:child_number	*/	4
			/*	4:name	*/	六片三角上的一个钢枕及一号U型螺栓-1/一号U型螺栓单元-12/一号U型螺栓-1
			/*	4:type	*/	基本杆件\一号U型螺栓.SLDPRT
			/*	4:location	*/	1.0	-5.55112E-17	-1.52414E-18	0.0	5.55112E-17	1.0	1.57471E-18	0.0	4.3005E-18	9.11165E-19	1.0	0.0	0.0188503	-0.108956	-0.188	1.0
			/*	4:child_number	*/	0
			/*	4:name	*/	六片三角上的一个钢枕及一号U型螺栓-1/一号U型螺栓单元-12/一号U型螺栓垫片-1
			/*	4:type	*/	基本杆件\一号U型螺栓垫片.SLDPRT
			/*	4:location	*/	-5.55112E-17	-1.0	-1.57471E-18	0.0	1.0	-5.55112E-17	-1.52414E-18	0.0	4.3005E-18	9.11165E-19	1.0	0.0	-0.0111497	0.0790441	0.143	1.0
			/*	4:child_number	*/	0
			/*	4:name	*/	六片三角上的一个钢枕及一号U型螺栓-1/一号U型螺栓单元-12/六四梁螺母-1
			/*	4:type	*/	基本杆件\六四梁螺母.SLDPRT
			/*	4:location	*/	1.0	-5.55112E-17	-1.52414E-18	0.0	5.55112E-17	1.0	1.57471E-18	0.0	4.3005E-18	9.11165E-19	1.0	0.0	0.0188503	0.0490441	0.159	1.0
			/*	4:child_number	*/	0
			/*	4:name	*/	六片三角上的一个钢枕及一号U型螺栓-1/一号U型螺栓单元-12/六四梁螺母-2
			/*	4:type	*/	基本杆件\六四梁螺母.SLDPRT
			/*	4:location	*/	1.0	-5.55112E-17	-1.52414E-18	0.0	5.55112E-17	1.0	1.57471E-18	0.0	4.3005E-18	9.11165E-19	1.0	0.0	0.0188503	-0.108956	0.159	1.0
			/*	4:child_number	*/	0
		/*	3:name	*/	六片三角上的一个钢枕及一号U型螺栓-1/一号U型螺栓单元-13
		/*	3:type	*/	U型螺栓单元\一号U型螺栓单元.SLDASM
		/*	3:location	*/	0.696203	-2.4072E-16	0.717845	0.0	0.717845	1.75141E-16	-0.696203	0.0	4.39493E-17	1.0	3.01842E-16	0.0	0.12559	1.55713	-0.191887	1.0
		/*	3:child_number	*/	4
			/*	4:name	*/	六片三角上的一个钢枕及一号U型螺栓-1/一号U型螺栓单元-13/一号U型螺栓-1
			/*	4:type	*/	基本杆件\一号U型螺栓.SLDPRT
			/*	4:location	*/	1.0	5.55112E-17	8.58412E-19	0.0	2.22045E-16	1.0	1.31652E-18	0.0	-6.27382E-19	3.23809E-19	1.0	0.0	0.0188503	-0.108956	-0.188	1.0
			/*	4:child_number	*/	0
			/*	4:name	*/	六片三角上的一个钢枕及一号U型螺栓-1/一号U型螺栓单元-13/一号U型螺栓垫片-1
			/*	4:type	*/	基本杆件\一号U型螺栓垫片.SLDPRT
			/*	4:location	*/	-2.22045E-16	-1.0	-1.31652E-18	0.0	1.0	5.55112E-17	8.58412E-19	0.0	-6.27382E-19	3.23809E-19	1.0	0.0	-0.0111497	0.0790441	0.143	1.0
			/*	4:child_number	*/	0
			/*	4:name	*/	六片三角上的一个钢枕及一号U型螺栓-1/一号U型螺栓单元-13/六四梁螺母-1
			/*	4:type	*/	基本杆件\六四梁螺母.SLDPRT
			/*	4:location	*/	1.0	5.55112E-17	8.58412E-19	0.0	2.22045E-16	1.0	1.31652E-18	0.0	-6.27382E-19	3.23809E-19	1.0	0.0	0.0188503	0.0490441	0.159	1.0
			/*	4:child_number	*/	0
			/*	4:name	*/	六片三角上的一个钢枕及一号U型螺栓-1/一号U型螺栓单元-13/六四梁螺母-2
			/*	4:type	*/	基本杆件\六四梁螺母.SLDPRT
			/*	4:location	*/	1.0	5.55112E-17	8.58412E-19	0.0	2.22045E-16	1.0	1.31652E-18	0.0	-6.27382E-19	3.23809E-19	1.0	0.0	0.0188503	-0.108956	0.159	1.0
			/*	4:child_number	*/	0
		/*	3:name	*/	六片三角上的一个钢枕及一号U型螺栓-1/一号U型螺栓单元-14
		/*	3:type	*/	U型螺栓单元\一号U型螺栓单元.SLDASM
		/*	3:location	*/	0.696203	-2.97966E-16	0.717845	0.0	0.717845	1.71672E-16	-0.696203	0.0	9.75782E-17	1.0	2.81025E-16	0.0	2.35417	1.55713	-0.191887	1.0
		/*	3:child_number	*/	4
			/*	4:name	*/	六片三角上的一个钢枕及一号U型螺栓-1/一号U型螺栓单元-14/一号U型螺栓-1
			/*	4:type	*/	基本杆件\一号U型螺栓.SLDPRT
			/*	4:location	*/	1.0	5.55112E-17	-8.94212E-19	0.0	-1.66533E-16	1.0	4.80103E-19	0.0	-4.9242E-18	6.57121E-19	1.0	0.0	0.0188503	-0.108956	-0.188	1.0
			/*	4:child_number	*/	0
			/*	4:name	*/	六片三角上的一个钢枕及一号U型螺栓-1/一号U型螺栓单元-14/一号U型螺栓垫片-1
			/*	4:type	*/	基本杆件\一号U型螺栓垫片.SLDPRT
			/*	4:location	*/	1.66533E-16	-1.0	-4.80103E-19	0.0	1.0	5.55112E-17	-8.94212E-19	0.0	-4.9242E-18	6.57121E-19	1.0	0.0	-0.0111497	0.0790441	0.143	1.0
			/*	4:child_number	*/	0
			/*	4:name	*/	六片三角上的一个钢枕及一号U型螺栓-1/一号U型螺栓单元-14/六四梁螺母-1
			/*	4:type	*/	基本杆件\六四梁螺母.SLDPRT
			/*	4:location	*/	1.0	5.55112E-17	-8.94212E-19	0.0	-1.66533E-16	1.0	4.80103E-19	0.0	-4.9242E-18	6.57121E-19	1.0	0.0	0.0188503	0.0490441	0.159	1.0
			/*	4:child_number	*/	0
			/*	4:name	*/	六片三角上的一个钢枕及一号U型螺栓-1/一号U型螺栓单元-14/六四梁螺母-2
			/*	4:type	*/	基本杆件\六四梁螺母.SLDPRT
			/*	4:location	*/	1.0	5.55112E-17	-8.94212E-19	0.0	-1.66533E-16	1.0	4.80103E-19	0.0	-4.9242E-18	6.57121E-19	1.0	0.0	0.0188503	-0.108956	0.159	1.0
			/*	4:child_number	*/	0
		/*	3:name	*/	六片三角上的一个钢枕及一号U型螺栓-1/一号U型螺栓单元-15
		/*	3:type	*/	U型螺栓单元\一号U型螺栓单元.SLDASM
		/*	3:location	*/	0.696203	-2.80618E-16	0.717845	0.0	0.717845	1.69937E-16	-0.696203	0.0	7.44594E-17	1.0	3.26128E-16	0.0	2.52559	1.55713	-0.191887	1.0
		/*	3:child_number	*/	4
			/*	4:name	*/	六片三角上的一个钢枕及一号U型螺栓-1/一号U型螺栓单元-15/一号U型螺栓-1
			/*	4:type	*/	基本杆件\一号U型螺栓.SLDPRT
			/*	4:location	*/	1.0	5.55112E-17	-2.21118E-20	0.0	5.55112E-17	1.0	1.10968E-18	0.0	1.53185E-18	-3.26085E-19	1.0	0.0	0.0188503	-0.108956	-0.188	1.0
			/*	4:child_number	*/	0
			/*	4:name	*/	六片三角上的一个钢枕及一号U型螺栓-1/一号U型螺栓单元-15/一号U型螺栓垫片-1
			/*	4:type	*/	基本杆件\一号U型螺栓垫片.SLDPRT
			/*	4:location	*/	-5.55112E-17	-1.0	-1.10968E-18	0.0	1.0	5.55112E-17	-2.21118E-20	0.0	1.53185E-18	-3.26085E-19	1.0	0.0	-0.0111497	0.0790441	0.143	1.0
			/*	4:child_number	*/	0
			/*	4:name	*/	六片三角上的一个钢枕及一号U型螺栓-1/一号U型螺栓单元-15/六四梁螺母-1
			/*	4:type	*/	基本杆件\六四梁螺母.SLDPRT
			/*	4:location	*/	1.0	5.55112E-17	-2.21118E-20	0.0	5.55112E-17	1.0	1.10968E-18	0.0	1.53185E-18	-3.26085E-19	1.0	0.0	0.0188503	0.0490441	0.159	1.0
			/*	4:child_number	*/	0
			/*	4:name	*/	六片三角上的一个钢枕及一号U型螺栓-1/一号U型螺栓单元-15/六四梁螺母-2
			/*	4:type	*/	基本杆件\六四梁螺母.SLDPRT
			/*	4:location	*/	1.0	5.55112E-17	-2.21118E-20	0.0	5.55112E-17	1.0	1.10968E-18	0.0	1.53185E-18	-3.26085E-19	1.0	0.0	0.0188503	-0.108956	0.159	1.0
			/*	4:child_number	*/	0
		/*	3:name	*/	六片三角上的一个钢枕及一号U型螺栓-1/一号U型螺栓单元-8
		/*	3:type	*/	U型螺栓单元\一号U型螺栓单元.SLDASM
		/*	3:location	*/	0.696203	1.999E-16	-0.717845	0.0	-0.717845	2.27315E-16	-0.696203	0.0	2.56233E-17	1.0	3.08781E-16	0.0	2.91116	1.55713	-0.164824	1.0
		/*	3:child_number	*/	4
			/*	4:name	*/	六片三角上的一个钢枕及一号U型螺栓-1/一号U型螺栓单元-8/一号U型螺栓-1
			/*	4:type	*/	基本杆件\一号U型螺栓.SLDPRT
			/*	4:location	*/	1.0	-5.55112E-17	-1.05294E-21	0.0	-1.11022E-16	1.0	-5.28418E-20	0.0	4.91744E-19	6.88418E-19	1.0	0.0	0.0188503	-0.108956	-0.188	1.0
			/*	4:child_number	*/	0
			/*	4:name	*/	六片三角上的一个钢枕及一号U型螺栓-1/一号U型螺栓单元-8/一号U型螺栓垫片-1
			/*	4:type	*/	基本杆件\一号U型螺栓垫片.SLDPRT
			/*	4:location	*/	1.11022E-16	-1.0	5.28418E-20	0.0	1.0	-5.55112E-17	-1.05294E-21	0.0	4.91744E-19	6.88418E-19	1.0	0.0	-0.0111497	0.0790441	0.143	1.0
			/*	4:child_number	*/	0
			/*	4:name	*/	六片三角上的一个钢枕及一号U型螺栓-1/一号U型螺栓单元-8/六四梁螺母-1
			/*	4:type	*/	基本杆件\六四梁螺母.SLDPRT
			/*	4:location	*/	1.0	-5.55112E-17	-1.05294E-21	0.0	-1.11022E-16	1.0	-5.28418E-20	0.0	4.91744E-19	6.88418E-19	1.0	0.0	0.0188503	0.0490441	0.159	1.0
			/*	4:child_number	*/	0
			/*	4:name	*/	六片三角上的一个钢枕及一号U型螺栓-1/一号U型螺栓单元-8/六四梁螺母-2
			/*	4:type	*/	基本杆件\六四梁螺母.SLDPRT
			/*	4:location	*/	1.0	-5.55112E-17	-1.05294E-21	0.0	-1.11022E-16	1.0	-5.28418E-20	0.0	4.91744E-19	6.88418E-19	1.0	0.0	0.0188503	-0.108956	0.159	1.0
			/*	4:child_number	*/	0
		/*	3:name	*/	六片三角上的一个钢枕及一号U型螺栓-1/一号U型螺栓单元-9
		/*	3:type	*/	U型螺栓单元\一号U型螺栓单元.SLDASM
		/*	3:location	*/	0.696203	3.59495E-16	-0.717845	0.0	-0.717845	3.08847E-16	-0.696203	0.0	-2.81682E-17	1.0	4.82253E-16	0.0	1.28258	1.55713	-0.164824	1.0
		/*	3:child_number	*/	4
			/*	4:name	*/	六片三角上的一个钢枕及一号U型螺栓-1/一号U型螺栓单元-9/一号U型螺栓-1
			/*	4:type	*/	基本杆件\一号U型螺栓.SLDPRT
			/*	4:location	*/	1.0	-5.55112E-17	-8.45776E-19	0.0	-2.22045E-16	1.0	-1.51883E-18	0.0	-5.28829E-19	1.13847E-18	1.0	0.0	0.0188503	-0.108956	-0.188	1.0
			/*	4:child_number	*/	0
			/*	4:name	*/	六片三角上的一个钢枕及一号U型螺栓-1/一号U型螺栓单元-9/一号U型螺栓垫片-1
			/*	4:type	*/	基本杆件\一号U型螺栓垫片.SLDPRT
			/*	4:location	*/	2.22045E-16	-1.0	1.51883E-18	0.0	1.0	-5.55112E-17	-8.45776E-19	0.0	-5.28829E-19	1.13847E-18	1.0	0.0	-0.0111497	0.0790441	0.143	1.0
			/*	4:child_number	*/	0
			/*	4:name	*/	六片三角上的一个钢枕及一号U型螺栓-1/一号U型螺栓单元-9/六四梁螺母-1
			/*	4:type	*/	基本杆件\六四梁螺母.SLDPRT
			/*	4:location	*/	1.0	-5.55112E-17	-8.45776E-19	0.0	-2.22045E-16	1.0	-1.51883E-18	0.0	-5.28829E-19	1.13847E-18	1.0	0.0	0.0188503	0.0490441	0.159	1.0
			/*	4:child_number	*/	0
			/*	4:name	*/	六片三角上的一个钢枕及一号U型螺栓-1/一号U型螺栓单元-9/六四梁螺母-2
			/*	4:type	*/	基本杆件\六四梁螺母.SLDPRT
			/*	4:location	*/	1.0	-5.55112E-17	-8.45776E-19	0.0	-2.22045E-16	1.0	-1.51883E-18	0.0	-5.28829E-19	1.13847E-18	1.0	0.0	0.0188503	-0.108956	0.159	1.0
			/*	4:child_number	*/	0
		/*	3:name	*/	六片三角上的一个钢枕及一号U型螺栓-1/钢枕-1
		/*	3:type	*/	基本杆件\钢枕.SLDPRT
		/*	3:location	*/	1.11022E-16	1.04083E-17	-1.0	0.0	7.67615E-17	1.0	3.46945E-18	0.0	1.0	-2.51935E-17	0.0	0.0	-0.9185	1.54013	-0.1135	1.0
		/*	3:child_number	*/	0
	/*	2:name	*/	六片三角上的一个钢枕及一号U型螺栓-2
	/*	2:type	*/	钢枕单元\六片三角上的一个钢枕及一号U型螺栓.SLDASM
	/*	2:location	*/	-1.38778E-17	-3.38434E-16	1.0	0.0	0.0166505	0.999861	3.3903E-16	0.0	-0.999861	0.0166505	-2.08167E-17	0.0	7.58761	-0.172335	-2.44345	1.0
	/*	2:child_number	*/	9
		/*	3:name	*/	六片三角上的一个钢枕及一号U型螺栓-2/一号U型螺栓单元-10
		/*	3:type	*/	U型螺栓单元\一号U型螺栓单元.SLDASM
		/*	3:location	*/	0.696203	9.17646E-17	-0.717845	0.0	-0.717845	1.004E-16	-0.696203	0.0	7.91468E-18	1.0	1.2837E-16	0.0	1.11116	1.55713	-0.164824	1.0
		/*	3:child_number	*/	4
			/*	4:name	*/	六片三角上的一个钢枕及一号U型螺栓-2/一号U型螺栓单元-10/一号U型螺栓-1
			/*	4:type	*/	基本杆件\一号U型螺栓.SLDPRT
			/*	4:location	*/	1.0	-5.55112E-17	-1.46359E-19	0.0	-1.66533E-16	1.0	-4.0611E-19	0.0	4.17212E-19	-9.872E-19	1.0	0.0	0.0188503	-0.108956	-0.188	1.0
			/*	4:child_number	*/	0
			/*	4:name	*/	六片三角上的一个钢枕及一号U型螺栓-2/一号U型螺栓单元-10/一号U型螺栓垫片-1
			/*	4:type	*/	基本杆件\一号U型螺栓垫片.SLDPRT
			/*	4:location	*/	1.66533E-16	-1.0	4.0611E-19	0.0	1.0	-5.55112E-17	-1.46359E-19	0.0	4.17212E-19	-9.872E-19	1.0	0.0	-0.0111497	0.0790441	0.143	1.0
			/*	4:child_number	*/	0
			/*	4:name	*/	六片三角上的一个钢枕及一号U型螺栓-2/一号U型螺栓单元-10/六四梁螺母-1
			/*	4:type	*/	基本杆件\六四梁螺母.SLDPRT
			/*	4:location	*/	1.0	-5.55112E-17	-1.46359E-19	0.0	-1.66533E-16	1.0	-4.0611E-19	0.0	4.17212E-19	-9.872E-19	1.0	0.0	0.0188503	0.0490441	0.159	1.0
			/*	4:child_number	*/	0
			/*	4:name	*/	六片三角上的一个钢枕及一号U型螺栓-2/一号U型螺栓单元-10/六四梁螺母-2
			/*	4:type	*/	基本杆件\六四梁螺母.SLDPRT
			/*	4:location	*/	1.0	-5.55112E-17	-1.46359E-19	0.0	-1.66533E-16	1.0	-4.0611E-19	0.0	4.17212E-19	-9.872E-19	1.0	0.0	0.0188503	-0.108956	0.159	1.0
			/*	4:child_number	*/	0
		/*	3:name	*/	六片三角上的一个钢枕及一号U型螺栓-2/一号U型螺栓单元-11
		/*	3:type	*/	U型螺栓单元\一号U型螺栓单元.SLDASM
		/*	3:location	*/	0.696203	1.66358E-16	-0.717845	0.0	-0.717845	3.24179E-16	-0.696203	0.0	1.17202E-16	1.0	3.40006E-16	0.0	-0.517417	1.55713	-0.164824	1.0
		/*	3:child_number	*/	4
			/*	4:name	*/	六片三角上的一个钢枕及一号U型螺栓-2/一号U型螺栓单元-11/一号U型螺栓-1
			/*	4:type	*/	基本杆件\一号U型螺栓.SLDPRT
			/*	4:location	*/	1.0	-5.55112E-17	1.54204E-18	0.0	-5.55112E-17	1.0	2.47302E-18	0.0	3.64512E-18	-1.37623E-18	1.0	0.0	0.0188503	-0.108956	-0.188	1.0
			/*	4:child_number	*/	0
			/*	4:name	*/	六片三角上的一个钢枕及一号U型螺栓-2/一号U型螺栓单元-11/一号U型螺栓垫片-1
			/*	4:type	*/	基本杆件\一号U型螺栓垫片.SLDPRT
			/*	4:location	*/	5.55112E-17	-1.0	-2.47302E-18	0.0	1.0	-5.55112E-17	1.54204E-18	0.0	3.64512E-18	-1.37623E-18	1.0	0.0	-0.0111497	0.0790441	0.143	1.0
			/*	4:child_number	*/	0
			/*	4:name	*/	六片三角上的一个钢枕及一号U型螺栓-2/一号U型螺栓单元-11/六四梁螺母-1
			/*	4:type	*/	基本杆件\六四梁螺母.SLDPRT
			/*	4:location	*/	1.0	-5.55112E-17	1.54204E-18	0.0	-5.55112E-17	1.0	2.47302E-18	0.0	3.64512E-18	-1.37623E-18	1.0	0.0	0.0188503	0.0490441	0.159	1.0
			/*	4:child_number	*/	0
			/*	4:name	*/	六片三角上的一个钢枕及一号U型螺栓-2/一号U型螺栓单元-11/六四梁螺母-2
			/*	4:type	*/	基本杆件\六四梁螺母.SLDPRT
			/*	4:location	*/	1.0	-5.55112E-17	1.54204E-18	0.0	-5.55112E-17	1.0	2.47302E-18	0.0	3.64512E-18	-1.37623E-18	1.0	0.0	0.0188503	-0.108956	0.159	1.0
			/*	4:child_number	*/	0
		/*	3:name	*/	六片三角上的一个钢枕及一号U型螺栓-2/一号U型螺栓单元-12
		/*	3:type	*/	U型螺栓单元\一号U型螺栓单元.SLDASM
		/*	3:location	*/	0.696203	-1.09999E-15	0.717845	0.0	0.717845	1.728E-15	-0.696203	0.0	-4.74338E-16	1.0	1.99146E-15	0.0	-0.0458297	1.55713	-0.191887	1.0
		/*	3:child_number	*/	4
			/*	4:name	*/	六片三角上的一个钢枕及一号U型螺栓-2/一号U型螺栓单元-12/一号U型螺栓-1
			/*	4:type	*/	基本杆件\一号U型螺栓.SLDPRT
			/*	4:location	*/	1.0	0.0	-1.67681E-18	0.0	-1.11022E-16	1.0	5.6315E-19	0.0	2.94244E-18	1.39782E-20	1.0	0.0	0.0188503	-0.108956	-0.188	1.0
			/*	4:child_number	*/	0
			/*	4:name	*/	六片三角上的一个钢枕及一号U型螺栓-2/一号U型螺栓单元-12/一号U型螺栓垫片-1
			/*	4:type	*/	基本杆件\一号U型螺栓垫片.SLDPRT
			/*	4:location	*/	1.11022E-16	-1.0	-5.6315E-19	0.0	1.0	0.0	-1.67681E-18	0.0	2.94244E-18	1.39782E-20	1.0	0.0	-0.0111497	0.0790441	0.143	1.0
			/*	4:child_number	*/	0
			/*	4:name	*/	六片三角上的一个钢枕及一号U型螺栓-2/一号U型螺栓单元-12/六四梁螺母-1
			/*	4:type	*/	基本杆件\六四梁螺母.SLDPRT
			/*	4:location	*/	1.0	0.0	-1.67681E-18	0.0	-1.11022E-16	1.0	5.6315E-19	0.0	2.94244E-18	1.39782E-20	1.0	0.0	0.0188503	0.0490441	0.159	1.0
			/*	4:child_number	*/	0
			/*	4:name	*/	六片三角上的一个钢枕及一号U型螺栓-2/一号U型螺栓单元-12/六四梁螺母-2
			/*	4:type	*/	基本杆件\六四梁螺母.SLDPRT
			/*	4:location	*/	1.0	0.0	-1.67681E-18	0.0	-1.11022E-16	1.0	5.6315E-19	0.0	2.94244E-18	1.39782E-20	1.0	0.0	0.0188503	-0.108956	0.159	1.0
			/*	4:child_number	*/	0
		/*	3:name	*/	六片三角上的一个钢枕及一号U型螺栓-2/一号U型螺栓单元-13
		/*	3:type	*/	U型螺栓单元\一号U型螺栓单元.SLDASM
		/*	3:location	*/	0.696203	-2.43037E-16	0.717845	0.0	0.717845	1.75421E-16	-0.696203	0.0	4.39493E-17	1.0	3.01842E-16	0.0	0.12559	1.55713	-0.191887	1.0
		/*	3:child_number	*/	4
			/*	4:name	*/	六片三角上的一个钢枕及一号U型螺栓-2/一号U型螺栓单元-13/一号U型螺栓-1
			/*	4:type	*/	基本杆件\一号U型螺栓.SLDPRT
			/*	4:location	*/	1.0	5.55112E-17	-1.89582E-18	0.0	-5.55112E-17	1.0	1.14589E-18	0.0	-2.25094E-18	2.56839E-18	1.0	0.0	0.0188503	-0.108956	-0.188	1.0
			/*	4:child_number	*/	0
			/*	4:name	*/	六片三角上的一个钢枕及一号U型螺栓-2/一号U型螺栓单元-13/一号U型螺栓垫片-1
			/*	4:type	*/	基本杆件\一号U型螺栓垫片.SLDPRT
			/*	4:location	*/	5.55112E-17	-1.0	-1.14589E-18	0.0	1.0	5.55112E-17	-1.89582E-18	0.0	-2.25094E-18	2.56839E-18	1.0	0.0	-0.0111497	0.0790441	0.143	1.0
			/*	4:child_number	*/	0
			/*	4:name	*/	六片三角上的一个钢枕及一号U型螺栓-2/一号U型螺栓单元-13/六四梁螺母-1
			/*	4:type	*/	基本杆件\六四梁螺母.SLDPRT
			/*	4:location	*/	1.0	5.55112E-17	-1.89582E-18	0.0	-5.55112E-17	1.0	1.14589E-18	0.0	-2.25094E-18	2.56839E-18	1.0	0.0	0.0188503	0.0490441	0.159	1.0
			/*	4:child_number	*/	0
			/*	4:name	*/	六片三角上的一个钢枕及一号U型螺栓-2/一号U型螺栓单元-13/六四梁螺母-2
			/*	4:type	*/	基本杆件\六四梁螺母.SLDPRT
			/*	4:location	*/	1.0	5.55112E-17	-1.89582E-18	0.0	-5.55112E-17	1.0	1.14589E-18	0.0	-2.25094E-18	2.56839E-18	1.0	0.0	0.0188503	-0.108956	0.159	1.0
			/*	4:child_number	*/	0
		/*	3:name	*/	六片三角上的一个钢枕及一号U型螺栓-2/一号U型螺栓单元-14
		/*	3:type	*/	U型螺栓单元\一号U型螺栓单元.SLDASM
		/*	3:location	*/	0.696203	-3.02018E-16	0.717845	0.0	0.717845	1.70217E-16	-0.696203	0.0	8.59772E-17	1.0	3.29597E-16	0.0	2.35417	1.55713	-0.191887	1.0
		/*	3:child_number	*/	4
			/*	4:name	*/	六片三角上的一个钢枕及一号U型螺栓-2/一号U型螺栓单元-14/一号U型螺栓-1
			/*	4:type	*/	基本杆件\一号U型螺栓.SLDPRT
			/*	4:location	*/	1.0	5.55112E-17	-2.78161E-18	0.0	5.55112E-17	1.0	-5.3146E-19	0.0	-7.4659E-19	-2.21826E-19	1.0	0.0	0.0188503	-0.108956	-0.188	1.0
			/*	4:child_number	*/	0
			/*	4:name	*/	六片三角上的一个钢枕及一号U型螺栓-2/一号U型螺栓单元-14/一号U型螺栓垫片-1
			/*	4:type	*/	基本杆件\一号U型螺栓垫片.SLDPRT
			/*	4:location	*/	-5.55112E-17	-1.0	5.3146E-19	0.0	1.0	5.55112E-17	-2.78161E-18	0.0	-7.4659E-19	-2.21826E-19	1.0	0.0	-0.0111497	0.0790441	0.143	1.0
			/*	4:child_number	*/	0
			/*	4:name	*/	六片三角上的一个钢枕及一号U型螺栓-2/一号U型螺栓单元-14/六四梁螺母-1
			/*	4:type	*/	基本杆件\六四梁螺母.SLDPRT
			/*	4:location	*/	1.0	5.55112E-17	-2.78161E-18	0.0	5.55112E-17	1.0	-5.3146E-19	0.0	-7.4659E-19	-2.21826E-19	1.0	0.0	0.0188503	0.0490441	0.159	1.0
			/*	4:child_number	*/	0
			/*	4:name	*/	六片三角上的一个钢枕及一号U型螺栓-2/一号U型螺栓单元-14/六四梁螺母-2
			/*	4:type	*/	基本杆件\六四梁螺母.SLDPRT
			/*	4:location	*/	1.0	5.55112E-17	-2.78161E-18	0.0	5.55112E-17	1.0	-5.3146E-19	0.0	-7.4659E-19	-2.21826E-19	1.0	0.0	0.0188503	-0.108956	0.159	1.0
			/*	4:child_number	*/	0
		/*	3:name	*/	六片三角上的一个钢枕及一号U型螺栓-2/一号U型螺栓单元-15
		/*	3:type	*/	U型螺栓单元\一号U型螺栓单元.SLDASM
		/*	3:location	*/	0.696203	-2.81201E-16	0.717845	0.0	0.717845	1.66747E-16	-0.696203	0.0	7.44594E-17	1.0	3.26128E-16	0.0	2.52559	1.55713	-0.191887	1.0
		/*	3:child_number	*/	4
			/*	4:name	*/	六片三角上的一个钢枕及一号U型螺栓-2/一号U型螺栓单元-15/一号U型螺栓-1
			/*	4:type	*/	基本杆件\一号U型螺栓.SLDPRT
			/*	4:location	*/	1.0	5.55112E-17	-1.90951E-18	0.0	5.55112E-17	1.0	1.83284E-18	0.0	-9.17124E-20	1.9185E-18	1.0	0.0	0.0188503	-0.108956	-0.188	1.0
			/*	4:child_number	*/	0
			/*	4:name	*/	六片三角上的一个钢枕及一号U型螺栓-2/一号U型螺栓单元-15/一号U型螺栓垫片-1
			/*	4:type	*/	基本杆件\一号U型螺栓垫片.SLDPRT
			/*	4:location	*/	-5.55112E-17	-1.0	-1.83284E-18	0.0	1.0	5.55112E-17	-1.90951E-18	0.0	-9.17124E-20	1.9185E-18	1.0	0.0	-0.0111497	0.0790441	0.143	1.0
			/*	4:child_number	*/	0
			/*	4:name	*/	六片三角上的一个钢枕及一号U型螺栓-2/一号U型螺栓单元-15/六四梁螺母-1
			/*	4:type	*/	基本杆件\六四梁螺母.SLDPRT
			/*	4:location	*/	1.0	5.55112E-17	-1.90951E-18	0.0	5.55112E-17	1.0	1.83284E-18	0.0	-9.17124E-20	1.9185E-18	1.0	0.0	0.0188503	0.0490441	0.159	1.0
			/*	4:child_number	*/	0
			/*	4:name	*/	六片三角上的一个钢枕及一号U型螺栓-2/一号U型螺栓单元-15/六四梁螺母-2
			/*	4:type	*/	基本杆件\六四梁螺母.SLDPRT
			/*	4:location	*/	1.0	5.55112E-17	-1.90951E-18	0.0	5.55112E-17	1.0	1.83284E-18	0.0	-9.17124E-20	1.9185E-18	1.0	0.0	0.0188503	-0.108956	0.159	1.0
			/*	4:child_number	*/	0
		/*	3:name	*/	六片三角上的一个钢枕及一号U型螺栓-2/一号U型螺栓单元-8
		/*	3:type	*/	U型螺栓单元\一号U型螺栓单元.SLDASM
		/*	3:location	*/	0.696203	1.99317E-16	-0.717845	0.0	-0.717845	2.27035E-16	-0.696203	0.0	2.35272E-17	1.0	2.94903E-16	0.0	2.91116	1.55713	-0.164824	1.0
		/*	3:child_number	*/	4
			/*	4:name	*/	六片三角上的一个钢枕及一号U型螺栓-2/一号U型螺栓单元-8/一号U型螺栓-1
			/*	4:type	*/	基本杆件\一号U型螺栓.SLDPRT
			/*	4:location	*/	1.0	-5.55112E-17	-1.53729E-19	0.0	-5.55112E-17	1.0	-2.51073E-18	0.0	2.61306E-18	-5.15057E-20	1.0	0.0	0.0188503	-0.108956	-0.188	1.0
			/*	4:child_number	*/	0
			/*	4:name	*/	六片三角上的一个钢枕及一号U型螺栓-2/一号U型螺栓单元-8/一号U型螺栓垫片-1
			/*	4:type	*/	基本杆件\一号U型螺栓垫片.SLDPRT
			/*	4:location	*/	5.55112E-17	-1.0	2.51073E-18	0.0	1.0	-5.55112E-17	-1.53729E-19	0.0	2.61306E-18	-5.15057E-20	1.0	0.0	-0.0111497	0.0790441	0.143	1.0
			/*	4:child_number	*/	0
			/*	4:name	*/	六片三角上的一个钢枕及一号U型螺栓-2/一号U型螺栓单元-8/六四梁螺母-1
			/*	4:type	*/	基本杆件\六四梁螺母.SLDPRT
			/*	4:location	*/	1.0	-5.55112E-17	-1.53729E-19	0.0	-5.55112E-17	1.0	-2.51073E-18	0.0	2.61306E-18	-5.15057E-20	1.0	0.0	0.0188503	0.0490441	0.159	1.0
			/*	4:child_number	*/	0
			/*	4:name	*/	六片三角上的一个钢枕及一号U型螺栓-2/一号U型螺栓单元-8/六四梁螺母-2
			/*	4:type	*/	基本杆件\六四梁螺母.SLDPRT
			/*	4:location	*/	1.0	-5.55112E-17	-1.53729E-19	0.0	-5.55112E-17	1.0	-2.51073E-18	0.0	2.61306E-18	-5.15057E-20	1.0	0.0	0.0188503	-0.108956	0.159	1.0
			/*	4:child_number	*/	0
		/*	3:name	*/	六片三角上的一个钢枕及一号U型螺栓-2/一号U型螺栓单元-9
		/*	3:type	*/	U型螺栓单元\一号U型螺栓单元.SLDASM
		/*	3:location	*/	0.696203	3.60647E-16	-0.717845	0.0	-0.717845	3.10302E-16	-0.696203	0.0	-2.85145E-17	1.0	4.68375E-16	0.0	1.28258	1.55713	-0.164824	1.0
		/*	3:child_number	*/	4
			/*	4:name	*/	六片三角上的一个钢枕及一号U型螺栓-2/一号U型螺栓单元-9/一号U型螺栓-1
			/*	4:type	*/	基本杆件\一号U型螺栓.SLDPRT
			/*	4:location	*/	1.0	-5.55112E-17	1.60311E-18	0.0	-1.66533E-16	1.0	-1.40105E-18	0.0	-2.39348E-18	2.61192E-18	1.0	0.0	0.0188503	-0.108956	-0.188	1.0
			/*	4:child_number	*/	0
			/*	4:name	*/	六片三角上的一个钢枕及一号U型螺栓-2/一号U型螺栓单元-9/一号U型螺栓垫片-1
			/*	4:type	*/	基本杆件\一号U型螺栓垫片.SLDPRT
			/*	4:location	*/	1.66533E-16	-1.0	1.40105E-18	0.0	1.0	-5.55112E-17	1.60311E-18	0.0	-2.39348E-18	2.61192E-18	1.0	0.0	-0.0111497	0.0790441	0.143	1.0
			/*	4:child_number	*/	0
			/*	4:name	*/	六片三角上的一个钢枕及一号U型螺栓-2/一号U型螺栓单元-9/六四梁螺母-1
			/*	4:type	*/	基本杆件\六四梁螺母.SLDPRT
			/*	4:location	*/	1.0	-5.55112E-17	1.60311E-18	0.0	-1.66533E-16	1.0	-1.40105E-18	0.0	-2.39348E-18	2.61192E-18	1.0	0.0	0.0188503	0.0490441	0.159	1.0
			/*	4:child_number	*/	0
			/*	4:name	*/	六片三角上的一个钢枕及一号U型螺栓-2/一号U型螺栓单元-9/六四梁螺母-2
			/*	4:type	*/	基本杆件\六四梁螺母.SLDPRT
			/*	4:location	*/	1.0	-5.55112E-17	1.60311E-18	0.0	-1.66533E-16	1.0	-1.40105E-18	0.0	-2.39348E-18	2.61192E-18	1.0	0.0	0.0188503	-0.108956	0.159	1.0
			/*	4:child_number	*/	0
		/*	3:name	*/	六片三角上的一个钢枕及一号U型螺栓-2/钢枕-1
		/*	3:type	*/	基本杆件\钢枕.SLDPRT
		/*	3:location	*/	1.11022E-16	1.04083E-17	-1.0	0.0	7.67615E-17	1.0	6.93889E-18	0.0	1.0	-7.71737E-17	1.23598E-16	0.0	-0.9185	1.54013	-0.1135	1.0
		/*	3:child_number	*/	0
	/*	2:name	*/	六片三角上的一个钢枕及一号U型螺栓-3
	/*	2:type	*/	钢枕单元\六片三角上的一个钢枕及一号U型螺栓.SLDASM
	/*	2:location	*/	2.77556E-17	1.16226E-16	1.0	0.0	0.0166505	0.999861	-1.16226E-16	0.0	-0.999861	0.0166505	2.77556E-17	0.0	8.11753	-0.18116	-2.44345	1.0
	/*	2:child_number	*/	9
		/*	3:name	*/	六片三角上的一个钢枕及一号U型螺栓-3/一号U型螺栓单元-10
		/*	3:type	*/	U型螺栓单元\一号U型螺栓单元.SLDASM
		/*	3:location	*/	0.696203	9.39794E-17	-0.717845	0.0	-0.717845	1.011E-16	-0.696203	0.0	7.97513E-18	1.0	1.42247E-16	0.0	1.11116	1.55713	-0.164824	1.0
		/*	3:child_number	*/	4
			/*	4:name	*/	六片三角上的一个钢枕及一号U型螺栓-3/一号U型螺栓单元-10/一号U型螺栓-1
			/*	4:type	*/	基本杆件\一号U型螺栓.SLDPRT
			/*	4:location	*/	1.0	-5.55112E-17	1.78105E-18	0.0	-1.11022E-16	1.0	5.90314E-19	0.0	-4.2412E-18	3.11462E-18	1.0	0.0	0.0188503	-0.108956	-0.188	1.0
			/*	4:child_number	*/	0
			/*	4:name	*/	六片三角上的一个钢枕及一号U型螺栓-3/一号U型螺栓单元-10/一号U型螺栓垫片-1
			/*	4:type	*/	基本杆件\一号U型螺栓垫片.SLDPRT
			/*	4:location	*/	1.11022E-16	-1.0	-5.90314E-19	0.0	1.0	-5.55112E-17	1.78105E-18	0.0	-4.2412E-18	3.11462E-18	1.0	0.0	-0.0111497	0.0790441	0.143	1.0
			/*	4:child_number	*/	0
			/*	4:name	*/	六片三角上的一个钢枕及一号U型螺栓-3/一号U型螺栓单元-10/六四梁螺母-1
			/*	4:type	*/	基本杆件\六四梁螺母.SLDPRT
			/*	4:location	*/	1.0	-5.55112E-17	1.78105E-18	0.0	-1.11022E-16	1.0	5.90314E-19	0.0	-4.2412E-18	3.11462E-18	1.0	0.0	0.0188503	0.0490441	0.159	1.0
			/*	4:child_number	*/	0
			/*	4:name	*/	六片三角上的一个钢枕及一号U型螺栓-3/一号U型螺栓单元-10/六四梁螺母-2
			/*	4:type	*/	基本杆件\六四梁螺母.SLDPRT
			/*	4:location	*/	1.0	-5.55112E-17	1.78105E-18	0.0	-1.11022E-16	1.0	5.90314E-19	0.0	-4.2412E-18	3.11462E-18	1.0	0.0	0.0188503	-0.108956	0.159	1.0
			/*	4:child_number	*/	0
		/*	3:name	*/	六片三角上的一个钢枕及一号U型螺栓-3/一号U型螺栓单元-11
		/*	3:type	*/	U型螺栓单元\一号U型螺栓单元.SLDASM
		/*	3:location	*/	0.696203	1.70307E-16	-0.717845	0.0	-0.717845	3.30084E-16	-0.696203	0.0	1.17961E-16	1.0	3.50414E-16	0.0	-0.517417	1.55713	-0.164824	1.0
		/*	3:child_number	*/	4
			/*	4:name	*/	六片三角上的一个钢枕及一号U型螺栓-3/一号U型螺栓单元-11/一号U型螺栓-1
			/*	4:type	*/	基本杆件\一号U型螺栓.SLDPRT
			/*	4:location	*/	1.0	-5.55112E-17	8.66835E-19	0.0	5.55112E-17	1.0	8.40941E-19	0.0	1.20772E-18	4.8946E-19	1.0	0.0	0.0188503	-0.108956	-0.188	1.0
			/*	4:child_number	*/	0
			/*	4:name	*/	六片三角上的一个钢枕及一号U型螺栓-3/一号U型螺栓单元-11/一号U型螺栓垫片-1
			/*	4:type	*/	基本杆件\一号U型螺栓垫片.SLDPRT
			/*	4:location	*/	-5.55112E-17	-1.0	-8.40941E-19	0.0	1.0	-5.55112E-17	8.66835E-19	0.0	1.20772E-18	4.8946E-19	1.0	0.0	-0.0111497	0.0790441	0.143	1.0
			/*	4:child_number	*/	0
			/*	4:name	*/	六片三角上的一个钢枕及一号U型螺栓-3/一号U型螺栓单元-11/六四梁螺母-1
			/*	4:type	*/	基本杆件\六四梁螺母.SLDPRT
			/*	4:location	*/	1.0	-5.55112E-17	8.66835E-19	0.0	5.55112E-17	1.0	8.40941E-19	0.0	1.20772E-18	4.8946E-19	1.0	0.0	0.0188503	0.0490441	0.159	1.0
			/*	4:child_number	*/	0
			/*	4:name	*/	六片三角上的一个钢枕及一号U型螺栓-3/一号U型螺栓单元-11/六四梁螺母-2
			/*	4:type	*/	基本杆件\六四梁螺母.SLDPRT
			/*	4:location	*/	1.0	-5.55112E-17	8.66835E-19	0.0	5.55112E-17	1.0	8.40941E-19	0.0	1.20772E-18	4.8946E-19	1.0	0.0	0.0188503	-0.108956	0.159	1.0
			/*	4:child_number	*/	0
		/*	3:name	*/	六片三角上的一个钢枕及一号U型螺栓-3/一号U型螺栓单元-12
		/*	3:type	*/	U型螺栓单元\一号U型螺栓单元.SLDASM
		/*	3:location	*/	0.696203	-1.09951E-15	0.717845	0.0	0.717845	1.73077E-15	-0.696203	0.0	-4.77211E-16	1.0	1.9984E-15	0.0	-0.0458297	1.55713	-0.191887	1.0
		/*	3:child_number	*/	4
			/*	4:name	*/	六片三角上的一个钢枕及一号U型螺栓-3/一号U型螺栓单元-12/一号U型螺栓-1
			/*	4:type	*/	基本杆件\一号U型螺栓.SLDPRT
			/*	4:location	*/	1.0	5.55112E-17	2.506E-19	0.0	5.55112E-17	1.0	-4.33273E-19	0.0	4.91534E-18	-2.72419E-18	1.0	0.0	0.0188503	-0.108956	-0.188	1.0
			/*	4:child_number	*/	0
			/*	4:name	*/	六片三角上的一个钢枕及一号U型螺栓-3/一号U型螺栓单元-12/一号U型螺栓垫片-1
			/*	4:type	*/	基本杆件\一号U型螺栓垫片.SLDPRT
			/*	4:location	*/	-5.55112E-17	-1.0	4.33273E-19	0.0	1.0	5.55112E-17	2.506E-19	0.0	4.91534E-18	-2.72419E-18	1.0	0.0	-0.0111497	0.0790441	0.143	1.0
			/*	4:child_number	*/	0
			/*	4:name	*/	六片三角上的一个钢枕及一号U型螺栓-3/一号U型螺栓单元-12/六四梁螺母-1
			/*	4:type	*/	基本杆件\六四梁螺母.SLDPRT
			/*	4:location	*/	1.0	5.55112E-17	2.506E-19	0.0	5.55112E-17	1.0	-4.33273E-19	0.0	4.91534E-18	-2.72419E-18	1.0	0.0	0.0188503	0.0490441	0.159	1.0
			/*	4:child_number	*/	0
			/*	4:name	*/	六片三角上的一个钢枕及一号U型螺栓-3/一号U型螺栓单元-12/六四梁螺母-2
			/*	4:type	*/	基本杆件\六四梁螺母.SLDPRT
			/*	4:location	*/	1.0	5.55112E-17	2.506E-19	0.0	5.55112E-17	1.0	-4.33273E-19	0.0	4.91534E-18	-2.72419E-18	1.0	0.0	0.0188503	-0.108956	0.159	1.0
			/*	4:child_number	*/	0
		/*	3:name	*/	六片三角上的一个钢枕及一号U型螺栓-3/一号U型螺栓单元-13
		/*	3:type	*/	U型螺栓单元\一号U型螺栓单元.SLDASM
		/*	3:location	*/	0.696203	-2.46026E-16	0.717845	0.0	0.717845	1.76456E-16	-0.696203	0.0	4.39493E-17	1.0	3.01842E-16	0.0	0.12559	1.55713	-0.191887	1.0
		/*	3:child_number	*/	4
			/*	4:name	*/	六片三角上的一个钢枕及一号U型螺栓-3/一号U型螺栓单元-13/一号U型螺栓-1
			/*	4:type	*/	基本杆件\一号U型螺栓.SLDPRT
			/*	4:location	*/	1.0	5.55112E-17	-1.70419E-18	0.0	5.55112E-17	1.0	2.02313E-19	0.0	-3.48199E-18	1.57895E-19	1.0	0.0	0.0188503	-0.108956	-0.188	1.0
			/*	4:child_number	*/	0
			/*	4:name	*/	六片三角上的一个钢枕及一号U型螺栓-3/一号U型螺栓单元-13/一号U型螺栓垫片-1
			/*	4:type	*/	基本杆件\一号U型螺栓垫片.SLDPRT
			/*	4:location	*/	-5.55112E-17	-1.0	-2.02313E-19	0.0	1.0	5.55112E-17	-1.70419E-18	0.0	-3.48199E-18	1.57895E-19	1.0	0.0	-0.0111497	0.0790441	0.143	1.0
			/*	4:child_number	*/	0
			/*	4:name	*/	六片三角上的一个钢枕及一号U型螺栓-3/一号U型螺栓单元-13/六四梁螺母-1
			/*	4:type	*/	基本杆件\六四梁螺母.SLDPRT
			/*	4:location	*/	1.0	5.55112E-17	-1.70419E-18	0.0	5.55112E-17	1.0	2.02313E-19	0.0	-3.48199E-18	1.57895E-19	1.0	0.0	0.0188503	0.0490441	0.159	1.0
			/*	4:child_number	*/	0
			/*	4:name	*/	六片三角上的一个钢枕及一号U型螺栓-3/一号U型螺栓单元-13/六四梁螺母-2
			/*	4:type	*/	基本杆件\六四梁螺母.SLDPRT
			/*	4:location	*/	1.0	5.55112E-17	-1.70419E-18	0.0	5.55112E-17	1.0	2.02313E-19	0.0	-3.48199E-18	1.57895E-19	1.0	0.0	0.0188503	-0.108956	0.159	1.0
			/*	4:child_number	*/	0
		/*	3:name	*/	六片三角上的一个钢枕及一号U型螺栓-3/一号U型螺栓单元-14
		/*	3:type	*/	U型螺栓单元\一号U型螺栓单元.SLDASM
		/*	3:location	*/	0.696203	-3.03272E-16	0.717845	0.0	0.717845	1.71252E-16	-0.696203	0.0	9.75782E-17	1.0	2.81025E-16	0.0	2.35417	1.55713	-0.191887	1.0
		/*	3:child_number	*/	4
			/*	4:name	*/	六片三角上的一个钢枕及一号U型螺栓-3/一号U型螺栓单元-14/一号U型螺栓-1
			/*	4:type	*/	基本杆件\一号U型螺栓.SLDPRT
			/*	4:location	*/	1.0	0.0	-8.55253E-19	0.0	-5.55112E-17	1.0	2.59682E-19	0.0	-4.30936E-18	4.91207E-19	1.0	0.0	0.0188503	-0.108956	-0.188	1.0
			/*	4:child_number	*/	0
			/*	4:name	*/	六片三角上的一个钢枕及一号U型螺栓-3/一号U型螺栓单元-14/一号U型螺栓垫片-1
			/*	4:type	*/	基本杆件\一号U型螺栓垫片.SLDPRT
			/*	4:location	*/	5.55112E-17	-1.0	-2.59682E-19	0.0	1.0	0.0	-8.55253E-19	0.0	-4.30936E-18	4.91207E-19	1.0	0.0	-0.0111497	0.0790441	0.143	1.0
			/*	4:child_number	*/	0
			/*	4:name	*/	六片三角上的一个钢枕及一号U型螺栓-3/一号U型螺栓单元-14/六四梁螺母-1
			/*	4:type	*/	基本杆件\六四梁螺母.SLDPRT
			/*	4:location	*/	1.0	0.0	-8.55253E-19	0.0	-5.55112E-17	1.0	2.59682E-19	0.0	-4.30936E-18	4.91207E-19	1.0	0.0	0.0188503	0.0490441	0.159	1.0
			/*	4:child_number	*/	0
			/*	4:name	*/	六片三角上的一个钢枕及一号U型螺栓-3/一号U型螺栓单元-14/六四梁螺母-2
			/*	4:type	*/	基本杆件\六四梁螺母.SLDPRT
			/*	4:location	*/	1.0	0.0	-8.55253E-19	0.0	-5.55112E-17	1.0	2.59682E-19	0.0	-4.30936E-18	4.91207E-19	1.0	0.0	0.0188503	-0.108956	0.159	1.0
			/*	4:child_number	*/	0
		/*	3:name	*/	六片三角上的一个钢枕及一号U型螺栓-3/一号U型螺栓单元-15
		/*	3:type	*/	U型螺栓单元\一号U型螺栓单元.SLDASM
		/*	3:location	*/	0.696203	-2.8419E-16	0.717845	0.0	0.717845	1.71252E-16	-0.696203	0.0	7.44594E-17	1.0	3.26128E-16	0.0	2.52559	1.55713	-0.191887	1.0
		/*	3:child_number	*/	4
			/*	4:name	*/	六片三角上的一个钢枕及一号U型螺栓-3/一号U型螺栓单元-15/一号U型螺栓-1
			/*	4:type	*/	基本杆件\一号U型螺栓.SLDPRT
			/*	4:location	*/	1.0	5.55112E-17	1.6847E-20	0.0	1.66533E-16	1.0	8.89255E-19	0.0	4.11961E-19	1.24273E-18	1.0	0.0	0.0188503	-0.108956	-0.188	1.0
			/*	4:child_number	*/	0
			/*	4:name	*/	六片三角上的一个钢枕及一号U型螺栓-3/一号U型螺栓单元-15/一号U型螺栓垫片-1
			/*	4:type	*/	基本杆件\一号U型螺栓垫片.SLDPRT
			/*	4:location	*/	-1.66533E-16	-1.0	-8.89255E-19	0.0	1.0	5.55112E-17	1.6847E-20	0.0	4.11961E-19	1.24273E-18	1.0	0.0	-0.0111497	0.0790441	0.143	1.0
			/*	4:child_number	*/	0
			/*	4:name	*/	六片三角上的一个钢枕及一号U型螺栓-3/一号U型螺栓单元-15/六四梁螺母-1
			/*	4:type	*/	基本杆件\六四梁螺母.SLDPRT
			/*	4:location	*/	1.0	5.55112E-17	1.6847E-20	0.0	1.66533E-16	1.0	8.89255E-19	0.0	4.11961E-19	1.24273E-18	1.0	0.0	0.0188503	0.0490441	0.159	1.0
			/*	4:child_number	*/	0
			/*	4:name	*/	六片三角上的一个钢枕及一号U型螺栓-3/一号U型螺栓单元-15/六四梁螺母-2
			/*	4:type	*/	基本杆件\六四梁螺母.SLDPRT
			/*	4:location	*/	1.0	5.55112E-17	1.6847E-20	0.0	1.66533E-16	1.0	8.89255E-19	0.0	4.11961E-19	1.24273E-18	1.0	0.0	0.0188503	-0.108956	0.159	1.0
			/*	4:child_number	*/	0
		/*	3:name	*/	六片三角上的一个钢枕及一号U型螺栓-3/一号U型螺栓单元-8
		/*	3:type	*/	U型螺栓单元\一号U型螺栓单元.SLDASM
		/*	3:location	*/	0.696203	1.99798E-16	-0.717845	0.0	-0.717845	2.31204E-16	-0.696203	0.0	2.56233E-17	1.0	3.08781E-16	0.0	2.91116	1.55713	-0.164824	1.0
		/*	3:child_number	*/	4
			/*	4:name	*/	六片三角上的一个钢枕及一号U型螺栓-3/一号U型螺栓单元-8/一号U型螺栓-1
			/*	4:type	*/	基本杆件\一号U型螺栓.SLDPRT
			/*	4:location	*/	1.0	-5.55112E-17	-8.28929E-19	0.0	5.55112E-17	1.0	1.06136E-18	0.0	2.84131E-18	8.54332E-19	1.0	0.0	0.0188503	-0.108956	-0.188	1.0
			/*	4:child_number	*/	0
			/*	4:name	*/	六片三角上的一个钢枕及一号U型螺栓-3/一号U型螺栓单元-8/一号U型螺栓垫片-1
			/*	4:type	*/	基本杆件\一号U型螺栓垫片.SLDPRT
			/*	4:location	*/	-5.55112E-17	-1.0	-1.06136E-18	0.0	1.0	-5.55112E-17	-8.28929E-19	0.0	2.84131E-18	8.54332E-19	1.0	0.0	-0.0111497	0.0790441	0.143	1.0
			/*	4:child_number	*/	0
			/*	4:name	*/	六片三角上的一个钢枕及一号U型螺栓-3/一号U型螺栓单元-8/六四梁螺母-1
			/*	4:type	*/	基本杆件\六四梁螺母.SLDPRT
			/*	4:location	*/	1.0	-5.55112E-17	-8.28929E-19	0.0	5.55112E-17	1.0	1.06136E-18	0.0	2.84131E-18	8.54332E-19	1.0	0.0	0.0188503	0.0490441	0.159	1.0
			/*	4:child_number	*/	0
			/*	4:name	*/	六片三角上的一个钢枕及一号U型螺栓-3/一号U型螺栓单元-8/六四梁螺母-2
			/*	4:type	*/	基本杆件\六四梁螺母.SLDPRT
			/*	4:location	*/	1.0	-5.55112E-17	-8.28929E-19	0.0	5.55112E-17	1.0	1.06136E-18	0.0	2.84131E-18	8.54332E-19	1.0	0.0	0.0188503	-0.108956	0.159	1.0
			/*	4:child_number	*/	0
		/*	3:name	*/	六片三角上的一个钢枕及一号U型螺栓-3/一号U型螺栓单元-9
		/*	3:type	*/	U型螺栓单元\一号U型螺栓单元.SLDASM
		/*	3:location	*/	0.696203	3.61127E-16	-0.717845	0.0	-0.717845	3.12736E-16	-0.696203	0.0	-2.81682E-17	1.0	4.82253E-16	0.0	1.28258	1.55713	-0.164824	1.0
		/*	3:child_number	*/	4
			/*	4:name	*/	六片三角上的一个钢枕及一号U型螺栓-3/一号U型螺栓单元-9/一号U型螺栓-1
			/*	4:type	*/	基本杆件\一号U型螺栓.SLDPRT
			/*	4:location	*/	1.0	-5.55112E-17	-1.67365E-18	0.0	-5.55112E-17	1.0	-4.04625E-19	0.0	5.29018E-18	-4.30339E-19	1.0	0.0	0.0188503	-0.108956	-0.188	1.0
			/*	4:child_number	*/	0
			/*	4:name	*/	六片三角上的一个钢枕及一号U型螺栓-3/一号U型螺栓单元-9/一号U型螺栓垫片-1
			/*	4:type	*/	基本杆件\一号U型螺栓垫片.SLDPRT
			/*	4:location	*/	5.55112E-17	-1.0	4.04625E-19	0.0	1.0	-5.55112E-17	-1.67365E-18	0.0	5.29018E-18	-4.30339E-19	1.0	0.0	-0.0111497	0.0790441	0.143	1.0
			/*	4:child_number	*/	0
			/*	4:name	*/	六片三角上的一个钢枕及一号U型螺栓-3/一号U型螺栓单元-9/六四梁螺母-1
			/*	4:type	*/	基本杆件\六四梁螺母.SLDPRT
			/*	4:location	*/	1.0	-5.55112E-17	-1.67365E-18	0.0	-5.55112E-17	1.0	-4.04625E-19	0.0	5.29018E-18	-4.30339E-19	1.0	0.0	0.0188503	0.0490441	0.159	1.0
			/*	4:child_number	*/	0
			/*	4:name	*/	六片三角上的一个钢枕及一号U型螺栓-3/一号U型螺栓单元-9/六四梁螺母-2
			/*	4:type	*/	基本杆件\六四梁螺母.SLDPRT
			/*	4:location	*/	1.0	-5.55112E-17	-1.67365E-18	0.0	-5.55112E-17	1.0	-4.04625E-19	0.0	5.29018E-18	-4.30339E-19	1.0	0.0	0.0188503	-0.108956	0.159	1.0
			/*	4:child_number	*/	0
		/*	3:name	*/	六片三角上的一个钢枕及一号U型螺栓-3/钢枕-1
		/*	3:type	*/	基本杆件\钢枕.SLDPRT
		/*	3:location	*/	1.11022E-16	1.04083E-17	-1.0	0.0	7.67615E-17	1.0	3.46945E-18	0.0	1.0	-2.51935E-17	0.0	0.0	-0.9185	1.54013	-0.1135	1.0
		/*	3:child_number	*/	0
	/*	2:name	*/	六片三角上的一个钢枕及一号U型螺栓-4
	/*	2:type	*/	钢枕单元\六片三角上的一个钢枕及一号U型螺栓.SLDASM
	/*	2:location	*/	-1.11022E-16	-2.73653E-16	1.0	0.0	0.0166505	0.999861	2.74954E-16	0.0	-0.999861	0.0166505	-1.11022E-16	0.0	8.52948	-0.18802	-2.44345	1.0
	/*	2:child_number	*/	9
		/*	3:name	*/	六片三角上的一个钢枕及一号U型螺栓-4/一号U型螺栓单元-10
		/*	3:type	*/	U型螺栓单元\一号U型螺栓单元.SLDASM
		/*	3:location	*/	0.696203	8.94295E-17	-0.717845	0.0	-0.717845	1.00632E-16	-0.696203	0.0	7.97513E-18	1.0	1.42247E-16	0.0	1.11116	1.55713	-0.164824	1.0
		/*	3:child_number	*/	4
			/*	4:name	*/	六片三角上的一个钢枕及一号U型螺栓-4/一号U型螺栓单元-10/一号U型螺栓-1
			/*	4:type	*/	基本杆件\一号U型螺栓.SLDPRT
			/*	4:location	*/	1.0	-5.55112E-17	7.468E-19	0.0	-1.11022E-16	1.0	2.11513E-20	0.0	-7.82731E-19	-1.36493E-19	1.0	0.0	0.0188503	-0.108956	-0.188	1.0
			/*	4:child_number	*/	0
			/*	4:name	*/	六片三角上的一个钢枕及一号U型螺栓-4/一号U型螺栓单元-10/一号U型螺栓垫片-1
			/*	4:type	*/	基本杆件\一号U型螺栓垫片.SLDPRT
			/*	4:location	*/	1.11022E-16	-1.0	-2.11513E-20	0.0	1.0	-5.55112E-17	7.468E-19	0.0	-7.82731E-19	-1.36493E-19	1.0	0.0	-0.0111497	0.0790441	0.143	1.0
			/*	4:child_number	*/	0
			/*	4:name	*/	六片三角上的一个钢枕及一号U型螺栓-4/一号U型螺栓单元-10/六四梁螺母-1
			/*	4:type	*/	基本杆件\六四梁螺母.SLDPRT
			/*	4:location	*/	1.0	-5.55112E-17	7.468E-19	0.0	-1.11022E-16	1.0	2.11513E-20	0.0	-7.82731E-19	-1.36493E-19	1.0	0.0	0.0188503	0.0490441	0.159	1.0
			/*	4:child_number	*/	0
			/*	4:name	*/	六片三角上的一个钢枕及一号U型螺栓-4/一号U型螺栓单元-10/六四梁螺母-2
			/*	4:type	*/	基本杆件\六四梁螺母.SLDPRT
			/*	4:location	*/	1.0	-5.55112E-17	7.468E-19	0.0	-1.11022E-16	1.0	2.11513E-20	0.0	-7.82731E-19	-1.36493E-19	1.0	0.0	0.0188503	-0.108956	0.159	1.0
			/*	4:child_number	*/	0
		/*	3:name	*/	六片三角上的一个钢枕及一号U型螺栓-4/一号U型螺栓单元-11
		/*	3:type	*/	U型螺栓单元\一号U型螺栓单元.SLDASM
		/*	3:location	*/	0.696203	1.65757E-16	-0.717845	0.0	-0.717845	3.29616E-16	-0.696203	0.0	1.20563E-16	1.0	3.50414E-16	0.0	-0.517417	1.55713	-0.164824	1.0
		/*	3:child_number	*/	4
			/*	4:name	*/	六片三角上的一个钢枕及一号U型螺栓-4/一号U型螺栓单元-11/一号U型螺栓-1
			/*	4:type	*/	基本杆件\一号U型螺栓.SLDPRT
			/*	4:location	*/	1.0	-5.55112E-17	-1.67418E-19	0.0	-5.55112E-17	1.0	2.71778E-19	0.0	3.00832E-18	5.7462E-19	1.0	0.0	0.0188503	-0.108956	-0.188	1.0
			/*	4:child_number	*/	0
			/*	4:name	*/	六片三角上的一个钢枕及一号U型螺栓-4/一号U型螺栓单元-11/一号U型螺栓垫片-1
			/*	4:type	*/	基本杆件\一号U型螺栓垫片.SLDPRT
			/*	4:location	*/	5.55112E-17	-1.0	-2.71778E-19	0.0	1.0	-5.55112E-17	-1.67418E-19	0.0	3.00832E-18	5.7462E-19	1.0	0.0	-0.0111497	0.0790441	0.143	1.0
			/*	4:child_number	*/	0
			/*	4:name	*/	六片三角上的一个钢枕及一号U型螺栓-4/一号U型螺栓单元-11/六四梁螺母-1
			/*	4:type	*/	基本杆件\六四梁螺母.SLDPRT
			/*	4:location	*/	1.0	-5.55112E-17	-1.67418E-19	0.0	-5.55112E-17	1.0	2.71778E-19	0.0	3.00832E-18	5.7462E-19	1.0	0.0	0.0188503	0.0490441	0.159	1.0
			/*	4:child_number	*/	0
			/*	4:name	*/	六片三角上的一个钢枕及一号U型螺栓-4/一号U型螺栓单元-11/六四梁螺母-2
			/*	4:type	*/	基本杆件\六四梁螺母.SLDPRT
			/*	4:location	*/	1.0	-5.55112E-17	-1.67418E-19	0.0	-5.55112E-17	1.0	2.71778E-19	0.0	3.00832E-18	5.7462E-19	1.0	0.0	0.0188503	-0.108956	0.159	1.0
			/*	4:child_number	*/	0
		/*	3:name	*/	六片三角上的一个钢枕及一号U型螺栓-4/一号U型螺栓单元-12
		/*	3:type	*/	U型螺栓单元\一号U型螺栓单元.SLDASM
		/*	3:location	*/	0.696203	-1.09886E-15	0.717845	0.0	0.717845	1.73124E-15	-0.696203	0.0	-4.77211E-16	1.0	1.9984E-15	0.0	-0.0458297	1.55713	-0.191887	1.0
		/*	3:child_number	*/	4
			/*	4:name	*/	六片三角上的一个钢枕及一号U型螺栓-4/一号U型螺栓单元-12/一号U型螺栓-1
			/*	4:type	*/	基本杆件\一号U型螺栓.SLDPRT
			/*	4:location	*/	1.0	5.55112E-17	-7.81547E-19	0.0	5.55112E-17	1.0	-1.70452E-18	0.0	4.90436E-18	-1.2078E-18	1.0	0.0	0.0188503	-0.108956	-0.188	1.0
			/*	4:child_number	*/	0
			/*	4:name	*/	六片三角上的一个钢枕及一号U型螺栓-4/一号U型螺栓单元-12/一号U型螺栓垫片-1
			/*	4:type	*/	基本杆件\一号U型螺栓垫片.SLDPRT
			/*	4:location	*/	-5.55112E-17	-1.0	1.70452E-18	0.0	1.0	5.55112E-17	-7.81547E-19	0.0	4.90436E-18	-1.2078E-18	1.0	0.0	-0.0111497	0.0790441	0.143	1.0
			/*	4:child_number	*/	0
			/*	4:name	*/	六片三角上的一个钢枕及一号U型螺栓-4/一号U型螺栓单元-12/六四梁螺母-1
			/*	4:type	*/	基本杆件\六四梁螺母.SLDPRT
			/*	4:location	*/	1.0	5.55112E-17	-7.81547E-19	0.0	5.55112E-17	1.0	-1.70452E-18	0.0	4.90436E-18	-1.2078E-18	1.0	0.0	0.0188503	0.0490441	0.159	1.0
			/*	4:child_number	*/	0
			/*	4:name	*/	六片三角上的一个钢枕及一号U型螺栓-4/一号U型螺栓单元-12/六四梁螺母-2
			/*	4:type	*/	基本杆件\六四梁螺母.SLDPRT
			/*	4:location	*/	1.0	5.55112E-17	-7.81547E-19	0.0	5.55112E-17	1.0	-1.70452E-18	0.0	4.90436E-18	-1.2078E-18	1.0	0.0	0.0188503	-0.108956	0.159	1.0
			/*	4:child_number	*/	0
		/*	3:name	*/	六片三角上的一个钢枕及一号U型螺栓-4/一号U型螺栓单元-13
		/*	3:type	*/	U型螺栓单元\一号U型螺栓单元.SLDASM
		/*	3:location	*/	0.696203	-2.43637E-16	0.717845	0.0	0.717845	1.75189E-16	-0.696203	0.0	4.39493E-17	1.0	3.01842E-16	0.0	0.12559	1.55713	-0.191887	1.0
		/*	3:child_number	*/	4
			/*	4:name	*/	六片三角上的一个钢枕及一号U型螺栓-4/一号U型螺栓单元-13/一号U型螺栓-1
			/*	4:type	*/	基本杆件\一号U型螺栓.SLDPRT
			/*	4:location	*/	1.0	0.0	2.46678E-18	0.0	2.22045E-16	1.0	-1.01609E-18	0.0	-1.75825E-18	-6.04365E-20	1.0	0.0	0.0188503	-0.108956	-0.188	1.0
			/*	4:child_number	*/	0
			/*	4:name	*/	六片三角上的一个钢枕及一号U型螺栓-4/一号U型螺栓单元-13/一号U型螺栓垫片-1
			/*	4:type	*/	基本杆件\一号U型螺栓垫片.SLDPRT
			/*	4:location	*/	-2.22045E-16	-1.0	1.01609E-18	0.0	1.0	0.0	2.46678E-18	0.0	-1.75825E-18	-6.04365E-20	1.0	0.0	-0.0111497	0.0790441	0.143	1.0
			/*	4:child_number	*/	0
			/*	4:name	*/	六片三角上的一个钢枕及一号U型螺栓-4/一号U型螺栓单元-13/六四梁螺母-1
			/*	4:type	*/	基本杆件\六四梁螺母.SLDPRT
			/*	4:location	*/	1.0	0.0	2.46678E-18	0.0	2.22045E-16	1.0	-1.01609E-18	0.0	-1.75825E-18	-6.04365E-20	1.0	0.0	0.0188503	0.0490441	0.159	1.0
			/*	4:child_number	*/	0
			/*	4:name	*/	六片三角上的一个钢枕及一号U型螺栓-4/一号U型螺栓单元-13/六四梁螺母-2
			/*	4:type	*/	基本杆件\六四梁螺母.SLDPRT
			/*	4:location	*/	1.0	0.0	2.46678E-18	0.0	2.22045E-16	1.0	-1.01609E-18	0.0	-1.75825E-18	-6.04365E-20	1.0	0.0	0.0188503	-0.108956	0.159	1.0
			/*	4:child_number	*/	0
		/*	3:name	*/	六片三角上的一个钢枕及一号U型螺栓-4/一号U型螺栓单元-14
		/*	3:type	*/	U型螺栓单元\一号U型螺栓单元.SLDASM
		/*	3:location	*/	0.696203	-3.00883E-16	0.717845	0.0	0.717845	1.69984E-16	-0.696203	0.0	9.75782E-17	1.0	2.81025E-16	0.0	2.35417	1.55713	-0.191887	1.0
		/*	3:child_number	*/	4
			/*	4:name	*/	六片三角上的一个钢枕及一号U型螺栓-4/一号U型螺栓单元-14/一号U型螺栓-1
			/*	4:type	*/	基本杆件\一号U型螺栓.SLDPRT
			/*	4:location	*/	1.0	5.55112E-17	-1.53729E-19	0.0	0.0	1.0	7.76002E-19	0.0	8.83831E-19	2.0076E-18	1.0	0.0	0.0188503	-0.108956	-0.188	1.0
			/*	4:child_number	*/	0
			/*	4:name	*/	六片三角上的一个钢枕及一号U型螺栓-4/一号U型螺栓单元-14/一号U型螺栓垫片-1
			/*	4:type	*/	基本杆件\一号U型螺栓垫片.SLDPRT
			/*	4:location	*/	0.0	-1.0	-7.76002E-19	0.0	1.0	5.55112E-17	-1.53729E-19	0.0	8.83831E-19	2.0076E-18	1.0	0.0	-0.0111497	0.0790441	0.143	1.0
			/*	4:child_number	*/	0
			/*	4:name	*/	六片三角上的一个钢枕及一号U型螺栓-4/一号U型螺栓单元-14/六四梁螺母-1
			/*	4:type	*/	基本杆件\六四梁螺母.SLDPRT
